0   0.04   -0.753   0   0   1.121e+08   0   0
0.1   0.03986   -0.7418   0   0   1.12e+08   0   0
0.2   0.03989   -0.7306   0   0   1.12e+08   0   0
0.3   0.04012   -0.7194   0   0   1.123e+08   0   0
0.4   0.04055   -0.7081   0   0   1.128e+08   0   0
0.5   0.04117   -0.6968   0   0   1.136e+08   0   0
0.6   0.04201   -0.6854   0   0   1.146e+08   0   0
0.7   0.04306   -0.6739   0   0   1.159e+08   0   0
0.8   0.04435   -0.6622   0   0   1.174e+08   0   0
0.9   0.04587   -0.6504   0   0   1.192e+08   0   0
1   0.04765   -0.6384   0   0   1.211e+08   0   0
1.1   0.04968   -0.6261   0   0   1.234e+08   0   0
1.2   0.05199   -0.6137   0   0   1.258e+08   0   0
1.3   0.05459   -0.601   0   0   1.285e+08   0   0
1.4   0.05749   -0.588   0   0   1.314e+08   0   0
1.5   0.06071   -0.5747   0   0   1.344e+08   0   0
1.6   0.06425   -0.5611   0   0   1.377e+08   0   0
1.7   0.06814   -0.5471   0   0   1.411e+08   0   0
1.8   0.07239   -0.5328   0   0   1.446e+08   0   0
1.9   0.07702   -0.5182   0   0   1.483e+08   0   0
2   0.08203   -0.5032   0   0   1.521e+08   0   0
2.1   0.08744   -0.4878   0   0   1.56e+08   0   0
2.2   0.09326   -0.472   0   0   1.6e+08   0   0
2.3   0.09951   -0.4558   0   0   1.64e+08   0   0
2.4   0.1062   -0.4392   0   0   1.681e+08   0   0
2.5   0.1133   -0.4221   0   0   1.723e+08   0   0
2.6   0.1209   -0.4047   0   0   1.764e+08   0   0
2.7   0.129   -0.3869   0   0   1.805e+08   0   0
2.8   0.1376   -0.3686   0   0   1.846e+08   0   0
2.9   0.1466   -0.3499   0   0   1.887e+08   0   0
3   0.1562   -0.3309   0   0   1.928e+08   0   0
3.1   0.1663   -0.3114   0   0   1.968e+08   0   0
3.2   0.1769   -0.2915   0   0   2.007e+08   0   0
3.3   0.1881   -0.2712   0   0   2.046e+08   0   0
3.4   0.1999   -0.2506   0   0   2.084e+08   0   0
3.5   0.2122   -0.2296   0   0   2.122e+08   0   0
3.6   0.2253   -0.2082   0   0   2.158e+08   0   0
3.7   0.2379   -0.1864   0   0   2.192e+08   0   0
3.8   0.2379   -0.1645   0   0   2.192e+08   0   0
3.9   0.2379   -0.1426   0   0   2.192e+08   0   0
4   0.2379   -0.1207   0   0   2.192e+08   0   0
4.1   0.2379   -0.09874   0   0   2.192e+08   0   0
4.2   0.2379   -0.07682   0   0   2.192e+08   0   0
4.3   0.2379   -0.05491   0   0   2.192e+08   0   0
4.4   0.2379   -0.03299   0   0   2.192e+08   0   0
4.5   0.2379   -0.01107   0   0   2.192e+08   0   0
4.6   0.2379   0.01084   0   0   2.192e+08   0   0
4.7   0.2379   0.03276   0   0   2.192e+08   0   0
4.8   0.2379   0.05467   0   0   2.192e+08   0   0
4.9   0.2379   0.07659   0   0   2.192e+08   0   0
5   0.2379   0.09851   0   0   2.192e+08   0   0
5.1   0.2379   0.1204   0   0   2.192e+08   0   0
5.2   0.2379   0.1423   0   0   2.192e+08   0   0
5.3   0.2379   0.1643   0   0   2.192e+08   0   0
5.4   0.2379   0.1862   0   0   2.192e+08   0   0
5.5   0.2459   0.2082   0   0   2.212e+08   0   0
5.6   0.255   0.2304   0   0   2.233e+08   0   0
5.7   0.2643   0.2528   0   0   2.255e+08   0   0
5.8   0.2737   0.2755   0   0   2.275e+08   0   0
5.9   0.2832   0.2983   0   0   2.295e+08   0   0
6   0.2928   0.3214   0   0   2.314e+08   0   0
6.1   0.3023   0.3446   0   0   2.332e+08   0   0
6.2   0.3118   0.368   0   0   2.35e+08   0   0
6.3   0.3212   0.3916   0   0   2.366e+08   0   0
6.4   0.3305   0.4154   0   0   2.382e+08   0   0
6.5   0.3396   0.4392   0   0   2.397e+08   0   0
6.6   0.3486   0.4633   0   0   2.411e+08   0   0
6.7   0.3573   0.4875   0   0   2.424e+08   0   0
6.8   0.3658   0.5118   0   0   2.436e+08   0   0
6.9   0.3741   0.5362   0   0   2.448e+08   0   0
7   0.3822   0.5607   0   0   2.459e+08   0   0
7.1   0.3899   0.5854   0   0   2.469e+08   0   0
7.2   0.3974   0.6101   0   0   2.479e+08   0   0
7.3   0.4046   0.6349   0   0   2.488e+08   0   0
7.4   0.4115   0.6598   0   0   2.496e+08   0   0
7.5   0.418   0.6848   0   0   2.504e+08   0   0
7.6   0.4242   0.7099   0   0   2.511e+08   0   0
7.7   0.4301   0.7351   0   0   2.517e+08   0   0
7.8   0.434   0.7603   0   0   2.522e+08   0   0
7.9   0.434   0.7855   0   0   2.522e+08   0   0
8   0.434   0.8107   0   0   2.522e+08   0   0
8.1   0.434   0.8359   0   0   2.522e+08   0   0
8.2   0.434   0.8611   0   0   2.522e+08   0   0
8.3   0.434   0.8864   0   0   2.522e+08   0   0
8.4   0.434   0.9116   0   0   2.522e+08   0   0
8.5   0.434   0.9368   0   0   2.522e+08   0   0
8.6   0.434   0.962   0   0   2.522e+08   0   0
8.7   0.434   0.9872   0   0   2.522e+08   0   0
8.8   0.434   1.012   0   0   2.522e+08   0   0
8.9   0.434   1.038   0   0   2.522e+08   0   0
9   0.434   1.063   0   0   2.522e+08   0   0
9.1   0.434   1.088   -0.0006791   0   2.503e+08   -3.109e+07   0
9.2   0.4341   1.112   -0.007269   0   2.316e+08   -9.982e+07   0
9.3   0.4341   1.134   -0.02038   0   1.944e+08   -1.606e+08   0
9.4   0.4341   1.151   -0.03896   0   1.418e+08   -2.086e+08   0
9.5   0.4341   1.162   -0.06153   0   7.783e+07   -2.399e+08   0
9.6   0.4341   1.166   -0.0863   0   7.658e+06   -2.521e+08   0
9.7   0.4341   1.163   -0.1113   0   -6.312e+07   -2.442e+08   0
9.8   0.4341   1.154   -0.1345   0   -1.289e+08   -2.168e+08   0
9.9   0.4341   1.138   -0.1541   0   -1.843e+08   -1.721e+08   0
10   0.4341   1.117   -0.1684   0   -2.251e+08   -1.137e+08   0
10.1   0.4341   1.093   -0.1765   0   -2.479e+08   -4.625e+07   0
10.2   0.4341   1.068   -0.1776   0   -2.51e+08   2.491e+07   0
10.3   0.4341   1.043   -0.1734   0   -2.484e+08   4.377e+07   0
10.4   0.4341   1.019   -0.1691   0   -2.484e+08   4.377e+07   0
10.5   0.4341   0.9938   -0.1647   0   -2.484e+08   4.377e+07   0
10.6   0.4341   0.9689   -0.1603   0   -2.484e+08   4.377e+07   0
10.7   0.4341   0.9441   -0.1559   0   -2.484e+08   4.377e+07   0
10.8   0.4341   0.9192   -0.1516   0   -2.484e+08   4.377e+07   0
10.9   0.4341   0.8944   -0.1472   0   -2.484e+08   4.377e+07   0
11   0.4341   0.8696   -0.1428   0   -2.484e+08   4.377e+07   0
11.1   0.4341   0.8447   -0.1384   0   -2.484e+08   4.377e+07   0
11.2   0.4341   0.8199   -0.1341   0   -2.484e+08   4.377e+07   0
11.3   0.4341   0.7951   -0.1297   0   -2.484e+08   4.377e+07   0
11.4   0.4341   0.7702   -0.1253   0   -2.484e+08   4.377e+07   0
11.5   0.4341   0.7454   -0.1209   0   -2.484e+08   4.377e+07   0
11.6   0.4397   0.7205   -0.1165   0   -2.49e+08   4.385e+07   0
11.7   0.4461   0.6956   -0.1122   0   -2.497e+08   4.393e+07   0
11.8   0.4527   0.6706   -0.1078   0   -2.503e+08   4.402e+07   0
11.9   0.4596   0.6455   -0.1033   0   -2.51e+08   4.41e+07   0
12   0.4667   0.6204   -0.09893   0   -2.517e+08   4.418e+07   0
12.1   0.4741   0.5952   -0.09451   0   -2.525e+08   4.427e+07   0
12.2   0.4817   0.5699   -0.09008   0   -2.532e+08   4.435e+07   0
12.3   0.4895   0.5445   -0.08564   0   -2.539e+08   4.442e+07   0
12.4   0.4974   0.5191   -0.0812   0   -2.546e+08   4.45e+07   0
12.5   0.5056   0.4936   -0.07674   0   -2.553e+08   4.457e+07   0
12.6   0.5139   0.468   -0.07228   0   -2.56e+08   4.464e+07   0
12.7   0.5223   0.4424   -0.06781   0   -2.567e+08   4.471e+07   0
12.8   0.5308   0.4167   -0.06334   0   -2.574e+08   4.476e+07   0
12.9   0.5393   0.3909   -0.05886   0   -2.581e+08   4.482e+07   0
13   0.5479   0.3651   -0.05438   0   -2.587e+08   4.487e+07   0
13.1   0.5565   0.3392   -0.04989   0   -2.594e+08   4.491e+07   0
13.2   0.565   0.3132   -0.04539   0   -2.6e+08   4.494e+07   0
13.3   0.5734   0.2872   -0.0409   0   -2.606e+08   4.497e+07   0
13.4   0.5816   0.2611   -0.0364   0   -2.611e+08   4.499e+07   0
13.5   0.5895   0.235   -0.0319   0   -2.617e+08   4.5e+07   0
13.6   0.597   0.2088   -0.0274   0   -2.622e+08   4.5e+07   0
13.7   0.603   0.1825   -0.0229   0   -2.626e+08   4.499e+07   0
13.8   0.603   0.1563   -0.0184   0   -2.626e+08   4.499e+07   0
13.9   0.603   0.13   -0.01391   0   -2.626e+08   4.499e+07   0
14   0.603   0.1038   -0.009406   0   -2.626e+08   4.499e+07   0
14.1   0.603   0.07752   -0.004908   0   -2.626e+08   4.499e+07   0
14.2   0.603   0.05126   -0.000409   0   -2.626e+08   4.499e+07   0
14.3   0.603   0.025   0.00409   0   -2.626e+08   4.499e+07   0
14.4   0.603   -0.001253   0.008588   0   -2.626e+08   4.499e+07   0
14.5   0.603   -0.02751   0.01309   0   -2.626e+08   4.499e+07   0
14.6   0.603   -0.05377   0.01759   0   -2.626e+08   4.499e+07   0
14.7   0.603   -0.08002   0.02208   0   -2.626e+08   4.499e+07   0
14.8   0.603   -0.1063   0.02658   0   -2.626e+08   4.499e+07   0
14.9   0.603   -0.1325   0.03108   0   -2.626e+08   4.499e+07   0
15   0.603   -0.1588   0.03558   0   -2.626e+08   4.499e+07   0
15.1   0.6036   -0.185   0.04008   0   -2.626e+08   4.5e+07   0
15.2   0.6193   -0.2114   0.0446   0   -2.635e+08   4.536e+07   0
15.3   0.6343   -0.2378   0.04915   0   -2.644e+08   4.566e+07   0
15.4   0.6486   -0.2642   0.05373   0   -2.652e+08   4.593e+07   0
15.5   0.6623   -0.2908   0.05833   0   -2.659e+08   4.616e+07   0
15.6   0.6755   -0.3174   0.06296   0   -2.666e+08   4.637e+07   0
15.7   0.6882   -0.3441   0.06761   0   -2.672e+08   4.656e+07   0
15.8   0.7003   -0.3708   0.07227   0   -2.678e+08   4.673e+07   0
15.9   0.712   -0.3976   0.07695   0   -2.683e+08   4.689e+07   0
16   0.7232   -0.4245   0.08165   0   -2.688e+08   4.703e+07   0
16.1   0.734   -0.4514   0.08636   0   -2.693e+08   4.716e+07   0
16.2   0.7442   -0.4784   0.09108   0   -2.697e+08   4.727e+07   0
16.3   0.7541   -0.5053   0.09581   0   -2.701e+08   4.738e+07   0
16.4   0.7635   -0.5324   0.1006   0   -2.705e+08   4.748e+07   0
16.5   0.7724   -0.5594   0.1053   0   -2.709e+08   4.757e+07   0
16.6   0.7809   -0.5866   0.1101   0   -2.712e+08   4.766e+07   0
16.7   0.7889   -0.6137   0.1148   0   -2.715e+08   4.773e+07   0
16.8   0.7965   -0.6408   0.1196   0   -2.718e+08   4.781e+07   0
16.9   0.8037   -0.668   0.1244   0   -2.72e+08   4.787e+07   0
17   0.8104   -0.6953   0.1292   0   -2.723e+08   4.793e+07   0
17.1   0.8167   -0.7225   0.134   0   -2.725e+08   4.798e+07   0
17.2   0.8206   -0.7498   0.1388   0   -2.726e+08   4.802e+07   0
17.3   0.8206   -0.777   0.1436   0   -2.726e+08   4.802e+07   0
17.4   0.8206   -0.8043   0.1484   0   -2.726e+08   4.802e+07   0
17.5   0.8206   -0.8315   0.1532   0   -2.726e+08   4.802e+07   0
17.6   0.8206   -0.8588   0.158   0   -2.726e+08   4.802e+07   0
17.7   0.8206   -0.8861   0.1628   0   -2.726e+08   4.802e+07   0
17.8   0.8206   -0.9133   0.1676   0   -2.726e+08   4.802e+07   0
17.9   0.8206   -0.9406   0.1724   0   -2.726e+08   4.802e+07   0
18   0.8206   -0.9679   0.1772   0   -2.726e+08   4.802e+07   0
18.1   0.8206   -0.9951   0.182   0   -2.726e+08   4.802e+07   0
18.2   0.8206   -1.022   0.1868   0   -2.726e+08   4.802e+07   0
18.3   0.8206   -1.05   0.1916   0   -2.726e+08   4.802e+07   0
18.4   0.8206   -1.077   0.1964   0   -2.726e+08   4.802e+07   0
18.5   0.8206   -1.104   0.2013   0   -2.704e+08   5.947e+07   0
18.6   0.8206   -1.13   0.2109   0   -2.438e+08   1.311e+08   0
18.7   0.8207   -1.152   0.2272   0   -1.988e+08   1.927e+08   0
18.8   0.8207   -1.169   0.2489   0   -1.386e+08   2.397e+08   0
18.9   0.8207   -1.18   0.2745   0   -6.781e+07   2.684e+08   0
19   0.8208   -1.183   0.3019   0   8.095e+06   2.767e+08   0
19.1   0.8208   -1.178   0.3291   0   8.338e+07   2.64e+08   0
19.2   0.8208   -1.166   0.3541   0   1.523e+08   2.312e+08   0
19.3   0.8208   -1.148   0.3748   0   2.097e+08   1.808e+08   0
19.4   0.8209   -1.125   0.3898   0   2.511e+08   1.166e+08   0
19.5   0.8209   -1.098   0.3978   0   2.734e+08   4.36e+07   0
19.6   0.8209   -1.071   0.3984   0   2.749e+08   -3.273e+07   0
19.7   0.821   -1.044   0.3915   0   2.602e+08   -9.469e+07   0
19.8   0.821   -1.018   0.382   0   2.602e+08   -9.469e+07   0
19.9   0.821   -0.9921   0.3725   0   2.602e+08   -9.469e+07   0
20   0.821   -0.9661   0.363   0   2.602e+08   -9.469e+07   0
20.1   0.821   -0.94   0.3536   0   2.602e+08   -9.469e+07   0
20.2   0.821   -0.914   0.3441   0   2.602e+08   -9.469e+07   0
20.3   0.821   -0.888   0.3346   0   2.602e+08   -9.469e+07   0
20.4   0.821   -0.862   0.3252   0   2.602e+08   -9.469e+07   0
20.5   0.821   -0.836   0.3157   0   2.602e+08   -9.469e+07   0
20.6   0.821   -0.81   0.3062   0   2.602e+08   -9.469e+07   0
20.7   0.821   -0.7839   0.2968   0   2.602e+08   -9.469e+07   0
20.8   0.821   -0.7579   0.2873   0   2.602e+08   -9.469e+07   0
20.9   0.821   -0.7319   0.2778   0   2.602e+08   -9.469e+07   0
21   0.821   -0.7059   0.2684   0   2.602e+08   -9.469e+07   0
21.1   0.8272   -0.6799   0.2589   0   2.604e+08   -9.479e+07   0
21.2   0.8342   -0.6538   0.2494   0   2.606e+08   -9.489e+07   0
21.3   0.8414   -0.6278   0.2399   0   2.608e+08   -9.5e+07   0
21.4   0.8489   -0.6017   0.2304   0   2.61e+08   -9.512e+07   0
21.5   0.8566   -0.5756   0.2209   0   2.613e+08   -9.523e+07   0
21.6   0.8645   -0.5494   0.2114   0   2.615e+08   -9.535e+07   0
21.7   0.8726   -0.5233   0.2018   0   2.617e+08   -9.547e+07   0
21.8   0.8808   -0.4971   0.1923   0   2.62e+08   -9.559e+07   0
21.9   0.8891   -0.4709   0.1827   0   2.622e+08   -9.572e+07   0
22   0.8976   -0.4446   0.1731   0   2.624e+08   -9.584e+07   0
22.1   0.9062   -0.4184   0.1635   0   2.626e+08   -9.597e+07   0
22.2   0.9148   -0.3921   0.1539   0   2.629e+08   -9.61e+07   0
22.3   0.9234   -0.3658   0.1443   0   2.631e+08   -9.623e+07   0
22.4   0.932   -0.3395   0.1347   0   2.633e+08   -9.636e+07   0
22.5   0.9405   -0.3132   0.125   0   2.635e+08   -9.649e+07   0
22.6   0.9489   -0.2868   0.1154   0   2.637e+08   -9.662e+07   0
22.7   0.957   -0.2604   0.1057   0   2.639e+08   -9.675e+07   0
22.8   0.9649   -0.234   0.09603   0   2.64e+08   -9.688e+07   0
22.9   0.9725   -0.2076   0.08633   0   2.642e+08   -9.7e+07   0
23   0.9794   -0.1812   0.07663   0   2.643e+08   -9.713e+07   0
23.1   0.9814   -0.1547   0.06691   0   2.644e+08   -9.717e+07   0
23.2   0.9814   -0.1283   0.0572   0   2.644e+08   -9.717e+07   0
23.3   0.9814   -0.1019   0.04748   0   2.644e+08   -9.717e+07   0
23.4   0.9814   -0.07543   0.03776   0   2.644e+08   -9.717e+07   0
23.5   0.9814   -0.04899   0.02805   0   2.644e+08   -9.717e+07   0
23.6   0.9814   -0.02255   0.01833   0   2.644e+08   -9.717e+07   0
23.7   0.9814   0.003884   0.008612   0   2.644e+08   -9.717e+07   0
23.8   0.9814   0.03032   -0.001104   0   2.644e+08   -9.717e+07   0
23.9   0.9814   0.05676   -0.01082   0   2.644e+08   -9.717e+07   0
24   0.9814   0.0832   -0.02054   0   2.644e+08   -9.717e+07   0
24.1   0.9814   0.1096   -0.03025   0   2.644e+08   -9.717e+07   0
24.2   0.9814   0.1361   -0.03997   0   2.644e+08   -9.717e+07   0
24.3   0.9814   0.1625   -0.04969   0   2.644e+08   -9.717e+07   0
24.4   0.9871   0.189   -0.0594   0   2.645e+08   -9.716e+07   0
24.5   1.003   0.2154   -0.06912   0   2.649e+08   -9.715e+07   0
24.6   1.018   0.2419   -0.07883   0   2.653e+08   -9.716e+07   0
24.7   1.032   0.2685   -0.08855   0   2.657e+08   -9.718e+07   0
24.8   1.046   0.2951   -0.09827   0   2.66e+08   -9.72e+07   0
24.9   1.059   0.3217   -0.108   0   2.663e+08   -9.723e+07   0
25   1.072   0.3483   -0.1177   0   2.665e+08   -9.726e+07   0
25.1   1.084   0.375   -0.1274   0   2.668e+08   -9.73e+07   0
25.2   1.096   0.4017   -0.1372   0   2.67e+08   -9.733e+07   0
25.3   1.107   0.4284   -0.1469   0   2.673e+08   -9.737e+07   0
25.4   1.117   0.4551   -0.1566   0   2.675e+08   -9.74e+07   0
25.5   1.128   0.4819   -0.1664   0   2.677e+08   -9.744e+07   0
25.6   1.137   0.5087   -0.1761   0   2.678e+08   -9.747e+07   0
25.7   1.147   0.5355   -0.1859   0   2.68e+08   -9.75e+07   0
25.8   1.156   0.5623   -0.1956   0   2.682e+08   -9.753e+07   0
25.9   1.164   0.5891   -0.2054   0   2.683e+08   -9.756e+07   0
26   1.172   0.6159   -0.2152   0   2.685e+08   -9.759e+07   0
26.1   1.18   0.6428   -0.2249   0   2.686e+08   -9.762e+07   0
26.2   1.187   0.6697   -0.2347   0   2.687e+08   -9.765e+07   0
26.3   1.193   0.6965   -0.2444   0   2.688e+08   -9.767e+07   0
26.4   1.197   0.7234   -0.2542   0   2.689e+08   -9.768e+07   0
26.5   1.197   0.7503   -0.264   0   2.689e+08   -9.768e+07   0
26.6   1.197   0.7772   -0.2737   0   2.689e+08   -9.768e+07   0
26.7   1.197   0.8041   -0.2835   0   2.689e+08   -9.768e+07   0
26.8   1.197   0.831   -0.2933   0   2.689e+08   -9.768e+07   0
26.9   1.197   0.8578   -0.3031   0   2.689e+08   -9.768e+07   0
27   1.197   0.8847   -0.3128   0   2.689e+08   -9.768e+07   0
27.1   1.197   0.9116   -0.3226   0   2.689e+08   -9.768e+07   0
27.2   1.197   0.9385   -0.3324   0   2.689e+08   -9.768e+07   0
27.3   1.197   0.9654   -0.3421   0   2.689e+08   -9.768e+07   0
27.4   1.197   0.9923   -0.3519   0   2.689e+08   -9.768e+07   0
27.5   1.197   1.019   -0.3617   0   2.689e+08   -9.768e+07   0
27.6   1.197   1.046   -0.3714   0   2.689e+08   -9.768e+07   0
27.7   1.197   1.073   -0.3812   0   2.689e+08   -9.768e+07   0
27.8   1.197   1.1   -0.391   0   2.689e+08   -9.768e+07   0
27.9   1.197   1.127   -0.4007   0   2.689e+08   -9.768e+07   0
28   1.197   1.154   -0.4105   0   2.689e+08   -9.768e+07   0
28.1   1.197   1.18   -0.4203   0   2.689e+08   -9.768e+07   0
28.2   1.197   1.207   -0.43   0   2.689e+08   -9.768e+07   0
28.3   1.197   1.234   -0.4398   0   2.689e+08   -9.768e+07   0
28.4   1.197   1.261   -0.4496   0   2.689e+08   -9.768e+07   0
28.5   1.197   1.288   -0.4593   0   2.689e+08   -9.768e+07   0
28.6   1.197   1.315   -0.4691   0   2.689e+08   -9.768e+07   0
28.7   1.197   1.342   -0.4789   0   2.689e+08   -9.768e+07   0
28.8   1.197   1.369   -0.4887   0   2.689e+08   -9.768e+07   0
28.9   1.197   1.396   -0.4984   0   2.689e+08   -9.768e+07   0
29   1.197   1.422   -0.5082   0   2.689e+08   -9.768e+07   0
29.1   1.197   1.449   -0.518   0   2.689e+08   -9.768e+07   0
29.2   1.197   1.476   -0.5277   0   2.689e+08   -9.768e+07   0
29.3   1.197   1.503   -0.5375   0   2.689e+08   -9.768e+07   0
29.4   1.197   1.53   -0.5473   0   2.689e+08   -9.768e+07   0
29.5   1.197   1.557   -0.557   0   2.689e+08   -9.768e+07   0
29.6   1.197   1.584   -0.5668   0   2.689e+08   -9.768e+07   0
29.7   1.197   1.611   -0.5766   0   2.689e+08   -9.768e+07   0
29.8   1.197   1.638   -0.5863   0   2.689e+08   -9.768e+07   0
29.9   1.197   1.664   -0.5961   0   2.689e+08   -9.768e+07   0
30   1.197   1.691   -0.6059   0   2.689e+08   -9.768e+07   0
30.1   1.197   1.718   -0.6156   0   2.689e+08   -9.768e+07   0
30.2   1.197   1.745   -0.6254   0   2.689e+08   -9.768e+07   0
30.3   1.197   1.772   -0.6352   0   2.689e+08   -9.768e+07   0
30.4   1.197   1.799   -0.6449   0   2.689e+08   -9.768e+07   0
30.5   1.197   1.826   -0.6547   0   2.689e+08   -9.768e+07   0
30.6   1.197   1.853   -0.6645   0   2.689e+08   -9.768e+07   0
30.7   1.197   1.88   -0.6743   0   2.689e+08   -9.768e+07   0
30.8   1.197   1.906   -0.684   0   2.689e+08   -9.768e+07   0
30.9   1.197   1.933   -0.6938   0   2.689e+08   -9.768e+07   0
31   1.197   1.96   -0.7036   0   2.689e+08   -9.768e+07   0
31.1   1.197   1.987   -0.7133   0   2.689e+08   -9.768e+07   0
31.2   1.197   2.014   -0.7231   0   2.689e+08   -9.768e+07   0
31.3   1.197   2.041   -0.7329   0   2.689e+08   -9.768e+07   0
31.4   1.197   2.068   -0.7426   0   2.689e+08   -9.768e+07   0
31.5   1.197   2.095   -0.7524   0   2.689e+08   -9.768e+07   0
31.6   1.197   2.121   -0.7622   0   2.689e+08   -9.768e+07   0
31.7   1.197   2.148   -0.7719   0   2.689e+08   -9.768e+07   0
31.8   1.197   2.175   -0.7817   0   2.689e+08   -9.768e+07   0
31.9   1.197   2.202   -0.7915   0   2.689e+08   -9.768e+07   0
32   1.197   2.229   -0.8012   0   2.689e+08   -9.768e+07   0
32.1   1.197   2.256   -0.811   0   2.689e+08   -9.768e+07   0
32.2   1.197   2.283   -0.8208   0   2.689e+08   -9.768e+07   0
32.3   1.197   2.31   -0.8305   0   2.689e+08   -9.768e+07   0
32.4   1.197   2.337   -0.8403   0   2.689e+08   -9.768e+07   0
32.5   1.197   2.363   -0.8501   0   2.689e+08   -9.768e+07   0
32.6   1.197   2.39   -0.8599   0   2.689e+08   -9.768e+07   0
32.7   1.197   2.417   -0.8696   0   2.689e+08   -9.768e+07   0
32.8   1.197   2.444   -0.8794   0   2.689e+08   -9.768e+07   0
32.9   1.197   2.471   -0.8892   0   2.689e+08   -9.768e+07   0
33   1.197   2.498   -0.8989   0   2.689e+08   -9.768e+07   0
33.1   1.197   2.525   -0.9087   0   2.689e+08   -9.768e+07   0
33.2   1.197   2.552   -0.9185   0   2.689e+08   -9.768e+07   0
33.3   1.197   2.579   -0.9282   0   2.689e+08   -9.768e+07   0
33.4   1.197   2.605   -0.938   0   2.689e+08   -9.768e+07   0
33.5   1.197   2.632   -0.9478   0   2.689e+08   -9.768e+07   0
33.6   1.197   2.659   -0.9575   0   2.689e+08   -9.768e+07   0
33.7   1.197   2.686   -0.9673   0   2.689e+08   -9.768e+07   0
33.8   1.197   2.713   -0.9771   0   2.689e+08   -9.768e+07   0
33.9   1.197   2.74   -0.9868   0   2.689e+08   -9.768e+07   0
34   1.197   2.767   -0.9966   0   2.689e+08   -9.768e+07   0
34.1   1.197   2.794   -1.006   0   2.689e+08   -9.768e+07   0
34.2   1.197   2.821   -1.016   0   2.689e+08   -9.768e+07   0
34.3   1.197   2.847   -1.026   0   2.689e+08   -9.768e+07   0
34.4   1.197   2.874   -1.036   0   2.689e+08   -9.768e+07   0
34.5   1.197   2.901   -1.045   0   2.689e+08   -9.768e+07   0
34.6   1.197   2.928   -1.055   0   2.689e+08   -9.768e+07   0
34.7   1.197   2.955   -1.065   0   2.689e+08   -9.768e+07   0
34.8   1.197   2.982   -1.075   0   2.689e+08   -9.768e+07   0
34.9   1.197   3.009   -1.085   0   2.689e+08   -9.768e+07   0
35   1.197   3.036   -1.094   0   2.689e+08   -9.768e+07   0
35.1   1.197   3.062   -1.104   0   2.689e+08   -9.768e+07   0
35.2   1.197   3.089   -1.114   0   2.689e+08   -9.768e+07   0
35.3   1.197   3.116   -1.124   0   2.689e+08   -9.768e+07   0
35.4   1.197   3.143   -1.133   0   2.689e+08   -9.768e+07   0
35.5   1.197   3.17   -1.143   0   2.689e+08   -9.768e+07   0
35.6   1.197   3.197   -1.153   0   2.689e+08   -9.768e+07   0
35.7   1.197   3.224   -1.163   0   2.689e+08   -9.768e+07   0
35.8   1.197   3.251   -1.172   0   2.689e+08   -9.768e+07   0
35.9   1.197   3.278   -1.182   0   2.689e+08   -9.768e+07   0
36   1.197   3.304   -1.192   0   2.689e+08   -9.768e+07   0
36.1   1.197   3.331   -1.202   0   2.689e+08   -9.768e+07   0
36.2   1.197   3.358   -1.212   0   2.689e+08   -9.768e+07   0
36.3   1.197   3.385   -1.221   0   2.689e+08   -9.768e+07   0
36.4   1.197   3.412   -1.231   0   2.689e+08   -9.768e+07   0
36.5   1.197   3.439   -1.241   0   2.689e+08   -9.768e+07   0
36.6   1.197   3.466   -1.251   0   2.689e+08   -9.768e+07   0
36.7   1.197   3.493   -1.26   0   2.689e+08   -9.768e+07   0
36.8   1.197   3.52   -1.27   0   2.689e+08   -9.768e+07   0
36.9   1.197   3.546   -1.28   0   2.689e+08   -9.768e+07   0
37   1.197   3.573   -1.29   0   2.689e+08   -9.768e+07   0
37.1   1.197   3.6   -1.299   0   2.689e+08   -9.768e+07   0
37.2   1.197   3.627   -1.309   0   2.689e+08   -9.768e+07   0
37.3   1.197   3.654   -1.319   0   2.689e+08   -9.768e+07   0
37.4   1.197   3.681   -1.329   0   2.689e+08   -9.768e+07   0
37.5   1.197   3.708   -1.339   0   2.689e+08   -9.768e+07   0
37.6   1.197   3.735   -1.348   0   2.689e+08   -9.768e+07   0
37.7   1.197   3.762   -1.358   0   2.689e+08   -9.768e+07   0
37.8   1.197   3.788   -1.368   0   2.689e+08   -9.768e+07   0
37.9   1.197   3.815   -1.378   0   2.689e+08   -9.768e+07   0
38   1.197   3.842   -1.387   0   2.689e+08   -9.768e+07   0
38.1   1.197   3.869   -1.397   0   2.689e+08   -9.768e+07   0
38.2   1.197   3.896   -1.407   0   2.689e+08   -9.768e+07   0
38.3   1.197   3.923   -1.417   0   2.689e+08   -9.768e+07   0
38.4   1.197   3.95   -1.426   0   2.689e+08   -9.768e+07   0
38.5   1.197   3.977   -1.436   0   2.689e+08   -9.768e+07   0
38.6   1.197   4.003   -1.446   0   2.689e+08   -9.768e+07   0
38.7   1.197   4.03   -1.456   0   2.689e+08   -9.768e+07   0
38.8   1.197   4.057   -1.465   0   2.689e+08   -9.768e+07   0
38.9   1.197   4.084   -1.475   0   2.689e+08   -9.768e+07   0
39   1.197   4.111   -1.485   0   2.689e+08   -9.768e+07   0
39.1   1.197   4.138   -1.495   0   2.689e+08   -9.768e+07   0
39.2   1.197   4.165   -1.505   0   2.689e+08   -9.768e+07   0
39.3   1.197   4.192   -1.514   0   2.689e+08   -9.768e+07   0
39.4   1.197   4.219   -1.524   0   2.689e+08   -9.768e+07   0
39.5   1.197   4.245   -1.534   0   2.689e+08   -9.768e+07   0
39.6   1.197   4.272   -1.544   0   2.689e+08   -9.768e+07   0
39.7   1.197   4.299   -1.553   0   2.689e+08   -9.768e+07   0
39.8   1.197   4.326   -1.563   0   2.689e+08   -9.768e+07   0
39.9   1.197   4.353   -1.573   0   2.689e+08   -9.768e+07   0
