0   0.04   -0.753   0   0   1.121e+08   0   0
0.1   0.03986   -0.7418   0   0   1.12e+08   0   0
0.2   0.03989   -0.7306   0   0   1.12e+08   0   0
0.3   0.04012   -0.7194   0   0   1.123e+08   0   0
0.4   0.04055   -0.7081   0   0   1.128e+08   0   0
0.5   0.04117   -0.6968   0   0   1.136e+08   0   0
0.6   0.04201   -0.6854   0   0   1.146e+08   0   0
0.7   0.04306   -0.6739   0   0   1.159e+08   0   0
0.8   0.04435   -0.6622   0   0   1.174e+08   0   0
0.9   0.04587   -0.6504   0   0   1.192e+08   0   0
1   0.04765   -0.6384   0   0   1.211e+08   0   0
1.1   0.04968   -0.6261   0   0   1.234e+08   0   0
1.2   0.05199   -0.6137   0   0   1.258e+08   0   0
1.3   0.05459   -0.601   0   0   1.285e+08   0   0
1.4   0.05749   -0.588   0   0   1.314e+08   0   0
1.5   0.06071   -0.5747   0   0   1.344e+08   0   0
1.6   0.06425   -0.5611   0   0   1.377e+08   0   0
1.7   0.06814   -0.5471   0   0   1.411e+08   0   0
1.8   0.07239   -0.5328   0   0   1.446e+08   0   0
1.9   0.07702   -0.5182   0   0   1.483e+08   0   0
2   0.08203   -0.5032   0   0   1.521e+08   0   0
2.1   0.08744   -0.4878   0   0   1.56e+08   0   0
2.2   0.09326   -0.472   0   0   1.6e+08   0   0
2.3   0.09951   -0.4558   0   0   1.64e+08   0   0
2.4   0.1062   -0.4392   0   0   1.681e+08   0   0
2.5   0.1133   -0.4221   0   0   1.723e+08   0   0
2.6   0.1209   -0.4047   0   0   1.764e+08   0   0
2.7   0.129   -0.3869   0   0   1.805e+08   0   0
2.8   0.1376   -0.3686   0   0   1.846e+08   0   0
2.9   0.1466   -0.3499   0   0   1.887e+08   0   0
3   0.1562   -0.3309   0   0   1.928e+08   0   0
3.1   0.1663   -0.3114   0   0   1.968e+08   0   0
3.2   0.1769   -0.2915   0   0   2.007e+08   0   0
3.3   0.1881   -0.2712   0   0   2.046e+08   0   0
3.4   0.1999   -0.2506   0   0   2.084e+08   0   0
3.5   0.2122   -0.2296   0   0   2.122e+08   0   0
3.6   0.2253   -0.2082   0   0   2.158e+08   0   0
3.7   0.2379   -0.1864   0   0   2.192e+08   0   0
3.8   0.2379   -0.1645   0   0   2.192e+08   0   0
3.9   0.2379   -0.1426   0   0   2.192e+08   0   0
4   0.2379   -0.1207   0   0   2.192e+08   0   0
4.1   0.2379   -0.09874   0   0   2.192e+08   0   0
4.2   0.2379   -0.07682   0   0   2.192e+08   0   0
4.3   0.2379   -0.05491   0   0   2.192e+08   0   0
4.4   0.2379   -0.03299   0   0   2.192e+08   0   0
4.5   0.2379   -0.01107   0   0   2.192e+08   0   0
4.6   0.2379   0.01084   0   0   2.192e+08   0   0
4.7   0.2379   0.03276   0   0   2.192e+08   0   0
4.8   0.2379   0.05467   0   0   2.192e+08   0   0
4.9   0.2379   0.07659   0   0   2.192e+08   0   0
5   0.2379   0.09851   0   0   2.192e+08   0   0
5.1   0.2379   0.1204   0   0   2.192e+08   0   0
5.2   0.2379   0.1423   0   0   2.192e+08   0   0
5.3   0.2379   0.1643   0   0   2.192e+08   0   0
5.4   0.2379   0.1862   0   0   2.192e+08   0   0
5.5   0.2459   0.2082   0   0   2.212e+08   0   0
5.6   0.255   0.2304   0   0   2.233e+08   0   0
5.7   0.2643   0.2528   0   0   2.255e+08   0   0
5.8   0.2737   0.2755   0   0   2.275e+08   0   0
5.9   0.2832   0.2983   0   0   2.295e+08   0   0
6   0.2928   0.3214   0   0   2.314e+08   0   0
6.1   0.3023   0.3446   0   0   2.332e+08   0   0
6.2   0.3118   0.368   0   0   2.35e+08   0   0
6.3   0.3212   0.3916   0   0   2.366e+08   0   0
6.4   0.3305   0.4154   0   0   2.382e+08   0   0
6.5   0.3396   0.4392   0   0   2.397e+08   0   0
6.6   0.3486   0.4633   0   0   2.411e+08   0   0
6.7   0.3573   0.4875   0   0   2.424e+08   0   0
6.8   0.3658   0.5118   0   0   2.436e+08   0   0
6.9   0.3741   0.5362   0   0   2.448e+08   0   0
7   0.3822   0.5607   0   0   2.459e+08   0   0
7.1   0.3899   0.5854   0   0   2.469e+08   0   0
7.2   0.3974   0.6101   0   0   2.479e+08   0   0
7.3   0.4046   0.6349   0   0   2.488e+08   0   0
7.4   0.4115   0.6598   0   0   2.496e+08   0   0
7.5   0.418   0.6848   0   0   2.504e+08   0   0
7.6   0.4242   0.7099   0   0   2.511e+08   0   0
7.7   0.4301   0.7351   0   0   2.517e+08   0   0
7.8   0.434   0.7603   0   0   2.522e+08   0   0
7.9   0.434   0.7855   0   0   2.522e+08   0   0
8   0.434   0.8107   0   0   2.522e+08   0   0
8.1   0.434   0.8359   0   0   2.522e+08   0   0
8.2   0.434   0.8611   0   0   2.522e+08   0   0
8.3   0.434   0.8864   0   0   2.522e+08   0   0
8.4   0.434   0.9116   0   0   2.522e+08   0   0
8.5   0.434   0.9368   0   0   2.522e+08   0   0
8.6   0.434   0.962   0   0   2.522e+08   0   0
8.7   0.434   0.9872   0   0   2.522e+08   0   0
8.8   0.434   1.012   0   0   2.522e+08   0   0
8.9   0.434   1.038   0   0   2.522e+08   0   0
9   0.434   1.063   0   0   2.522e+08   0   0
9.1   0.434   1.088   -0.0006791   0   2.503e+08   -3.109e+07   0
9.2   0.434   1.112   -0.007269   0   2.316e+08   -9.982e+07   0
9.3   0.434   1.134   -0.02038   0   1.944e+08   -1.606e+08   0
9.4   0.434   1.151   -0.03896   0   1.418e+08   -2.086e+08   0
9.5   0.434   1.162   -0.06153   0   7.782e+07   -2.399e+08   0
9.6   0.434   1.166   -0.0863   0   7.648e+06   -2.521e+08   0
9.7   0.434   1.163   -0.1113   0   -6.313e+07   -2.442e+08   0
9.8   0.434   1.154   -0.1345   0   -1.289e+08   -2.168e+08   0
9.9   0.434   1.138   -0.1541   0   -1.843e+08   -1.721e+08   0
10   0.434   1.117   -0.1684   0   -2.251e+08   -1.137e+08   0
10.1   0.434   1.093   -0.1765   0   -2.479e+08   -4.621e+07   0
10.2   0.434   1.068   -0.1776   0   -2.509e+08   2.495e+07   0
10.3   0.434   1.043   -0.1734   0   -2.484e+08   4.379e+07   0
10.4   0.434   1.019   -0.169   0   -2.484e+08   4.379e+07   0
10.5   0.434   0.9937   -0.1647   0   -2.484e+08   4.379e+07   0
10.6   0.434   0.9689   -0.1603   0   -2.484e+08   4.379e+07   0
10.7   0.434   0.9441   -0.1559   0   -2.484e+08   4.379e+07   0
10.8   0.434   0.9192   -0.1515   0   -2.484e+08   4.379e+07   0
10.9   0.434   0.8944   -0.1471   0   -2.484e+08   4.379e+07   0
11   0.434   0.8696   -0.1428   0   -2.484e+08   4.379e+07   0
11.1   0.434   0.8447   -0.1384   0   -2.484e+08   4.379e+07   0
11.2   0.434   0.8199   -0.134   0   -2.484e+08   4.379e+07   0
11.3   0.434   0.7951   -0.1296   0   -2.484e+08   4.379e+07   0
11.4   0.434   0.7702   -0.1253   0   -2.484e+08   4.379e+07   0
11.5   0.434   0.7454   -0.1209   0   -2.484e+08   4.379e+07   0
11.6   0.4396   0.7205   -0.1165   0   -2.49e+08   4.387e+07   0
11.7   0.446   0.6956   -0.1121   0   -2.496e+08   4.395e+07   0
11.8   0.4526   0.6706   -0.1077   0   -2.503e+08   4.404e+07   0
11.9   0.4595   0.6455   -0.1033   0   -2.51e+08   4.412e+07   0
12   0.4666   0.6204   -0.09888   0   -2.517e+08   4.421e+07   0
12.1   0.474   0.5952   -0.09445   0   -2.524e+08   4.429e+07   0
12.2   0.4816   0.5699   -0.09002   0   -2.532e+08   4.437e+07   0
12.3   0.4894   0.5446   -0.08558   0   -2.539e+08   4.445e+07   0
12.4   0.4973   0.5191   -0.08113   0   -2.546e+08   4.452e+07   0
12.5   0.5055   0.4936   -0.07667   0   -2.553e+08   4.459e+07   0
12.6   0.5138   0.4681   -0.07221   0   -2.56e+08   4.466e+07   0
12.7   0.5222   0.4424   -0.06774   0   -2.567e+08   4.472e+07   0
12.8   0.5307   0.4167   -0.06327   0   -2.574e+08   4.478e+07   0
12.9   0.5392   0.391   -0.05879   0   -2.58e+08   4.484e+07   0
13   0.5478   0.3651   -0.0543   0   -2.587e+08   4.488e+07   0
13.1   0.5564   0.3392   -0.04981   0   -2.593e+08   4.492e+07   0
13.2   0.5649   0.3133   -0.04531   0   -2.6e+08   4.496e+07   0
13.3   0.5733   0.2872   -0.04082   0   -2.606e+08   4.498e+07   0
13.4   0.5815   0.2612   -0.03632   0   -2.611e+08   4.5e+07   0
13.5   0.5894   0.235   -0.03182   0   -2.617e+08   4.501e+07   0
13.6   0.5969   0.2088   -0.02732   0   -2.622e+08   4.501e+07   0
13.7   0.6029   0.1826   -0.02282   0   -2.626e+08   4.5e+07   0
13.8   0.6029   0.1563   -0.01832   0   -2.626e+08   4.5e+07   0
13.9   0.6029   0.1301   -0.01382   0   -2.626e+08   4.5e+07   0
14   0.6029   0.1038   -0.009317   0   -2.626e+08   4.5e+07   0
14.1   0.6029   0.07756   -0.004817   0   -2.626e+08   4.5e+07   0
14.2   0.6029   0.05131   -0.0003177   0   -2.626e+08   4.5e+07   0
14.3   0.6029   0.02505   0.004182   0   -2.626e+08   4.5e+07   0
14.4   0.6029   -0.001203   0.008682   0   -2.626e+08   4.5e+07   0
14.5   0.6029   -0.02746   0.01318   0   -2.626e+08   4.5e+07   0
14.6   0.6029   -0.05371   0.01768   0   -2.626e+08   4.5e+07   0
14.7   0.6029   -0.07997   0.02218   0   -2.626e+08   4.5e+07   0
14.8   0.6029   -0.1062   0.02668   0   -2.626e+08   4.5e+07   0
14.9   0.6029   -0.1325   0.03118   0   -2.626e+08   4.5e+07   0
15   0.6029   -0.1587   0.03568   0   -2.626e+08   4.5e+07   0
15.1   0.6035   -0.185   0.04018   0   -2.626e+08   4.501e+07   0
15.2   0.6192   -0.2113   0.0447   0   -2.635e+08   4.537e+07   0
15.3   0.6342   -0.2377   0.04925   0   -2.644e+08   4.567e+07   0
15.4   0.6485   -0.2642   0.05383   0   -2.652e+08   4.594e+07   0
15.5   0.6622   -0.2907   0.05844   0   -2.659e+08   4.618e+07   0
15.6   0.6754   -0.3173   0.06307   0   -2.666e+08   4.639e+07   0
15.7   0.688   -0.344   0.06772   0   -2.672e+08   4.658e+07   0
15.8   0.7002   -0.3708   0.07238   0   -2.678e+08   4.675e+07   0
15.9   0.7119   -0.3976   0.07707   0   -2.683e+08   4.691e+07   0
16   0.7231   -0.4244   0.08176   0   -2.688e+08   4.705e+07   0
16.1   0.7338   -0.4513   0.08648   0   -2.693e+08   4.718e+07   0
16.2   0.7441   -0.4783   0.0912   0   -2.697e+08   4.73e+07   0
16.3   0.754   -0.5053   0.09594   0   -2.701e+08   4.741e+07   0
16.4   0.7633   -0.5323   0.1007   0   -2.705e+08   4.751e+07   0
16.5   0.7723   -0.5594   0.1054   0   -2.708e+08   4.76e+07   0
16.6   0.7808   -0.5865   0.1102   0   -2.712e+08   4.768e+07   0
16.7   0.7888   -0.6136   0.115   0   -2.715e+08   4.776e+07   0
16.8   0.7964   -0.6408   0.1198   0   -2.718e+08   4.783e+07   0
16.9   0.8036   -0.668   0.1245   0   -2.72e+08   4.79e+07   0
17   0.8103   -0.6952   0.1293   0   -2.723e+08   4.796e+07   0
17.1   0.8166   -0.7224   0.1341   0   -2.725e+08   4.801e+07   0
17.2   0.8205   -0.7497   0.1389   0   -2.726e+08   4.804e+07   0
17.3   0.8205   -0.7769   0.1437   0   -2.726e+08   4.804e+07   0
17.4   0.8205   -0.8042   0.1485   0   -2.726e+08   4.804e+07   0
17.5   0.8205   -0.8315   0.1533   0   -2.726e+08   4.804e+07   0
17.6   0.8205   -0.8587   0.1582   0   -2.726e+08   4.804e+07   0
17.7   0.8205   -0.886   0.163   0   -2.726e+08   4.804e+07   0
17.8   0.8205   -0.9133   0.1678   0   -2.726e+08   4.804e+07   0
17.9   0.8205   -0.9405   0.1726   0   -2.726e+08   4.804e+07   0
18   0.8205   -0.9678   0.1774   0   -2.726e+08   4.804e+07   0
18.1   0.8205   -0.9951   0.1822   0   -2.726e+08   4.804e+07   0
18.2   0.8205   -1.022   0.187   0   -2.726e+08   4.804e+07   0
18.3   0.8205   -1.05   0.1918   0   -2.726e+08   4.804e+07   0
18.4   0.8205   -1.077   0.1966   0   -2.726e+08   4.804e+07   0
18.5   0.8205   -1.104   0.2015   0   -2.704e+08   5.939e+07   0
18.6   0.8205   -1.13   0.2111   0   -2.439e+08   1.31e+08   0
18.7   0.8205   -1.152   0.2273   0   -1.988e+08   1.927e+08   0
18.8   0.8205   -1.169   0.2491   0   -1.386e+08   2.396e+08   0
18.9   0.8205   -1.18   0.2747   0   -6.784e+07   2.684e+08   0
19   0.8205   -1.183   0.3021   0   8.072e+06   2.767e+08   0
19.1   0.8205   -1.178   0.3293   0   8.337e+07   2.64e+08   0
19.2   0.8205   -1.166   0.3542   0   1.523e+08   2.312e+08   0
19.3   0.8205   -1.148   0.3749   0   2.097e+08   1.807e+08   0
19.4   0.8205   -1.125   0.3899   0   2.511e+08   1.166e+08   0
19.5   0.8205   -1.098   0.398   0   2.734e+08   4.353e+07   0
19.6   0.8205   -1.071   0.3985   0   2.749e+08   -3.283e+07   0
19.7   0.8205   -1.044   0.3916   0   2.601e+08   -9.471e+07   0
19.8   0.8205   -1.018   0.3821   0   2.601e+08   -9.471e+07   0
19.9   0.8205   -0.992   0.3726   0   2.601e+08   -9.471e+07   0
20   0.8205   -0.966   0.3632   0   2.601e+08   -9.471e+07   0
20.1   0.8205   -0.94   0.3537   0   2.601e+08   -9.471e+07   0
20.2   0.8205   -0.914   0.3442   0   2.601e+08   -9.471e+07   0
20.3   0.8205   -0.888   0.3348   0   2.601e+08   -9.471e+07   0
20.4   0.8205   -0.8619   0.3253   0   2.601e+08   -9.471e+07   0
20.5   0.8205   -0.8359   0.3158   0   2.601e+08   -9.471e+07   0
20.6   0.8205   -0.8099   0.3063   0   2.601e+08   -9.471e+07   0
20.7   0.8205   -0.7839   0.2969   0   2.601e+08   -9.471e+07   0
20.8   0.8205   -0.7579   0.2874   0   2.601e+08   -9.471e+07   0
20.9   0.8205   -0.7319   0.2779   0   2.601e+08   -9.471e+07   0
21   0.8205   -0.7059   0.2685   0   2.601e+08   -9.471e+07   0
21.1   0.8267   -0.6798   0.259   0   2.603e+08   -9.481e+07   0
21.2   0.8337   -0.6538   0.2495   0   2.606e+08   -9.492e+07   0
21.3   0.841   -0.6277   0.24   0   2.608e+08   -9.503e+07   0
21.4   0.8484   -0.6016   0.2305   0   2.61e+08   -9.514e+07   0
21.5   0.8561   -0.5755   0.221   0   2.612e+08   -9.526e+07   0
21.6   0.864   -0.5494   0.2114   0   2.615e+08   -9.537e+07   0
21.7   0.8721   -0.5232   0.2019   0   2.617e+08   -9.55e+07   0
21.8   0.8803   -0.4971   0.1923   0   2.619e+08   -9.562e+07   0
21.9   0.8887   -0.4709   0.1828   0   2.622e+08   -9.574e+07   0
22   0.8971   -0.4446   0.1732   0   2.624e+08   -9.587e+07   0
22.1   0.9057   -0.4184   0.1636   0   2.626e+08   -9.6e+07   0
22.2   0.9143   -0.3921   0.154   0   2.628e+08   -9.612e+07   0
22.3   0.9229   -0.3658   0.1444   0   2.631e+08   -9.625e+07   0
22.4   0.9315   -0.3395   0.1347   0   2.633e+08   -9.638e+07   0
22.5   0.94   -0.3132   0.1251   0   2.635e+08   -9.651e+07   0
22.6   0.9484   -0.2868   0.1154   0   2.637e+08   -9.664e+07   0
22.7   0.9566   -0.2604   0.1058   0   2.638e+08   -9.677e+07   0
22.8   0.9645   -0.234   0.09609   0   2.64e+08   -9.69e+07   0
22.9   0.972   -0.2076   0.08639   0   2.642e+08   -9.703e+07   0
23   0.979   -0.1812   0.07668   0   2.643e+08   -9.715e+07   0
23.1   0.9809   -0.1548   0.06696   0   2.644e+08   -9.719e+07   0
23.2   0.9809   -0.1283   0.05724   0   2.644e+08   -9.719e+07   0
23.3   0.9809   -0.1019   0.04752   0   2.644e+08   -9.719e+07   0
23.4   0.9809   -0.07545   0.0378   0   2.644e+08   -9.719e+07   0
23.5   0.9809   -0.04902   0.02808   0   2.644e+08   -9.719e+07   0
23.6   0.9809   -0.02258   0.01837   0   2.644e+08   -9.719e+07   0
23.7   0.9809   0.003854   0.008646   0   2.644e+08   -9.719e+07   0
23.8   0.9809   0.03029   -0.001073   0   2.644e+08   -9.719e+07   0
23.9   0.9809   0.05673   -0.01079   0   2.644e+08   -9.719e+07   0
24   0.9809   0.08316   -0.02051   0   2.644e+08   -9.719e+07   0
24.1   0.9809   0.1096   -0.03023   0   2.644e+08   -9.719e+07   0
24.2   0.9809   0.136   -0.03995   0   2.644e+08   -9.719e+07   0
24.3   0.9809   0.1625   -0.04967   0   2.644e+08   -9.719e+07   0
24.4   0.9866   0.1889   -0.05939   0   2.645e+08   -9.718e+07   0
24.5   1.002   0.2154   -0.06911   0   2.649e+08   -9.718e+07   0
24.6   1.017   0.2419   -0.07882   0   2.653e+08   -9.719e+07   0
24.7   1.032   0.2684   -0.08854   0   2.656e+08   -9.72e+07   0
24.8   1.046   0.295   -0.09826   0   2.66e+08   -9.723e+07   0
24.9   1.059   0.3216   -0.108   0   2.663e+08   -9.726e+07   0
25   1.071   0.3483   -0.1177   0   2.665e+08   -9.729e+07   0
25.1   1.083   0.3749   -0.1274   0   2.668e+08   -9.732e+07   0
25.2   1.095   0.4016   -0.1372   0   2.67e+08   -9.736e+07   0
25.3   1.106   0.4283   -0.1469   0   2.672e+08   -9.739e+07   0
25.4   1.117   0.4551   -0.1567   0   2.674e+08   -9.743e+07   0
25.5   1.127   0.4818   -0.1664   0   2.676e+08   -9.746e+07   0
25.6   1.137   0.5086   -0.1762   0   2.678e+08   -9.749e+07   0
25.7   1.146   0.5354   -0.1859   0   2.68e+08   -9.753e+07   0
25.8   1.155   0.5622   -0.1957   0   2.681e+08   -9.756e+07   0
25.9   1.164   0.589   -0.2054   0   2.683e+08   -9.759e+07   0
26   1.172   0.6159   -0.2152   0   2.684e+08   -9.762e+07   0
26.1   1.179   0.6427   -0.2249   0   2.686e+08   -9.765e+07   0
26.2   1.186   0.6696   -0.2347   0   2.687e+08   -9.767e+07   0
26.3   1.193   0.6964   -0.2445   0   2.688e+08   -9.77e+07   0
26.4   1.196   0.7233   -0.2542   0   2.688e+08   -9.771e+07   0
26.5   1.196   0.7502   -0.264   0   2.688e+08   -9.771e+07   0
26.6   1.196   0.7771   -0.2738   0   2.688e+08   -9.771e+07   0
26.7   1.196   0.804   -0.2836   0   2.688e+08   -9.771e+07   0
26.8   1.196   0.8309   -0.2933   0   2.688e+08   -9.771e+07   0
26.9   1.196   0.8577   -0.3031   0   2.688e+08   -9.771e+07   0
27   1.196   0.8846   -0.3129   0   2.688e+08   -9.771e+07   0
27.1   1.196   0.9115   -0.3226   0   2.688e+08   -9.771e+07   0
27.2   1.196   0.9384   -0.3324   0   2.688e+08   -9.771e+07   0
27.3   1.196   0.9653   -0.3422   0   2.688e+08   -9.771e+07   0
27.4   1.196   0.9922   -0.352   0   2.688e+08   -9.771e+07   0
27.5   1.196   1.019   -0.3617   0   2.688e+08   -9.771e+07   0
27.6   1.196   1.046   -0.3715   0   2.688e+08   -9.771e+07   0
27.7   1.196   1.073   -0.3813   0   2.688e+08   -9.771e+07   0
27.8   1.196   1.1   -0.391   0   2.688e+08   -9.771e+07   0
27.9   1.196   1.127   -0.4008   0   2.688e+08   -9.771e+07   0
28   1.196   1.153   -0.4106   0   2.688e+08   -9.771e+07   0
28.1   1.196   1.18   -0.4203   0   2.688e+08   -9.771e+07   0
28.2   1.196   1.207   -0.4301   0   2.688e+08   -9.771e+07   0
28.3   1.196   1.234   -0.4399   0   2.688e+08   -9.771e+07   0
28.4   1.196   1.261   -0.4497   0   2.688e+08   -9.771e+07   0
28.5   1.196   1.288   -0.4594   0   2.688e+08   -9.771e+07   0
28.6   1.196   1.315   -0.4692   0   2.688e+08   -9.771e+07   0
28.7   1.196   1.342   -0.479   0   2.688e+08   -9.771e+07   0
28.8   1.196   1.369   -0.4887   0   2.688e+08   -9.771e+07   0
28.9   1.196   1.395   -0.4985   0   2.688e+08   -9.771e+07   0
29   1.196   1.422   -0.5083   0   2.688e+08   -9.771e+07   0
29.1   1.196   1.449   -0.5181   0   2.688e+08   -9.771e+07   0
29.2   1.196   1.476   -0.5278   0   2.688e+08   -9.771e+07   0
29.3   1.196   1.503   -0.5376   0   2.688e+08   -9.771e+07   0
29.4   1.196   1.53   -0.5474   0   2.688e+08   -9.771e+07   0
29.5   1.196   1.557   -0.5571   0   2.688e+08   -9.771e+07   0
29.6   1.196   1.584   -0.5669   0   2.688e+08   -9.771e+07   0
29.7   1.196   1.611   -0.5767   0   2.688e+08   -9.771e+07   0
29.8   1.196   1.637   -0.5865   0   2.688e+08   -9.771e+07   0
29.9   1.196   1.664   -0.5962   0   2.688e+08   -9.771e+07   0
30   1.196   1.691   -0.606   0   2.688e+08   -9.771e+07   0
30.1   1.196   1.718   -0.6158   0   2.688e+08   -9.771e+07   0
30.2   1.196   1.745   -0.6255   0   2.688e+08   -9.771e+07   0
30.3   1.196   1.772   -0.6353   0   2.688e+08   -9.771e+07   0
30.4   1.196   1.799   -0.6451   0   2.688e+08   -9.771e+07   0
30.5   1.196   1.826   -0.6549   0   2.688e+08   -9.771e+07   0
30.6   1.196   1.852   -0.6646   0   2.688e+08   -9.771e+07   0
30.7   1.196   1.879   -0.6744   0   2.688e+08   -9.771e+07   0
30.8   1.196   1.906   -0.6842   0   2.688e+08   -9.771e+07   0
30.9   1.196   1.933   -0.6939   0   2.688e+08   -9.771e+07   0
31   1.196   1.96   -0.7037   0   2.688e+08   -9.771e+07   0
31.1   1.196   1.987   -0.7135   0   2.688e+08   -9.771e+07   0
31.2   1.196   2.014   -0.7232   0   2.688e+08   -9.771e+07   0
31.3   1.196   2.041   -0.733   0   2.688e+08   -9.771e+07   0
31.4   1.196   2.068   -0.7428   0   2.688e+08   -9.771e+07   0
31.5   1.196   2.094   -0.7526   0   2.688e+08   -9.771e+07   0
31.6   1.196   2.121   -0.7623   0   2.688e+08   -9.771e+07   0
31.7   1.196   2.148   -0.7721   0   2.688e+08   -9.771e+07   0
31.8   1.196   2.175   -0.7819   0   2.688e+08   -9.771e+07   0
31.9   1.196   2.202   -0.7916   0   2.688e+08   -9.771e+07   0
32   1.196   2.229   -0.8014   0   2.688e+08   -9.771e+07   0
32.1   1.196   2.256   -0.8112   0   2.688e+08   -9.771e+07   0
32.2   1.196   2.283   -0.821   0   2.688e+08   -9.771e+07   0
32.3   1.196   2.309   -0.8307   0   2.688e+08   -9.771e+07   0
32.4   1.196   2.336   -0.8405   0   2.688e+08   -9.771e+07   0
32.5   1.196   2.363   -0.8503   0   2.688e+08   -9.771e+07   0
32.6   1.196   2.39   -0.86   0   2.688e+08   -9.771e+07   0
32.7   1.196   2.417   -0.8698   0   2.688e+08   -9.771e+07   0
32.8   1.196   2.444   -0.8796   0   2.688e+08   -9.771e+07   0
32.9   1.196   2.471   -0.8894   0   2.688e+08   -9.771e+07   0
33   1.196   2.498   -0.8991   0   2.688e+08   -9.771e+07   0
33.1   1.196   2.525   -0.9089   0   2.688e+08   -9.771e+07   0
33.2   1.196   2.551   -0.9187   0   2.688e+08   -9.771e+07   0
33.3   1.196   2.578   -0.9284   0   2.688e+08   -9.771e+07   0
33.4   1.196   2.605   -0.9382   0   2.688e+08   -9.771e+07   0
33.5   1.196   2.632   -0.948   0   2.688e+08   -9.771e+07   0
33.6   1.196   2.659   -0.9578   0   2.688e+08   -9.771e+07   0
33.7   1.196   2.686   -0.9675   0   2.688e+08   -9.771e+07   0
33.8   1.196   2.713   -0.9773   0   2.688e+08   -9.771e+07   0
33.9   1.196   2.74   -0.9871   0   2.688e+08   -9.771e+07   0
34   1.196   2.767   -0.9968   0   2.688e+08   -9.771e+07   0
34.1   1.196   2.793   -1.007   0   2.688e+08   -9.771e+07   0
34.2   1.196   2.82   -1.016   0   2.688e+08   -9.771e+07   0
34.3   1.196   2.847   -1.026   0   2.688e+08   -9.771e+07   0
34.4   1.196   2.874   -1.036   0   2.688e+08   -9.771e+07   0
34.5   1.196   2.901   -1.046   0   2.688e+08   -9.771e+07   0
34.6   1.196   2.928   -1.055   0   2.688e+08   -9.771e+07   0
34.7   1.196   2.955   -1.065   0   2.688e+08   -9.771e+07   0
34.8   1.196   2.982   -1.075   0   2.688e+08   -9.771e+07   0
34.9   1.196   3.008   -1.085   0   2.688e+08   -9.771e+07   0
35   1.196   3.035   -1.095   0   2.688e+08   -9.771e+07   0
35.1   1.196   3.062   -1.104   0   2.688e+08   -9.771e+07   0
35.2   1.196   3.089   -1.114   0   2.688e+08   -9.771e+07   0
35.3   1.196   3.116   -1.124   0   2.688e+08   -9.771e+07   0
35.4   1.196   3.143   -1.134   0   2.688e+08   -9.771e+07   0
35.5   1.196   3.17   -1.143   0   2.688e+08   -9.771e+07   0
35.6   1.196   3.197   -1.153   0   2.688e+08   -9.771e+07   0
35.7   1.196   3.224   -1.163   0   2.688e+08   -9.771e+07   0
35.8   1.196   3.25   -1.173   0   2.688e+08   -9.771e+07   0
35.9   1.196   3.277   -1.182   0   2.688e+08   -9.771e+07   0
36   1.196   3.304   -1.192   0   2.688e+08   -9.771e+07   0
36.1   1.196   3.331   -1.202   0   2.688e+08   -9.771e+07   0
36.2   1.196   3.358   -1.212   0   2.688e+08   -9.771e+07   0
36.3   1.196   3.385   -1.222   0   2.688e+08   -9.771e+07   0
36.4   1.196   3.412   -1.231   0   2.688e+08   -9.771e+07   0
36.5   1.196   3.439   -1.241   0   2.688e+08   -9.771e+07   0
36.6   1.196   3.466   -1.251   0   2.688e+08   -9.771e+07   0
36.7   1.196   3.492   -1.261   0   2.688e+08   -9.771e+07   0
36.8   1.196   3.519   -1.27   0   2.688e+08   -9.771e+07   0
36.9   1.196   3.546   -1.28   0   2.688e+08   -9.771e+07   0
37   1.196   3.573   -1.29   0   2.688e+08   -9.771e+07   0
37.1   1.196   3.6   -1.3   0   2.688e+08   -9.771e+07   0
37.2   1.196   3.627   -1.31   0   2.688e+08   -9.771e+07   0
37.3   1.196   3.654   -1.319   0   2.688e+08   -9.771e+07   0
37.4   1.196   3.681   -1.329   0   2.688e+08   -9.771e+07   0
37.5   1.196   3.707   -1.339   0   2.688e+08   -9.771e+07   0
37.6   1.196   3.734   -1.349   0   2.688e+08   -9.771e+07   0
37.7   1.196   3.761   -1.358   0   2.688e+08   -9.771e+07   0
37.8   1.196   3.788   -1.368   0   2.688e+08   -9.771e+07   0
37.9   1.196   3.815   -1.378   0   2.688e+08   -9.771e+07   0
38   1.196   3.842   -1.388   0   2.688e+08   -9.771e+07   0
38.1   1.196   3.869   -1.397   0   2.688e+08   -9.771e+07   0
38.2   1.196   3.896   -1.407   0   2.688e+08   -9.771e+07   0
38.3   1.196   3.923   -1.417   0   2.688e+08   -9.771e+07   0
38.4   1.196   3.949   -1.427   0   2.688e+08   -9.771e+07   0
38.5   1.196   3.976   -1.437   0   2.688e+08   -9.771e+07   0
38.6   1.196   4.003   -1.446   0   2.688e+08   -9.771e+07   0
38.7   1.196   4.03   -1.456   0   2.688e+08   -9.771e+07   0
38.8   1.196   4.057   -1.466   0   2.688e+08   -9.771e+07   0
38.9   1.196   4.084   -1.476   0   2.688e+08   -9.771e+07   0
39   1.196   4.111   -1.485   0   2.688e+08   -9.771e+07   0
39.1   1.196   4.138   -1.495   0   2.688e+08   -9.771e+07   0
39.2   1.196   4.164   -1.505   0   2.688e+08   -9.771e+07   0
39.3   1.196   4.191   -1.515   0   2.688e+08   -9.771e+07   0
39.4   1.196   4.218   -1.524   0   2.688e+08   -9.771e+07   0
39.5   1.196   4.245   -1.534   0   2.688e+08   -9.771e+07   0
39.6   1.196   4.272   -1.544   0   2.688e+08   -9.771e+07   0
39.7   1.196   4.299   -1.554   0   2.688e+08   -9.771e+07   0
39.8   1.196   4.326   -1.564   0   2.688e+08   -9.771e+07   0
39.9   1.196   4.353   -1.573   0   2.688e+08   -9.771e+07   0
