0   1   -0.753   0   0   2.821e+08   0   0
0.1   1   -0.7248   0   0   2.821e+08   0   0
0.2   1   -0.6965   0   0   2.821e+08   0   0
0.3   1   -0.6683   0   0   2.821e+08   0   0
0.4   1   -0.6401   0   0   2.821e+08   0   0
0.5   1   -0.6119   0   0   2.821e+08   0   0
0.6   1   -0.5837   0   0   2.821e+08   0   0
0.7   1   -0.5555   0   0   2.821e+08   0   0
0.8   1   -0.5273   0   0   2.821e+08   0   0
0.9   1   -0.4991   0   0   2.821e+08   0   0
1   1   -0.4708   0   0   2.821e+08   0   0
1.1   1   -0.4426   0   0   2.821e+08   0   0
1.2   1   -0.4144   0   0   2.821e+08   0   0
1.3   1   -0.3862   0   0   2.821e+08   0   0
1.4   1   -0.358   0   0   2.821e+08   0   0
1.5   1   -0.3298   0   0   2.821e+08   0   0
1.6   1   -0.3016   0   0   2.821e+08   0   0
1.7   1   -0.2733   0   0   2.821e+08   0   0
1.8   1   -0.2451   0   0   2.821e+08   0   0
1.9   1   -0.2169   0   0   2.821e+08   0   0
2   1   -0.1887   0   0   2.821e+08   0   0
2.1   1   -0.1605   0   0   2.821e+08   0   0
2.2   1   -0.1323   0   0   2.821e+08   0   0
2.3   1   -0.1041   0   0   2.821e+08   0   0
2.4   1   -0.07586   0   0   2.821e+08   0   0
2.5   1   -0.04765   0   0   2.821e+08   0   0
2.6   1   -0.01943   0   0   2.821e+08   0   0
2.7   1   0.00878   0   0   2.821e+08   0   0
2.8   1   0.03699   0   0   2.821e+08   0   0
2.9   1   0.06495   0.002416   0   2.678e+08   8.89e+07   0
3   1   0.0876   0.01852   0   1.72e+08   2.237e+08   0
3.1   1   0.09735   0.04456   0   1.71e+07   2.816e+08   0
3.2   1   0.09083   0.07158   0   -1.436e+08   2.428e+08   0
3.3   1   0.07028   0.09031   0   -2.55e+08   1.206e+08   0
3.4   1   0.04274   0.09487   0   -2.821e+08   1.304e+04   0
3.5   1   0.01453   0.09487   0   -2.821e+08   1.304e+04   0
3.6   1   -0.01368   0.09487   0   -2.821e+08   1.304e+04   0
3.7   1   -0.04189   0.09487   0   -2.821e+08   1.304e+04   0
3.8   1   -0.07011   0.09487   0   -2.821e+08   1.304e+04   0
3.9   1   -0.09832   0.09487   0   -2.821e+08   1.304e+04   0
4   1   -0.1265   0.09488   0   -2.821e+08   1.304e+04   0
4.1   1   -0.1547   0.09488   0   -2.821e+08   1.304e+04   0
4.2   1   -0.183   0.09488   0   -2.821e+08   1.304e+04   0
4.3   1   -0.2112   0.09488   0   -2.821e+08   1.304e+04   0
4.4   1   -0.2394   0.09488   0   -2.821e+08   1.304e+04   0
4.5   1   -0.2676   0.09488   0   -2.821e+08   1.304e+04   0
4.6   1   -0.2958   0.09488   0   -2.821e+08   1.304e+04   0
4.7   1   -0.324   0.09488   0   -2.821e+08   1.304e+04   0
4.8   1   -0.3522   0.09489   0   -2.821e+08   1.304e+04   0
4.9   1   -0.3805   0.09489   0   -2.821e+08   1.304e+04   0
