0   1   -0.753   0   0   2.821e+08   0   0
0.1   1   -0.7248   0   0   2.821e+08   0   0
0.2   1   -0.6965   0   0   2.821e+08   0   0
0.3   1   -0.6683   0   0   2.821e+08   0   0
0.4   1   -0.6401   0   0   2.821e+08   0   0
0.5   1   -0.6119   0   0   2.821e+08   0   0
0.6   1   -0.5837   0   0   2.821e+08   0   0
0.7   1   -0.5555   0   0   2.821e+08   0   0
0.8   1   -0.5273   0   0   2.821e+08   0   0
0.9   1   -0.4991   0   0   2.821e+08   0   0
1   1   -0.4708   0   0   2.821e+08   0   0
1.1   1   -0.4426   0   0   2.821e+08   0   0
1.2   1   -0.4144   0   0   2.821e+08   0   0
1.3   1   -0.3862   0   0   2.821e+08   0   0
1.4   1   -0.358   0   0   2.821e+08   0   0
1.5   1   -0.3298   0   0   2.821e+08   0   0
1.6   1   -0.3016   0   0   2.821e+08   0   0
1.7   1   -0.2733   0   0   2.821e+08   0   0
1.8   1   -0.2451   0   0   2.821e+08   0   0
1.9   1   -0.2169   0   0   2.821e+08   0   0
2   1   -0.1887   0   0   2.821e+08   0   0
2.1   1   -0.1605   0   0   2.821e+08   0   0
2.2   1   -0.1323   0   0   2.821e+08   0   0
2.3   1   -0.1041   0   0   2.821e+08   0   0
2.4   1   -0.07586   0   0   2.821e+08   0   0
2.5   1   -0.04765   0   0   2.821e+08   0   0
2.6   1   -0.01943   0   0   2.821e+08   0   0
2.7   1   0.00878   0   0   2.821e+08   0   0
2.8   1   0.03699   0   0   2.821e+08   0   0
2.9   1.001   0.06495   0.00241   0   2.678e+08   8.873e+07   0
3   1.003   0.08763   0.0185   0   1.723e+08   2.235e+08   0
3.1   1.005   0.09743   0.04453   0   1.799e+07   2.817e+08   0
3.2   1.007   0.09101   0.07159   0   -1.424e+08   2.438e+08   0
3.3   1.009   0.07059   0.09048   0   -2.542e+08   1.23e+08   0
3.4   1.011   0.04307   0.09528   0   -2.824e+08   1.316e+06   0
3.5   1.011   0.01483   0.09542   0   -2.824e+08   1.316e+06   0
3.6   1.011   -0.01341   0.09555   0   -2.824e+08   1.316e+06   0
3.7   1.011   -0.04165   0.09568   0   -2.824e+08   1.316e+06   0
3.8   1.011   -0.06989   0.09581   0   -2.824e+08   1.316e+06   0
3.9   1.011   -0.09813   0.09594   0   -2.824e+08   1.316e+06   0
4   1.011   -0.1264   0.09607   0   -2.824e+08   1.316e+06   0
4.1   1.011   -0.1546   0.09621   0   -2.824e+08   1.316e+06   0
4.2   1.011   -0.1828   0.09634   0   -2.824e+08   1.316e+06   0
4.3   1.011   -0.2111   0.09647   0   -2.824e+08   1.316e+06   0
4.4   1.011   -0.2393   0.0966   0   -2.824e+08   1.316e+06   0
4.5   1.011   -0.2676   0.09673   0   -2.824e+08   1.316e+06   0
4.6   1.011   -0.2958   0.09686   0   -2.824e+08   1.316e+06   0
4.7   1.011   -0.324   0.097   0   -2.824e+08   1.316e+06   0
4.8   1.011   -0.3523   0.09713   0   -2.824e+08   1.316e+06   0
4.9   1.011   -0.3805   0.09726   0   -2.824e+08   1.316e+06   0
