0   1   -0.753   0   0   2.821e+08   0   0
0.1   1   -0.7248   0   0   2.821e+08   0   0
0.2   1   -0.6965   0   0   2.821e+08   0   0
0.3   1   -0.6683   0   0   2.821e+08   0   0
0.4   1   -0.6401   0   0   2.821e+08   0   0
0.5   1   -0.6119   0   0   2.821e+08   0   0
0.6   1   -0.5837   0   0   2.821e+08   0   0
0.7   1   -0.5555   0   0   2.821e+08   0   0
0.8   1   -0.5273   0   0   2.821e+08   0   0
0.9   1   -0.4991   0   0   2.821e+08   0   0
1   1   -0.4708   0   0   2.821e+08   0   0
1.1   1   -0.4426   0   0   2.821e+08   0   0
1.2   1   -0.4144   0   0   2.821e+08   0   0
1.3   1   -0.3862   0   0   2.821e+08   0   0
1.4   1   -0.358   0   0   2.821e+08   0   0
1.5   1   -0.3298   0   0   2.821e+08   0   0
1.6   1   -0.3016   0   0   2.821e+08   0   0
1.7   1   -0.2733   0   0   2.821e+08   0   0
1.8   1   -0.2451   0   0   2.821e+08   0   0
1.9   1   -0.2169   0   0   2.821e+08   0   0
2   1   -0.1887   0   0   2.821e+08   0   0
2.1   1   -0.1605   0   0   2.821e+08   0   0
2.2   1   -0.1323   0   0   2.821e+08   0   0
2.3   1   -0.1041   0   0   2.821e+08   0   0
2.4   1   -0.07586   0   0   2.821e+08   0   0
2.5   1   -0.04765   0   0   2.821e+08   0   0
2.6   1   -0.01943   0   0   2.821e+08   0   0
2.7   1   0.00878   0   0   2.821e+08   0   0
2.8   1   0.03699   0   0   2.821e+08   0   0
2.9   1.109   0.06504   0.00226   0   2.727e+08   8.107e+07   0
3   1.359   0.08892   0.01752   0   1.99e+08   2.087e+08   0
3.1   1.654   0.1032   0.04248   0   8.928e+07   2.773e+08   0
3.2   2.003   0.1062   0.0714   0   -2.255e+07   2.927e+08   0
3.3   2.413   0.09872   0.09975   0   -1.18e+08   2.706e+08   0
3.4   2.896   0.08292   0.1246   0   -1.905e+08   2.27e+08   0
3.5   3.464   0.06106   0.1446   0   -2.409e+08   1.743e+08   0
3.6   3.783   0.03556   0.1599   0   -2.588e+08   1.47e+08   0
3.7   3.783   0.009679   0.1746   0   -2.588e+08   1.47e+08   0
3.8   3.783   -0.0162   0.1893   0   -2.588e+08   1.47e+08   0
3.9   3.783   -0.04208   0.204   0   -2.588e+08   1.47e+08   0
4   3.783   -0.06797   0.2187   0   -2.588e+08   1.47e+08   0
4.1   3.783   -0.09385   0.2334   0   -2.588e+08   1.47e+08   0
4.2   3.783   -0.1197   0.2481   0   -2.588e+08   1.47e+08   0
4.3   3.783   -0.1456   0.2628   0   -2.588e+08   1.47e+08   0
4.4   3.783   -0.1715   0.2775   0   -2.588e+08   1.47e+08   0
4.5   3.783   -0.1974   0.2922   0   -2.588e+08   1.47e+08   0
4.6   3.783   -0.2233   0.307   0   -2.588e+08   1.47e+08   0
4.7   3.783   -0.2491   0.3217   0   -2.588e+08   1.47e+08   0
4.8   3.783   -0.275   0.3364   0   -2.588e+08   1.47e+08   0
4.9   3.783   -0.3009   0.3511   0   -2.588e+08   1.47e+08   0
5   3.783   -0.3268   0.3658   0   -2.588e+08   1.47e+08   0
