0   1   -0.753   0   0   2.821e+08   0   0
0.1   1   -0.7248   0   0   2.821e+08   0   0
0.2   1   -0.6965   0   0   2.821e+08   0   0
0.3   1   -0.6683   0   0   2.821e+08   0   0
0.4   1   -0.6401   0   0   2.821e+08   0   0
0.5   1   -0.6119   0   0   2.821e+08   0   0
0.6   1   -0.5837   0   0   2.821e+08   0   0
0.7   1   -0.5555   0   0   2.821e+08   0   0
0.8   1   -0.5273   0   0   2.821e+08   0   0
0.9   1   -0.4991   0   0   2.821e+08   0   0
1   1   -0.4708   0   0   2.821e+08   0   0
1.1   1   -0.4426   0   0   2.821e+08   0   0
1.2   1   -0.4144   0   0   2.821e+08   0   0
1.3   1   -0.3862   0   0   2.821e+08   0   0
1.4   1   -0.358   0   0   2.821e+08   0   0
1.5   1   -0.3298   0   0   2.821e+08   0   0
1.6   1   -0.3016   0   0   2.821e+08   0   0
1.7   1   -0.2733   0   0   2.821e+08   0   0
1.8   1   -0.2451   0   0   2.821e+08   0   0
1.9   1   -0.2169   0   0   2.821e+08   0   0
2   1   -0.1887   0   0   2.821e+08   0   0
2.1   1   -0.1605   0   0   2.821e+08   0   0
2.2   1   -0.1323   0   0   2.821e+08   0   0
2.3   1   -0.1041   0   0   2.821e+08   0   0
2.4   1   -0.07586   0   0   2.821e+08   0   0
2.5   1   -0.04765   0   0   2.821e+08   0   0
2.6   1   -0.01943   0   0   2.821e+08   0   0
2.7   1   0.00878   0   0   2.821e+08   0   0
2.8   1   0.03699   0   0   2.821e+08   0   0
2.9   1.011   0.06496   0.002355   0   2.686e+08   8.725e+07   0
3   1.032   0.08781   0.01831   0   1.757e+08   2.217e+08   0
3.1   1.054   0.09813   0.04425   0   2.595e+07   2.822e+08   0
3.2   1.075   0.09269   0.07169   0   -1.308e+08   2.519e+08   0
3.3   1.098   0.07333   0.09196   0   -2.454e+08   1.435e+08   0
3.4   1.117   0.04612   0.09904   0   -2.843e+08   1.311e+07   0
3.5   1.117   0.01769   0.1003   0   -2.843e+08   1.311e+07   0
3.6   1.117   -0.01075   0.1017   0   -2.843e+08   1.311e+07   0
3.7   1.117   -0.03918   0.103   0   -2.843e+08   1.311e+07   0
3.8   1.117   -0.06762   0.1043   0   -2.843e+08   1.311e+07   0
3.9   1.117   -0.09605   0.1056   0   -2.843e+08   1.311e+07   0
4   1.117   -0.1245   0.1069   0   -2.843e+08   1.311e+07   0
4.1   1.117   -0.1529   0.1082   0   -2.843e+08   1.311e+07   0
4.2   1.117   -0.1814   0.1095   0   -2.843e+08   1.311e+07   0
4.3   1.117   -0.2098   0.1108   0   -2.843e+08   1.311e+07   0
4.4   1.117   -0.2382   0.1121   0   -2.843e+08   1.311e+07   0
4.5   1.117   -0.2667   0.1135   0   -2.843e+08   1.311e+07   0
4.6   1.117   -0.2951   0.1148   0   -2.843e+08   1.311e+07   0
4.7   1.117   -0.3235   0.1161   0   -2.843e+08   1.311e+07   0
4.8   1.117   -0.352   0.1174   0   -2.843e+08   1.311e+07   0
4.9   1.117   -0.3804   0.1187   0   -2.843e+08   1.311e+07   0
