0   1   -0.753   0   0   2.821e+08   0   0
0.1   1   -0.7248   0   0   2.821e+08   0   0
0.2   1   -0.6965   0   0   2.821e+08   0   0
0.3   1   -0.6683   0   0   2.821e+08   0   0
0.4   1   -0.6401   0   0   2.821e+08   0   0
0.5   1   -0.6119   0   0   2.821e+08   0   0
0.6   1   -0.5837   0   0   2.821e+08   0   0
0.7   1   -0.5555   0   0   2.821e+08   0   0
0.8   1   -0.5273   0   0   2.821e+08   0   0
0.9   1   -0.4991   0   0   2.821e+08   0   0
1   1   -0.4708   0   0   2.821e+08   0   0
1.1   1   -0.4426   0   0   2.821e+08   0   0
1.2   1   -0.4144   0   0   2.821e+08   0   0
1.3   1   -0.3862   0   0   2.821e+08   0   0
1.4   1   -0.358   0   0   2.821e+08   0   0
1.5   1   -0.3298   0   0   2.821e+08   0   0
1.6   1   -0.3016   0   0   2.821e+08   0   0
1.7   1   -0.2733   0   0   2.821e+08   0   0
1.8   1   -0.2451   0   0   2.821e+08   0   0
1.9   1   -0.2169   0   0   2.821e+08   0   0
2   1   -0.1887   0   0   2.821e+08   0   0
2.1   1   -0.1605   0   0   2.821e+08   0   0
2.2   1   -0.1323   0   0   2.821e+08   0   0
2.3   1   -0.1041   0   0   2.821e+08   0   0
2.4   1   -0.07586   0   0   2.821e+08   0   0
2.5   1   -0.04765   0   0   2.821e+08   0   0
2.6   1   -0.01943   0   0   2.821e+08   0   0
2.7   1   0.00878   0   0   2.821e+08   0   0
2.8   1   0.03699   0   0   2.821e+08   0   0
2.9   1   0.0747   0.006937   0   2.409e+08   1.469e+08   0
3   1   0.09743   0.0471   0   1.985e+06   2.821e+08   0
3.1   1   0.07526   0.08758   0   -2.388e+08   1.503e+08   0
3.2   1   0.03738   0.09487   0   -2.821e+08   6277   0
3.3   1   0.00917   0.09487   0   -2.821e+08   6277   0
3.4   1   -0.01904   0.09487   0   -2.821e+08   6277   0
3.5   1   -0.04726   0.09487   0   -2.821e+08   6277   0
3.6   1   -0.07547   0.09487   0   -2.821e+08   6277   0
3.7   1   -0.1037   0.09487   0   -2.821e+08   6277   0
3.8   1   -0.1319   0.09487   0   -2.821e+08   6277   0
3.9   1   -0.1601   0.09487   0   -2.821e+08   6277   0
4   1   -0.1883   0.09487   0   -2.821e+08   6277   0
4.1   1   -0.2165   0.09487   0   -2.821e+08   6277   0
4.2   1   -0.2447   0.09487   0   -2.821e+08   6277   0
4.3   1   -0.273   0.09487   0   -2.821e+08   6277   0
4.4   1   -0.3012   0.09487   0   -2.821e+08   6277   0
4.5   1   -0.3294   0.09487   0   -2.821e+08   6277   0
4.6   1   -0.3576   0.09487   0   -2.821e+08   6277   0
4.7   1   -0.3858   0.09488   0   -2.821e+08   6277   0
4.8   1   -0.414   0.09488   0   -2.821e+08   6277   0
4.9   1   -0.4422   0.09488   0   -2.821e+08   6277   0
