0   1   -0.753   0   0   2.821e+08   0   0
0.1   1   -0.7048   0   0   2.821e+08   0   0
0.2   1   -0.6566   0   0   2.821e+08   0   0
0.3   1   -0.6084   0   0   2.821e+08   0   0
0.4   1   -0.5602   0   0   2.821e+08   0   0
0.5   1   -0.512   0   0   2.821e+08   0   0
0.6   1   -0.4638   0   0   2.821e+08   0   0
0.7   1   -0.4156   0   0   2.821e+08   0   0
0.8   1   -0.3674   0   0   2.821e+08   0   0
0.9   1   -0.3192   0   0   2.821e+08   0   0
1   1   -0.271   0   0   2.821e+08   0   0
1.1   1   -0.2228   0   0   2.821e+08   0   0
1.2   1   -0.1746   0   0   2.821e+08   0   0
1.3   1   -0.1264   0   0   2.821e+08   0   0
1.4   1   -0.07821   0   0   2.821e+08   0   0
1.5   1   -0.03001   0   0   2.821e+08   0   0
1.6   1   0.01818   0   0   2.821e+08   0   0
1.7   1.001   0.06606   0.002795   0   2.655e+08   9.546e+07   0
1.8   1.003   0.09644   0.03755   0   5.902e+07   2.76e+08   0
1.9   1.005   0.08296   0.08172   0   -2.03e+08   1.961e+08   0
2   1.006   0.03824   0.09512   0   -2.823e+08   6.559e+05   0
2.1   1.006   -0.009988   0.09523   0   -2.823e+08   6.559e+05   0
2.2   1.006   -0.05821   0.09534   0   -2.823e+08   6.559e+05   0
2.3   1.006   -0.1064   0.09545   0   -2.823e+08   6.559e+05   0
2.4   1.006   -0.1547   0.09557   0   -2.823e+08   6.559e+05   0
2.5   1.006   -0.2029   0.09568   0   -2.823e+08   6.559e+05   0
2.6   1.006   -0.2511   0.09579   0   -2.823e+08   6.559e+05   0
2.7   1.006   -0.2993   0.0959   0   -2.823e+08   6.559e+05   0
2.8   1.006   -0.3475   0.09601   0   -2.823e+08   6.559e+05   0
2.9   1.006   -0.3958   0.09613   0   -2.823e+08   6.559e+05   0
3   1.006   -0.444   0.09624   0   -2.823e+08   6.559e+05   0
3.1   1.006   -0.4922   0.09635   0   -2.823e+08   6.559e+05   0
3.2   1.006   -0.5404   0.09646   0   -2.823e+08   6.559e+05   0
3.3   1.006   -0.5887   0.09658   0   -2.823e+08   6.559e+05   0
3.4   1.006   -0.6369   0.09669   0   -2.823e+08   6.559e+05   0
3.5   1.006   -0.6851   0.0968   0   -2.823e+08   6.559e+05   0
3.6   1.006   -0.7333   0.09691   0   -2.823e+08   6.559e+05   0
3.7   1.006   -0.7816   0.09702   0   -2.823e+08   6.559e+05   0
3.8   1.006   -0.8298   0.09714   0   -2.823e+08   6.559e+05   0
3.9   1.006   -0.878   0.09725   0   -2.823e+08   6.559e+05   0
4   1.006   -0.9262   0.09736   0   -2.823e+08   6.559e+05   0
4.1   1.006   -0.9745   0.09747   0   -2.823e+08   6.559e+05   0
4.2   1.006   -1.023   0.09758   0   -2.823e+08   6.559e+05   0
4.3   1.006   -1.071   0.0977   0   -2.823e+08   6.559e+05   0
4.4   1.006   -1.119   0.09781   0   -2.823e+08   6.559e+05   0
4.5   1.006   -1.167   0.09792   0   -2.823e+08   6.559e+05   0
4.6   1.006   -1.216   0.09803   0   -2.823e+08   6.559e+05   0
4.7   1.006   -1.264   0.09814   0   -2.823e+08   6.559e+05   0
4.8   1.006   -1.312   0.09826   0   -2.823e+08   6.559e+05   0
4.9   1.006   -1.36   0.09837   0   -2.823e+08   6.559e+05   0
