0   1   -0.753   0   0   2.821e+08   0   0
0.1   1   -0.7048   0   0   2.821e+08   0   0
0.2   1   -0.6566   0   0   2.821e+08   0   0
0.3   1   -0.6084   0   0   2.821e+08   0   0
0.4   1   -0.5602   0   0   2.821e+08   0   0
0.5   1   -0.512   0   0   2.821e+08   0   0
0.6   1   -0.4638   0   0   2.821e+08   0   0
0.7   1   -0.4156   0   0   2.821e+08   0   0
0.8   1   -0.3674   0   0   2.821e+08   0   0
0.9   1   -0.3192   0   0   2.821e+08   0   0
1   1   -0.271   0   0   2.821e+08   0   0
1.1   1   -0.2228   0   0   2.821e+08   0   0
1.2   1   -0.1746   0   0   2.821e+08   0   0
1.3   1   -0.1264   0   0   2.821e+08   0   0
1.4   1   -0.07821   0   0   2.821e+08   0   0
1.5   1   -0.03001   0   0   2.821e+08   0   0
1.6   1   0.01818   0   0   2.821e+08   0   0
1.7   1.007   0.06607   0.002744   0   2.659e+08   9.493e+07   0
1.8   1.028   0.09678   0.03734   0   6.261e+07   2.758e+08   0
1.9   1.049   0.08433   0.08204   0   -1.967e+08   2.038e+08   0
2   1.067   0.04006   0.09739   0   -2.836e+08   6.055e+06   0
2.1   1.067   -0.008388   0.09842   0   -2.836e+08   6.055e+06   0
2.2   1.067   -0.05683   0.09946   0   -2.836e+08   6.055e+06   0
2.3   1.067   -0.1053   0.1005   0   -2.836e+08   6.055e+06   0
2.4   1.067   -0.1537   0.1015   0   -2.836e+08   6.055e+06   0
2.5   1.067   -0.2022   0.1026   0   -2.836e+08   6.055e+06   0
2.6   1.067   -0.2506   0.1036   0   -2.836e+08   6.055e+06   0
2.7   1.067   -0.299   0.1046   0   -2.836e+08   6.055e+06   0
2.8   1.067   -0.3475   0.1057   0   -2.836e+08   6.055e+06   0
2.9   1.067   -0.3959   0.1067   0   -2.836e+08   6.055e+06   0
3   1.067   -0.4444   0.1077   0   -2.836e+08   6.055e+06   0
3.1   1.067   -0.4928   0.1088   0   -2.836e+08   6.055e+06   0
3.2   1.067   -0.5413   0.1098   0   -2.836e+08   6.055e+06   0
3.3   1.067   -0.5897   0.1108   0   -2.836e+08   6.055e+06   0
3.4   1.067   -0.6382   0.1119   0   -2.836e+08   6.055e+06   0
3.5   1.067   -0.6866   0.1129   0   -2.836e+08   6.055e+06   0
3.6   1.067   -0.735   0.1139   0   -2.836e+08   6.055e+06   0
3.7   1.067   -0.7835   0.115   0   -2.836e+08   6.055e+06   0
3.8   1.067   -0.8319   0.116   0   -2.836e+08   6.055e+06   0
3.9   1.067   -0.8804   0.117   0   -2.836e+08   6.055e+06   0
4   1.067   -0.9288   0.1181   0   -2.836e+08   6.055e+06   0
4.1   1.067   -0.9773   0.1191   0   -2.836e+08   6.055e+06   0
4.2   1.067   -1.026   0.1201   0   -2.836e+08   6.055e+06   0
4.3   1.067   -1.074   0.1212   0   -2.836e+08   6.055e+06   0
4.4   1.067   -1.123   0.1222   0   -2.836e+08   6.055e+06   0
4.5   1.067   -1.171   0.1232   0   -2.836e+08   6.055e+06   0
4.6   1.067   -1.219   0.1243   0   -2.836e+08   6.055e+06   0
4.7   1.067   -1.268   0.1253   0   -2.836e+08   6.055e+06   0
4.8   1.067   -1.316   0.1264   0   -2.836e+08   6.055e+06   0
4.9   1.067   -1.365   0.1274   0   -2.836e+08   6.055e+06   0
