0   1   -0.753   0   0   2.821e+08   0   0
0.1   1   -0.7048   0   0   2.821e+08   0   0
0.2   1   -0.6566   0   0   2.821e+08   0   0
0.3   1   -0.6084   0   0   2.821e+08   0   0
0.4   1   -0.5602   0   0   2.821e+08   0   0
0.5   1   -0.512   0   0   2.821e+08   0   0
0.6   1   -0.4638   0   0   2.821e+08   0   0
0.7   1   -0.4156   0   0   2.821e+08   0   0
0.8   1   -0.3674   0   0   2.821e+08   0   0
0.9   1   -0.3192   0   0   2.821e+08   0   0
1   1   -0.271   0   0   2.821e+08   0   0
1.1   1   -0.2228   0   0   2.821e+08   0   0
1.2   1   -0.1746   0   0   2.821e+08   0   0
1.3   1   -0.1264   0   0   2.821e+08   0   0
1.4   1   -0.07821   0   0   2.821e+08   0   0
1.5   1   -0.03001   0   0   2.821e+08   0   0
1.6   1   0.01818   0   0   2.821e+08   0   0
1.7   1.065   0.06621   0.002066   0   2.701e+08   8.635e+07   0
1.8   1.306   0.1003   0.03458   0   9.855e+07   2.703e+08   0
1.9   1.591   0.09829   0.08267   0   -1.239e+08   2.631e+08   0
2   1.928   0.06396   0.1175   0   -2.641e+08   1.273e+08   0
2.1   2.042   0.01608   0.1322   0   -2.831e+08   7.822e+07   0
2.2   2.042   -0.03228   0.1456   0   -2.831e+08   7.822e+07   0
2.3   2.042   -0.08065   0.159   0   -2.831e+08   7.822e+07   0
2.4   2.042   -0.129   0.1723   0   -2.831e+08   7.822e+07   0
2.5   2.042   -0.1774   0.1857   0   -2.831e+08   7.822e+07   0
2.6   2.042   -0.2257   0.1991   0   -2.831e+08   7.822e+07   0
2.7   2.042   -0.2741   0.2124   0   -2.831e+08   7.822e+07   0
2.8   2.042   -0.3225   0.2258   0   -2.831e+08   7.822e+07   0
2.9   2.042   -0.3708   0.2391   0   -2.831e+08   7.822e+07   0
3   2.042   -0.4192   0.2525   0   -2.831e+08   7.822e+07   0
3.1   2.042   -0.4676   0.2659   0   -2.831e+08   7.822e+07   0
3.2   2.042   -0.5159   0.2792   0   -2.831e+08   7.822e+07   0
3.3   2.042   -0.5643   0.2926   0   -2.831e+08   7.822e+07   0
3.4   2.042   -0.6127   0.306   0   -2.831e+08   7.822e+07   0
3.5   2.042   -0.661   0.3193   0   -2.831e+08   7.822e+07   0
3.6   2.042   -0.7094   0.3327   0   -2.831e+08   7.822e+07   0
3.7   2.042   -0.7578   0.346   0   -2.831e+08   7.822e+07   0
3.8   2.042   -0.8061   0.3594   0   -2.831e+08   7.822e+07   0
3.9   2.042   -0.8545   0.3728   0   -2.831e+08   7.822e+07   0
4   2.042   -0.9029   0.3861   0   -2.831e+08   7.822e+07   0
4.1   2.042   -0.9512   0.3995   0   -2.831e+08   7.822e+07   0
4.2   2.042   -0.9996   0.4129   0   -2.831e+08   7.822e+07   0
4.3   2.042   -1.048   0.4262   0   -2.831e+08   7.822e+07   0
4.4   2.042   -1.096   0.4396   0   -2.831e+08   7.822e+07   0
4.5   2.042   -1.145   0.4529   0   -2.831e+08   7.822e+07   0
4.6   2.042   -1.193   0.4663   0   -2.831e+08   7.822e+07   0
4.7   2.042   -1.241   0.4797   0   -2.831e+08   7.822e+07   0
4.8   2.042   -1.29   0.493   0   -2.831e+08   7.822e+07   0
4.9   2.042   -1.338   0.5064   0   -2.831e+08   7.822e+07   0
5   2.042   -1.387   0.5198   0   -2.831e+08   7.822e+07   0
