0   1   -0.753   0   0   2.821e+08   0   0
0.1   1   -0.7248   0   0   2.821e+08   0   0
0.2   1   -0.6965   0   0   2.821e+08   0   0
0.3   1   -0.6683   0   0   2.821e+08   0   0
0.4   1   -0.6401   0   0   2.821e+08   0   0
0.5   1   -0.6119   0   0   2.821e+08   0   0
0.6   1   -0.5837   0   0   2.821e+08   0   0
0.7   1   -0.5555   0   0   2.821e+08   0   0
0.8   1   -0.5273   0   0   2.821e+08   0   0
0.9   1   -0.4991   0   0   2.821e+08   0   0
1   1   -0.4708   0   0   2.821e+08   0   0
1.1   1   -0.4426   0   0   2.821e+08   0   0
1.2   1   -0.4144   0   0   2.821e+08   0   0
1.3   1   -0.3862   0   0   2.821e+08   0   0
1.4   1   -0.358   0   0   2.821e+08   0   0
1.5   1   -0.3298   0   0   2.821e+08   0   0
1.6   1   -0.3016   0   0   2.821e+08   0   0
1.7   1   -0.2733   0   0   2.821e+08   0   0
1.8   1   -0.2451   0   0   2.821e+08   0   0
1.9   1   -0.2169   0   0   2.821e+08   0   0
2   1   -0.1887   0   0   2.821e+08   0   0
2.1   1   -0.1605   0   0   2.821e+08   0   0
2.2   1   -0.1323   0   0   2.821e+08   0   0
2.3   1   -0.1041   0   0   2.821e+08   0   0
2.4   1   -0.07586   0   0   2.821e+08   0   0
2.5   1   -0.04765   0   0   2.821e+08   0   0
2.6   1   -0.01943   0   0   2.821e+08   0   0
2.7   1   0.00878   0   0   2.821e+08   0   0
2.8   1   0.03699   0   0   2.821e+08   0   0
2.9   1.001   0.0708   0.004785   0   2.537e+08   1.235e+08   0
3   1.003   0.09571   0.03454   0   7.692e+07   2.715e+08   0
3.1   1.005   0.09014   0.07295   0   -1.51e+08   2.385e+08   0
3.2   1.007   0.05781   0.09445   0   -2.784e+08   4.692e+07   0
3.3   1.007   0.0273   0.09517   0   -2.823e+08   6.715e+05   0
3.4   1.007   -0.0009269   0.09524   0   -2.823e+08   6.715e+05   0
3.5   1.007   -0.02916   0.09531   0   -2.823e+08   6.715e+05   0
3.6   1.007   -0.05739   0.09537   0   -2.823e+08   6.715e+05   0
3.7   1.007   -0.08562   0.09544   0   -2.823e+08   6.715e+05   0
3.8   1.007   -0.1138   0.09551   0   -2.823e+08   6.715e+05   0
3.9   1.007   -0.1421   0.09557   0   -2.823e+08   6.715e+05   0
4   1.007   -0.1703   0.09564   0   -2.823e+08   6.715e+05   0
4.1   1.007   -0.1985   0.09571   0   -2.823e+08   6.715e+05   0
4.2   1.007   -0.2268   0.09578   0   -2.823e+08   6.715e+05   0
4.3   1.007   -0.255   0.09584   0   -2.823e+08   6.715e+05   0
4.4   1.007   -0.2832   0.09591   0   -2.823e+08   6.715e+05   0
4.5   1.007   -0.3115   0.09598   0   -2.823e+08   6.715e+05   0
4.6   1.007   -0.3397   0.09604   0   -2.823e+08   6.715e+05   0
4.7   1.007   -0.3679   0.09611   0   -2.823e+08   6.715e+05   0
4.8   1.007   -0.3961   0.09618   0   -2.823e+08   6.715e+05   0
4.9   1.007   -0.4244   0.09625   0   -2.823e+08   6.715e+05   0
