0   1   -0.753   0   0   2.821e+08   0   0
0.1   1   -0.7248   0   0   2.821e+08   0   0
0.2   1   -0.6965   0   0   2.821e+08   0   0
0.3   1   -0.6683   0   0   2.821e+08   0   0
0.4   1   -0.6401   0   0   2.821e+08   0   0
0.5   1   -0.6119   0   0   2.821e+08   0   0
0.6   1   -0.5837   0   0   2.821e+08   0   0
0.7   1   -0.5555   0   0   2.821e+08   0   0
0.8   1   -0.5273   0   0   2.821e+08   0   0
0.9   1   -0.4991   0   0   2.821e+08   0   0
1   1   -0.4708   0   0   2.821e+08   0   0
1.1   1   -0.4426   0   0   2.821e+08   0   0
1.2   1   -0.4144   0   0   2.821e+08   0   0
1.3   1   -0.3862   0   0   2.821e+08   0   0
1.4   1   -0.358   0   0   2.821e+08   0   0
1.5   1   -0.3298   0   0   2.821e+08   0   0
1.6   1   -0.3016   0   0   2.821e+08   0   0
1.7   1   -0.2733   0   0   2.821e+08   0   0
1.8   1   -0.2451   0   0   2.821e+08   0   0
1.9   1   -0.2169   0   0   2.821e+08   0   0
2   1   -0.1887   0   0   2.821e+08   0   0
2.1   1   -0.1605   0   0   2.821e+08   0   0
2.2   1   -0.1323   0   0   2.821e+08   0   0
2.3   1   -0.1041   0   0   2.821e+08   0   0
2.4   1   -0.07586   0   0   2.821e+08   0   0
2.5   1   -0.04765   0   0   2.821e+08   0   0
2.6   1   -0.01943   0   0   2.821e+08   0   0
2.7   1   0.00878   0   0   2.821e+08   0   0
2.8   1   0.03699   0   0   2.821e+08   0   0
2.9   1.01   0.07076   0.004595   0   2.549e+08   1.216e+08   0
3   1.03   0.09615   0.03406   0   8.193e+07   2.707e+08   0
3.1   1.049   0.09166   0.07278   0   -1.426e+08   2.448e+08   0
3.2   1.069   0.06031   0.09609   0   -2.761e+08   6.539e+07   0
3.3   1.075   0.02897   0.09794   0   -2.837e+08   6.658e+06   0
3.4   1.075   0.0006017   0.0986   0   -2.837e+08   6.658e+06   0
3.5   1.075   -0.02777   0.09927   0   -2.837e+08   6.658e+06   0
3.6   1.075   -0.05614   0.09994   0   -2.837e+08   6.658e+06   0
3.7   1.075   -0.08451   0.1006   0   -2.837e+08   6.658e+06   0
3.8   1.075   -0.1129   0.1013   0   -2.837e+08   6.658e+06   0
3.9   1.075   -0.1413   0.1019   0   -2.837e+08   6.658e+06   0
4   1.075   -0.1696   0.1026   0   -2.837e+08   6.658e+06   0
4.1   1.075   -0.198   0.1033   0   -2.837e+08   6.658e+06   0
4.2   1.075   -0.2264   0.1039   0   -2.837e+08   6.658e+06   0
4.3   1.075   -0.2547   0.1046   0   -2.837e+08   6.658e+06   0
4.4   1.075   -0.2831   0.1053   0   -2.837e+08   6.658e+06   0
4.5   1.075   -0.3115   0.1059   0   -2.837e+08   6.658e+06   0
4.6   1.075   -0.3399   0.1066   0   -2.837e+08   6.658e+06   0
4.7   1.075   -0.3682   0.1073   0   -2.837e+08   6.658e+06   0
4.8   1.075   -0.3966   0.1079   0   -2.837e+08   6.658e+06   0
4.9   1.075   -0.425   0.1086   0   -2.837e+08   6.658e+06   0
