0   1   -0.753   0   0   2.821e+08   0   0
0.1   1   -0.7248   0   0   2.821e+08   0   0
0.2   1   -0.6965   0   0   2.821e+08   0   0
0.3   1   -0.6683   0   0   2.821e+08   0   0
0.4   1   -0.6401   0   0   2.821e+08   0   0
0.5   1   -0.6119   0   0   2.821e+08   0   0
0.6   1   -0.5837   0   0   2.821e+08   0   0
0.7   1   -0.5555   0   0   2.821e+08   0   0
0.8   1   -0.5273   0   0   2.821e+08   0   0
0.9   1   -0.4991   0   0   2.821e+08   0   0
1   1   -0.4708   0   0   2.821e+08   0   0
1.1   1   -0.4426   0   0   2.821e+08   0   0
1.2   1   -0.4144   0   0   2.821e+08   0   0
1.3   1   -0.3862   0   0   2.821e+08   0   0
1.4   1   -0.358   0   0   2.821e+08   0   0
1.5   1   -0.3298   0   0   2.821e+08   0   0
1.6   1   -0.3016   0   0   2.821e+08   0   0
1.7   1   -0.2733   0   0   2.821e+08   0   0
1.8   1   -0.2451   0   0   2.821e+08   0   0
1.9   1   -0.2169   0   0   2.821e+08   0   0
2   1   -0.1887   0   0   2.821e+08   0   0
2.1   1   -0.1605   0   0   2.821e+08   0   0
2.2   1   -0.1323   0   0   2.821e+08   0   0
2.3   1   -0.1041   0   0   2.821e+08   0   0
2.4   1   -0.07586   0   0   2.821e+08   0   0
2.5   1   -0.04765   0   0   2.821e+08   0   0
2.6   1   -0.01943   0   0   2.821e+08   0   0
2.7   1   0.00878   0   0   2.821e+08   0   0
2.8   1   0.03699   0   0   2.821e+08   0   0
2.9   1.101   0.07067   0.003633   0   2.607e+08   1.134e+08   0
3   1.328   0.0991   0.03119   0   1.164e+08   2.634e+08   0
3.1   1.594   0.1032   0.07125   0   -6.794e+07   2.828e+08   0
3.2   1.904   0.08325   0.1068   0   -2.111e+08   2.032e+08   0
3.3   2.265   0.04765   0.1276   0   -2.839e+08   7.883e+07   0
3.4   2.265   0.01925   0.1354   0   -2.839e+08   7.883e+07   0
3.5   2.265   -0.00914   0.1433   0   -2.839e+08   7.883e+07   0
3.6   2.265   -0.03753   0.1512   0   -2.839e+08   7.883e+07   0
3.7   2.265   -0.06593   0.1591   0   -2.839e+08   7.883e+07   0
3.8   2.265   -0.09432   0.167   0   -2.839e+08   7.883e+07   0
3.9   2.265   -0.1227   0.1749   0   -2.839e+08   7.883e+07   0
4   2.265   -0.1511   0.1827   0   -2.839e+08   7.883e+07   0
4.1   2.265   -0.1795   0.1906   0   -2.839e+08   7.883e+07   0
4.2   2.265   -0.2079   0.1985   0   -2.839e+08   7.883e+07   0
4.3   2.265   -0.2363   0.2064   0   -2.839e+08   7.883e+07   0
4.4   2.265   -0.2647   0.2143   0   -2.839e+08   7.883e+07   0
4.5   2.265   -0.2931   0.2221   0   -2.839e+08   7.883e+07   0
4.6   2.265   -0.3215   0.23   0   -2.839e+08   7.883e+07   0
4.7   2.265   -0.3499   0.2379   0   -2.839e+08   7.883e+07   0
4.8   2.265   -0.3783   0.2458   0   -2.839e+08   7.883e+07   0
4.9   2.265   -0.4066   0.2537   0   -2.839e+08   7.883e+07   0
5   2.265   -0.435   0.2616   0   -2.839e+08   7.883e+07   0
