-1.3  0.26
-1.3  0.28
-1.3  0.3
-1.3  0.32
-1.3  0.34
-1.28  0.2
-1.28  0.22
-1.28  0.24
-1.28  0.26
-1.28  0.28
-1.28  0.3
-1.28  0.32
-1.28  0.34
-1.28  0.36
-1.28  0.38
-1.26  0.18
-1.26  0.2
-1.26  0.22
-1.26  0.24
-1.26  0.26
-1.26  0.28
-1.26  0.3
-1.26  0.32
-1.26  0.34
-1.26  0.36
-1.26  0.38
-1.26  0.4
-1.26  0.42
-1.24  0.16
-1.24  0.18
-1.24  0.2
-1.24  0.22
-1.24  0.24
-1.24  0.26
-1.24  0.28
-1.24  0.3
-1.24  0.32
-1.24  0.34
-1.24  0.36
-1.24  0.38
-1.24  0.4
-1.24  0.42
-1.24  0.44
-1.22  0.14
-1.22  0.16
-1.22  0.18
-1.22  0.2
-1.22  0.22
-1.22  0.24
-1.22  0.26
-1.22  0.28
-1.22  0.3
-1.22  0.32
-1.22  0.34
-1.22  0.36
-1.22  0.38
-1.22  0.4
-1.22  0.42
-1.22  0.44
-1.22  0.46
-1.2  0.12
-1.2  0.14
-1.2  0.16
-1.2  0.18
-1.2  0.2
-1.2  0.22
-1.2  0.24
-1.2  0.26
-1.2  0.28
-1.2  0.3
-1.2  0.32
-1.2  0.34
-1.2  0.36
-1.2  0.38
-1.2  0.4
-1.2  0.42
-1.2  0.44
-1.2  0.46
-1.18  0.12
-1.18  0.14
-1.18  0.16
-1.18  0.18
-1.18  0.2
-1.18  0.22
-1.18  0.24
-1.18  0.26
-1.18  0.28
-1.18  0.3
-1.18  0.32
-1.18  0.34
-1.18  0.36
-1.18  0.38
-1.18  0.4
-1.18  0.42
-1.18  0.44
-1.18  0.46
-1.18  0.48
-1.16  0.12
-1.16  0.14
-1.16  0.16
-1.16  0.18
-1.16  0.2
-1.16  0.22
-1.16  0.24
-1.16  0.26
-1.16  0.28
-1.16  0.3
-1.16  0.32
-1.16  0.34
-1.16  0.36
-1.16  0.38
-1.16  0.4
-1.16  0.42
-1.16  0.44
-1.16  0.46
-1.16  0.48
-1.14  0.18
-1.14  0.2
-1.14  0.22
-1.14  0.24
-1.14  0.26
-1.14  0.28
-1.14  0.3
-1.14  0.32
-1.14  0.34
-1.14  0.36
-1.14  0.38
-1.14  0.4
-1.14  0.42
-1.14  0.44
-1.14  0.46
-1.14  0.48
-1.12  0.26
-1.12  0.28
-1.12  0.3
-1.12  0.32
-1.12  0.34
-1.12  0.36
-1.12  0.38
-1.12  0.4
-1.12  0.42
-1.12  0.44
-1.12  0.46
-1.12  0.48
-1.1  0.32
-1.1  0.34
-1.1  0.36
-1.1  0.38
-1.1  0.4
-1.1  0.42
-1.1  0.44
-1.1  0.46
-1.1  0.48
-1.08  0.4
-1.08  0.42
-1.08  0.44
-1.08  0.46
-1.08  0.48
-1.06  0.48
-0.74  -0.12
-0.74  -0.1
-0.74  -0.08
-0.74  -0.06
-0.74  -0.04
-0.74  -0.02
-0.74  1.50574e-15
-0.74  0.02
-0.74  0.04
-0.74  0.06
-0.74  0.08
-0.74  0.1
-0.74  0.12
-0.72  -0.22
-0.72  -0.2
-0.72  -0.18
-0.72  -0.16
-0.72  -0.14
-0.72  -0.12
-0.72  -0.1
-0.72  -0.08
-0.72  -0.06
-0.72  -0.04
-0.72  -0.02
-0.72  1.50574e-15
-0.72  0.02
-0.72  0.04
-0.72  0.06
-0.72  0.08
-0.72  0.1
-0.72  0.12
-0.72  0.14
-0.72  0.16
-0.72  0.18
-0.72  0.2
-0.72  0.22
-0.7  -0.26
-0.7  -0.24
-0.7  -0.22
-0.7  -0.2
-0.7  -0.18
-0.7  -0.16
-0.7  -0.14
-0.7  -0.12
-0.7  -0.1
-0.7  -0.08
-0.7  -0.06
-0.7  -0.04
-0.7  -0.02
-0.7  1.50574e-15
-0.7  0.02
-0.7  0.04
-0.7  0.06
-0.7  0.08
-0.7  0.1
-0.7  0.12
-0.7  0.14
-0.7  0.16
-0.7  0.18
-0.7  0.2
-0.7  0.22
-0.7  0.24
-0.7  0.26
-0.68  -0.32
-0.68  -0.3
-0.68  -0.28
-0.68  -0.26
-0.68  -0.24
-0.68  -0.22
-0.68  -0.2
-0.68  -0.18
-0.68  -0.16
-0.68  -0.14
-0.68  -0.12
-0.68  -0.1
-0.68  -0.08
-0.68  -0.06
-0.68  -0.04
-0.68  -0.02
-0.68  1.50574e-15
-0.68  0.02
-0.68  0.04
-0.68  0.06
-0.68  0.08
-0.68  0.1
-0.68  0.12
-0.68  0.14
-0.68  0.16
-0.68  0.18
-0.68  0.2
-0.68  0.22
-0.68  0.24
-0.68  0.26
-0.68  0.28
-0.68  0.3
-0.68  0.32
-0.66  -0.36
-0.66  -0.34
-0.66  -0.32
-0.66  -0.3
-0.66  -0.28
-0.66  -0.26
-0.66  -0.24
-0.66  -0.22
-0.66  -0.2
-0.66  -0.18
-0.66  -0.16
-0.66  -0.14
-0.66  -0.12
-0.66  -0.1
-0.66  -0.08
-0.66  -0.06
-0.66  -0.04
-0.66  -0.02
-0.66  1.50574e-15
-0.66  0.02
-0.66  0.04
-0.66  0.06
-0.66  0.08
-0.66  0.1
-0.66  0.12
-0.66  0.14
-0.66  0.16
-0.66  0.18
-0.66  0.2
-0.66  0.22
-0.66  0.24
-0.66  0.26
-0.66  0.28
-0.66  0.3
-0.66  0.32
-0.66  0.34
-0.66  0.36
-0.64  -0.38
-0.64  -0.36
-0.64  -0.34
-0.64  -0.32
-0.64  -0.3
-0.64  -0.28
-0.64  -0.26
-0.64  -0.24
-0.64  -0.22
-0.64  -0.2
-0.64  -0.18
-0.64  -0.16
-0.64  -0.14
-0.64  -0.12
-0.64  -0.1
-0.64  -0.08
-0.64  -0.06
-0.64  -0.04
-0.64  -0.02
-0.64  1.50574e-15
-0.64  0.02
-0.64  0.04
-0.64  0.06
-0.64  0.08
-0.64  0.1
-0.64  0.12
-0.64  0.14
-0.64  0.16
-0.64  0.18
-0.64  0.2
-0.64  0.22
-0.64  0.24
-0.64  0.26
-0.64  0.28
-0.64  0.3
-0.64  0.32
-0.64  0.34
-0.64  0.36
-0.64  0.38
-0.62  -0.42
-0.62  -0.4
-0.62  -0.38
-0.62  -0.36
-0.62  -0.34
-0.62  -0.32
-0.62  -0.3
-0.62  -0.28
-0.62  -0.26
-0.62  -0.24
-0.62  -0.22
-0.62  -0.2
-0.62  -0.18
-0.62  -0.16
-0.62  -0.14
-0.62  -0.12
-0.62  -0.1
-0.62  -0.08
-0.62  -0.06
-0.62  -0.04
-0.62  -0.02
-0.62  1.50574e-15
-0.62  0.02
-0.62  0.04
-0.62  0.06
-0.62  0.08
-0.62  0.1
-0.62  0.12
-0.62  0.14
-0.62  0.16
-0.62  0.18
-0.62  0.2
-0.62  0.22
-0.62  0.24
-0.62  0.26
-0.62  0.28
-0.62  0.3
-0.62  0.32
-0.62  0.34
-0.62  0.36
-0.62  0.38
-0.62  0.4
-0.62  0.42
-0.6  -0.44
-0.6  -0.42
-0.6  -0.4
-0.6  -0.38
-0.6  -0.36
-0.6  -0.34
-0.6  -0.32
-0.6  -0.3
-0.6  -0.28
-0.6  -0.26
-0.6  -0.24
-0.6  -0.22
-0.6  -0.2
-0.6  -0.18
-0.6  -0.16
-0.6  -0.14
-0.6  -0.12
-0.6  -0.1
-0.6  -0.08
-0.6  -0.06
-0.6  -0.04
-0.6  -0.02
-0.6  1.50574e-15
-0.6  0.02
-0.6  0.04
-0.6  0.06
-0.6  0.08
-0.6  0.1
-0.6  0.12
-0.6  0.14
-0.6  0.16
-0.6  0.18
-0.6  0.2
-0.6  0.22
-0.6  0.24
-0.6  0.26
-0.6  0.28
-0.6  0.3
-0.6  0.32
-0.6  0.34
-0.6  0.36
-0.6  0.38
-0.6  0.4
-0.6  0.42
-0.6  0.44
-0.58  -0.48
-0.58  -0.46
-0.58  -0.44
-0.58  -0.42
-0.58  -0.4
-0.58  -0.38
-0.58  -0.36
-0.58  -0.34
-0.58  -0.32
-0.58  -0.3
-0.58  -0.28
-0.58  -0.26
-0.58  -0.24
-0.58  -0.22
-0.58  -0.2
-0.58  -0.18
-0.58  -0.16
-0.58  -0.14
-0.58  -0.12
-0.58  -0.1
-0.58  -0.08
-0.58  -0.06
-0.58  -0.04
-0.58  -0.02
-0.58  1.50574e-15
-0.58  0.02
-0.58  0.04
-0.58  0.06
-0.58  0.08
-0.58  0.1
-0.58  0.12
-0.58  0.14
-0.58  0.16
-0.58  0.18
-0.58  0.2
-0.58  0.22
-0.58  0.24
-0.58  0.26
-0.58  0.28
-0.58  0.3
-0.58  0.32
-0.58  0.34
-0.58  0.36
-0.58  0.38
-0.58  0.4
-0.58  0.42
-0.58  0.44
-0.58  0.46
-0.58  0.48
-0.56  -0.5
-0.56  -0.48
-0.56  -0.46
-0.56  -0.44
-0.56  -0.42
-0.56  -0.4
-0.56  -0.38
-0.56  -0.36
-0.56  -0.34
-0.56  -0.32
-0.56  -0.3
-0.56  -0.28
-0.56  -0.26
-0.56  -0.24
-0.56  -0.22
-0.56  -0.2
-0.56  -0.18
-0.56  -0.16
-0.56  -0.14
-0.56  -0.12
-0.56  -0.1
-0.56  -0.08
-0.56  -0.06
-0.56  -0.04
-0.56  -0.02
-0.56  1.50574e-15
-0.56  0.02
-0.56  0.04
-0.56  0.06
-0.56  0.08
-0.56  0.1
-0.56  0.12
-0.56  0.14
-0.56  0.16
-0.56  0.18
-0.56  0.2
-0.56  0.22
-0.56  0.24
-0.56  0.26
-0.56  0.28
-0.56  0.3
-0.56  0.32
-0.56  0.34
-0.56  0.36
-0.56  0.38
-0.56  0.4
-0.56  0.42
-0.56  0.44
-0.56  0.46
-0.56  0.48
-0.56  0.5
-0.54  -0.52
-0.54  -0.5
-0.54  -0.48
-0.54  -0.46
-0.54  -0.44
-0.54  -0.42
-0.54  -0.4
-0.54  -0.38
-0.54  -0.36
-0.54  -0.34
-0.54  -0.32
-0.54  -0.3
-0.54  -0.28
-0.54  -0.26
-0.54  -0.24
-0.54  -0.22
-0.54  -0.2
-0.54  -0.18
-0.54  -0.16
-0.54  -0.14
-0.54  -0.12
-0.54  -0.1
-0.54  -0.08
-0.54  -0.06
-0.54  -0.04
-0.54  -0.02
-0.54  1.50574e-15
-0.54  0.02
-0.54  0.04
-0.54  0.06
-0.54  0.08
-0.54  0.1
-0.54  0.12
-0.54  0.14
-0.54  0.16
-0.54  0.18
-0.54  0.2
-0.54  0.22
-0.54  0.24
-0.54  0.26
-0.54  0.28
-0.54  0.3
-0.54  0.32
-0.54  0.34
-0.54  0.36
-0.54  0.38
-0.54  0.4
-0.54  0.42
-0.54  0.44
-0.54  0.46
-0.54  0.48
-0.54  0.5
-0.54  0.52
-0.52  -0.54
-0.52  -0.52
-0.52  -0.5
-0.52  -0.48
-0.52  -0.46
-0.52  -0.44
-0.52  -0.42
-0.52  -0.4
-0.52  -0.38
-0.52  -0.36
-0.52  -0.34
-0.52  -0.32
-0.52  -0.3
-0.52  -0.28
-0.52  -0.26
-0.52  -0.24
-0.52  -0.22
-0.52  -0.2
-0.52  -0.18
-0.52  -0.16
-0.52  -0.14
-0.52  -0.12
-0.52  -0.1
-0.52  -0.08
-0.52  -0.06
-0.52  -0.04
-0.52  -0.02
-0.52  1.50574e-15
-0.52  0.02
-0.52  0.04
-0.52  0.06
-0.52  0.08
-0.52  0.1
-0.52  0.12
-0.52  0.14
-0.52  0.16
-0.52  0.18
-0.52  0.2
-0.52  0.22
-0.52  0.24
-0.52  0.26
-0.52  0.28
-0.52  0.3
-0.52  0.32
-0.52  0.34
-0.52  0.36
-0.52  0.38
-0.52  0.4
-0.52  0.42
-0.52  0.44
-0.52  0.46
-0.52  0.48
-0.52  0.5
-0.52  0.52
-0.52  0.54
-0.5  -0.56
-0.5  -0.54
-0.5  -0.52
-0.5  -0.5
-0.5  -0.48
-0.5  -0.46
-0.5  -0.44
-0.5  -0.42
-0.5  -0.4
-0.5  -0.38
-0.5  -0.36
-0.5  -0.34
-0.5  -0.32
-0.5  -0.3
-0.5  -0.28
-0.5  -0.26
-0.5  -0.24
-0.5  -0.22
-0.5  -0.2
-0.5  -0.18
-0.5  -0.16
-0.5  -0.14
-0.5  -0.12
-0.5  -0.1
-0.5  -0.08
-0.5  -0.06
-0.5  -0.04
-0.5  -0.02
-0.5  1.50574e-15
-0.5  0.02
-0.5  0.04
-0.5  0.06
-0.5  0.08
-0.5  0.1
-0.5  0.12
-0.5  0.14
-0.5  0.16
-0.5  0.18
-0.5  0.2
-0.5  0.22
-0.5  0.24
-0.5  0.26
-0.5  0.28
-0.5  0.3
-0.5  0.32
-0.5  0.34
-0.5  0.36
-0.5  0.38
-0.5  0.4
-0.5  0.42
-0.5  0.44
-0.5  0.46
-0.5  0.48
-0.5  0.5
-0.5  0.52
-0.5  0.54
-0.5  0.56
-0.48  -0.58
-0.48  -0.56
-0.48  -0.54
-0.48  -0.52
-0.48  -0.5
-0.48  -0.48
-0.48  -0.46
-0.48  -0.44
-0.48  -0.42
-0.48  -0.4
-0.48  -0.38
-0.48  -0.36
-0.48  -0.34
-0.48  -0.32
-0.48  -0.3
-0.48  -0.28
-0.48  -0.26
-0.48  -0.24
-0.48  -0.22
-0.48  -0.2
-0.48  -0.18
-0.48  -0.16
-0.48  -0.14
-0.48  -0.12
-0.48  -0.1
-0.48  -0.08
-0.48  -0.06
-0.48  -0.04
-0.48  -0.02
-0.48  1.50574e-15
-0.48  0.02
-0.48  0.04
-0.48  0.06
-0.48  0.08
-0.48  0.1
-0.48  0.12
-0.48  0.14
-0.48  0.16
-0.48  0.18
-0.48  0.2
-0.48  0.22
-0.48  0.24
-0.48  0.26
-0.48  0.28
-0.48  0.3
-0.48  0.32
-0.48  0.34
-0.48  0.36
-0.48  0.38
-0.48  0.4
-0.48  0.42
-0.48  0.44
-0.48  0.46
-0.48  0.48
-0.48  0.5
-0.48  0.52
-0.48  0.54
-0.48  0.56
-0.48  0.58
-0.46  -0.58
-0.46  -0.56
-0.46  -0.54
-0.46  -0.52
-0.46  -0.5
-0.46  -0.48
-0.46  -0.46
-0.46  -0.44
-0.46  -0.42
-0.46  -0.4
-0.46  -0.38
-0.46  -0.36
-0.46  -0.34
-0.46  -0.32
-0.46  -0.3
-0.46  -0.28
-0.46  -0.26
-0.46  -0.24
-0.46  -0.22
-0.46  -0.2
-0.46  -0.18
-0.46  -0.16
-0.46  -0.14
-0.46  -0.12
-0.46  -0.1
-0.46  -0.08
-0.46  -0.06
-0.46  -0.04
-0.46  -0.02
-0.46  1.50574e-15
-0.46  0.02
-0.46  0.04
-0.46  0.06
-0.46  0.08
-0.46  0.1
-0.46  0.12
-0.46  0.14
-0.46  0.16
-0.46  0.18
-0.46  0.2
-0.46  0.22
-0.46  0.24
-0.46  0.26
-0.46  0.28
-0.46  0.3
-0.46  0.32
-0.46  0.34
-0.46  0.36
-0.46  0.38
-0.46  0.4
-0.46  0.42
-0.46  0.44
-0.46  0.46
-0.46  0.48
-0.46  0.5
-0.46  0.52
-0.46  0.54
-0.46  0.56
-0.46  0.58
-0.44  -0.6
-0.44  -0.58
-0.44  -0.56
-0.44  -0.54
-0.44  -0.52
-0.44  -0.5
-0.44  -0.48
-0.44  -0.46
-0.44  -0.44
-0.44  -0.42
-0.44  -0.4
-0.44  -0.38
-0.44  -0.36
-0.44  -0.34
-0.44  -0.32
-0.44  -0.3
-0.44  -0.28
-0.44  -0.26
-0.44  -0.24
-0.44  -0.22
-0.44  -0.2
-0.44  -0.18
-0.44  -0.16
-0.44  -0.14
-0.44  -0.12
-0.44  -0.1
-0.44  -0.08
-0.44  -0.06
-0.44  -0.04
-0.44  -0.02
-0.44  1.50574e-15
-0.44  0.02
-0.44  0.04
-0.44  0.06
-0.44  0.08
-0.44  0.1
-0.44  0.12
-0.44  0.14
-0.44  0.16
-0.44  0.18
-0.44  0.2
-0.44  0.22
-0.44  0.24
-0.44  0.26
-0.44  0.28
-0.44  0.3
-0.44  0.32
-0.44  0.34
-0.44  0.36
-0.44  0.38
-0.44  0.4
-0.44  0.42
-0.44  0.44
-0.44  0.46
-0.44  0.48
-0.44  0.5
-0.44  0.52
-0.44  0.54
-0.44  0.56
-0.44  0.58
-0.44  0.6
-0.42  -0.62
-0.42  -0.6
-0.42  -0.58
-0.42  -0.56
-0.42  -0.54
-0.42  -0.52
-0.42  -0.5
-0.42  -0.48
-0.42  -0.46
-0.42  -0.44
-0.42  -0.42
-0.42  -0.4
-0.42  -0.38
-0.42  -0.36
-0.42  -0.34
-0.42  -0.32
-0.42  -0.3
-0.42  -0.28
-0.42  -0.26
-0.42  -0.24
-0.42  -0.22
-0.42  -0.2
-0.42  -0.18
-0.42  -0.16
-0.42  -0.14
-0.42  -0.12
-0.42  -0.1
-0.42  -0.08
-0.42  -0.06
-0.42  -0.04
-0.42  -0.02
-0.42  1.50574e-15
-0.42  0.02
-0.42  0.04
-0.42  0.06
-0.42  0.08
-0.42  0.1
-0.42  0.12
-0.42  0.14
-0.42  0.16
-0.42  0.18
-0.42  0.2
-0.42  0.22
-0.42  0.24
-0.42  0.26
-0.42  0.28
-0.42  0.3
-0.42  0.32
-0.42  0.34
-0.42  0.36
-0.42  0.38
-0.42  0.4
-0.42  0.42
-0.42  0.44
-0.42  0.46
-0.42  0.48
-0.42  0.5
-0.42  0.52
-0.42  0.54
-0.42  0.56
-0.42  0.58
-0.42  0.6
-0.42  0.62
-0.4  -0.62
-0.4  -0.6
-0.4  -0.58
-0.4  -0.56
-0.4  -0.54
-0.4  -0.52
-0.4  -0.5
-0.4  -0.48
-0.4  -0.46
-0.4  -0.44
-0.4  -0.42
-0.4  -0.4
-0.4  -0.38
-0.4  -0.36
-0.4  -0.34
-0.4  -0.32
-0.4  -0.3
-0.4  -0.28
-0.4  -0.26
-0.4  -0.24
-0.4  -0.22
-0.4  -0.2
-0.4  -0.18
-0.4  -0.16
-0.4  -0.14
-0.4  -0.12
-0.4  -0.1
-0.4  -0.08
-0.4  -0.06
-0.4  -0.04
-0.4  -0.02
-0.4  1.50574e-15
-0.4  0.02
-0.4  0.04
-0.4  0.06
-0.4  0.08
-0.4  0.1
-0.4  0.12
-0.4  0.14
-0.4  0.16
-0.4  0.18
-0.4  0.2
-0.4  0.22
-0.4  0.24
-0.4  0.26
-0.4  0.28
-0.4  0.3
-0.4  0.32
-0.4  0.34
-0.4  0.36
-0.4  0.38
-0.4  0.4
-0.4  0.42
-0.4  0.44
-0.4  0.46
-0.4  0.48
-0.4  0.5
-0.4  0.52
-0.4  0.54
-0.4  0.56
-0.4  0.58
-0.4  0.6
-0.4  0.62
-0.38  -0.64
-0.38  -0.62
-0.38  -0.6
-0.38  -0.58
-0.38  -0.56
-0.38  -0.54
-0.38  -0.52
-0.38  -0.5
-0.38  -0.48
-0.38  -0.46
-0.38  -0.44
-0.38  -0.42
-0.38  -0.4
-0.38  -0.38
-0.38  -0.36
-0.38  -0.34
-0.38  -0.32
-0.38  -0.3
-0.38  -0.28
-0.38  -0.26
-0.38  -0.24
-0.38  -0.22
-0.38  -0.2
-0.38  -0.18
-0.38  -0.16
-0.38  -0.14
-0.38  -0.12
-0.38  -0.1
-0.38  -0.08
-0.38  -0.06
-0.38  -0.04
-0.38  -0.02
-0.38  1.50574e-15
-0.38  0.02
-0.38  0.04
-0.38  0.06
-0.38  0.08
-0.38  0.1
-0.38  0.12
-0.38  0.14
-0.38  0.16
-0.38  0.18
-0.38  0.2
-0.38  0.22
-0.38  0.24
-0.38  0.26
-0.38  0.28
-0.38  0.3
-0.38  0.32
-0.38  0.34
-0.38  0.36
-0.38  0.38
-0.38  0.4
-0.38  0.42
-0.38  0.44
-0.38  0.46
-0.38  0.48
-0.38  0.5
-0.38  0.52
-0.38  0.54
-0.38  0.56
-0.38  0.58
-0.38  0.6
-0.38  0.62
-0.38  0.64
-0.36  -0.66
-0.36  -0.64
-0.36  -0.62
-0.36  -0.6
-0.36  -0.58
-0.36  -0.56
-0.36  -0.54
-0.36  -0.52
-0.36  -0.5
-0.36  -0.48
-0.36  -0.46
-0.36  -0.44
-0.36  -0.42
-0.36  -0.4
-0.36  -0.38
-0.36  -0.36
-0.36  -0.34
-0.36  -0.32
-0.36  -0.3
-0.36  -0.28
-0.36  -0.26
-0.36  -0.24
-0.36  -0.22
-0.36  -0.2
-0.36  -0.18
-0.36  -0.16
-0.36  -0.14
-0.36  -0.12
-0.36  -0.1
-0.36  -0.08
-0.36  -0.06
-0.36  -0.04
-0.36  -0.02
-0.36  1.50574e-15
-0.36  0.02
-0.36  0.04
-0.36  0.06
-0.36  0.08
-0.36  0.1
-0.36  0.12
-0.36  0.14
-0.36  0.16
-0.36  0.18
-0.36  0.2
-0.36  0.22
-0.36  0.24
-0.36  0.26
-0.36  0.28
-0.36  0.3
-0.36  0.32
-0.36  0.34
-0.36  0.36
-0.36  0.38
-0.36  0.4
-0.36  0.42
-0.36  0.44
-0.36  0.46
-0.36  0.48
-0.36  0.5
-0.36  0.52
-0.36  0.54
-0.36  0.56
-0.36  0.58
-0.36  0.6
-0.36  0.62
-0.36  0.64
-0.36  0.66
-0.34  -0.66
-0.34  -0.64
-0.34  -0.62
-0.34  -0.6
-0.34  -0.58
-0.34  -0.56
-0.34  -0.54
-0.34  -0.52
-0.34  -0.5
-0.34  -0.48
-0.34  -0.46
-0.34  -0.44
-0.34  -0.42
-0.34  -0.4
-0.34  -0.38
-0.34  -0.36
-0.34  -0.34
-0.34  -0.32
-0.34  -0.3
-0.34  -0.28
-0.34  -0.26
-0.34  -0.24
-0.34  -0.22
-0.34  -0.2
-0.34  -0.18
-0.34  -0.16
-0.34  -0.14
-0.34  -0.12
-0.34  -0.1
-0.34  -0.08
-0.34  -0.06
-0.34  -0.04
-0.34  -0.02
-0.34  1.50574e-15
-0.34  0.02
-0.34  0.04
-0.34  0.06
-0.34  0.08
-0.34  0.1
-0.34  0.12
-0.34  0.14
-0.34  0.16
-0.34  0.18
-0.34  0.2
-0.34  0.22
-0.34  0.24
-0.34  0.26
-0.34  0.28
-0.34  0.3
-0.34  0.32
-0.34  0.34
-0.34  0.36
-0.34  0.38
-0.34  0.4
-0.34  0.42
-0.34  0.44
-0.34  0.46
-0.34  0.48
-0.34  0.5
-0.34  0.52
-0.34  0.54
-0.34  0.56
-0.34  0.58
-0.34  0.6
-0.34  0.62
-0.34  0.64
-0.34  0.66
-0.32  -0.68
-0.32  -0.66
-0.32  -0.64
-0.32  -0.62
-0.32  -0.6
-0.32  -0.58
-0.32  -0.56
-0.32  -0.54
-0.32  -0.52
-0.32  -0.5
-0.32  -0.48
-0.32  -0.46
-0.32  -0.44
-0.32  -0.42
-0.32  -0.4
-0.32  -0.38
-0.32  -0.36
-0.32  -0.34
-0.32  -0.32
-0.32  -0.3
-0.32  -0.28
-0.32  -0.26
-0.32  -0.24
-0.32  -0.22
-0.32  -0.2
-0.32  -0.18
-0.32  -0.16
-0.32  -0.14
-0.32  -0.12
-0.32  -0.1
-0.32  -0.08
-0.32  -0.06
-0.32  -0.04
-0.32  -0.02
-0.32  1.50574e-15
-0.32  0.02
-0.32  0.04
-0.32  0.06
-0.32  0.08
-0.32  0.1
-0.32  0.12
-0.32  0.14
-0.32  0.16
-0.32  0.18
-0.32  0.2
-0.32  0.22
-0.32  0.24
-0.32  0.26
-0.32  0.28
-0.32  0.3
-0.32  0.32
-0.32  0.34
-0.32  0.36
-0.32  0.38
-0.32  0.4
-0.32  0.42
-0.32  0.44
-0.32  0.46
-0.32  0.48
-0.32  0.5
-0.32  0.52
-0.32  0.54
-0.32  0.56
-0.32  0.58
-0.32  0.6
-0.32  0.62
-0.32  0.64
-0.32  0.66
-0.32  0.68
-0.3  -0.68
-0.3  -0.66
-0.3  -0.64
-0.3  -0.62
-0.3  -0.6
-0.3  -0.58
-0.3  -0.56
-0.3  -0.54
-0.3  -0.52
-0.3  -0.5
-0.3  -0.48
-0.3  -0.46
-0.3  -0.44
-0.3  -0.42
-0.3  -0.4
-0.3  -0.38
-0.3  -0.36
-0.3  -0.34
-0.3  -0.32
-0.3  -0.3
-0.3  -0.28
-0.3  -0.26
-0.3  -0.24
-0.3  -0.22
-0.3  -0.2
-0.3  -0.18
-0.3  -0.16
-0.3  -0.14
-0.3  -0.12
-0.3  -0.1
-0.3  -0.08
-0.3  -0.06
-0.3  -0.04
-0.3  -0.02
-0.3  1.50574e-15
-0.3  0.02
-0.3  0.04
-0.3  0.06
-0.3  0.08
-0.3  0.1
-0.3  0.12
-0.3  0.14
-0.3  0.16
-0.3  0.18
-0.3  0.2
-0.3  0.22
-0.3  0.24
-0.3  0.26
-0.3  0.28
-0.3  0.3
-0.3  0.32
-0.3  0.34
-0.3  0.36
-0.3  0.38
-0.3  0.4
-0.3  0.42
-0.3  0.44
-0.3  0.46
-0.3  0.48
-0.3  0.5
-0.3  0.52
-0.3  0.54
-0.3  0.56
-0.3  0.58
-0.3  0.6
-0.3  0.62
-0.3  0.64
-0.3  0.66
-0.3  0.68
-0.28  -0.68
-0.28  -0.66
-0.28  -0.64
-0.28  -0.62
-0.28  -0.6
-0.28  -0.58
-0.28  -0.56
-0.28  -0.54
-0.28  -0.52
-0.28  -0.5
-0.28  -0.48
-0.28  -0.46
-0.28  -0.44
-0.28  -0.42
-0.28  -0.4
-0.28  -0.38
-0.28  -0.36
-0.28  -0.34
-0.28  -0.32
-0.28  -0.3
-0.28  -0.28
-0.28  -0.26
-0.28  -0.24
-0.28  -0.22
-0.28  -0.2
-0.28  -0.18
-0.28  -0.16
-0.28  -0.14
-0.28  -0.12
-0.28  -0.1
-0.28  -0.08
-0.28  -0.06
-0.28  -0.04
-0.28  -0.02
-0.28  1.50574e-15
-0.28  0.02
-0.28  0.04
-0.28  0.06
-0.28  0.08
-0.28  0.1
-0.28  0.12
-0.28  0.14
-0.28  0.16
-0.28  0.18
-0.28  0.2
-0.28  0.22
-0.28  0.24
-0.28  0.26
-0.28  0.28
-0.28  0.3
-0.28  0.32
-0.28  0.34
-0.28  0.36
-0.28  0.38
-0.28  0.4
-0.28  0.42
-0.28  0.44
-0.28  0.46
-0.28  0.48
-0.28  0.5
-0.28  0.52
-0.28  0.54
-0.28  0.56
-0.28  0.58
-0.28  0.6
-0.28  0.62
-0.28  0.64
-0.28  0.66
-0.28  0.68
-0.26  -0.7
-0.26  -0.68
-0.26  -0.66
-0.26  -0.64
-0.26  -0.62
-0.26  -0.6
-0.26  -0.58
-0.26  -0.56
-0.26  -0.54
-0.26  -0.52
-0.26  -0.5
-0.26  -0.48
-0.26  -0.46
-0.26  -0.44
-0.26  -0.42
-0.26  -0.4
-0.26  -0.38
-0.26  -0.36
-0.26  -0.34
-0.26  -0.32
-0.26  -0.3
-0.26  -0.28
-0.26  -0.26
-0.26  -0.24
-0.26  -0.22
-0.26  -0.2
-0.26  -0.18
-0.26  -0.16
-0.26  -0.14
-0.26  -0.12
-0.26  -0.1
-0.26  -0.08
-0.26  -0.06
-0.26  -0.04
-0.26  -0.02
-0.26  1.50574e-15
-0.26  0.02
-0.26  0.04
-0.26  0.06
-0.26  0.08
-0.26  0.1
-0.26  0.12
-0.26  0.14
-0.26  0.16
-0.26  0.18
-0.26  0.2
-0.26  0.22
-0.26  0.24
-0.26  0.26
-0.26  0.28
-0.26  0.3
-0.26  0.32
-0.26  0.34
-0.26  0.36
-0.26  0.38
-0.26  0.4
-0.26  0.42
-0.26  0.44
-0.26  0.46
-0.26  0.48
-0.26  0.5
-0.26  0.52
-0.26  0.54
-0.26  0.56
-0.26  0.58
-0.26  0.6
-0.26  0.62
-0.26  0.64
-0.26  0.66
-0.26  0.68
-0.26  0.7
-0.24  -0.7
-0.24  -0.68
-0.24  -0.66
-0.24  -0.64
-0.24  -0.62
-0.24  -0.6
-0.24  -0.58
-0.24  -0.56
-0.24  -0.54
-0.24  -0.52
-0.24  -0.5
-0.24  -0.48
-0.24  -0.46
-0.24  -0.44
-0.24  -0.42
-0.24  -0.4
-0.24  -0.38
-0.24  -0.36
-0.24  -0.34
-0.24  -0.32
-0.24  -0.3
-0.24  -0.28
-0.24  -0.26
-0.24  -0.24
-0.24  -0.22
-0.24  -0.2
-0.24  -0.18
-0.24  -0.16
-0.24  -0.14
-0.24  -0.12
-0.24  -0.1
-0.24  -0.08
-0.24  -0.06
-0.24  -0.04
-0.24  -0.02
-0.24  1.50574e-15
-0.24  0.02
-0.24  0.04
-0.24  0.06
-0.24  0.08
-0.24  0.1
-0.24  0.12
-0.24  0.14
-0.24  0.16
-0.24  0.18
-0.24  0.2
-0.24  0.22
-0.24  0.24
-0.24  0.26
-0.24  0.28
-0.24  0.3
-0.24  0.32
-0.24  0.34
-0.24  0.36
-0.24  0.38
-0.24  0.4
-0.24  0.42
-0.24  0.44
-0.24  0.46
-0.24  0.48
-0.24  0.5
-0.24  0.52
-0.24  0.54
-0.24  0.56
-0.24  0.58
-0.24  0.6
-0.24  0.62
-0.24  0.64
-0.24  0.66
-0.24  0.68
-0.24  0.7
-0.22  -0.72
-0.22  -0.7
-0.22  -0.68
-0.22  -0.66
-0.22  -0.64
-0.22  -0.62
-0.22  -0.6
-0.22  -0.58
-0.22  -0.56
-0.22  -0.54
-0.22  -0.52
-0.22  -0.5
-0.22  -0.48
-0.22  -0.46
-0.22  -0.44
-0.22  -0.42
-0.22  -0.4
-0.22  -0.38
-0.22  -0.36
-0.22  -0.34
-0.22  -0.32
-0.22  -0.3
-0.22  -0.28
-0.22  -0.26
-0.22  -0.24
-0.22  -0.22
-0.22  -0.2
-0.22  -0.18
-0.22  -0.16
-0.22  -0.14
-0.22  -0.12
-0.22  -0.1
-0.22  -0.08
-0.22  -0.06
-0.22  -0.04
-0.22  -0.02
-0.22  1.50574e-15
-0.22  0.02
-0.22  0.04
-0.22  0.06
-0.22  0.08
-0.22  0.1
-0.22  0.12
-0.22  0.14
-0.22  0.16
-0.22  0.18
-0.22  0.2
-0.22  0.22
-0.22  0.24
-0.22  0.26
-0.22  0.28
-0.22  0.3
-0.22  0.32
-0.22  0.34
-0.22  0.36
-0.22  0.38
-0.22  0.4
-0.22  0.42
-0.22  0.44
-0.22  0.46
-0.22  0.48
-0.22  0.5
-0.22  0.52
-0.22  0.54
-0.22  0.56
-0.22  0.58
-0.22  0.6
-0.22  0.62
-0.22  0.64
-0.22  0.66
-0.22  0.68
-0.22  0.7
-0.22  0.72
-0.2  -0.72
-0.2  -0.7
-0.2  -0.68
-0.2  -0.66
-0.2  -0.64
-0.2  -0.62
-0.2  -0.6
-0.2  -0.58
-0.2  -0.56
-0.2  -0.54
-0.2  -0.52
-0.2  -0.5
-0.2  -0.48
-0.2  -0.46
-0.2  -0.44
-0.2  -0.42
-0.2  -0.4
-0.2  -0.38
-0.2  -0.36
-0.2  -0.34
-0.2  -0.32
-0.2  -0.3
-0.2  -0.28
-0.2  -0.26
-0.2  -0.24
-0.2  -0.22
-0.2  -0.2
-0.2  -0.18
-0.2  -0.16
-0.2  -0.14
-0.2  -0.12
-0.2  -0.1
-0.2  -0.08
-0.2  -0.06
-0.2  -0.04
-0.2  -0.02
-0.2  1.50574e-15
-0.2  0.02
-0.2  0.04
-0.2  0.06
-0.2  0.08
-0.2  0.1
-0.2  0.12
-0.2  0.14
-0.2  0.16
-0.2  0.18
-0.2  0.2
-0.2  0.22
-0.2  0.24
-0.2  0.26
-0.2  0.28
-0.2  0.3
-0.2  0.32
-0.2  0.34
-0.2  0.36
-0.2  0.38
-0.2  0.4
-0.2  0.42
-0.2  0.44
-0.2  0.46
-0.2  0.48
-0.2  0.5
-0.2  0.52
-0.2  0.54
-0.2  0.56
-0.2  0.58
-0.2  0.6
-0.2  0.62
-0.2  0.64
-0.2  0.66
-0.2  0.68
-0.2  0.7
-0.2  0.72
-0.18  -0.72
-0.18  -0.7
-0.18  -0.68
-0.18  -0.66
-0.18  -0.64
-0.18  -0.62
-0.18  -0.6
-0.18  -0.58
-0.18  -0.56
-0.18  -0.54
-0.18  -0.52
-0.18  -0.5
-0.18  -0.48
-0.18  -0.46
-0.18  -0.44
-0.18  -0.42
-0.18  -0.4
-0.18  -0.38
-0.18  -0.36
-0.18  -0.34
-0.18  -0.32
-0.18  -0.3
-0.18  -0.28
-0.18  -0.26
-0.18  -0.24
-0.18  -0.22
-0.18  -0.2
-0.18  -0.18
-0.18  -0.16
-0.18  -0.14
-0.18  -0.12
-0.18  -0.1
-0.18  -0.08
-0.18  -0.06
-0.18  0.06
-0.18  0.08
-0.18  0.1
-0.18  0.12
-0.18  0.14
-0.18  0.16
-0.18  0.18
-0.18  0.2
-0.18  0.22
-0.18  0.24
-0.18  0.26
-0.18  0.28
-0.18  0.3
-0.18  0.32
-0.18  0.34
-0.18  0.36
-0.18  0.38
-0.18  0.4
-0.18  0.42
-0.18  0.44
-0.18  0.46
-0.18  0.48
-0.18  0.5
-0.18  0.52
-0.18  0.54
-0.18  0.56
-0.18  0.58
-0.18  0.6
-0.18  0.62
-0.18  0.64
-0.18  0.66
-0.18  0.68
-0.18  0.7
-0.18  0.72
-0.16  -0.72
-0.16  -0.7
-0.16  -0.68
-0.16  -0.66
-0.16  -0.64
-0.16  -0.62
-0.16  -0.6
-0.16  -0.58
-0.16  -0.56
-0.16  -0.54
-0.16  -0.52
-0.16  -0.5
-0.16  -0.48
-0.16  -0.46
-0.16  -0.44
-0.16  -0.42
-0.16  -0.4
-0.16  -0.38
-0.16  -0.36
-0.16  -0.34
-0.16  -0.32
-0.16  -0.3
-0.16  -0.28
-0.16  -0.26
-0.16  -0.24
-0.16  -0.22
-0.16  -0.2
-0.16  -0.18
-0.16  -0.16
-0.16  -0.14
-0.16  -0.12
-0.16  -0.1
-0.16  0.1
-0.16  0.12
-0.16  0.14
-0.16  0.16
-0.16  0.18
-0.16  0.2
-0.16  0.22
-0.16  0.24
-0.16  0.26
-0.16  0.28
-0.16  0.3
-0.16  0.32
-0.16  0.34
-0.16  0.36
-0.16  0.38
-0.16  0.4
-0.16  0.42
-0.16  0.44
-0.16  0.46
-0.16  0.48
-0.16  0.5
-0.16  0.52
-0.16  0.54
-0.16  0.56
-0.16  0.58
-0.16  0.6
-0.16  0.62
-0.16  0.64
-0.16  0.66
-0.16  0.68
-0.16  0.7
-0.16  0.72
-0.14  -0.72
-0.14  -0.7
-0.14  -0.68
-0.14  -0.66
-0.14  -0.64
-0.14  -0.62
-0.14  -0.6
-0.14  -0.58
-0.14  -0.56
-0.14  -0.54
-0.14  -0.52
-0.14  -0.5
-0.14  -0.48
-0.14  -0.46
-0.14  -0.44
-0.14  -0.42
-0.14  -0.4
-0.14  -0.38
-0.14  -0.36
-0.14  -0.34
-0.14  -0.32
-0.14  -0.3
-0.14  -0.28
-0.14  -0.26
-0.14  -0.24
-0.14  -0.22
-0.14  -0.2
-0.14  -0.18
-0.14  -0.16
-0.14  -0.14
-0.14  0.14
-0.14  0.16
-0.14  0.18
-0.14  0.2
-0.14  0.22
-0.14  0.24
-0.14  0.26
-0.14  0.28
-0.14  0.3
-0.14  0.32
-0.14  0.34
-0.14  0.36
-0.14  0.38
-0.14  0.4
-0.14  0.42
-0.14  0.44
-0.14  0.46
-0.14  0.48
-0.14  0.5
-0.14  0.52
-0.14  0.54
-0.14  0.56
-0.14  0.58
-0.14  0.6
-0.14  0.62
-0.14  0.64
-0.14  0.66
-0.14  0.68
-0.14  0.7
-0.14  0.72
-0.12  -0.74
-0.12  -0.72
-0.12  -0.7
-0.12  -0.68
-0.12  -0.66
-0.12  -0.64
-0.12  -0.62
-0.12  -0.6
-0.12  -0.58
-0.12  -0.56
-0.12  -0.54
-0.12  -0.52
-0.12  -0.5
-0.12  -0.48
-0.12  -0.46
-0.12  -0.44
-0.12  -0.42
-0.12  -0.4
-0.12  -0.38
-0.12  -0.36
-0.12  -0.34
-0.12  -0.32
-0.12  -0.3
-0.12  -0.28
-0.12  -0.26
-0.12  -0.24
-0.12  -0.22
-0.12  -0.2
-0.12  -0.18
-0.12  -0.16
-0.12  0.16
-0.12  0.18
-0.12  0.2
-0.12  0.22
-0.12  0.24
-0.12  0.26
-0.12  0.28
-0.12  0.3
-0.12  0.32
-0.12  0.34
-0.12  0.36
-0.12  0.38
-0.12  0.4
-0.12  0.42
-0.12  0.44
-0.12  0.46
-0.12  0.48
-0.12  0.5
-0.12  0.52
-0.12  0.54
-0.12  0.56
-0.12  0.58
-0.12  0.6
-0.12  0.62
-0.12  0.64
-0.12  0.66
-0.12  0.68
-0.12  0.7
-0.12  0.72
-0.12  0.74
-0.1  -0.74
-0.1  -0.72
-0.1  -0.7
-0.1  -0.68
-0.1  -0.66
-0.1  -0.64
-0.1  -0.62
-0.1  -0.6
-0.1  -0.58
-0.1  -0.56
-0.1  -0.54
-0.1  -0.52
-0.1  -0.5
-0.1  -0.48
-0.1  -0.46
-0.1  -0.44
-0.1  -0.42
-0.1  -0.4
-0.1  -0.38
-0.1  -0.36
-0.1  -0.34
-0.1  -0.32
-0.1  -0.3
-0.1  -0.28
-0.1  -0.26
-0.1  -0.24
-0.1  -0.22
-0.1  -0.2
-0.1  -0.18
-0.1  -0.16
-0.1  0.16
-0.1  0.18
-0.1  0.2
-0.1  0.22
-0.1  0.24
-0.1  0.26
-0.1  0.28
-0.1  0.3
-0.1  0.32
-0.1  0.34
-0.1  0.36
-0.1  0.38
-0.1  0.4
-0.1  0.42
-0.1  0.44
-0.1  0.46
-0.1  0.48
-0.1  0.5
-0.1  0.52
-0.1  0.54
-0.1  0.56
-0.1  0.58
-0.1  0.6
-0.1  0.62
-0.1  0.64
-0.1  0.66
-0.1  0.68
-0.1  0.7
-0.1  0.72
-0.1  0.74
-0.08  -0.74
-0.08  -0.72
-0.08  -0.7
-0.08  -0.68
-0.08  -0.66
-0.08  -0.64
-0.08  -0.62
-0.08  -0.6
-0.08  -0.58
-0.08  -0.56
-0.08  -0.54
-0.08  -0.52
-0.08  -0.5
-0.08  -0.48
-0.08  -0.46
-0.08  -0.44
-0.08  -0.42
-0.08  -0.4
-0.08  -0.38
-0.08  -0.36
-0.08  -0.34
-0.08  -0.32
-0.08  -0.3
-0.08  -0.28
-0.08  -0.26
-0.08  -0.24
-0.08  -0.22
-0.08  -0.2
-0.08  -0.18
-0.08  0.18
-0.08  0.2
-0.08  0.22
-0.08  0.24
-0.08  0.26
-0.08  0.28
-0.08  0.3
-0.08  0.32
-0.08  0.34
-0.08  0.36
-0.08  0.38
-0.08  0.4
-0.08  0.42
-0.08  0.44
-0.08  0.46
-0.08  0.48
-0.08  0.5
-0.08  0.52
-0.08  0.54
-0.08  0.56
-0.08  0.58
-0.08  0.6
-0.08  0.62
-0.08  0.64
-0.08  0.66
-0.08  0.68
-0.08  0.7
-0.08  0.72
-0.08  0.74
-0.06  -0.74
-0.06  -0.72
-0.06  -0.7
-0.06  -0.68
-0.06  -0.66
-0.06  -0.64
-0.06  -0.62
-0.06  -0.6
-0.06  -0.58
-0.06  -0.56
-0.06  -0.54
-0.06  -0.52
-0.06  -0.5
-0.06  -0.48
-0.06  -0.46
-0.06  -0.44
-0.06  -0.42
-0.06  -0.4
-0.06  -0.38
-0.06  -0.36
-0.06  -0.34
-0.06  -0.32
-0.06  -0.3
-0.06  -0.28
-0.06  -0.26
-0.06  -0.24
-0.06  -0.22
-0.06  -0.2
-0.06  -0.18
-0.06  0.18
-0.06  0.2
-0.06  0.22
-0.06  0.24
-0.06  0.26
-0.06  0.28
-0.06  0.3
-0.06  0.32
-0.06  0.34
-0.06  0.36
-0.06  0.38
-0.06  0.4
-0.06  0.42
-0.06  0.44
-0.06  0.46
-0.06  0.48
-0.06  0.5
-0.06  0.52
-0.06  0.54
-0.06  0.56
-0.06  0.58
-0.06  0.6
-0.06  0.62
-0.06  0.64
-0.06  0.66
-0.06  0.68
-0.06  0.7
-0.06  0.72
-0.06  0.74
-0.04  -0.74
-0.04  -0.72
-0.04  -0.7
-0.04  -0.68
-0.04  -0.66
-0.04  -0.64
-0.04  -0.62
-0.04  -0.6
-0.04  -0.58
-0.04  -0.56
-0.04  -0.54
-0.04  -0.52
-0.04  -0.5
-0.04  -0.48
-0.04  -0.46
-0.04  -0.44
-0.04  -0.42
-0.04  -0.4
-0.04  -0.38
-0.04  -0.36
-0.04  -0.34
-0.04  -0.32
-0.04  -0.3
-0.04  -0.28
-0.04  -0.26
-0.04  -0.24
-0.04  -0.22
-0.04  -0.2
-0.04  0.2
-0.04  0.22
-0.04  0.24
-0.04  0.26
-0.04  0.28
-0.04  0.3
-0.04  0.32
-0.04  0.34
-0.04  0.36
-0.04  0.38
-0.04  0.4
-0.04  0.42
-0.04  0.44
-0.04  0.46
-0.04  0.48
-0.04  0.5
-0.04  0.52
-0.04  0.54
-0.04  0.56
-0.04  0.58
-0.04  0.6
-0.04  0.62
-0.04  0.64
-0.04  0.66
-0.04  0.68
-0.04  0.7
-0.04  0.72
-0.04  0.74
-0.02  -0.74
-0.02  -0.72
-0.02  -0.7
-0.02  -0.68
-0.02  -0.66
-0.02  -0.64
-0.02  -0.62
-0.02  -0.6
-0.02  -0.58
-0.02  -0.56
-0.02  -0.54
-0.02  -0.52
-0.02  -0.5
-0.02  -0.48
-0.02  -0.46
-0.02  -0.44
-0.02  -0.42
-0.02  -0.4
-0.02  -0.38
-0.02  -0.36
-0.02  -0.34
-0.02  -0.32
-0.02  -0.3
-0.02  -0.28
-0.02  -0.26
-0.02  -0.24
-0.02  -0.22
-0.02  -0.2
-0.02  0.2
-0.02  0.22
-0.02  0.24
-0.02  0.26
-0.02  0.28
-0.02  0.3
-0.02  0.32
-0.02  0.34
-0.02  0.36
-0.02  0.38
-0.02  0.4
-0.02  0.42
-0.02  0.44
-0.02  0.46
-0.02  0.48
-0.02  0.5
-0.02  0.52
-0.02  0.54
-0.02  0.56
-0.02  0.58
-0.02  0.6
-0.02  0.62
-0.02  0.64
-0.02  0.66
-0.02  0.68
-0.02  0.7
-0.02  0.72
-0.02  0.74
1.50574e-15  -0.74
1.50574e-15  -0.72
1.50574e-15  -0.7
1.50574e-15  -0.68
1.50574e-15  -0.66
1.50574e-15  -0.64
1.50574e-15  -0.62
1.50574e-15  -0.6
1.50574e-15  -0.58
1.50574e-15  -0.56
1.50574e-15  -0.54
1.50574e-15  -0.52
1.50574e-15  -0.5
1.50574e-15  -0.48
1.50574e-15  -0.46
1.50574e-15  -0.44
1.50574e-15  -0.42
1.50574e-15  -0.4
1.50574e-15  -0.38
1.50574e-15  -0.36
1.50574e-15  -0.34
1.50574e-15  -0.32
1.50574e-15  -0.3
1.50574e-15  -0.28
1.50574e-15  -0.26
1.50574e-15  -0.24
1.50574e-15  -0.22
1.50574e-15  -0.2
1.50574e-15  0.2
1.50574e-15  0.22
1.50574e-15  0.24
1.50574e-15  0.26
1.50574e-15  0.28
1.50574e-15  0.3
1.50574e-15  0.32
1.50574e-15  0.34
1.50574e-15  0.36
1.50574e-15  0.38
1.50574e-15  0.4
1.50574e-15  0.42
1.50574e-15  0.44
1.50574e-15  0.46
1.50574e-15  0.48
1.50574e-15  0.5
1.50574e-15  0.52
1.50574e-15  0.54
1.50574e-15  0.56
1.50574e-15  0.58
1.50574e-15  0.6
1.50574e-15  0.62
1.50574e-15  0.64
1.50574e-15  0.66
1.50574e-15  0.68
1.50574e-15  0.7
1.50574e-15  0.72
1.50574e-15  0.74
0.02  -0.74
0.02  -0.72
0.02  -0.7
0.02  -0.68
0.02  -0.66
0.02  -0.64
0.02  -0.62
0.02  -0.6
0.02  -0.58
0.02  -0.56
0.02  -0.54
0.02  -0.52
0.02  -0.5
0.02  -0.48
0.02  -0.46
0.02  -0.44
0.02  -0.42
0.02  -0.4
0.02  -0.38
0.02  -0.36
0.02  -0.34
0.02  -0.32
0.02  -0.3
0.02  -0.28
0.02  -0.26
0.02  -0.24
0.02  -0.22
0.02  -0.2
0.02  0.2
0.02  0.22
0.02  0.24
0.02  0.26
0.02  0.28
0.02  0.3
0.02  0.32
0.02  0.34
0.02  0.36
0.02  0.38
0.02  0.4
0.02  0.42
0.02  0.44
0.02  0.46
0.02  0.48
0.02  0.5
0.02  0.52
0.02  0.54
0.02  0.56
0.02  0.58
0.02  0.6
0.02  0.62
0.02  0.64
0.02  0.66
0.02  0.68
0.02  0.7
0.02  0.72
0.02  0.74
0.04  -0.74
0.04  -0.72
0.04  -0.7
0.04  -0.68
0.04  -0.66
0.04  -0.64
0.04  -0.62
0.04  -0.6
0.04  -0.58
0.04  -0.56
0.04  -0.54
0.04  -0.52
0.04  -0.5
0.04  -0.48
0.04  -0.46
0.04  -0.44
0.04  -0.42
0.04  -0.4
0.04  -0.38
0.04  -0.36
0.04  -0.34
0.04  -0.32
0.04  -0.3
0.04  -0.28
0.04  -0.26
0.04  -0.24
0.04  -0.22
0.04  -0.2
0.04  0.2
0.04  0.22
0.04  0.24
0.04  0.26
0.04  0.28
0.04  0.3
0.04  0.32
0.04  0.34
0.04  0.36
0.04  0.38
0.04  0.4
0.04  0.42
0.04  0.44
0.04  0.46
0.04  0.48
0.04  0.5
0.04  0.52
0.04  0.54
0.04  0.56
0.04  0.58
0.04  0.6
0.04  0.62
0.04  0.64
0.04  0.66
0.04  0.68
0.04  0.7
0.04  0.72
0.04  0.74
0.06  -0.74
0.06  -0.72
0.06  -0.7
0.06  -0.68
0.06  -0.66
0.06  -0.64
0.06  -0.62
0.06  -0.6
0.06  -0.58
0.06  -0.56
0.06  -0.54
0.06  -0.52
0.06  -0.5
0.06  -0.48
0.06  -0.46
0.06  -0.44
0.06  -0.42
0.06  -0.4
0.06  -0.38
0.06  -0.36
0.06  -0.34
0.06  -0.32
0.06  -0.3
0.06  -0.28
0.06  -0.26
0.06  -0.24
0.06  -0.22
0.06  -0.2
0.06  -0.18
0.06  0.18
0.06  0.2
0.06  0.22
0.06  0.24
0.06  0.26
0.06  0.28
0.06  0.3
0.06  0.32
0.06  0.34
0.06  0.36
0.06  0.38
0.06  0.4
0.06  0.42
0.06  0.44
0.06  0.46
0.06  0.48
0.06  0.5
0.06  0.52
0.06  0.54
0.06  0.56
0.06  0.58
0.06  0.6
0.06  0.62
0.06  0.64
0.06  0.66
0.06  0.68
0.06  0.7
0.06  0.72
0.06  0.74
0.08  -0.74
0.08  -0.72
0.08  -0.7
0.08  -0.68
0.08  -0.66
0.08  -0.64
0.08  -0.62
0.08  -0.6
0.08  -0.58
0.08  -0.56
0.08  -0.54
0.08  -0.52
0.08  -0.5
0.08  -0.48
0.08  -0.46
0.08  -0.44
0.08  -0.42
0.08  -0.4
0.08  -0.38
0.08  -0.36
0.08  -0.34
0.08  -0.32
0.08  -0.3
0.08  -0.28
0.08  -0.26
0.08  -0.24
0.08  -0.22
0.08  -0.2
0.08  -0.18
0.08  0.18
0.08  0.2
0.08  0.22
0.08  0.24
0.08  0.26
0.08  0.28
0.08  0.3
0.08  0.32
0.08  0.34
0.08  0.36
0.08  0.38
0.08  0.4
0.08  0.42
0.08  0.44
0.08  0.46
0.08  0.48
0.08  0.5
0.08  0.52
0.08  0.54
0.08  0.56
0.08  0.58
0.08  0.6
0.08  0.62
0.08  0.64
0.08  0.66
0.08  0.68
0.08  0.7
0.08  0.72
0.08  0.74
0.1  -0.74
0.1  -0.72
0.1  -0.7
0.1  -0.68
0.1  -0.66
0.1  -0.64
0.1  -0.62
0.1  -0.6
0.1  -0.58
0.1  -0.56
0.1  -0.54
0.1  -0.52
0.1  -0.5
0.1  -0.48
0.1  -0.46
0.1  -0.44
0.1  -0.42
0.1  -0.4
0.1  -0.38
0.1  -0.36
0.1  -0.34
0.1  -0.32
0.1  -0.3
0.1  -0.28
0.1  -0.26
0.1  -0.24
0.1  -0.22
0.1  -0.2
0.1  -0.18
0.1  -0.16
0.1  0.16
0.1  0.18
0.1  0.2
0.1  0.22
0.1  0.24
0.1  0.26
0.1  0.28
0.1  0.3
0.1  0.32
0.1  0.34
0.1  0.36
0.1  0.38
0.1  0.4
0.1  0.42
0.1  0.44
0.1  0.46
0.1  0.48
0.1  0.5
0.1  0.52
0.1  0.54
0.1  0.56
0.1  0.58
0.1  0.6
0.1  0.62
0.1  0.64
0.1  0.66
0.1  0.68
0.1  0.7
0.1  0.72
0.1  0.74
0.12  -0.74
0.12  -0.72
0.12  -0.7
0.12  -0.68
0.12  -0.66
0.12  -0.64
0.12  -0.62
0.12  -0.6
0.12  -0.58
0.12  -0.56
0.12  -0.54
0.12  -0.52
0.12  -0.5
0.12  -0.48
0.12  -0.46
0.12  -0.44
0.12  -0.42
0.12  -0.4
0.12  -0.38
0.12  -0.36
0.12  -0.34
0.12  -0.32
0.12  -0.3
0.12  -0.28
0.12  -0.26
0.12  -0.24
0.12  -0.22
0.12  -0.2
0.12  -0.18
0.12  -0.16
0.12  0.16
0.12  0.18
0.12  0.2
0.12  0.22
0.12  0.24
0.12  0.26
0.12  0.28
0.12  0.3
0.12  0.32
0.12  0.34
0.12  0.36
0.12  0.38
0.12  0.4
0.12  0.42
0.12  0.44
0.12  0.46
0.12  0.48
0.12  0.5
0.12  0.52
0.12  0.54
0.12  0.56
0.12  0.58
0.12  0.6
0.12  0.62
0.12  0.64
0.12  0.66
0.12  0.68
0.12  0.7
0.12  0.72
0.12  0.74
0.14  -0.72
0.14  -0.7
0.14  -0.68
0.14  -0.66
0.14  -0.64
0.14  -0.62
0.14  -0.6
0.14  -0.58
0.14  -0.56
0.14  -0.54
0.14  -0.52
0.14  -0.5
0.14  -0.48
0.14  -0.46
0.14  -0.44
0.14  -0.42
0.14  -0.4
0.14  -0.38
0.14  -0.36
0.14  -0.34
0.14  -0.32
0.14  -0.3
0.14  -0.28
0.14  -0.26
0.14  -0.24
0.14  -0.22
0.14  -0.2
0.14  -0.18
0.14  -0.16
0.14  -0.14
0.14  0.14
0.14  0.16
0.14  0.18
0.14  0.2
0.14  0.22
0.14  0.24
0.14  0.26
0.14  0.28
0.14  0.3
0.14  0.32
0.14  0.34
0.14  0.36
0.14  0.38
0.14  0.4
0.14  0.42
0.14  0.44
0.14  0.46
0.14  0.48
0.14  0.5
0.14  0.52
0.14  0.54
0.14  0.56
0.14  0.58
0.14  0.6
0.14  0.62
0.14  0.64
0.14  0.66
0.14  0.68
0.14  0.7
0.14  0.72
0.16  -0.72
0.16  -0.7
0.16  -0.68
0.16  -0.66
0.16  -0.64
0.16  -0.62
0.16  -0.6
0.16  -0.58
0.16  -0.56
0.16  -0.54
0.16  -0.52
0.16  -0.5
0.16  -0.48
0.16  -0.46
0.16  -0.44
0.16  -0.42
0.16  -0.4
0.16  -0.38
0.16  -0.36
0.16  -0.34
0.16  -0.32
0.16  -0.3
0.16  -0.28
0.16  -0.26
0.16  -0.24
0.16  -0.22
0.16  -0.2
0.16  -0.18
0.16  -0.16
0.16  -0.14
0.16  -0.12
0.16  -0.1
0.16  0.1
0.16  0.12
0.16  0.14
0.16  0.16
0.16  0.18
0.16  0.2
0.16  0.22
0.16  0.24
0.16  0.26
0.16  0.28
0.16  0.3
0.16  0.32
0.16  0.34
0.16  0.36
0.16  0.38
0.16  0.4
0.16  0.42
0.16  0.44
0.16  0.46
0.16  0.48
0.16  0.5
0.16  0.52
0.16  0.54
0.16  0.56
0.16  0.58
0.16  0.6
0.16  0.62
0.16  0.64
0.16  0.66
0.16  0.68
0.16  0.7
0.16  0.72
0.18  -0.72
0.18  -0.7
0.18  -0.68
0.18  -0.66
0.18  -0.64
0.18  -0.62
0.18  -0.6
0.18  -0.58
0.18  -0.56
0.18  -0.54
0.18  -0.52
0.18  -0.5
0.18  -0.48
0.18  -0.46
0.18  -0.44
0.18  -0.42
0.18  -0.4
0.18  -0.38
0.18  -0.36
0.18  -0.34
0.18  -0.32
0.18  -0.3
0.18  -0.28
0.18  -0.26
0.18  -0.24
0.18  -0.22
0.18  -0.2
0.18  -0.18
0.18  -0.16
0.18  -0.14
0.18  -0.12
0.18  -0.1
0.18  -0.08
0.18  -0.06
0.18  0.06
0.18  0.08
0.18  0.1
0.18  0.12
0.18  0.14
0.18  0.16
0.18  0.18
0.18  0.2
0.18  0.22
0.18  0.24
0.18  0.26
0.18  0.28
0.18  0.3
0.18  0.32
0.18  0.34
0.18  0.36
0.18  0.38
0.18  0.4
0.18  0.42
0.18  0.44
0.18  0.46
0.18  0.48
0.18  0.5
0.18  0.52
0.18  0.54
0.18  0.56
0.18  0.58
0.18  0.6
0.18  0.62
0.18  0.64
0.18  0.66
0.18  0.68
0.18  0.7
0.18  0.72
0.2  -0.72
0.2  -0.7
0.2  -0.68
0.2  -0.66
0.2  -0.64
0.2  -0.62
0.2  -0.6
0.2  -0.58
0.2  -0.56
0.2  -0.54
0.2  -0.52
0.2  -0.5
0.2  -0.48
0.2  -0.46
0.2  -0.44
0.2  -0.42
0.2  -0.4
0.2  -0.38
0.2  -0.36
0.2  -0.34
0.2  -0.32
0.2  -0.3
0.2  -0.28
0.2  -0.26
0.2  -0.24
0.2  -0.22
0.2  -0.2
0.2  -0.18
0.2  -0.16
0.2  -0.14
0.2  -0.12
0.2  -0.1
0.2  -0.08
0.2  -0.06
0.2  -0.04
0.2  -0.02
0.2  1.50574e-15
0.2  0.02
0.2  0.04
0.2  0.06
0.2  0.08
0.2  0.1
0.2  0.12
0.2  0.14
0.2  0.16
0.2  0.18
0.2  0.2
0.2  0.22
0.2  0.24
0.2  0.26
0.2  0.28
0.2  0.3
0.2  0.32
0.2  0.34
0.2  0.36
0.2  0.38
0.2  0.4
0.2  0.42
0.2  0.44
0.2  0.46
0.2  0.48
0.2  0.5
0.2  0.52
0.2  0.54
0.2  0.56
0.2  0.58
0.2  0.6
0.2  0.62
0.2  0.64
0.2  0.66
0.2  0.68
0.2  0.7
0.2  0.72
0.22  -0.72
0.22  -0.7
0.22  -0.68
0.22  -0.66
0.22  -0.64
0.22  -0.62
0.22  -0.6
0.22  -0.58
0.22  -0.56
0.22  -0.54
0.22  -0.52
0.22  -0.5
0.22  -0.48
0.22  -0.46
0.22  -0.44
0.22  -0.42
0.22  -0.4
0.22  -0.38
0.22  -0.36
0.22  -0.34
0.22  -0.32
0.22  -0.3
0.22  -0.28
0.22  -0.26
0.22  -0.24
0.22  -0.22
0.22  -0.2
0.22  -0.18
0.22  -0.16
0.22  -0.14
0.22  -0.12
0.22  -0.1
0.22  -0.08
0.22  -0.06
0.22  -0.04
0.22  -0.02
0.22  1.50574e-15
0.22  0.02
0.22  0.04
0.22  0.06
0.22  0.08
0.22  0.1
0.22  0.12
0.22  0.14
0.22  0.16
0.22  0.18
0.22  0.2
0.22  0.22
0.22  0.24
0.22  0.26
0.22  0.28
0.22  0.3
0.22  0.32
0.22  0.34
0.22  0.36
0.22  0.38
0.22  0.4
0.22  0.42
0.22  0.44
0.22  0.46
0.22  0.48
0.22  0.5
0.22  0.52
0.22  0.54
0.22  0.56
0.22  0.58
0.22  0.6
0.22  0.62
0.22  0.64
0.22  0.66
0.22  0.68
0.22  0.7
0.22  0.72
0.24  -0.7
0.24  -0.68
0.24  -0.66
0.24  -0.64
0.24  -0.62
0.24  -0.6
0.24  -0.58
0.24  -0.56
0.24  -0.54
0.24  -0.52
0.24  -0.5
0.24  -0.48
0.24  -0.46
0.24  -0.44
0.24  -0.42
0.24  -0.4
0.24  -0.38
0.24  -0.36
0.24  -0.34
0.24  -0.32
0.24  -0.3
0.24  -0.28
0.24  -0.26
0.24  -0.24
0.24  -0.22
0.24  -0.2
0.24  -0.18
0.24  -0.16
0.24  -0.14
0.24  -0.12
0.24  -0.1
0.24  -0.08
0.24  -0.06
0.24  -0.04
0.24  -0.02
0.24  1.50574e-15
0.24  0.02
0.24  0.04
0.24  0.06
0.24  0.08
0.24  0.1
0.24  0.12
0.24  0.14
0.24  0.16
0.24  0.18
0.24  0.2
0.24  0.22
0.24  0.24
0.24  0.26
0.24  0.28
0.24  0.3
0.24  0.32
0.24  0.34
0.24  0.36
0.24  0.38
0.24  0.4
0.24  0.42
0.24  0.44
0.24  0.46
0.24  0.48
0.24  0.5
0.24  0.52
0.24  0.54
0.24  0.56
0.24  0.58
0.24  0.6
0.24  0.62
0.24  0.64
0.24  0.66
0.24  0.68
0.24  0.7
0.26  -0.7
0.26  -0.68
0.26  -0.66
0.26  -0.64
0.26  -0.62
0.26  -0.6
0.26  -0.58
0.26  -0.56
0.26  -0.54
0.26  -0.52
0.26  -0.5
0.26  -0.48
0.26  -0.46
0.26  -0.44
0.26  -0.42
0.26  -0.4
0.26  -0.38
0.26  -0.36
0.26  -0.34
0.26  -0.32
0.26  -0.3
0.26  -0.28
0.26  -0.26
0.26  -0.24
0.26  -0.22
0.26  -0.2
0.26  -0.18
0.26  -0.16
0.26  -0.14
0.26  -0.12
0.26  -0.1
0.26  -0.08
0.26  -0.06
0.26  -0.04
0.26  -0.02
0.26  1.50574e-15
0.26  0.02
0.26  0.04
0.26  0.06
0.26  0.08
0.26  0.1
0.26  0.12
0.26  0.14
0.26  0.16
0.26  0.18
0.26  0.2
0.26  0.22
0.26  0.24
0.26  0.26
0.26  0.28
0.26  0.3
0.26  0.32
0.26  0.34
0.26  0.36
0.26  0.38
0.26  0.4
0.26  0.42
0.26  0.44
0.26  0.46
0.26  0.48
0.26  0.5
0.26  0.52
0.26  0.54
0.26  0.56
0.26  0.58
0.26  0.6
0.26  0.62
0.26  0.64
0.26  0.66
0.26  0.68
0.26  0.7
0.28  -0.68
0.28  -0.66
0.28  -0.64
0.28  -0.62
0.28  -0.6
0.28  -0.58
0.28  -0.56
0.28  -0.54
0.28  -0.52
0.28  -0.5
0.28  -0.48
0.28  -0.46
0.28  -0.44
0.28  -0.42
0.28  -0.4
0.28  -0.38
0.28  -0.36
0.28  -0.34
0.28  -0.32
0.28  -0.3
0.28  -0.28
0.28  -0.26
0.28  -0.24
0.28  -0.22
0.28  -0.2
0.28  -0.18
0.28  -0.16
0.28  -0.14
0.28  -0.12
0.28  -0.1
0.28  -0.08
0.28  -0.06
0.28  -0.04
0.28  -0.02
0.28  1.50574e-15
0.28  0.02
0.28  0.04
0.28  0.06
0.28  0.08
0.28  0.1
0.28  0.12
0.28  0.14
0.28  0.16
0.28  0.18
0.28  0.2
0.28  0.22
0.28  0.24
0.28  0.26
0.28  0.28
0.28  0.3
0.28  0.32
0.28  0.34
0.28  0.36
0.28  0.38
0.28  0.4
0.28  0.42
0.28  0.44
0.28  0.46
0.28  0.48
0.28  0.5
0.28  0.52
0.28  0.54
0.28  0.56
0.28  0.58
0.28  0.6
0.28  0.62
0.28  0.64
0.28  0.66
0.28  0.68
0.3  -0.68
0.3  -0.66
0.3  -0.64
0.3  -0.62
0.3  -0.6
0.3  -0.58
0.3  -0.56
0.3  -0.54
0.3  -0.52
0.3  -0.5
0.3  -0.48
0.3  -0.46
0.3  -0.44
0.3  -0.42
0.3  -0.4
0.3  -0.38
0.3  -0.36
0.3  -0.34
0.3  -0.32
0.3  -0.3
0.3  -0.28
0.3  -0.26
0.3  -0.24
0.3  -0.22
0.3  -0.2
0.3  -0.18
0.3  -0.16
0.3  -0.14
0.3  -0.12
0.3  -0.1
0.3  -0.08
0.3  -0.06
0.3  -0.04
0.3  -0.02
0.3  1.50574e-15
0.3  0.02
0.3  0.04
0.3  0.06
0.3  0.08
0.3  0.1
0.3  0.12
0.3  0.14
0.3  0.16
0.3  0.18
0.3  0.2
0.3  0.22
0.3  0.24
0.3  0.26
0.3  0.28
0.3  0.3
0.3  0.32
0.3  0.34
0.3  0.36
0.3  0.38
0.3  0.4
0.3  0.42
0.3  0.44
0.3  0.46
0.3  0.48
0.3  0.5
0.3  0.52
0.3  0.54
0.3  0.56
0.3  0.58
0.3  0.6
0.3  0.62
0.3  0.64
0.3  0.66
0.3  0.68
0.32  -0.68
0.32  -0.66
0.32  -0.64
0.32  -0.62
0.32  -0.6
0.32  -0.58
0.32  -0.56
0.32  -0.54
0.32  -0.52
0.32  -0.5
0.32  -0.48
0.32  -0.46
0.32  -0.44
0.32  -0.42
0.32  -0.4
0.32  -0.38
0.32  -0.36
0.32  -0.34
0.32  -0.32
0.32  -0.3
0.32  -0.28
0.32  -0.26
0.32  -0.24
0.32  -0.22
0.32  -0.2
0.32  -0.18
0.32  -0.16
0.32  -0.14
0.32  -0.12
0.32  -0.1
0.32  -0.08
0.32  -0.06
0.32  -0.04
0.32  -0.02
0.32  1.50574e-15
0.32  0.02
0.32  0.04
0.32  0.06
0.32  0.08
0.32  0.1
0.32  0.12
0.32  0.14
0.32  0.16
0.32  0.18
0.32  0.2
0.32  0.22
0.32  0.24
0.32  0.26
0.32  0.28
0.32  0.3
0.32  0.32
0.32  0.34
0.32  0.36
0.32  0.38
0.32  0.4
0.32  0.42
0.32  0.44
0.32  0.46
0.32  0.48
0.32  0.5
0.32  0.52
0.32  0.54
0.32  0.56
0.32  0.58
0.32  0.6
0.32  0.62
0.32  0.64
0.32  0.66
0.32  0.68
0.34  -0.66
0.34  -0.64
0.34  -0.62
0.34  -0.6
0.34  -0.58
0.34  -0.56
0.34  -0.54
0.34  -0.52
0.34  -0.5
0.34  -0.48
0.34  -0.46
0.34  -0.44
0.34  -0.42
0.34  -0.4
0.34  -0.38
0.34  -0.36
0.34  -0.34
0.34  -0.32
0.34  -0.3
0.34  -0.28
0.34  -0.26
0.34  -0.24
0.34  -0.22
0.34  -0.2
0.34  -0.18
0.34  -0.16
0.34  -0.14
0.34  -0.12
0.34  -0.1
0.34  -0.08
0.34  -0.06
0.34  -0.04
0.34  -0.02
0.34  1.50574e-15
0.34  0.02
0.34  0.04
0.34  0.06
0.34  0.08
0.34  0.1
0.34  0.12
0.34  0.14
0.34  0.16
0.34  0.18
0.34  0.2
0.34  0.22
0.34  0.24
0.34  0.26
0.34  0.28
0.34  0.3
0.34  0.32
0.34  0.34
0.34  0.36
0.34  0.38
0.34  0.4
0.34  0.42
0.34  0.44
0.34  0.46
0.34  0.48
0.34  0.5
0.34  0.52
0.34  0.54
0.34  0.56
0.34  0.58
0.34  0.6
0.34  0.62
0.34  0.64
0.34  0.66
0.36  -0.66
0.36  -0.64
0.36  -0.62
0.36  -0.6
0.36  -0.58
0.36  -0.56
0.36  -0.54
0.36  -0.52
0.36  -0.5
0.36  -0.48
0.36  -0.46
0.36  -0.44
0.36  -0.42
0.36  -0.4
0.36  -0.38
0.36  -0.36
0.36  -0.34
0.36  -0.32
0.36  -0.3
0.36  -0.28
0.36  -0.26
0.36  -0.24
0.36  -0.22
0.36  -0.2
0.36  -0.18
0.36  -0.16
0.36  -0.14
0.36  -0.12
0.36  -0.1
0.36  -0.08
0.36  -0.06
0.36  -0.04
0.36  -0.02
0.36  1.50574e-15
0.36  0.02
0.36  0.04
0.36  0.06
0.36  0.08
0.36  0.1
0.36  0.12
0.36  0.14
0.36  0.16
0.36  0.18
0.36  0.2
0.36  0.22
0.36  0.24
0.36  0.26
0.36  0.28
0.36  0.3
0.36  0.32
0.36  0.34
0.36  0.36
0.36  0.38
0.36  0.4
0.36  0.42
0.36  0.44
0.36  0.46
0.36  0.48
0.36  0.5
0.36  0.52
0.36  0.54
0.36  0.56
0.36  0.58
0.36  0.6
0.36  0.62
0.36  0.64
0.36  0.66
0.38  -0.64
0.38  -0.62
0.38  -0.6
0.38  -0.58
0.38  -0.56
0.38  -0.54
0.38  -0.52
0.38  -0.5
0.38  -0.48
0.38  -0.46
0.38  -0.44
0.38  -0.42
0.38  -0.4
0.38  -0.38
0.38  -0.36
0.38  -0.34
0.38  -0.32
0.38  -0.3
0.38  -0.28
0.38  -0.26
0.38  -0.24
0.38  -0.22
0.38  -0.2
0.38  -0.18
0.38  -0.16
0.38  -0.14
0.38  -0.12
0.38  -0.1
0.38  -0.08
0.38  -0.06
0.38  -0.04
0.38  -0.02
0.38  1.50574e-15
0.38  0.02
0.38  0.04
0.38  0.06
0.38  0.08
0.38  0.1
0.38  0.12
0.38  0.14
0.38  0.16
0.38  0.18
0.38  0.2
0.38  0.22
0.38  0.24
0.38  0.26
0.38  0.28
0.38  0.3
0.38  0.32
0.38  0.34
0.38  0.36
0.38  0.38
0.38  0.4
0.38  0.42
0.38  0.44
0.38  0.46
0.38  0.48
0.38  0.5
0.38  0.52
0.38  0.54
0.38  0.56
0.38  0.58
0.38  0.6
0.38  0.62
0.38  0.64
0.4  -0.62
0.4  -0.6
0.4  -0.58
0.4  -0.56
0.4  -0.54
0.4  -0.52
0.4  -0.5
0.4  -0.48
0.4  -0.46
0.4  -0.44
0.4  -0.42
0.4  -0.4
0.4  -0.38
0.4  -0.36
0.4  -0.34
0.4  -0.32
0.4  -0.3
0.4  -0.28
0.4  -0.26
0.4  -0.24
0.4  -0.22
0.4  -0.2
0.4  -0.18
0.4  -0.16
0.4  -0.14
0.4  -0.12
0.4  -0.1
0.4  -0.08
0.4  -0.06
0.4  -0.04
0.4  -0.02
0.4  1.50574e-15
0.4  0.02
0.4  0.04
0.4  0.06
0.4  0.08
0.4  0.1
0.4  0.12
0.4  0.14
0.4  0.16
0.4  0.18
0.4  0.2
0.4  0.22
0.4  0.24
0.4  0.26
0.4  0.28
0.4  0.3
0.4  0.32
0.4  0.34
0.4  0.36
0.4  0.38
0.4  0.4
0.4  0.42
0.4  0.44
0.4  0.46
0.4  0.48
0.4  0.5
0.4  0.52
0.4  0.54
0.4  0.56
0.4  0.58
0.4  0.6
0.4  0.62
0.42  -0.62
0.42  -0.6
0.42  -0.58
0.42  -0.56
0.42  -0.54
0.42  -0.52
0.42  -0.5
0.42  -0.48
0.42  -0.46
0.42  -0.44
0.42  -0.42
0.42  -0.4
0.42  -0.38
0.42  -0.36
0.42  -0.34
0.42  -0.32
0.42  -0.3
0.42  -0.28
0.42  -0.26
0.42  -0.24
0.42  -0.22
0.42  -0.2
0.42  -0.18
0.42  -0.16
0.42  -0.14
0.42  -0.12
0.42  -0.1
0.42  -0.08
0.42  -0.06
0.42  -0.04
0.42  -0.02
0.42  1.50574e-15
0.42  0.02
0.42  0.04
0.42  0.06
0.42  0.08
0.42  0.1
0.42  0.12
0.42  0.14
0.42  0.16
0.42  0.18
0.42  0.2
0.42  0.22
0.42  0.24
0.42  0.26
0.42  0.28
0.42  0.3
0.42  0.32
0.42  0.34
0.42  0.36
0.42  0.38
0.42  0.4
0.42  0.42
0.42  0.44
0.42  0.46
0.42  0.48
0.42  0.5
0.42  0.52
0.42  0.54
0.42  0.56
0.42  0.58
0.42  0.6
0.42  0.62
0.44  -0.6
0.44  -0.58
0.44  -0.56
0.44  -0.54
0.44  -0.52
0.44  -0.5
0.44  -0.48
0.44  -0.46
0.44  -0.44
0.44  -0.42
0.44  -0.4
0.44  -0.38
0.44  -0.36
0.44  -0.34
0.44  -0.32
0.44  -0.3
0.44  -0.28
0.44  -0.26
0.44  -0.24
0.44  -0.22
0.44  -0.2
0.44  -0.18
0.44  -0.16
0.44  -0.14
0.44  -0.12
0.44  -0.1
0.44  -0.08
0.44  -0.06
0.44  -0.04
0.44  -0.02
0.44  1.50574e-15
0.44  0.02
0.44  0.04
0.44  0.06
0.44  0.08
0.44  0.1
0.44  0.12
0.44  0.14
0.44  0.16
0.44  0.18
0.44  0.2
0.44  0.22
0.44  0.24
0.44  0.26
0.44  0.28
0.44  0.3
0.44  0.32
0.44  0.34
0.44  0.36
0.44  0.38
0.44  0.4
0.44  0.42
0.44  0.44
0.44  0.46
0.44  0.48
0.44  0.5
0.44  0.52
0.44  0.54
0.44  0.56
0.44  0.58
0.44  0.6
0.46  -0.58
0.46  -0.56
0.46  -0.54
0.46  -0.52
0.46  -0.5
0.46  -0.48
0.46  -0.46
0.46  -0.44
0.46  -0.42
0.46  -0.4
0.46  -0.38
0.46  -0.36
0.46  -0.34
0.46  -0.32
0.46  -0.3
0.46  -0.28
0.46  -0.26
0.46  -0.24
0.46  -0.22
0.46  -0.2
0.46  -0.18
0.46  -0.16
0.46  -0.14
0.46  -0.12
0.46  -0.1
0.46  -0.08
0.46  -0.06
0.46  -0.04
0.46  -0.02
0.46  1.50574e-15
0.46  0.02
0.46  0.04
0.46  0.06
0.46  0.08
0.46  0.1
0.46  0.12
0.46  0.14
0.46  0.16
0.46  0.18
0.46  0.2
0.46  0.22
0.46  0.24
0.46  0.26
0.46  0.28
0.46  0.3
0.46  0.32
0.46  0.34
0.46  0.36
0.46  0.38
0.46  0.4
0.46  0.42
0.46  0.44
0.46  0.46
0.46  0.48
0.46  0.5
0.46  0.52
0.46  0.54
0.46  0.56
0.46  0.58
0.48  -0.58
0.48  -0.56
0.48  -0.54
0.48  -0.52
0.48  -0.5
0.48  -0.48
0.48  -0.46
0.48  -0.44
0.48  -0.42
0.48  -0.4
0.48  -0.38
0.48  -0.36
0.48  -0.34
0.48  -0.32
0.48  -0.3
0.48  -0.28
0.48  -0.26
0.48  -0.24
0.48  -0.22
0.48  -0.2
0.48  -0.18
0.48  -0.16
0.48  -0.14
0.48  -0.12
0.48  -0.1
0.48  -0.08
0.48  -0.06
0.48  -0.04
0.48  -0.02
0.48  1.50574e-15
0.48  0.02
0.48  0.04
0.48  0.06
0.48  0.08
0.48  0.1
0.48  0.12
0.48  0.14
0.48  0.16
0.48  0.18
0.48  0.2
0.48  0.22
0.48  0.24
0.48  0.26
0.48  0.28
0.48  0.3
0.48  0.32
0.48  0.34
0.48  0.36
0.48  0.38
0.48  0.4
0.48  0.42
0.48  0.44
0.48  0.46
0.48  0.48
0.48  0.5
0.48  0.52
0.48  0.54
0.48  0.56
0.48  0.58
0.5  -0.56
0.5  -0.54
0.5  -0.52
0.5  -0.5
0.5  -0.48
0.5  -0.46
0.5  -0.44
0.5  -0.42
0.5  -0.4
0.5  -0.38
0.5  -0.36
0.5  -0.34
0.5  -0.32
0.5  -0.3
0.5  -0.28
0.5  -0.26
0.5  -0.24
0.5  -0.22
0.5  -0.2
0.5  -0.18
0.5  -0.16
0.5  -0.14
0.5  -0.12
0.5  -0.1
0.5  -0.08
0.5  -0.06
0.5  -0.04
0.5  -0.02
0.5  1.50574e-15
0.5  0.02
0.5  0.04
0.5  0.06
0.5  0.08
0.5  0.1
0.5  0.12
0.5  0.14
0.5  0.16
0.5  0.18
0.5  0.2
0.5  0.22
0.5  0.24
0.5  0.26
0.5  0.28
0.5  0.3
0.5  0.32
0.5  0.34
0.5  0.36
0.5  0.38
0.5  0.4
0.5  0.42
0.5  0.44
0.5  0.46
0.5  0.48
0.5  0.5
0.5  0.52
0.5  0.54
0.5  0.56
0.52  -0.54
0.52  -0.52
0.52  -0.5
0.52  -0.48
0.52  -0.46
0.52  -0.44
0.52  -0.42
0.52  -0.4
0.52  -0.38
0.52  -0.36
0.52  -0.34
0.52  -0.32
0.52  -0.3
0.52  -0.28
0.52  -0.26
0.52  -0.24
0.52  -0.22
0.52  -0.2
0.52  -0.18
0.52  -0.16
0.52  -0.14
0.52  -0.12
0.52  -0.1
0.52  -0.08
0.52  -0.06
0.52  -0.04
0.52  -0.02
0.52  1.50574e-15
0.52  0.02
0.52  0.04
0.52  0.06
0.52  0.08
0.52  0.1
0.52  0.12
0.52  0.14
0.52  0.16
0.52  0.18
0.52  0.2
0.52  0.22
0.52  0.24
0.52  0.26
0.52  0.28
0.52  0.3
0.52  0.32
0.52  0.34
0.52  0.36
0.52  0.38
0.52  0.4
0.52  0.42
0.52  0.44
0.52  0.46
0.52  0.48
0.52  0.5
0.52  0.52
0.52  0.54
0.54  -0.52
0.54  -0.5
0.54  -0.48
0.54  -0.46
0.54  -0.44
0.54  -0.42
0.54  -0.4
0.54  -0.38
0.54  -0.36
0.54  -0.34
0.54  -0.32
0.54  -0.3
0.54  -0.28
0.54  -0.26
0.54  -0.24
0.54  -0.22
0.54  -0.2
0.54  -0.18
0.54  -0.16
0.54  -0.14
0.54  -0.12
0.54  -0.1
0.54  -0.08
0.54  -0.06
0.54  -0.04
0.54  -0.02
0.54  1.50574e-15
0.54  0.02
0.54  0.04
0.54  0.06
0.54  0.08
0.54  0.1
0.54  0.12
0.54  0.14
0.54  0.16
0.54  0.18
0.54  0.2
0.54  0.22
0.54  0.24
0.54  0.26
0.54  0.28
0.54  0.3
0.54  0.32
0.54  0.34
0.54  0.36
0.54  0.38
0.54  0.4
0.54  0.42
0.54  0.44
0.54  0.46
0.54  0.48
0.54  0.5
0.54  0.52
0.56  -0.5
0.56  -0.48
0.56  -0.46
0.56  -0.44
0.56  -0.42
0.56  -0.4
0.56  -0.38
0.56  -0.36
0.56  -0.34
0.56  -0.32
0.56  -0.3
0.56  -0.28
0.56  -0.26
0.56  -0.24
0.56  -0.22
0.56  -0.2
0.56  -0.18
0.56  -0.16
0.56  -0.14
0.56  -0.12
0.56  -0.1
0.56  -0.08
0.56  -0.06
0.56  -0.04
0.56  -0.02
0.56  1.50574e-15
0.56  0.02
0.56  0.04
0.56  0.06
0.56  0.08
0.56  0.1
0.56  0.12
0.56  0.14
0.56  0.16
0.56  0.18
0.56  0.2
0.56  0.22
0.56  0.24
0.56  0.26
0.56  0.28
0.56  0.3
0.56  0.32
0.56  0.34
0.56  0.36
0.56  0.38
0.56  0.4
0.56  0.42
0.56  0.44
0.56  0.46
0.56  0.48
0.56  0.5
0.58  -0.48
0.58  -0.46
0.58  -0.44
0.58  -0.42
0.58  -0.4
0.58  -0.38
0.58  -0.36
0.58  -0.34
0.58  -0.32
0.58  -0.3
0.58  -0.28
0.58  -0.26
0.58  -0.24
0.58  -0.22
0.58  -0.2
0.58  -0.18
0.58  -0.16
0.58  -0.14
0.58  -0.12
0.58  -0.1
0.58  -0.08
0.58  -0.06
0.58  -0.04
0.58  -0.02
0.58  1.50574e-15
0.58  0.02
0.58  0.04
0.58  0.06
0.58  0.08
0.58  0.1
0.58  0.12
0.58  0.14
0.58  0.16
0.58  0.18
0.58  0.2
0.58  0.22
0.58  0.24
0.58  0.26
0.58  0.28
0.58  0.3
0.58  0.32
0.58  0.34
0.58  0.36
0.58  0.38
0.58  0.4
0.58  0.42
0.58  0.44
0.58  0.46
0.58  0.48
0.6  -0.44
0.6  -0.42
0.6  -0.4
0.6  -0.38
0.6  -0.36
0.6  -0.34
0.6  -0.32
0.6  -0.3
0.6  -0.28
0.6  -0.26
0.6  -0.24
0.6  -0.22
0.6  -0.2
0.6  -0.18
0.6  -0.16
0.6  -0.14
0.6  -0.12
0.6  -0.1
0.6  -0.08
0.6  -0.06
0.6  -0.04
0.6  -0.02
0.6  1.50574e-15
0.6  0.02
0.6  0.04
0.6  0.06
0.6  0.08
0.6  0.1
0.6  0.12
0.6  0.14
0.6  0.16
0.6  0.18
0.6  0.2
0.6  0.22
0.6  0.24
0.6  0.26
0.6  0.28
0.6  0.3
0.6  0.32
0.6  0.34
0.6  0.36
0.6  0.38
0.6  0.4
0.6  0.42
0.6  0.44
0.62  -0.42
0.62  -0.4
0.62  -0.38
0.62  -0.36
0.62  -0.34
0.62  -0.32
0.62  -0.3
0.62  -0.28
0.62  -0.26
0.62  -0.24
0.62  -0.22
0.62  -0.2
0.62  -0.18
0.62  -0.16
0.62  -0.14
0.62  -0.12
0.62  -0.1
0.62  -0.08
0.62  -0.06
0.62  -0.04
0.62  -0.02
0.62  1.50574e-15
0.62  0.02
0.62  0.04
0.62  0.06
0.62  0.08
0.62  0.1
0.62  0.12
0.62  0.14
0.62  0.16
0.62  0.18
0.62  0.2
0.62  0.22
0.62  0.24
0.62  0.26
0.62  0.28
0.62  0.3
0.62  0.32
0.62  0.34
0.62  0.36
0.62  0.38
0.62  0.4
0.62  0.42
0.64  -0.38
0.64  -0.36
0.64  -0.34
0.64  -0.32
0.64  -0.3
0.64  -0.28
0.64  -0.26
0.64  -0.24
0.64  -0.22
0.64  -0.2
0.64  -0.18
0.64  -0.16
0.64  -0.14
0.64  -0.12
0.64  -0.1
0.64  -0.08
0.64  -0.06
0.64  -0.04
0.64  -0.02
0.64  1.50574e-15
0.64  0.02
0.64  0.04
0.64  0.06
0.64  0.08
0.64  0.1
0.64  0.12
0.64  0.14
0.64  0.16
0.64  0.18
0.64  0.2
0.64  0.22
0.64  0.24
0.64  0.26
0.64  0.28
0.64  0.3
0.64  0.32
0.64  0.34
0.64  0.36
0.64  0.38
0.66  -0.36
0.66  -0.34
0.66  -0.32
0.66  -0.3
0.66  -0.28
0.66  -0.26
0.66  -0.24
0.66  -0.22
0.66  -0.2
0.66  -0.18
0.66  -0.16
0.66  -0.14
0.66  -0.12
0.66  -0.1
0.66  -0.08
0.66  -0.06
0.66  -0.04
0.66  -0.02
0.66  1.50574e-15
0.66  0.02
0.66  0.04
0.66  0.06
0.66  0.08
0.66  0.1
0.66  0.12
0.66  0.14
0.66  0.16
0.66  0.18
0.66  0.2
0.66  0.22
0.66  0.24
0.66  0.26
0.66  0.28
0.66  0.3
0.66  0.32
0.66  0.34
0.66  0.36
0.68  -0.32
0.68  -0.3
0.68  -0.28
0.68  -0.26
0.68  -0.24
0.68  -0.22
0.68  -0.2
0.68  -0.18
0.68  -0.16
0.68  -0.14
0.68  -0.12
0.68  -0.1
0.68  -0.08
0.68  -0.06
0.68  -0.04
0.68  -0.02
0.68  1.50574e-15
0.68  0.02
0.68  0.04
0.68  0.06
0.68  0.08
0.68  0.1
0.68  0.12
0.68  0.14
0.68  0.16
0.68  0.18
0.68  0.2
0.68  0.22
0.68  0.24
0.68  0.26
0.68  0.28
0.68  0.3
0.68  0.32
0.7  -0.26
0.7  -0.24
0.7  -0.22
0.7  -0.2
0.7  -0.18
0.7  -0.16
0.7  -0.14
0.7  -0.12
0.7  -0.1
0.7  -0.08
0.7  -0.06
0.7  -0.04
0.7  -0.02
0.7  1.50574e-15
0.7  0.02
0.7  0.04
0.7  0.06
0.7  0.08
0.7  0.1
0.7  0.12
0.7  0.14
0.7  0.16
0.7  0.18
0.7  0.2
0.7  0.22
0.7  0.24
0.7  0.26
0.72  -0.22
0.72  -0.2
0.72  -0.18
0.72  -0.16
0.72  -0.14
0.72  -0.12
0.72  -0.1
0.72  -0.08
0.72  -0.06
0.72  -0.04
0.72  -0.02
0.72  1.50574e-15
0.72  0.02
0.72  0.04
0.72  0.06
0.72  0.08
0.72  0.1
0.72  0.12
0.72  0.14
0.72  0.16
0.72  0.18
0.72  0.2
0.72  0.22
0.74  -0.12
0.74  -0.1
0.74  -0.08
0.74  -0.06
0.74  -0.04
0.74  -0.02
0.74  1.50574e-15
0.74  0.02
0.74  0.04
0.74  0.06
0.74  0.08
0.74  0.1
0.74  0.12
0.98  -0.66
0.98  -0.64
1  -0.68
1  -0.66
1  -0.64
1  -0.62
1  -0.6
1.02  -0.68
1.02  -0.66
1.02  -0.64
1.02  -0.62
1.02  -0.6
1.02  -0.58
1.02  -0.56
1.04  -0.68
1.04  -0.66
1.04  -0.64
1.04  -0.62
1.04  -0.6
1.04  -0.58
1.04  -0.56
1.04  -0.54
1.04  -0.52
1.04  -0.5
1.06  -0.68
1.06  -0.66
1.06  -0.64
1.06  -0.62
1.06  -0.6
1.06  -0.58
1.06  -0.56
1.06  -0.54
1.06  -0.52
1.06  -0.5
1.06  -0.48
1.06  -0.46
1.08  -0.68
1.08  -0.66
1.08  -0.64
1.08  -0.62
1.08  -0.6
1.08  -0.58
1.08  -0.56
1.08  -0.54
1.08  -0.52
1.08  -0.5
1.08  -0.48
1.08  -0.46
1.08  -0.44
1.08  -0.42
1.1  -0.66
1.1  -0.64
1.1  -0.62
1.1  -0.6
1.1  -0.58
1.1  -0.56
1.1  -0.54
1.1  -0.52
1.1  -0.5
1.1  -0.48
1.1  -0.46
1.1  -0.44
1.1  -0.42
1.1  -0.4
1.1  -0.38
1.1  -0.28
1.1  -0.26
1.1  -0.24
1.1  -0.22
1.1  -0.2
1.1  -0.18
1.1  -0.16
1.1  -0.14
1.1  -0.12
1.1  -0.1
1.12  -0.66
1.12  -0.64
1.12  -0.62
1.12  -0.6
1.12  -0.58
1.12  -0.56
1.12  -0.54
1.12  -0.52
1.12  -0.5
1.12  -0.48
1.12  -0.46
1.12  -0.44
1.12  -0.42
1.12  -0.4
1.12  -0.38
1.12  -0.36
1.12  -0.34
1.12  -0.28
1.12  -0.26
1.12  -0.24
1.12  -0.22
1.12  -0.2
1.12  -0.18
1.12  -0.16
1.12  -0.14
1.12  -0.12
1.12  -0.1
1.12  -0.08
1.12  -0.06
1.12  -0.04
1.12  -0.02
1.12  1.50574e-15
1.12  0.02
1.12  0.04
1.12  0.06
1.12  0.08
1.12  0.1
1.14  -0.66
1.14  -0.64
1.14  -0.62
1.14  -0.6
1.14  -0.58
1.14  -0.56
1.14  -0.54
1.14  -0.52
1.14  -0.5
1.14  -0.48
1.14  -0.46
1.14  -0.44
1.14  -0.42
1.14  -0.4
1.14  -0.38
1.14  -0.36
1.14  -0.34
1.14  -0.32
1.14  -0.28
1.14  -0.26
1.14  -0.24
1.14  -0.22
1.14  -0.2
1.14  -0.18
1.14  -0.16
1.14  -0.14
1.14  -0.12
1.14  -0.1
1.14  -0.08
1.14  -0.06
1.14  -0.04
1.14  -0.02
1.14  1.50574e-15
1.14  0.02
1.14  0.04
1.14  0.06
1.14  0.08
1.16  -0.64
1.16  -0.62
1.16  -0.6
1.16  -0.58
1.16  -0.56
1.16  -0.54
1.16  -0.52
1.16  -0.5
1.16  -0.48
1.16  -0.46
1.16  -0.44
1.16  -0.42
1.16  -0.4
1.16  -0.38
1.16  -0.36
1.16  -0.34
1.16  -0.28
1.16  -0.26
1.16  -0.24
1.16  -0.22
1.16  -0.2
1.16  -0.18
1.16  -0.16
1.16  -0.14
1.16  -0.12
1.16  -0.1
1.16  -0.08
1.16  -0.06
1.16  -0.04
1.16  -0.02
1.16  1.50574e-15
1.16  0.02
1.16  0.04
1.16  0.06
1.16  0.08
1.18  -0.62
1.18  -0.6
1.18  -0.58
1.18  -0.56
1.18  -0.54
1.18  -0.52
1.18  -0.5
1.18  -0.48
1.18  -0.46
1.18  -0.44
1.18  -0.42
1.18  -0.4
1.18  -0.38
1.18  -0.36
1.18  -0.34
1.18  -0.26
1.18  -0.24
1.18  -0.22
1.18  -0.2
1.18  -0.18
1.18  -0.16
1.18  -0.14
1.18  -0.12
1.18  -0.1
1.18  -0.08
1.18  -0.06
1.18  -0.04
1.18  -0.02
1.18  1.50574e-15
1.18  0.02
1.18  0.04
1.18  0.06
1.18  0.08
1.2  -0.6
1.2  -0.58
1.2  -0.56
1.2  -0.54
1.2  -0.52
1.2  -0.5
1.2  -0.48
1.2  -0.46
1.2  -0.44
1.2  -0.42
1.2  -0.4
1.2  -0.38
1.2  -0.26
1.2  -0.24
1.2  -0.22
1.2  -0.2
1.2  -0.18
1.2  -0.16
1.2  -0.14
1.2  -0.12
1.2  -0.1
1.2  -0.08
1.2  -0.06
1.2  -0.04
1.2  -0.02
1.2  1.50574e-15
1.2  0.02
1.2  0.04
1.2  0.06
1.22  -0.58
1.22  -0.56
1.22  -0.54
1.22  -0.52
1.22  -0.5
1.22  -0.48
1.22  -0.46
1.22  -0.44
1.22  -0.42
1.22  -0.4
1.22  -0.24
1.22  -0.22
1.22  -0.2
1.22  -0.18
1.22  -0.16
1.22  -0.14
1.22  -0.12
1.22  -0.1
1.22  -0.08
1.22  -0.06
1.22  -0.04
1.22  -0.02
1.22  1.50574e-15
1.22  0.02
1.22  0.04
1.22  0.06
1.24  -0.52
1.24  -0.5
1.24  -0.48
1.24  -0.46
1.24  -0.22
1.24  -0.2
1.24  -0.18
1.24  -0.16
1.24  -0.14
1.24  -0.12
1.24  -0.1
1.24  -0.08
1.24  -0.06
1.24  -0.04
1.24  -0.02
1.24  1.50574e-15
1.24  0.02
1.24  0.04
1.26  -0.2
1.26  -0.18
1.26  -0.16
1.26  -0.14
1.26  -0.12
1.26  -0.1
1.26  -0.08
1.26  -0.06
1.26  -0.04
1.26  -0.02
1.26  1.50574e-15
1.26  0.02
1.28  -0.18
1.28  -0.16
1.28  -0.14
1.28  -0.12
1.28  -0.1
1.28  -0.08
1.28  -0.06
1.28  -0.04
1.28  -0.02
