0   0.04   -0.753   0   0   1.121e+08   0   0
0.1   0.03986   -0.7418   0   0   1.12e+08   0   0
0.2   0.03989   -0.7306   0   0   1.12e+08   0   0
0.3   0.04012   -0.7194   0   0   1.123e+08   0   0
0.4   0.04054   -0.7081   0   0   1.128e+08   0   0
0.5   0.04117   -0.6968   0   0   1.136e+08   0   0
0.6   0.04201   -0.6854   0   0   1.146e+08   0   0
0.7   0.04306   -0.6739   0   0   1.159e+08   0   0
0.8   0.04434   -0.6622   0   0   1.174e+08   0   0
0.9   0.04587   -0.6504   0   0   1.191e+08   0   0
1   0.04764   -0.6383   0   0   1.211e+08   0   0
1.1   0.04967   -0.6261   0   0   1.234e+08   0   0
1.2   0.05198   -0.6137   0   0   1.258e+08   0   0
1.3   0.05458   -0.601   0   0   1.285e+08   0   0
1.4   0.05748   -0.588   0   0   1.314e+08   0   0
1.5   0.06069   -0.5747   0   0   1.344e+08   0   0
1.6   0.06424   -0.5611   0   0   1.377e+08   0   0
1.7   0.06813   -0.5471   0   0   1.411e+08   0   0
1.8   0.07238   -0.5328   0   0   1.446e+08   0   0
1.9   0.077   -0.5182   0   0   1.483e+08   0   0
2   0.08201   -0.5032   0   0   1.521e+08   0   0
2.1   0.08742   -0.4878   0   0   1.56e+08   0   0
2.2   0.09324   -0.472   0   0   1.6e+08   0   0
2.3   0.09949   -0.4558   0   0   1.64e+08   0   0
2.4   0.1062   -0.4391   0   0   1.681e+08   0   0
2.5   0.1133   -0.4221   0   0   1.722e+08   0   0
2.6   0.1209   -0.4047   0   0   1.764e+08   0   0
2.7   0.129   -0.3869   0   0   1.805e+08   0   0
2.8   0.1376   -0.3686   0   0   1.846e+08   0   0
2.9   0.1466   -0.3499   0   0   1.887e+08   0   0
3   0.1562   -0.3309   0   0   1.928e+08   0   0
3.1   0.1663   -0.3114   0   0   1.968e+08   0   0
3.2   0.1769   -0.2915   0   0   2.007e+08   0   0
3.3   0.1881   -0.2712   0   0   2.046e+08   0   0
3.4   0.1998   -0.2506   0   0   2.084e+08   0   0
3.5   0.2122   -0.2295   0   0   2.122e+08   0   0
3.6   0.2253   -0.2081   0   0   2.158e+08   0   0
3.7   0.2379   -0.1864   0   0   2.192e+08   0   0
3.8   0.2379   -0.1645   0   0   2.192e+08   0   0
3.9   0.2379   -0.1425   0   0   2.192e+08   0   0
4   0.2379   -0.1206   0   0   2.192e+08   0   0
4.1   0.2379   -0.09871   0   0   2.192e+08   0   0
4.2   0.2379   -0.0768   0   0   2.192e+08   0   0
4.3   0.2379   -0.05488   0   0   2.192e+08   0   0
4.4   0.2379   -0.03296   0   0   2.192e+08   0   0
4.5   0.2379   -0.01105   0   0   2.192e+08   0   0
4.6   0.2379   0.01087   0   0   2.192e+08   0   0
4.7   0.2379   0.03279   0   0   2.192e+08   0   0
4.8   0.2379   0.0547   0   0   2.192e+08   0   0
4.9   0.2379   0.07662   0   0   2.192e+08   0   0
5   0.2379   0.09854   0   0   2.192e+08   0   0
5.1   0.2379   0.1205   0   0   2.192e+08   0   0
5.2   0.2379   0.1424   0   0   2.192e+08   0   0
5.3   0.2379   0.1643   0   0   2.192e+08   0   0
5.4   0.2379   0.1862   0   0   2.192e+08   0   0
5.5   0.2459   0.2082   0   0   2.212e+08   0   0
5.6   0.255   0.2304   0   0   2.233e+08   0   0
5.7   0.2643   0.2529   0   0   2.255e+08   0   0
5.8   0.2737   0.2755   0   0   2.275e+08   0   0
5.9   0.2832   0.2984   0   0   2.295e+08   0   0
6   0.2928   0.3214   0   0   2.314e+08   0   0
6.1   0.3023   0.3447   0   0   2.332e+08   0   0
6.2   0.3118   0.3681   0   0   2.35e+08   0   0
6.3   0.3212   0.3917   0   0   2.366e+08   0   0
6.4   0.3305   0.4154   0   0   2.382e+08   0   0
6.5   0.3396   0.4393   0   0   2.397e+08   0   0
6.6   0.3486   0.4633   0   0   2.411e+08   0   0
6.7   0.3573   0.4875   0   0   2.424e+08   0   0
6.8   0.3659   0.5118   0   0   2.436e+08   0   0
6.9   0.3741   0.5362   0   0   2.448e+08   0   0
7   0.3822   0.5608   0   0   2.459e+08   0   0
7.1   0.39   0.5854   0   0   2.469e+08   0   0
7.2   0.3974   0.6101   0   0   2.479e+08   0   0
7.3   0.4046   0.635   0   0   2.488e+08   0   0
7.4   0.4115   0.6599   0   0   2.496e+08   0   0
7.5   0.418   0.6849   0   0   2.504e+08   0   0
7.6   0.4242   0.71   0   0   2.511e+08   0   0
7.7   0.4301   0.7351   0   0   2.517e+08   0   0
7.8   0.4341   0.7603   0   0   2.522e+08   0   0
7.9   0.4341   0.7855   0   0   2.522e+08   0   0
8   0.4341   0.8107   0   0   2.522e+08   0   0
8.1   0.4341   0.836   0   0   2.522e+08   0   0
8.2   0.4341   0.8612   0   0   2.522e+08   0   0
8.3   0.4341   0.8864   0   0   2.522e+08   0   0
8.4   0.4341   0.9116   0   0   2.522e+08   0   0
8.5   0.4341   0.9368   0   0   2.522e+08   0   0
8.6   0.4341   0.9621   0   0   2.522e+08   0   0
8.7   0.4341   0.9873   0   0   2.522e+08   0   0
8.8   0.4341   1.012   0   0   2.522e+08   0   0
8.9   0.4341   1.038   0   0   2.522e+08   0   0
9   0.4341   1.063   0   0   2.522e+08   0   0
9.1   0.4341   1.088   0   0   2.522e+08   0   0
9.2   0.4343   1.113   -0.0002143   0   2.516e+08   -1.714e+07   0
9.3   0.4352   1.138   -0.005481   0   2.369e+08   -8.679e+07   0
9.4   0.4361   1.16   -0.01741   0   2.034e+08   -1.495e+08   0
9.5   0.437   1.178   -0.03505   0   1.536e+08   -2.004e+08   0
9.6   0.438   1.19   -0.057   0   9.177e+07   -2.354e+08   0
9.7   0.4389   1.196   -0.08152   0   2.265e+07   -2.517e+08   0
9.8   0.4398   1.195   -0.1067   0   -4.826e+07   -2.482e+08   0
9.9   0.4407   1.186   -0.1305   0   -1.153e+08   -2.251e+08   0
10   0.4417   1.172   -0.1511   0   -1.734e+08   -1.843e+08   0
10.1   0.4426   1.152   -0.1668   0   -2.177e+08   -1.291e+08   0
10.2   0.4435   1.129   -0.1765   0   -2.451e+08   -6.371e+07   0
10.3   0.4445   1.104   -0.1793   0   -2.532e+08   6.605e+06   0
10.4   0.4449   1.079   -0.176   0   -2.5e+08   4.121e+07   0
10.5   0.4449   1.054   -0.1719   0   -2.5e+08   4.121e+07   0
10.6   0.4449   1.029   -0.1678   0   -2.5e+08   4.121e+07   0
10.7   0.4449   1.004   -0.1637   0   -2.5e+08   4.121e+07   0
10.8   0.4449   0.9787   -0.1595   0   -2.5e+08   4.121e+07   0
10.9   0.4449   0.9537   -0.1554   0   -2.5e+08   4.121e+07   0
11   0.4449   0.9287   -0.1513   0   -2.5e+08   4.121e+07   0
11.1   0.4449   0.9037   -0.1472   0   -2.5e+08   4.121e+07   0
11.2   0.4449   0.8787   -0.1431   0   -2.5e+08   4.121e+07   0
11.3   0.4449   0.8538   -0.1389   0   -2.5e+08   4.121e+07   0
11.4   0.4449   0.8288   -0.1348   0   -2.5e+08   4.121e+07   0
11.5   0.4449   0.8038   -0.1307   0   -2.5e+08   4.121e+07   0
11.6   0.4449   0.7788   -0.1266   0   -2.5e+08   4.121e+07   0
11.7   0.4449   0.7538   -0.1225   0   -2.5e+08   4.121e+07   0
11.8   0.4484   0.7287   -0.1183   0   -2.504e+08   4.127e+07   0
11.9   0.4548   0.7037   -0.1142   0   -2.51e+08   4.137e+07   0
12   0.4613   0.6785   -0.1101   0   -2.517e+08   4.147e+07   0
12.1   0.468   0.6533   -0.1059   0   -2.523e+08   4.157e+07   0
12.2   0.4749   0.6281   -0.1017   0   -2.53e+08   4.167e+07   0
12.3   0.4819   0.6028   -0.09758   0   -2.536e+08   4.177e+07   0
12.4   0.4891   0.5774   -0.09339   0   -2.543e+08   4.188e+07   0
12.5   0.4963   0.5519   -0.0892   0   -2.549e+08   4.197e+07   0
12.6   0.5037   0.5264   -0.085   0   -2.556e+08   4.207e+07   0
12.7   0.5111   0.5008   -0.08079   0   -2.562e+08   4.217e+07   0
12.8   0.5186   0.4751   -0.07656   0   -2.568e+08   4.226e+07   0
12.9   0.526   0.4494   -0.07233   0   -2.574e+08   4.235e+07   0
13   0.5334   0.4237   -0.06809   0   -2.58e+08   4.244e+07   0
13.1   0.5407   0.3978   -0.06385   0   -2.586e+08   4.252e+07   0
13.2   0.5478   0.3719   -0.05959   0   -2.591e+08   4.26e+07   0
13.3   0.5548   0.346   -0.05533   0   -2.596e+08   4.268e+07   0
13.4   0.5615   0.32   -0.05106   0   -2.601e+08   4.274e+07   0
13.5   0.5679   0.294   -0.04678   0   -2.605e+08   4.281e+07   0
13.6   0.5738   0.2679   -0.04249   0   -2.609e+08   4.287e+07   0
13.7   0.5791   0.2418   -0.0382   0   -2.613e+08   4.292e+07   0
13.8   0.5837   0.2157   -0.03391   0   -2.616e+08   4.296e+07   0
13.9   0.5874   0.1895   -0.02961   0   -2.619e+08   4.299e+07   0
14   0.5878   0.1633   -0.02531   0   -2.619e+08   4.299e+07   0
14.1   0.5878   0.1371   -0.02101   0   -2.619e+08   4.299e+07   0
14.2   0.5878   0.1109   -0.01672   0   -2.619e+08   4.299e+07   0
14.3   0.5878   0.08472   -0.01242   0   -2.619e+08   4.299e+07   0
14.4   0.5878   0.05853   -0.008116   0   -2.619e+08   4.299e+07   0
14.5   0.5878   0.03234   -0.003817   0   -2.619e+08   4.299e+07   0
14.6   0.5878   0.00615   0.0004823   0   -2.619e+08   4.299e+07   0
14.7   0.5878   -0.02004   0.004782   0   -2.619e+08   4.299e+07   0
14.8   0.5878   -0.04623   0.009081   0   -2.619e+08   4.299e+07   0
14.9   0.5878   -0.07242   0.01338   0   -2.619e+08   4.299e+07   0
15   0.5878   -0.09861   0.01768   0   -2.619e+08   4.299e+07   0
15.1   0.5878   -0.1248   0.02198   0   -2.619e+08   4.299e+07   0
15.2   0.5878   -0.151   0.02628   0   -2.619e+08   4.299e+07   0
15.3   0.5878   -0.1772   0.03058   0   -2.619e+08   4.299e+07   0
15.4   0.6004   -0.2034   0.03488   0   -2.627e+08   4.316e+07   0
15.5   0.6179   -0.2297   0.03921   0   -2.638e+08   4.337e+07   0
15.6   0.6344   -0.2561   0.04356   0   -2.647e+08   4.355e+07   0
15.7   0.6499   -0.2827   0.04792   0   -2.656e+08   4.372e+07   0
15.8   0.6646   -0.3093   0.0523   0   -2.664e+08   4.387e+07   0
15.9   0.6784   -0.3359   0.05669   0   -2.671e+08   4.4e+07   0
16   0.6916   -0.3627   0.0611   0   -2.678e+08   4.413e+07   0
16.1   0.7041   -0.3895   0.06552   0   -2.684e+08   4.424e+07   0
16.2   0.716   -0.4164   0.06995   0   -2.689e+08   4.434e+07   0
16.3   0.7273   -0.4433   0.07439   0   -2.694e+08   4.443e+07   0
16.4   0.7379   -0.4703   0.07883   0   -2.699e+08   4.452e+07   0
16.5   0.748   -0.4973   0.08329   0   -2.703e+08   4.459e+07   0
16.6   0.7575   -0.5243   0.08775   0   -2.707e+08   4.467e+07   0
16.7   0.7665   -0.5514   0.09222   0   -2.711e+08   4.473e+07   0
16.8   0.775   -0.5785   0.0967   0   -2.714e+08   4.479e+07   0
16.9   0.7829   -0.6057   0.1012   0   -2.717e+08   4.485e+07   0
17   0.7903   -0.6329   0.1057   0   -2.72e+08   4.49e+07   0
17.1   0.7972   -0.6601   0.1102   0   -2.723e+08   4.494e+07   0
17.2   0.8036   -0.6873   0.1147   0   -2.725e+08   4.499e+07   0
17.3   0.8095   -0.7146   0.1192   0   -2.727e+08   4.502e+07   0
17.4   0.815   -0.7419   0.1237   0   -2.729e+08   4.506e+07   0
17.5   0.8152   -0.7692   0.1282   0   -2.729e+08   4.506e+07   0
17.6   0.8152   -0.7965   0.1327   0   -2.729e+08   4.506e+07   0
17.7   0.8152   -0.8238   0.1372   0   -2.729e+08   4.506e+07   0
17.8   0.8152   -0.8511   0.1417   0   -2.729e+08   4.506e+07   0
17.9   0.8152   -0.8784   0.1462   0   -2.729e+08   4.506e+07   0
18   0.8152   -0.9057   0.1507   0   -2.729e+08   4.506e+07   0
18.1   0.8152   -0.933   0.1552   0   -2.729e+08   4.506e+07   0
18.2   0.8152   -0.9603   0.1597   0   -2.729e+08   4.506e+07   0
18.3   0.8152   -0.9875   0.1642   0   -2.729e+08   4.506e+07   0
18.4   0.8152   -1.015   0.1687   0   -2.729e+08   4.506e+07   0
18.5   0.8152   -1.042   0.1732   0   -2.729e+08   4.506e+07   0
18.6   0.8152   -1.069   0.1777   0   -2.729e+08   4.506e+07   0
18.7   0.8152   -1.097   0.1822   0   -2.729e+08   4.506e+07   0
18.8   0.8152   -1.124   0.1867   0   -2.729e+08   4.506e+07   0
18.9   0.8168   -1.151   0.1926   0   -2.62e+08   8.898e+07   0
19   0.8195   -1.176   0.2049   0   -2.298e+08   1.543e+08   0
19.1   0.8222   -1.196   0.2232   0   -1.819e+08   2.088e+08   0
19.2   0.8249   -1.212   0.2462   0   -1.214e+08   2.489e+08   0
19.3   0.8275   -1.22   0.2724   0   -5.28e+07   2.72e+08   0
19.4   0.8302   -1.222   0.3   0   1.935e+07   2.765e+08   0
19.5   0.8329   -1.216   0.3271   0   9.01e+07   2.622e+08   0
19.6   0.8356   -1.204   0.3519   0   1.547e+08   2.302e+08   0
19.7   0.8384   -1.186   0.3726   0   2.087e+08   1.828e+08   0
19.8   0.8411   -1.163   0.388   0   2.487e+08   1.232e+08   0
19.9   0.8438   -1.137   0.3969   0   2.721e+08   5.538e+07   0
20   0.8465   -1.109   0.3988   0   2.773e+08   -1.601e+07   0
20.1   0.8493   -1.082   0.3937   0   2.641e+08   -8.624e+07   0
20.2   0.8495   -1.056   0.3845   0   2.621e+08   -9.234e+07   0
20.3   0.8495   -1.029   0.3752   0   2.621e+08   -9.234e+07   0
20.4   0.8495   -1.003   0.366   0   2.621e+08   -9.234e+07   0
20.5   0.8495   -0.9769   0.3568   0   2.621e+08   -9.234e+07   0
20.6   0.8495   -0.9507   0.3475   0   2.621e+08   -9.234e+07   0
20.7   0.8495   -0.9245   0.3383   0   2.621e+08   -9.234e+07   0
20.8   0.8495   -0.8983   0.3291   0   2.621e+08   -9.234e+07   0
20.9   0.8495   -0.8721   0.3198   0   2.621e+08   -9.234e+07   0
21   0.8495   -0.8459   0.3106   0   2.621e+08   -9.234e+07   0
21.1   0.8495   -0.8197   0.3014   0   2.621e+08   -9.234e+07   0
21.2   0.8495   -0.7935   0.2921   0   2.621e+08   -9.234e+07   0
21.3   0.8495   -0.7673   0.2829   0   2.621e+08   -9.234e+07   0
21.4   0.8495   -0.7411   0.2736   0   2.621e+08   -9.234e+07   0
21.5   0.8495   -0.7149   0.2644   0   2.621e+08   -9.234e+07   0
21.6   0.8537   -0.6887   0.2552   0   2.622e+08   -9.24e+07   0
21.7   0.8602   -0.6624   0.2459   0   2.624e+08   -9.25e+07   0
21.8   0.8666   -0.6362   0.2367   0   2.626e+08   -9.259e+07   0
21.9   0.8732   -0.6099   0.2274   0   2.627e+08   -9.269e+07   0
22   0.8797   -0.5837   0.2181   0   2.629e+08   -9.278e+07   0
22.1   0.8862   -0.5573   0.2089   0   2.631e+08   -9.287e+07   0
22.2   0.8926   -0.531   0.1996   0   2.633e+08   -9.297e+07   0
22.3   0.8989   -0.5047   0.1903   0   2.635e+08   -9.306e+07   0
22.4   0.9051   -0.4783   0.181   0   2.636e+08   -9.315e+07   0
22.5   0.9111   -0.452   0.1716   0   2.638e+08   -9.324e+07   0
22.6   0.9169   -0.4256   0.1623   0   2.639e+08   -9.332e+07   0
22.7   0.9223   -0.3992   0.153   0   2.641e+08   -9.34e+07   0
22.8   0.9274   -0.3728   0.1436   0   2.642e+08   -9.348e+07   0
22.9   0.932   -0.3463   0.1343   0   2.643e+08   -9.355e+07   0
23   0.9361   -0.3199   0.1249   0   2.644e+08   -9.361e+07   0
23.1   0.9396   -0.2935   0.1156   0   2.645e+08   -9.367e+07   0
23.2   0.9423   -0.267   0.1062   0   2.645e+08   -9.371e+07   0
23.3   0.9439   -0.2406   0.09681   0   2.646e+08   -9.374e+07   0
23.4   0.9444   -0.2141   0.08744   0   2.646e+08   -9.375e+07   0
23.5   0.9434   -0.1876   0.07806   0   2.646e+08   -9.373e+07   0
23.6   0.942   -0.1612   0.06869   0   2.645e+08   -9.37e+07   0
23.7   0.942   -0.1347   0.05932   0   2.645e+08   -9.37e+07   0
23.8   0.942   -0.1083   0.04995   0   2.645e+08   -9.37e+07   0
23.9   0.942   -0.08183   0.04058   0   2.645e+08   -9.37e+07   0
24   0.942   -0.05537   0.03121   0   2.645e+08   -9.37e+07   0
24.1   0.942   -0.02892   0.02184   0   2.645e+08   -9.37e+07   0
24.2   0.942   -0.002466   0.01247   0   2.645e+08   -9.37e+07   0
24.3   0.942   0.02399   0.0031   0   2.645e+08   -9.37e+07   0
24.4   0.942   0.05044   -0.00627   0   2.645e+08   -9.37e+07   0
24.5   0.942   0.0769   -0.01564   0   2.645e+08   -9.37e+07   0
24.6   0.942   0.1033   -0.02501   0   2.645e+08   -9.37e+07   0
24.7   0.942   0.1298   -0.03438   0   2.645e+08   -9.37e+07   0
24.8   0.942   0.1563   -0.04375   0   2.645e+08   -9.37e+07   0
24.9   0.9436   0.1827   -0.05312   0   2.646e+08   -9.37e+07   0
25   0.9653   0.2092   -0.06249   0   2.652e+08   -9.365e+07   0
25.1   0.9851   0.2358   -0.07185   0   2.657e+08   -9.364e+07   0
25.2   1.003   0.2623   -0.08122   0   2.662e+08   -9.364e+07   0
25.3   1.02   0.289   -0.09058   0   2.666e+08   -9.365e+07   0
25.4   1.036   0.3157   -0.09995   0   2.67e+08   -9.367e+07   0
25.5   1.05   0.3424   -0.1093   0   2.673e+08   -9.369e+07   0
25.6   1.064   0.3691   -0.1187   0   2.676e+08   -9.372e+07   0
25.7   1.077   0.3959   -0.1281   0   2.679e+08   -9.375e+07   0
25.8   1.089   0.4227   -0.1374   0   2.682e+08   -9.378e+07   0
25.9   1.1   0.4496   -0.1468   0   2.684e+08   -9.38e+07   0
26   1.11   0.4764   -0.1562   0   2.686e+08   -9.383e+07   0
26.1   1.12   0.5033   -0.1656   0   2.688e+08   -9.386e+07   0
26.2   1.129   0.5302   -0.175   0   2.69e+08   -9.389e+07   0
26.3   1.137   0.5571   -0.1844   0   2.691e+08   -9.391e+07   0
26.4   1.145   0.584   -0.1937   0   2.692e+08   -9.394e+07   0
26.5   1.152   0.6109   -0.2031   0   2.694e+08   -9.396e+07   0
26.6   1.159   0.6379   -0.2125   0   2.695e+08   -9.398e+07   0
26.7   1.165   0.6648   -0.2219   0   2.696e+08   -9.4e+07   0
26.8   1.171   0.6918   -0.2313   0   2.697e+08   -9.402e+07   0
26.9   1.175   0.7187   -0.2407   0   2.698e+08   -9.404e+07   0
27   1.175   0.7457   -0.2502   0   2.698e+08   -9.404e+07   0
27.1   1.175   0.7727   -0.2596   0   2.698e+08   -9.404e+07   0
27.2   1.175   0.7997   -0.269   0   2.698e+08   -9.404e+07   0
27.3   1.175   0.8267   -0.2784   0   2.698e+08   -9.404e+07   0
27.4   1.175   0.8536   -0.2878   0   2.698e+08   -9.404e+07   0
27.5   1.175   0.8806   -0.2972   0   2.698e+08   -9.404e+07   0
27.6   1.175   0.9076   -0.3066   0   2.698e+08   -9.404e+07   0
27.7   1.175   0.9346   -0.316   0   2.698e+08   -9.404e+07   0
27.8   1.175   0.9615   -0.3254   0   2.698e+08   -9.404e+07   0
27.9   1.175   0.9885   -0.3348   0   2.698e+08   -9.404e+07   0
28   1.175   1.015   -0.3442   0   2.698e+08   -9.404e+07   0
28.1   1.175   1.042   -0.3536   0   2.698e+08   -9.404e+07   0
28.2   1.175   1.069   -0.363   0   2.698e+08   -9.404e+07   0
28.3   1.175   1.096   -0.3724   0   2.698e+08   -9.404e+07   0
28.4   1.181   1.122   -0.3851   0   2.354e+08   -1.62e+08   0
28.5   1.188   1.143   -0.4044   0   1.802e+08   -2.22e+08   0
28.6   1.195   1.157   -0.4289   0   1.105e+08   -2.638e+08   0
28.7   1.202   1.165   -0.4565   0   3.225e+07   -2.843e+08   0
28.8   1.209   1.164   -0.485   0   -4.837e+07   -2.821e+08   0
28.9   1.216   1.155   -0.5122   0   -1.249e+08   -2.577e+08   0
29   1.223   1.139   -0.5359   0   -1.914e+08   -2.131e+08   0
29.1   1.231   1.117   -0.5542   0   -2.429e+08   -1.522e+08   0
29.2   1.238   1.091   -0.5658   0   -2.754e+08   -7.969e+07   0
29.3   1.245   1.063   -0.5699   0   -2.868e+08   -1.346e+06   0
29.4   1.252   1.034   -0.566   0   -2.764e+08   7.685e+07   0
29.5   1.258   1.008   -0.5547   0   -2.52e+08   1.374e+08   0
29.6   1.258   0.9829   -0.541   0   -2.52e+08   1.374e+08   0
29.7   1.258   0.9577   -0.5273   0   -2.52e+08   1.374e+08   0
29.8   1.258   0.9325   -0.5135   0   -2.52e+08   1.374e+08   0
29.9   1.258   0.9073   -0.4998   0   -2.52e+08   1.374e+08   0
30   1.258   0.8821   -0.486   0   -2.52e+08   1.374e+08   0
30.1   1.258   0.8569   -0.4723   0   -2.52e+08   1.374e+08   0
30.2   1.258   0.8317   -0.4586   0   -2.52e+08   1.374e+08   0
30.3   1.258   0.8065   -0.4448   0   -2.52e+08   1.374e+08   0
30.4   1.258   0.7813   -0.4311   0   -2.52e+08   1.374e+08   0
30.5   1.258   0.7561   -0.4173   0   -2.52e+08   1.374e+08   0
30.6   1.258   0.7309   -0.4036   0   -2.52e+08   1.374e+08   0
30.7   1.258   0.7057   -0.3899   0   -2.52e+08   1.374e+08   0
30.8   1.258   0.6805   -0.3761   0   -2.52e+08   1.374e+08   0
30.9   1.259   0.6553   -0.3624   0   -2.52e+08   1.374e+08   0
31   1.266   0.6301   -0.3486   0   -2.521e+08   1.375e+08   0
31.1   1.272   0.6049   -0.3349   0   -2.522e+08   1.375e+08   0
31.2   1.279   0.5797   -0.3211   0   -2.522e+08   1.376e+08   0
31.3   1.285   0.5544   -0.3074   0   -2.523e+08   1.376e+08   0
31.4   1.292   0.5292   -0.2936   0   -2.524e+08   1.377e+08   0
31.5   1.299   0.5039   -0.2798   0   -2.525e+08   1.377e+08   0
31.6   1.305   0.4787   -0.2661   0   -2.525e+08   1.378e+08   0
31.7   1.311   0.4534   -0.2523   0   -2.526e+08   1.378e+08   0
31.8   1.317   0.4282   -0.2385   0   -2.527e+08   1.379e+08   0
31.9   1.323   0.4029   -0.2247   0   -2.527e+08   1.379e+08   0
32   1.329   0.3776   -0.2109   0   -2.528e+08   1.38e+08   0
32.1   1.334   0.3523   -0.1971   0   -2.529e+08   1.38e+08   0
32.2   1.339   0.3271   -0.1833   0   -2.529e+08   1.38e+08   0
32.3   1.343   0.3018   -0.1695   0   -2.53e+08   1.381e+08   0
32.4   1.347   0.2765   -0.1557   0   -2.53e+08   1.381e+08   0
32.5   1.349   0.2512   -0.1419   0   -2.53e+08   1.381e+08   0
32.6   1.351   0.2259   -0.1281   0   -2.53e+08   1.381e+08   0
32.7   1.352   0.2006   -0.1143   0   -2.53e+08   1.381e+08   0
32.8   1.351   0.1752   -0.1005   0   -2.53e+08   1.381e+08   0
32.9   1.349   0.1499   -0.08665   0   -2.53e+08   1.381e+08   0
33   1.349   0.1246   -0.07284   0   -2.53e+08   1.381e+08   0
33.1   1.349   0.09934   -0.05903   0   -2.53e+08   1.381e+08   0
33.2   1.349   0.07404   -0.04521   0   -2.53e+08   1.381e+08   0
33.3   1.349   0.04874   -0.0314   0   -2.53e+08   1.381e+08   0
33.4   1.349   0.02344   -0.01759   0   -2.53e+08   1.381e+08   0
33.5   1.349   -0.001867   -0.003781   0   -2.53e+08   1.381e+08   0
33.6   1.349   -0.02717   0.01003   0   -2.53e+08   1.381e+08   0
33.7   1.349   -0.05247   0.02384   0   -2.53e+08   1.381e+08   0
33.8   1.349   -0.07777   0.03765   0   -2.53e+08   1.381e+08   0
33.9   1.349   -0.1031   0.05146   0   -2.53e+08   1.381e+08   0
34   1.349   -0.1284   0.06528   0   -2.53e+08   1.381e+08   0
34.1   1.349   -0.1537   0.07909   0   -2.53e+08   1.381e+08   0
34.2   1.36   -0.179   0.0929   0   -2.532e+08   1.381e+08   0
34.3   1.381   -0.2043   0.1067   0   -2.534e+08   1.382e+08   0
34.4   1.4   -0.2297   0.1205   0   -2.536e+08   1.383e+08   0
34.5   1.418   -0.255   0.1344   0   -2.538e+08   1.383e+08   0
34.6   1.434   -0.2804   0.1482   0   -2.54e+08   1.384e+08   0
34.7   1.449   -0.3058   0.162   0   -2.542e+08   1.384e+08   0
34.8   1.464   -0.3313   0.1759   0   -2.543e+08   1.385e+08   0
34.9   1.477   -0.3567   0.1897   0   -2.545e+08   1.385e+08   0
35   1.49   -0.3822   0.2036   0   -2.546e+08   1.386e+08   0
35.1   1.501   -0.4076   0.2175   0   -2.547e+08   1.386e+08   0
35.2   1.512   -0.4331   0.2313   0   -2.548e+08   1.387e+08   0
35.3   1.523   -0.4586   0.2452   0   -2.549e+08   1.387e+08   0
35.4   1.532   -0.4841   0.2591   0   -2.55e+08   1.387e+08   0
35.5   1.541   -0.5096   0.2729   0   -2.55e+08   1.388e+08   0
35.6   1.549   -0.5351   0.2868   0   -2.551e+08   1.388e+08   0
35.7   1.557   -0.5606   0.3007   0   -2.552e+08   1.388e+08   0
35.8   1.564   -0.5861   0.3146   0   -2.552e+08   1.389e+08   0
35.9   1.571   -0.6116   0.3285   0   -2.553e+08   1.389e+08   0
36   1.577   -0.6372   0.3424   0   -2.553e+08   1.389e+08   0
36.1   1.582   -0.6627   0.3562   0   -2.554e+08   1.389e+08   0
36.2   1.582   -0.6882   0.3701   0   -2.554e+08   1.389e+08   0
36.3   1.582   -0.7138   0.384   0   -2.554e+08   1.389e+08   0
36.4   1.582   -0.7393   0.3979   0   -2.554e+08   1.389e+08   0
36.5   1.582   -0.7649   0.4118   0   -2.554e+08   1.389e+08   0
36.6   1.582   -0.7904   0.4257   0   -2.554e+08   1.389e+08   0
36.7   1.582   -0.8159   0.4396   0   -2.554e+08   1.389e+08   0
36.8   1.582   -0.8415   0.4535   0   -2.554e+08   1.389e+08   0
36.9   1.582   -0.867   0.4674   0   -2.554e+08   1.389e+08   0
37   1.582   -0.8926   0.4813   0   -2.554e+08   1.389e+08   0
37.1   1.582   -0.9181   0.4952   0   -2.554e+08   1.389e+08   0
37.2   1.582   -0.9436   0.5091   0   -2.554e+08   1.389e+08   0
37.3   1.582   -0.9692   0.5229   0   -2.554e+08   1.389e+08   0
37.4   1.582   -0.9947   0.5368   0   -2.554e+08   1.389e+08   0
37.5   1.582   -1.02   0.5507   0   -2.554e+08   1.389e+08   0
37.6   1.582   -1.046   0.5646   0   -2.554e+08   1.389e+08   0
37.7   1.582   -1.071   0.5785   0   -2.554e+08   1.389e+08   0
37.8   1.582   -1.097   0.5924   0   -2.554e+08   1.389e+08   0
37.9   1.582   -1.122   0.6063   0   -2.554e+08   1.389e+08   0
38   1.582   -1.148   0.6202   0   -2.554e+08   1.389e+08   0
38.1   1.582   -1.173   0.6341   0   -2.554e+08   1.389e+08   0
38.2   1.582   -1.199   0.648   0   -2.554e+08   1.389e+08   0
38.3   1.582   -1.225   0.6619   0   -2.554e+08   1.389e+08   0
38.4   1.582   -1.25   0.6758   0   -2.554e+08   1.389e+08   0
38.5   1.582   -1.276   0.6896   0   -2.554e+08   1.389e+08   0
38.6   1.582   -1.301   0.7035   0   -2.554e+08   1.389e+08   0
38.7   1.582   -1.327   0.7174   0   -2.554e+08   1.389e+08   0
38.8   1.582   -1.352   0.7313   0   -2.554e+08   1.389e+08   0
38.9   1.582   -1.378   0.7452   0   -2.554e+08   1.389e+08   0
39   1.582   -1.403   0.7591   0   -2.554e+08   1.389e+08   0
39.1   1.582   -1.429   0.773   0   -2.554e+08   1.389e+08   0
39.2   1.582   -1.454   0.7869   0   -2.554e+08   1.389e+08   0
39.3   1.582   -1.48   0.8008   0   -2.554e+08   1.389e+08   0
39.4   1.582   -1.505   0.8147   0   -2.554e+08   1.389e+08   0
39.5   1.582   -1.531   0.8286   0   -2.554e+08   1.389e+08   0
39.6   1.582   -1.557   0.8425   0   -2.554e+08   1.389e+08   0
39.7   1.582   -1.582   0.8563   0   -2.554e+08   1.389e+08   0
39.8   1.582   -1.608   0.8702   0   -2.554e+08   1.389e+08   0
39.9   1.582   -1.633   0.8841   0   -2.554e+08   1.389e+08   0
40   1.582   -1.659   0.898   0   -2.554e+08   1.389e+08   0
40.1   1.582   -1.684   0.9119   0   -2.554e+08   1.389e+08   0
40.2   1.582   -1.71   0.9258   0   -2.554e+08   1.389e+08   0
40.3   1.582   -1.735   0.9397   0   -2.554e+08   1.389e+08   0
40.4   1.582   -1.761   0.9536   0   -2.554e+08   1.389e+08   0
40.5   1.582   -1.786   0.9675   0   -2.554e+08   1.389e+08   0
40.6   1.582   -1.812   0.9814   0   -2.554e+08   1.389e+08   0
40.7   1.582   -1.837   0.9953   0   -2.554e+08   1.389e+08   0
40.8   1.582   -1.863   1.009   0   -2.554e+08   1.389e+08   0
40.9   1.582   -1.889   1.023   0   -2.554e+08   1.389e+08   0
41   1.582   -1.914   1.037   0   -2.554e+08   1.389e+08   0
41.1   1.582   -1.94   1.051   0   -2.554e+08   1.389e+08   0
41.2   1.582   -1.965   1.065   0   -2.554e+08   1.389e+08   0
41.3   1.582   -1.991   1.079   0   -2.554e+08   1.389e+08   0
41.4   1.582   -2.016   1.092   0   -2.554e+08   1.389e+08   0
41.5   1.582   -2.042   1.106   0   -2.554e+08   1.389e+08   0
41.6   1.582   -2.067   1.12   0   -2.554e+08   1.389e+08   0
41.7   1.582   -2.093   1.134   0   -2.554e+08   1.389e+08   0
41.8   1.582   -2.118   1.148   0   -2.554e+08   1.389e+08   0
41.9   1.582   -2.144   1.162   0   -2.554e+08   1.389e+08   0
42   1.582   -2.169   1.176   0   -2.554e+08   1.389e+08   0
42.1   1.582   -2.195   1.19   0   -2.554e+08   1.389e+08   0
42.2   1.582   -2.221   1.204   0   -2.554e+08   1.389e+08   0
42.3   1.582   -2.246   1.218   0   -2.554e+08   1.389e+08   0
42.4   1.582   -2.272   1.231   0   -2.554e+08   1.389e+08   0
42.5   1.582   -2.297   1.245   0   -2.554e+08   1.389e+08   0
42.6   1.582   -2.323   1.259   0   -2.554e+08   1.389e+08   0
42.7   1.582   -2.348   1.273   0   -2.554e+08   1.389e+08   0
42.8   1.582   -2.374   1.287   0   -2.554e+08   1.389e+08   0
42.9   1.582   -2.399   1.301   0   -2.554e+08   1.389e+08   0
43   1.582   -2.425   1.315   0   -2.554e+08   1.389e+08   0
43.1   1.582   -2.45   1.329   0   -2.554e+08   1.389e+08   0
43.2   1.582   -2.476   1.343   0   -2.554e+08   1.389e+08   0
43.3   1.582   -2.501   1.356   0   -2.554e+08   1.389e+08   0
43.4   1.582   -2.527   1.37   0   -2.554e+08   1.389e+08   0
43.5   1.582   -2.553   1.384   0   -2.554e+08   1.389e+08   0
43.6   1.582   -2.578   1.398   0   -2.554e+08   1.389e+08   0
43.7   1.582   -2.604   1.412   0   -2.554e+08   1.389e+08   0
43.8   1.582   -2.629   1.426   0   -2.554e+08   1.389e+08   0
43.9   1.582   -2.655   1.44   0   -2.554e+08   1.389e+08   0
44   1.582   -2.68   1.454   0   -2.554e+08   1.389e+08   0
44.1   1.582   -2.706   1.468   0   -2.554e+08   1.389e+08   0
44.2   1.582   -2.731   1.481   0   -2.554e+08   1.389e+08   0
44.3   1.582   -2.757   1.495   0   -2.554e+08   1.389e+08   0
44.4   1.582   -2.782   1.509   0   -2.554e+08   1.389e+08   0
44.5   1.582   -2.808   1.523   0   -2.554e+08   1.389e+08   0
44.6   1.582   -2.833   1.537   0   -2.554e+08   1.389e+08   0
44.7   1.582   -2.859   1.551   0   -2.554e+08   1.389e+08   0
44.8   1.582   -2.885   1.565   0   -2.554e+08   1.389e+08   0
44.9   1.582   -2.91   1.579   0   -2.554e+08   1.389e+08   0
45   1.582   -2.936   1.593   0   -2.554e+08   1.389e+08   0
