0   0.04   -0.753   0   0   1.121e+08   0   0
0.1   0.04   -0.753   0   0   1.121e+08   0   0
0.2   0.04002   -0.7509   0   0   1.122e+08   0   0
0.3   0.04024   -0.7397   0   0   1.124e+08   0   0
0.4   0.04065   -0.7285   0   0   1.13e+08   0   0
0.5   0.04126   -0.7171   0   0   1.137e+08   0   0
0.6   0.04207   -0.7057   0   0   1.147e+08   0   0
0.7   0.0431   -0.6942   0   0   1.159e+08   0   0
0.8   0.04434   -0.6825   0   0   1.174e+08   0   0
0.9   0.04582   -0.6707   0   0   1.191e+08   0   0
1   0.04754   -0.6587   0   0   1.21e+08   0   0
1.1   0.04951   -0.6465   0   0   1.232e+08   0   0
1.2   0.05174   -0.634   0   0   1.256e+08   0   0
1.3   0.05425   -0.6213   0   0   1.282e+08   0   0
1.4   0.05704   -0.6084   0   0   1.309e+08   0   0
1.5   0.06013   -0.5952   0   0   1.339e+08   0   0
1.6   0.06354   -0.5816   0   0   1.37e+08   0   0
1.7   0.06727   -0.5677   0   0   1.403e+08   0   0
1.8   0.07134   -0.5535   0   0   1.438e+08   0   0
1.9   0.07576   -0.539   0   0   1.473e+08   0   0
2   0.08054   -0.5241   0   0   1.51e+08   0   0
2.1   0.08569   -0.5088   0   0   1.548e+08   0   0
2.2   0.09122   -0.4931   0   0   1.586e+08   0   0
2.3   0.09715   -0.477   0   0   1.625e+08   0   0
2.4   0.1035   -0.4606   0   0   1.665e+08   0   0
2.5   0.1102   -0.4437   0   0   1.705e+08   0   0
2.6   0.1174   -0.4265   0   0   1.745e+08   0   0
2.7   0.1249   -0.4088   0   0   1.784e+08   0   0
2.8   0.1329   -0.3908   0   0   1.824e+08   0   0
2.9   0.1413   -0.3723   0   0   1.864e+08   0   0
3   0.1502   -0.3535   0   0   1.902e+08   0   0
3.1   0.1595   -0.3343   0   0   1.941e+08   0   0
3.2   0.1692   -0.3147   0   0   1.979e+08   0   0
3.3   0.1794   -0.2947   0   0   2.016e+08   0   0
3.4   0.19   -0.2744   0   0   2.052e+08   0   0
3.5   0.2011   -0.2537   0   0   2.088e+08   0   0
3.6   0.2127   -0.2326   0   0   2.123e+08   0   0
3.7   0.2247   -0.2112   0   0   2.157e+08   0   0
3.8   0.2373   -0.1895   0   0   2.19e+08   0   0
3.9   0.2381   -0.1676   0   0   2.192e+08   0   0
4   0.2381   -0.1456   0   0   2.192e+08   0   0
4.1   0.2381   -0.1237   0   0   2.192e+08   0   0
4.2   0.2381   -0.1018   0   0   2.192e+08   0   0
4.3   0.2381   -0.07988   0   0   2.192e+08   0   0
4.4   0.2381   -0.05796   0   0   2.192e+08   0   0
4.5   0.2381   -0.03604   0   0   2.192e+08   0   0
4.6   0.2381   -0.01412   0   0   2.192e+08   0   0
4.7   0.2381   0.007805   0   0   2.192e+08   0   0
4.8   0.2381   0.02973   0   0   2.192e+08   0   0
4.9   0.2381   0.05165   0   0   2.192e+08   0   0
5   0.2381   0.07357   0   0   2.192e+08   0   0
5.1   0.2381   0.09549   0   0   2.192e+08   0   0
5.2   0.2381   0.1174   0   0   2.192e+08   0   0
5.3   0.2381   0.1393   0   0   2.192e+08   0   0
5.4   0.2381   0.1612   0   0   2.192e+08   0   0
5.5   0.2381   0.1832   0   0   2.192e+08   0   0
5.6   0.2458   0.2052   0   0   2.211e+08   0   0
5.7   0.2561   0.2274   0   0   2.236e+08   0   0
5.8   0.2665   0.2499   0   0   2.259e+08   0   0
5.9   0.2769   0.2726   0   0   2.282e+08   0   0
6   0.2872   0.2955   0   0   2.303e+08   0   0
6.1   0.2975   0.3186   0   0   2.323e+08   0   0
6.2   0.3077   0.342   0   0   2.342e+08   0   0
6.3   0.3178   0.3655   0   0   2.36e+08   0   0
6.4   0.3277   0.3892   0   0   2.377e+08   0   0
6.5   0.3374   0.413   0   0   2.393e+08   0   0
6.6   0.3469   0.437   0   0   2.408e+08   0   0
6.7   0.3562   0.4612   0   0   2.422e+08   0   0
6.8   0.3652   0.4855   0   0   2.435e+08   0   0
6.9   0.3739   0.5099   0   0   2.448e+08   0   0
7   0.3823   0.5344   0   0   2.459e+08   0   0
7.1   0.3905   0.5591   0   0   2.47e+08   0   0
7.2   0.3983   0.5838   0   0   2.48e+08   0   0
7.3   0.4058   0.6087   0   0   2.489e+08   0   0
7.4   0.413   0.6336   0   0   2.498e+08   0   0
7.5   0.4198   0.6586   0   0   2.506e+08   0   0
7.6   0.4262   0.6837   0   0   2.513e+08   0   0
7.7   0.4323   0.7089   0   0   2.52e+08   0   0
7.8   0.4381   0.7341   0   0   2.526e+08   0   0
7.9   0.4421   0.7594   0   0   2.531e+08   0   0
8   0.4421   0.7847   0   0   2.531e+08   0   0
8.1   0.4421   0.81   0   0   2.531e+08   0   0
8.2   0.4421   0.8353   0   0   2.531e+08   0   0
8.3   0.4421   0.8606   0   0   2.531e+08   0   0
8.4   0.4421   0.8859   0   0   2.531e+08   0   0
8.5   0.4421   0.9112   0   0   2.531e+08   0   0
8.6   0.4421   0.9366   0   0   2.531e+08   0   0
8.7   0.4421   0.9619   0   0   2.531e+08   0   0
8.8   0.4421   0.9872   0   0   2.531e+08   0   0
8.9   0.4421   1.012   0   0   2.531e+08   0   0
9   0.4421   1.038   0   0   2.531e+08   0   0
9.1   0.4421   1.063   0   0   2.531e+08   0   0
9.2   0.4421   1.088   0   0   2.531e+08   0   0
9.3   0.4424   1.114   -0.000231   0   2.525e+08   -1.776e+07   0
9.4   0.4433   1.138   -0.005541   0   2.378e+08   -8.705e+07   0
9.5   0.4442   1.161   -0.01748   0   2.044e+08   -1.495e+08   0
9.6   0.4452   1.179   -0.03511   0   1.552e+08   -2.003e+08   0
9.7   0.4461   1.191   -0.05706   0   9.383e+07   -2.355e+08   0
9.8   0.447   1.197   -0.08162   0   2.519e+07   -2.523e+08   0
9.9   0.448   1.196   -0.1069   0   -4.539e+07   -2.496e+08   0
10   0.4489   1.188   -0.1309   0   -1.124e+08   -2.275e+08   0
10.1   0.4499   1.174   -0.1518   0   -1.708e+08   -1.879e+08   0
10.2   0.4508   1.154   -0.1679   0   -2.159e+08   -1.337e+08   0
10.3   0.4518   1.131   -0.1781   0   -2.445e+08   -6.926e+07   0
10.4   0.4527   1.106   -0.1815   0   -2.542e+08   4.857e+05   0
10.5   0.4533   1.081   -0.1786   0   -2.509e+08   4.127e+07   0
10.6   0.4533   1.056   -0.1744   0   -2.509e+08   4.127e+07   0
10.7   0.4533   1.031   -0.1703   0   -2.509e+08   4.127e+07   0
10.8   0.4533   1.006   -0.1662   0   -2.509e+08   4.127e+07   0
10.9   0.4533   0.9805   -0.1621   0   -2.509e+08   4.127e+07   0
11   0.4533   0.9554   -0.1579   0   -2.509e+08   4.127e+07   0
11.1   0.4533   0.9303   -0.1538   0   -2.509e+08   4.127e+07   0
11.2   0.4533   0.9052   -0.1497   0   -2.509e+08   4.127e+07   0
11.3   0.4533   0.8801   -0.1456   0   -2.509e+08   4.127e+07   0
11.4   0.4533   0.8551   -0.1414   0   -2.509e+08   4.127e+07   0
11.5   0.4533   0.83   -0.1373   0   -2.509e+08   4.127e+07   0
11.6   0.4533   0.8049   -0.1332   0   -2.509e+08   4.127e+07   0
11.7   0.4533   0.7798   -0.129   0   -2.509e+08   4.127e+07   0
11.8   0.4533   0.7547   -0.1249   0   -2.509e+08   4.127e+07   0
11.9   0.4565   0.7296   -0.1208   0   -2.512e+08   4.132e+07   0
12   0.4628   0.7045   -0.1167   0   -2.518e+08   4.143e+07   0
12.1   0.4692   0.6793   -0.1125   0   -2.524e+08   4.153e+07   0
12.2   0.4758   0.654   -0.1083   0   -2.531e+08   4.164e+07   0
12.3   0.4826   0.6286   -0.1042   0   -2.537e+08   4.174e+07   0
12.4   0.4894   0.6032   -0.1   0   -2.543e+08   4.185e+07   0
12.5   0.4964   0.5778   -0.09581   0   -2.549e+08   4.195e+07   0
12.6   0.5034   0.5523   -0.09161   0   -2.555e+08   4.206e+07   0
12.7   0.5104   0.5267   -0.0874   0   -2.561e+08   4.216e+07   0
12.8   0.5175   0.501   -0.08318   0   -2.567e+08   4.226e+07   0
12.9   0.5245   0.4753   -0.07895   0   -2.573e+08   4.235e+07   0
13   0.5315   0.4496   -0.07471   0   -2.578e+08   4.245e+07   0
13.1   0.5384   0.4238   -0.07046   0   -2.584e+08   4.254e+07   0
13.2   0.5451   0.3979   -0.0662   0   -2.589e+08   4.262e+07   0
13.3   0.5516   0.372   -0.06193   0   -2.594e+08   4.271e+07   0
13.4   0.5578   0.346   -0.05766   0   -2.598e+08   4.279e+07   0
13.5   0.5636   0.32   -0.05338   0   -2.602e+08   4.286e+07   0
13.6   0.569   0.294   -0.04909   0   -2.606e+08   4.292e+07   0
13.7   0.5738   0.2679   -0.04479   0   -2.609e+08   4.298e+07   0
13.8   0.5779   0.2418   -0.04049   0   -2.612e+08   4.303e+07   0
13.9   0.5812   0.2157   -0.03619   0   -2.614e+08   4.307e+07   0
14   0.5832   0.1895   -0.03188   0   -2.616e+08   4.309e+07   0
14.1   0.5834   0.1634   -0.02757   0   -2.616e+08   4.31e+07   0
14.2   0.5834   0.1372   -0.02326   0   -2.616e+08   4.31e+07   0
14.3   0.5834   0.111   -0.01895   0   -2.616e+08   4.31e+07   0
14.4   0.5834   0.08488   -0.01464   0   -2.616e+08   4.31e+07   0
14.5   0.5834   0.05872   -0.01033   0   -2.616e+08   4.31e+07   0
14.6   0.5834   0.03257   -0.006018   0   -2.616e+08   4.31e+07   0
14.7   0.5834   0.006407   -0.001709   0   -2.616e+08   4.31e+07   0
14.8   0.5834   -0.01975   0.002601   0   -2.616e+08   4.31e+07   0
14.9   0.5834   -0.04591   0.006911   0   -2.616e+08   4.31e+07   0
15   0.5834   -0.07207   0.01122   0   -2.616e+08   4.31e+07   0
15.1   0.5834   -0.09823   0.01553   0   -2.616e+08   4.31e+07   0
15.2   0.5834   -0.1244   0.01984   0   -2.616e+08   4.31e+07   0
15.3   0.5834   -0.1505   0.02415   0   -2.616e+08   4.31e+07   0
15.4   0.5834   -0.1767   0.02846   0   -2.616e+08   4.31e+07   0
15.5   0.5962   -0.2029   0.03277   0   -2.624e+08   4.322e+07   0
15.6   0.6146   -0.2292   0.0371   0   -2.636e+08   4.34e+07   0
15.7   0.6318   -0.2556   0.04145   0   -2.646e+08   4.355e+07   0
15.8   0.6479   -0.2821   0.04581   0   -2.655e+08   4.369e+07   0
15.9   0.6631   -0.3087   0.05019   0   -2.663e+08   4.382e+07   0
16   0.6773   -0.3354   0.05458   0   -2.671e+08   4.393e+07   0
16.1   0.6908   -0.3621   0.05898   0   -2.677e+08   4.404e+07   0
16.2   0.7035   -0.3889   0.06338   0   -2.684e+08   4.413e+07   0
16.3   0.7155   -0.4158   0.0678   0   -2.689e+08   4.422e+07   0
16.4   0.7269   -0.4427   0.07223   0   -2.694e+08   4.43e+07   0
16.5   0.7376   -0.4697   0.07666   0   -2.699e+08   4.438e+07   0
16.6   0.7476   -0.4967   0.0811   0   -2.703e+08   4.444e+07   0
16.7   0.7571   -0.5237   0.08555   0   -2.707e+08   4.451e+07   0
16.8   0.766   -0.5508   0.09   0   -2.711e+08   4.456e+07   0
16.9   0.7743   -0.578   0.09446   0   -2.714e+08   4.462e+07   0
17   0.782   -0.6051   0.09893   0   -2.717e+08   4.466e+07   0
17.1   0.7892   -0.6323   0.1034   0   -2.72e+08   4.471e+07   0
17.2   0.7959   -0.6595   0.1079   0   -2.723e+08   4.475e+07   0
17.3   0.8021   -0.6868   0.1123   0   -2.725e+08   4.479e+07   0
17.4   0.8077   -0.714   0.1168   0   -2.727e+08   4.482e+07   0
17.5   0.8129   -0.7413   0.1213   0   -2.729e+08   4.485e+07   0
17.6   0.8133   -0.7686   0.1258   0   -2.729e+08   4.485e+07   0
17.7   0.8133   -0.7959   0.1303   0   -2.729e+08   4.485e+07   0
17.8   0.8133   -0.8232   0.1348   0   -2.729e+08   4.485e+07   0
17.9   0.8133   -0.8505   0.1393   0   -2.729e+08   4.485e+07   0
18   0.8133   -0.8778   0.1437   0   -2.729e+08   4.485e+07   0
18.1   0.8133   -0.905   0.1482   0   -2.729e+08   4.485e+07   0
18.2   0.8133   -0.9323   0.1527   0   -2.729e+08   4.485e+07   0
18.3   0.8133   -0.9596   0.1572   0   -2.729e+08   4.485e+07   0
18.4   0.8133   -0.9869   0.1617   0   -2.729e+08   4.485e+07   0
18.5   0.8133   -1.014   0.1662   0   -2.729e+08   4.485e+07   0
18.6   0.8133   -1.042   0.1706   0   -2.729e+08   4.485e+07   0
18.7   0.8133   -1.069   0.1751   0   -2.729e+08   4.485e+07   0
18.8   0.8133   -1.096   0.1796   0   -2.729e+08   4.485e+07   0
18.9   0.8133   -1.123   0.1841   0   -2.729e+08   4.485e+07   0
19   0.8148   -1.15   0.1898   0   -2.631e+08   8.536e+07   0
19.1   0.8174   -1.175   0.2017   0   -2.318e+08   1.511e+08   0
19.2   0.8201   -1.196   0.2197   0   -1.845e+08   2.064e+08   0
19.3   0.8228   -1.212   0.2425   0   -1.245e+08   2.473e+08   0
19.4   0.8254   -1.221   0.2686   0   -5.606e+07   2.713e+08   0
19.5   0.8281   -1.223   0.2962   0   1.612e+07   2.766e+08   0
19.6   0.8308   -1.217   0.3233   0   8.712e+07   2.632e+08   0
19.7   0.8335   -1.205   0.3482   0   1.521e+08   2.318e+08   0
19.8   0.8362   -1.187   0.3691   0   2.068e+08   1.849e+08   0
19.9   0.839   -1.165   0.3847   0   2.474e+08   1.256e+08   0
20   0.8417   -1.138   0.3939   0   2.715e+08   5.797e+07   0
20.1   0.8444   -1.111   0.3961   0   2.773e+08   -1.345e+07   0
20.2   0.8472   -1.084   0.3912   0   2.648e+08   -8.389e+07   0
20.3   0.8475   -1.057   0.382   0   2.618e+08   -9.273e+07   0
20.4   0.8475   -1.031   0.3727   0   2.618e+08   -9.273e+07   0
20.5   0.8475   -1.005   0.3634   0   2.618e+08   -9.273e+07   0
20.6   0.8475   -0.9788   0.3542   0   2.618e+08   -9.273e+07   0
20.7   0.8475   -0.9526   0.3449   0   2.618e+08   -9.273e+07   0
20.8   0.8475   -0.9264   0.3356   0   2.618e+08   -9.273e+07   0
20.9   0.8475   -0.9002   0.3263   0   2.618e+08   -9.273e+07   0
21   0.8475   -0.8741   0.3171   0   2.618e+08   -9.273e+07   0
21.1   0.8475   -0.8479   0.3078   0   2.618e+08   -9.273e+07   0
21.2   0.8475   -0.8217   0.2985   0   2.618e+08   -9.273e+07   0
21.3   0.8475   -0.7955   0.2892   0   2.618e+08   -9.273e+07   0
21.4   0.8475   -0.7693   0.28   0   2.618e+08   -9.273e+07   0
21.5   0.8475   -0.7431   0.2707   0   2.618e+08   -9.273e+07   0
21.6   0.8475   -0.717   0.2614   0   2.618e+08   -9.273e+07   0
21.7   0.8514   -0.6908   0.2521   0   2.62e+08   -9.278e+07   0
21.8   0.8576   -0.6646   0.2429   0   2.622e+08   -9.286e+07   0
21.9   0.8639   -0.6383   0.2336   0   2.623e+08   -9.295e+07   0
22   0.8701   -0.6121   0.2243   0   2.625e+08   -9.303e+07   0
22.1   0.8763   -0.5858   0.215   0   2.627e+08   -9.311e+07   0
22.2   0.8824   -0.5596   0.2057   0   2.629e+08   -9.319e+07   0
22.3   0.8884   -0.5333   0.1963   0   2.63e+08   -9.327e+07   0
22.4   0.8943   -0.5069   0.187   0   2.632e+08   -9.334e+07   0
22.5   0.8999   -0.4806   0.1777   0   2.634e+08   -9.341e+07   0
22.6   0.9053   -0.4543   0.1683   0   2.635e+08   -9.348e+07   0
22.7   0.9105   -0.4279   0.159   0   2.636e+08   -9.355e+07   0
22.8   0.9152   -0.4015   0.1496   0   2.638e+08   -9.361e+07   0
22.9   0.9195   -0.3752   0.1402   0   2.639e+08   -9.367e+07   0
23   0.9233   -0.3488   0.1309   0   2.64e+08   -9.372e+07   0
23.1   0.9265   -0.3224   0.1215   0   2.641e+08   -9.376e+07   0
23.2   0.9289   -0.296   0.1121   0   2.641e+08   -9.379e+07   0
23.3   0.9304   -0.2695   0.1027   0   2.642e+08   -9.381e+07   0
23.4   0.9308   -0.2431   0.09336   0   2.642e+08   -9.382e+07   0
23.5   0.9299   -0.2167   0.08398   0   2.641e+08   -9.381e+07   0
23.6   0.9274   -0.1903   0.0746   0   2.641e+08   -9.376e+07   0
23.7   0.9249   -0.1639   0.06523   0   2.64e+08   -9.372e+07   0
23.8   0.9249   -0.1375   0.05586   0   2.64e+08   -9.372e+07   0
23.9   0.9249   -0.1111   0.04649   0   2.64e+08   -9.372e+07   0
24   0.9249   -0.08468   0.03711   0   2.64e+08   -9.372e+07   0
24.1   0.9249   -0.05828   0.02774   0   2.64e+08   -9.372e+07   0
24.2   0.9249   -0.03188   0.01837   0   2.64e+08   -9.372e+07   0
24.3   0.9249   -0.005477   0.008996   0   2.64e+08   -9.372e+07   0
24.4   0.9249   0.02092   -0.0003767   0   2.64e+08   -9.372e+07   0
24.5   0.9249   0.04733   -0.009749   0   2.64e+08   -9.372e+07   0
24.6   0.9249   0.07373   -0.01912   0   2.64e+08   -9.372e+07   0
24.7   0.9249   0.1001   -0.02849   0   2.64e+08   -9.372e+07   0
24.8   0.9249   0.1265   -0.03787   0   2.64e+08   -9.372e+07   0
24.9   0.9249   0.1529   -0.04724   0   2.64e+08   -9.372e+07   0
25   0.9249   0.1793   -0.05661   0   2.64e+08   -9.372e+07   0
25.1   0.9473   0.2058   -0.06599   0   2.647e+08   -9.378e+07   0
25.2   0.9678   0.2323   -0.07537   0   2.652e+08   -9.384e+07   0
25.3   0.9866   0.2588   -0.08475   0   2.657e+08   -9.39e+07   0
25.4   1.004   0.2854   -0.09415   0   2.661e+08   -9.397e+07   0
25.5   1.02   0.312   -0.1035   0   2.665e+08   -9.403e+07   0
25.6   1.035   0.3387   -0.113   0   2.668e+08   -9.409e+07   0
25.7   1.048   0.3654   -0.1224   0   2.671e+08   -9.415e+07   0
25.8   1.061   0.3921   -0.1318   0   2.674e+08   -9.42e+07   0
25.9   1.073   0.4189   -0.1412   0   2.677e+08   -9.426e+07   0
26   1.084   0.4457   -0.1506   0   2.679e+08   -9.43e+07   0
26.1   1.095   0.4725   -0.1601   0   2.681e+08   -9.435e+07   0
26.2   1.104   0.4993   -0.1695   0   2.683e+08   -9.439e+07   0
26.3   1.113   0.5261   -0.1789   0   2.684e+08   -9.443e+07   0
26.4   1.121   0.553   -0.1884   0   2.686e+08   -9.447e+07   0
26.5   1.129   0.5798   -0.1978   0   2.687e+08   -9.45e+07   0
26.6   1.136   0.6067   -0.2073   0   2.689e+08   -9.453e+07   0
26.7   1.142   0.6336   -0.2167   0   2.69e+08   -9.456e+07   0
26.8   1.148   0.6605   -0.2262   0   2.691e+08   -9.459e+07   0
26.9   1.153   0.6874   -0.2357   0   2.692e+08   -9.461e+07   0
27   1.157   0.7143   -0.2451   0   2.692e+08   -9.463e+07   0
27.1   1.157   0.7413   -0.2546   0   2.692e+08   -9.463e+07   0
27.2   1.157   0.7682   -0.2641   0   2.692e+08   -9.463e+07   0
27.3   1.157   0.7951   -0.2735   0   2.692e+08   -9.463e+07   0
27.4   1.157   0.822   -0.283   0   2.692e+08   -9.463e+07   0
27.5   1.157   0.849   -0.2924   0   2.692e+08   -9.463e+07   0
27.6   1.157   0.8759   -0.3019   0   2.692e+08   -9.463e+07   0
27.7   1.157   0.9028   -0.3114   0   2.692e+08   -9.463e+07   0
27.8   1.157   0.9297   -0.3208   0   2.692e+08   -9.463e+07   0
27.9   1.157   0.9567   -0.3303   0   2.692e+08   -9.463e+07   0
28   1.157   0.9836   -0.3398   0   2.692e+08   -9.463e+07   0
28.1   1.157   1.011   -0.3492   0   2.692e+08   -9.463e+07   0
28.2   1.157   1.037   -0.3587   0   2.692e+08   -9.463e+07   0
28.3   1.157   1.064   -0.3681   0   2.692e+08   -9.463e+07   0
28.4   1.157   1.091   -0.3776   0   2.692e+08   -9.463e+07   0
28.5   1.163   1.117   -0.3898   0   2.385e+08   -1.569e+08   0
28.6   1.17   1.138   -0.4087   0   1.839e+08   -2.185e+08   0
28.7   1.177   1.153   -0.4329   0   1.143e+08   -2.619e+08   0
28.8   1.184   1.161   -0.4604   0   3.55e+07   -2.836e+08   0
28.9   1.191   1.16   -0.4889   0   -4.591e+07   -2.822e+08   0
29   1.198   1.152   -0.5161   0   -1.234e+08   -2.581e+08   0
29.1   1.205   1.136   -0.5398   0   -1.907e+08   -2.134e+08   0
29.2   1.212   1.114   -0.5581   0   -2.427e+08   -1.519e+08   0
29.3   1.219   1.088   -0.5697   0   -2.754e+08   -7.864e+07   0
29.4   1.226   1.06   -0.5736   0   -2.865e+08   5.171e+05   0
29.5   1.233   1.031   -0.5695   0   -2.754e+08   7.938e+07   0
29.6   1.239   1.005   -0.558   0   -2.516e+08   1.375e+08   0
29.7   1.239   0.9799   -0.5443   0   -2.516e+08   1.375e+08   0
29.8   1.239   0.9547   -0.5305   0   -2.516e+08   1.375e+08   0
29.9   1.239   0.9296   -0.5168   0   -2.516e+08   1.375e+08   0
30   1.239   0.9044   -0.503   0   -2.516e+08   1.375e+08   0
30.1   1.239   0.8793   -0.4893   0   -2.516e+08   1.375e+08   0
30.2   1.239   0.8541   -0.4755   0   -2.516e+08   1.375e+08   0
30.3   1.239   0.8289   -0.4618   0   -2.516e+08   1.375e+08   0
30.4   1.239   0.8038   -0.448   0   -2.516e+08   1.375e+08   0
30.5   1.239   0.7786   -0.4343   0   -2.516e+08   1.375e+08   0
30.6   1.239   0.7534   -0.4205   0   -2.516e+08   1.375e+08   0
30.7   1.239   0.7283   -0.4068   0   -2.516e+08   1.375e+08   0
30.8   1.239   0.7031   -0.393   0   -2.516e+08   1.375e+08   0
30.9   1.239   0.678   -0.3793   0   -2.516e+08   1.375e+08   0
31   1.24   0.6528   -0.3655   0   -2.516e+08   1.375e+08   0
31.1   1.246   0.6276   -0.3518   0   -2.517e+08   1.375e+08   0
31.2   1.253   0.6025   -0.338   0   -2.518e+08   1.376e+08   0
31.3   1.259   0.5773   -0.3243   0   -2.519e+08   1.377e+08   0
31.4   1.265   0.5521   -0.3105   0   -2.519e+08   1.377e+08   0
31.5   1.272   0.5269   -0.2967   0   -2.52e+08   1.378e+08   0
31.6   1.278   0.5017   -0.283   0   -2.521e+08   1.378e+08   0
31.7   1.284   0.4765   -0.2692   0   -2.522e+08   1.379e+08   0
31.8   1.289   0.4513   -0.2554   0   -2.522e+08   1.379e+08   0
31.9   1.295   0.426   -0.2416   0   -2.523e+08   1.38e+08   0
32   1.3   0.4008   -0.2278   0   -2.523e+08   1.38e+08   0
32.1   1.305   0.3756   -0.214   0   -2.524e+08   1.381e+08   0
32.2   1.309   0.3503   -0.2002   0   -2.524e+08   1.381e+08   0
32.3   1.313   0.3251   -0.1864   0   -2.525e+08   1.381e+08   0
32.4   1.317   0.2998   -0.1725   0   -2.525e+08   1.382e+08   0
32.5   1.319   0.2746   -0.1587   0   -2.525e+08   1.382e+08   0
32.6   1.321   0.2493   -0.1449   0   -2.525e+08   1.382e+08   0
32.7   1.321   0.2241   -0.1311   0   -2.525e+08   1.382e+08   0
32.8   1.32   0.1988   -0.1173   0   -2.525e+08   1.382e+08   0
32.9   1.318   0.1736   -0.1034   0   -2.525e+08   1.382e+08   0
33   1.316   0.1483   -0.08963   0   -2.525e+08   1.382e+08   0
33.1   1.316   0.1231   -0.07581   0   -2.525e+08   1.382e+08   0
33.2   1.316   0.09781   -0.062   0   -2.525e+08   1.382e+08   0
33.3   1.316   0.07256   -0.04818   0   -2.525e+08   1.382e+08   0
33.4   1.316   0.04731   -0.03436   0   -2.525e+08   1.382e+08   0
33.5   1.316   0.02206   -0.02055   0   -2.525e+08   1.382e+08   0
33.6   1.316   -0.00319   -0.006734   0   -2.525e+08   1.382e+08   0
33.7   1.316   -0.02844   0.007081   0   -2.525e+08   1.382e+08   0
33.8   1.316   -0.05369   0.0209   0   -2.525e+08   1.382e+08   0
33.9   1.316   -0.07894   0.03471   0   -2.525e+08   1.382e+08   0
34   1.316   -0.1042   0.04853   0   -2.525e+08   1.382e+08   0
34.1   1.316   -0.1294   0.06234   0   -2.525e+08   1.382e+08   0
34.2   1.316   -0.1547   0.07616   0   -2.525e+08   1.382e+08   0
34.3   1.326   -0.1799   0.08997   0   -2.526e+08   1.382e+08   0
34.4   1.348   -0.2052   0.1038   0   -2.53e+08   1.382e+08   0
34.5   1.367   -0.2305   0.1176   0   -2.532e+08   1.382e+08   0
34.6   1.386   -0.2559   0.1314   0   -2.535e+08   1.383e+08   0
34.7   1.402   -0.2812   0.1453   0   -2.537e+08   1.383e+08   0
34.8   1.418   -0.3066   0.1591   0   -2.538e+08   1.383e+08   0
34.9   1.432   -0.332   0.1729   0   -2.54e+08   1.384e+08   0
35   1.446   -0.3574   0.1868   0   -2.541e+08   1.384e+08   0
35.1   1.458   -0.3828   0.2006   0   -2.543e+08   1.384e+08   0
35.2   1.47   -0.4083   0.2145   0   -2.544e+08   1.385e+08   0
35.3   1.481   -0.4337   0.2283   0   -2.545e+08   1.385e+08   0
35.4   1.491   -0.4592   0.2422   0   -2.546e+08   1.385e+08   0
35.5   1.5   -0.4846   0.256   0   -2.547e+08   1.386e+08   0
35.6   1.509   -0.5101   0.2699   0   -2.548e+08   1.386e+08   0
35.7   1.517   -0.5356   0.2837   0   -2.549e+08   1.386e+08   0
35.8   1.525   -0.5611   0.2976   0   -2.549e+08   1.386e+08   0
35.9   1.531   -0.5866   0.3115   0   -2.55e+08   1.387e+08   0
36   1.538   -0.6121   0.3253   0   -2.551e+08   1.387e+08   0
36.1   1.543   -0.6376   0.3392   0   -2.551e+08   1.387e+08   0
36.2   1.548   -0.6631   0.3531   0   -2.551e+08   1.387e+08   0
36.3   1.549   -0.6886   0.3669   0   -2.551e+08   1.387e+08   0
36.4   1.549   -0.7141   0.3808   0   -2.551e+08   1.387e+08   0
36.5   1.549   -0.7396   0.3947   0   -2.551e+08   1.387e+08   0
36.6   1.549   -0.7651   0.4085   0   -2.551e+08   1.387e+08   0
36.7   1.549   -0.7907   0.4224   0   -2.551e+08   1.387e+08   0
36.8   1.549   -0.8162   0.4363   0   -2.551e+08   1.387e+08   0
36.9   1.549   -0.8417   0.4502   0   -2.551e+08   1.387e+08   0
37   1.549   -0.8672   0.464   0   -2.551e+08   1.387e+08   0
37.1   1.549   -0.8927   0.4779   0   -2.551e+08   1.387e+08   0
37.2   1.549   -0.9182   0.4918   0   -2.551e+08   1.387e+08   0
37.3   1.549   -0.9438   0.5057   0   -2.551e+08   1.387e+08   0
37.4   1.549   -0.9693   0.5195   0   -2.551e+08   1.387e+08   0
37.5   1.549   -0.9948   0.5334   0   -2.551e+08   1.387e+08   0
37.6   1.549   -1.02   0.5473   0   -2.551e+08   1.387e+08   0
37.7   1.549   -1.046   0.5611   0   -2.551e+08   1.387e+08   0
37.8   1.549   -1.071   0.575   0   -2.551e+08   1.387e+08   0
37.9   1.549   -1.097   0.5889   0   -2.551e+08   1.387e+08   0
38   1.549   -1.122   0.6028   0   -2.551e+08   1.387e+08   0
38.1   1.549   -1.148   0.6166   0   -2.551e+08   1.387e+08   0
38.2   1.549   -1.173   0.6305   0   -2.551e+08   1.387e+08   0
38.3   1.549   -1.199   0.6444   0   -2.551e+08   1.387e+08   0
38.4   1.549   -1.224   0.6582   0   -2.551e+08   1.387e+08   0
38.5   1.549   -1.25   0.6721   0   -2.551e+08   1.387e+08   0
38.6   1.549   -1.275   0.686   0   -2.551e+08   1.387e+08   0
38.7   1.549   -1.301   0.6999   0   -2.551e+08   1.387e+08   0
38.8   1.549   -1.326   0.7137   0   -2.551e+08   1.387e+08   0
38.9   1.549   -1.352   0.7276   0   -2.551e+08   1.387e+08   0
39   1.549   -1.378   0.7415   0   -2.551e+08   1.387e+08   0
39.1   1.549   -1.403   0.7553   0   -2.551e+08   1.387e+08   0
39.2   1.549   -1.429   0.7692   0   -2.551e+08   1.387e+08   0
39.3   1.549   -1.454   0.7831   0   -2.551e+08   1.387e+08   0
39.4   1.549   -1.48   0.797   0   -2.551e+08   1.387e+08   0
39.5   1.549   -1.505   0.8108   0   -2.551e+08   1.387e+08   0
39.6   1.549   -1.531   0.8247   0   -2.551e+08   1.387e+08   0
39.7   1.549   -1.556   0.8386   0   -2.551e+08   1.387e+08   0
39.8   1.549   -1.582   0.8524   0   -2.551e+08   1.387e+08   0
39.9   1.549   -1.607   0.8663   0   -2.551e+08   1.387e+08   0
40   1.549   -1.633   0.8802   0   -2.551e+08   1.387e+08   0
40.1   1.549   -1.658   0.8941   0   -2.551e+08   1.387e+08   0
40.2   1.549   -1.684   0.9079   0   -2.551e+08   1.387e+08   0
40.3   1.549   -1.709   0.9218   0   -2.551e+08   1.387e+08   0
40.4   1.549   -1.735   0.9357   0   -2.551e+08   1.387e+08   0
40.5   1.549   -1.76   0.9496   0   -2.551e+08   1.387e+08   0
40.6   1.549   -1.786   0.9634   0   -2.551e+08   1.387e+08   0
40.7   1.549   -1.811   0.9773   0   -2.551e+08   1.387e+08   0
40.8   1.549   -1.837   0.9912   0   -2.551e+08   1.387e+08   0
40.9   1.549   -1.862   1.005   0   -2.551e+08   1.387e+08   0
41   1.549   -1.888   1.019   0   -2.551e+08   1.387e+08   0
41.1   1.549   -1.913   1.033   0   -2.551e+08   1.387e+08   0
41.2   1.549   -1.939   1.047   0   -2.551e+08   1.387e+08   0
41.3   1.549   -1.964   1.061   0   -2.551e+08   1.387e+08   0
41.4   1.549   -1.99   1.074   0   -2.551e+08   1.387e+08   0
41.5   1.549   -2.015   1.088   0   -2.551e+08   1.387e+08   0
41.6   1.549   -2.041   1.102   0   -2.551e+08   1.387e+08   0
41.7   1.549   -2.066   1.116   0   -2.551e+08   1.387e+08   0
41.8   1.549   -2.092   1.13   0   -2.551e+08   1.387e+08   0
41.9   1.549   -2.117   1.144   0   -2.551e+08   1.387e+08   0
42   1.549   -2.143   1.158   0   -2.551e+08   1.387e+08   0
42.1   1.549   -2.168   1.171   0   -2.551e+08   1.387e+08   0
42.2   1.549   -2.194   1.185   0   -2.551e+08   1.387e+08   0
42.3   1.549   -2.22   1.199   0   -2.551e+08   1.387e+08   0
42.4   1.549   -2.245   1.213   0   -2.551e+08   1.387e+08   0
42.5   1.549   -2.271   1.227   0   -2.551e+08   1.387e+08   0
42.6   1.549   -2.296   1.241   0   -2.551e+08   1.387e+08   0
42.7   1.549   -2.322   1.255   0   -2.551e+08   1.387e+08   0
42.8   1.549   -2.347   1.269   0   -2.551e+08   1.387e+08   0
42.9   1.549   -2.373   1.282   0   -2.551e+08   1.387e+08   0
43   1.549   -2.398   1.296   0   -2.551e+08   1.387e+08   0
43.1   1.549   -2.424   1.31   0   -2.551e+08   1.387e+08   0
43.2   1.549   -2.449   1.324   0   -2.551e+08   1.387e+08   0
43.3   1.549   -2.475   1.338   0   -2.551e+08   1.387e+08   0
43.4   1.549   -2.5   1.352   0   -2.551e+08   1.387e+08   0
43.5   1.549   -2.526   1.366   0   -2.551e+08   1.387e+08   0
43.6   1.549   -2.551   1.38   0   -2.551e+08   1.387e+08   0
43.7   1.549   -2.577   1.393   0   -2.551e+08   1.387e+08   0
43.8   1.549   -2.602   1.407   0   -2.551e+08   1.387e+08   0
43.9   1.549   -2.628   1.421   0   -2.551e+08   1.387e+08   0
44   1.549   -2.653   1.435   0   -2.551e+08   1.387e+08   0
44.1   1.549   -2.679   1.449   0   -2.551e+08   1.387e+08   0
44.2   1.549   -2.704   1.463   0   -2.551e+08   1.387e+08   0
44.3   1.549   -2.73   1.477   0   -2.551e+08   1.387e+08   0
44.4   1.549   -2.755   1.491   0   -2.551e+08   1.387e+08   0
44.5   1.549   -2.781   1.504   0   -2.551e+08   1.387e+08   0
44.6   1.549   -2.806   1.518   0   -2.551e+08   1.387e+08   0
44.7   1.549   -2.832   1.532   0   -2.551e+08   1.387e+08   0
44.8   1.549   -2.857   1.546   0   -2.551e+08   1.387e+08   0
44.9   1.549   -2.883   1.56   0   -2.551e+08   1.387e+08   0
45   1.549   -2.908   1.574   0   -2.551e+08   1.387e+08   0
