0   0.04   -0.753   0   0   1.121e+08   0   0
0.1   0.04   -0.753   0   0   1.121e+08   0   0
0.2   0.04   -0.753   0   0   1.121e+08   0   0
0.3   0.04   -0.753   0   0   1.121e+08   0   0
0.4   0.04   -0.753   0   0   1.121e+08   0   0
0.5   0.04   -0.753   0   0   1.121e+08   0   0
0.6   0.04   -0.753   0   0   1.121e+08   0   0
0.7   0.04   -0.753   0   0   1.121e+08   0   0
0.8   0.04   -0.753   0   0   1.121e+08   0   0
0.9   0.04   -0.753   0   0   1.121e+08   0   0
1   0.04   -0.753   0   0   1.121e+08   0   0
1.1   0.04   -0.753   0   0   1.121e+08   0   0
1.2   0.04   -0.753   0   0   1.121e+08   0   0
1.3   0.04   -0.753   0   0   1.121e+08   0   0
1.4   0.04   -0.753   0   0   1.121e+08   0   0
1.5   0.04   -0.753   0   0   1.121e+08   0   0
1.6   0.04   -0.753   0   0   1.121e+08   0   0
1.7   0.04   -0.753   0   0   1.121e+08   0   0
1.8   0.04   -0.753   0   0   1.121e+08   0   0
1.9   0.04   -0.753   0   0   1.121e+08   0   0
2   0.04   -0.753   0   0   1.121e+08   0   0
2.1   0.0426   -0.7417   0   0   1.153e+08   0   0
2.2   0.04541   -0.73   0   0   1.186e+08   0   0
2.3   0.04838   -0.718   0   0   1.22e+08   0   0
2.4   0.05151   -0.7056   0   0   1.253e+08   0   0
2.5   0.05479   -0.6929   0   0   1.287e+08   0   0
2.6   0.05822   -0.6799   0   0   1.321e+08   0   0
2.7   0.06178   -0.6665   0   0   1.354e+08   0   0
2.8   0.06546   -0.6528   0   0   1.388e+08   0   0
2.9   0.06925   -0.6387   0   0   1.42e+08   0   0
3   0.07313   -0.6244   0   0   1.452e+08   0   0
3.1   0.07708   -0.6097   0   0   1.484e+08   0   0
3.2   0.0811   -0.5947   0   0   1.514e+08   0   0
3.3   0.08514   -0.5794   0   0   1.544e+08   0   0
3.4   0.08919   -0.5638   0   0   1.572e+08   0   0
3.5   0.09323   -0.548   0   0   1.6e+08   0   0
3.6   0.09721   -0.5318   0   0   1.626e+08   0   0
3.7   0.1011   -0.5154   0   0   1.651e+08   0   0
3.8   0.1049   -0.4988   0   0   1.674e+08   0   0
3.9   0.1086   -0.482   0   0   1.695e+08   0   0
4   0.112   -0.4649   0   0   1.715e+08   0   0
4.1   0.1153   -0.4477   0   0   1.733e+08   0   0
4.2   0.1182   -0.4303   0   0   1.749e+08   0   0
4.3   0.1209   -0.4127   0   0   1.763e+08   0   0
4.4   0.1231   -0.395   0   0   1.775e+08   0   0
4.5   0.125   -0.3772   0   0   1.785e+08   0   0
4.6   0.1263   -0.3593   0   0   1.792e+08   0   0
4.7   0.1272   -0.3414   0   0   1.796e+08   0   0
4.8   0.1274   -0.3234   0   0   1.797e+08   0   0
4.9   0.1269   -0.3054   0   0   1.794e+08   0   0
5   0.1256   -0.2875   0   0   1.788e+08   0   0
5.1   0.1235   -0.2697   0   0   1.777e+08   0   0
5.2   0.1205   -0.252   0   0   1.761e+08   0   0
5.3   0.1164   -0.2345   0   0   1.74e+08   0   0
5.4   0.1113   -0.2172   0   0   1.711e+08   0   0
5.5   0.1049   -0.2003   0   0   1.673e+08   0   0
5.6   0.09936   -0.1838   0   0   1.64e+08   0   0
5.7   0.09936   -0.1674   0   0   1.64e+08   0   0
5.8   0.09936   -0.151   0   0   1.64e+08   0   0
5.9   0.09936   -0.1346   0   0   1.64e+08   0   0
6   0.09936   -0.1182   0   0   1.64e+08   0   0
6.1   0.09936   -0.1018   0   0   1.64e+08   0   0
6.2   0.09936   -0.08542   0   0   1.64e+08   0   0
6.3   0.09936   -0.06902   0   0   1.64e+08   0   0
6.4   0.09936   -0.05263   0   0   1.64e+08   0   0
6.5   0.09936   -0.03623   0   0   1.64e+08   0   0
6.6   0.09936   -0.01984   0   0   1.64e+08   0   0
6.7   0.09936   -0.003443   0   0   1.64e+08   0   0
6.8   0.09936   0.01295   0   0   1.64e+08   0   0
6.9   0.09936   0.02935   0   0   1.64e+08   0   0
7   0.09936   0.04574   0   0   1.64e+08   0   0
7.1   0.09936   0.06214   0   0   1.64e+08   0   0
7.2   0.09936   0.07853   0   0   1.64e+08   0   0
7.3   0.09936   0.09493   0   0   1.64e+08   0   0
7.4   0.09936   0.1113   0   0   1.64e+08   0   0
7.5   0.09936   0.1277   0   0   1.64e+08   0   0
7.6   0.09936   0.1441   0   0   1.64e+08   0   0
7.7   0.09936   0.1605   0   0   1.64e+08   0   0
7.8   0.09936   0.1769   0   0   1.64e+08   0   0
7.9   0.1034   0.1933   0   0   1.665e+08   0   0
8   0.1163   0.2104   0   0   1.739e+08   0   0
8.1   0.128   0.2281   0   0   1.8e+08   0   0
8.2   0.1386   0.2463   0   0   1.851e+08   0   0
8.3   0.1481   0.2651   0   0   1.894e+08   0   0
8.4   0.1565   0.2842   0   0   1.929e+08   0   0
8.5   0.1639   0.3036   0   0   1.958e+08   0   0
8.6   0.1703   0.3233   0   0   1.983e+08   0   0
8.7   0.1757   0.3433   0   0   2.003e+08   0   0
8.8   0.1803   0.3634   0   0   2.019e+08   0   0
8.9   0.1841   0.3837   0   0   2.032e+08   0   0
9   0.1871   0.404   0   0   2.042e+08   0   0
9.1   0.1893   0.4245   0   0   2.05e+08   0   0
9.2   0.191   0.445   0   0   2.055e+08   0   0
9.3   0.192   0.4656   0   0   2.059e+08   0   0
9.4   0.1924   0.4862   0   0   2.06e+08   0   0
9.5   0.1923   0.5068   0   0   2.06e+08   0   0
9.6   0.1917   0.5274   0   0   2.058e+08   0   0
9.7   0.1907   0.5479   0   0   2.055e+08   0   0
9.8   0.1893   0.5685   0   0   2.05e+08   0   0
9.9   0.1875   0.5889   0   0   2.044e+08   0   0
10   0.1854   0.6093   0   0   2.037e+08   0   0
10.1   0.183   0.6297   0   0   2.029e+08   0   0
10.2   0.1804   0.6499   0   0   2.019e+08   0   0
10.3   0.1775   0.6701   0   0   2.009e+08   0   0
10.4   0.1744   0.6901   0   0   1.998e+08   0   0
10.5   0.1711   0.71   0   0   1.986e+08   0   0
10.6   0.1677   0.7298   0   0   1.973e+08   0   0
10.7   0.1642   0.7495   0   0   1.959e+08   0   0
10.8   0.1635   0.769   0   0   1.957e+08   0   0
10.9   0.1635   0.7886   0   0   1.957e+08   0   0
11   0.1635   0.8082   0   0   1.957e+08   0   0
11.1   0.1635   0.8277   0   0   1.957e+08   0   0
11.2   0.1635   0.8473   0   0   1.957e+08   0   0
11.3   0.1635   0.8669   0   0   1.957e+08   0   0
11.4   0.1635   0.8865   0   0   1.957e+08   0   0
11.5   0.1635   0.906   0   0   1.957e+08   0   0
11.6   0.1635   0.9256   0   0   1.957e+08   0   0
11.7   0.1635   0.9452   0   0   1.957e+08   0   0
11.8   0.1635   0.9647   0   0   1.957e+08   0   0
11.9   0.1635   0.9843   0   0   1.957e+08   0   0
12   0.1635   1.004   0   0   1.957e+08   0   0
12.1   0.1635   1.023   0   0   1.957e+08   0   0
12.2   0.1635   1.043   0   0   1.957e+08   0   0
12.3   0.1635   1.063   0   0   1.957e+08   0   0
12.4   0.1635   1.082   0   0   1.957e+08   0   0
12.5   0.1635   1.102   0   0   1.957e+08   0   0
12.6   0.1638   1.121   -0.002028   0   1.879e+08   -5.52e+07   0
12.7   0.1642   1.138   -0.01112   0   1.521e+08   -1.236e+08   0
12.8   0.1646   1.151   -0.02617   0   9.261e+07   -1.729e+08   0
12.9   0.165   1.156   -0.04483   0   1.872e+07   -1.954e+08   0
13   0.1654   1.154   -0.06423   0   -5.814e+07   -1.876e+08   0
13.1   0.1658   1.145   -0.08136   0   -1.261e+08   -1.508e+08   0
13.2   0.1662   1.13   -0.09357   0   -1.746e+08   -9.066e+07   0
13.3   0.1666   1.111   -0.09896   0   -1.962e+08   -1.645e+07   0
13.4   0.1669   1.091   -0.09723   0   -1.943e+08   3.241e+07   0
13.5   0.1669   1.072   -0.09399   0   -1.943e+08   3.241e+07   0
13.6   0.1669   1.052   -0.09074   0   -1.943e+08   3.241e+07   0
13.7   0.1669   1.033   -0.0875   0   -1.943e+08   3.241e+07   0
13.8   0.1669   1.014   -0.08426   0   -1.943e+08   3.241e+07   0
13.9   0.1669   0.9941   -0.08102   0   -1.943e+08   3.241e+07   0
14   0.1669   0.9747   -0.07778   0   -1.943e+08   3.241e+07   0
14.1   0.1669   0.9553   -0.07454   0   -1.943e+08   3.241e+07   0
14.2   0.1669   0.9358   -0.0713   0   -1.943e+08   3.241e+07   0
14.3   0.1669   0.9164   -0.06806   0   -1.943e+08   3.241e+07   0
14.4   0.1669   0.897   -0.06481   0   -1.943e+08   3.241e+07   0
14.5   0.1669   0.8775   -0.06157   0   -1.943e+08   3.241e+07   0
14.6   0.1669   0.8581   -0.05833   0   -1.943e+08   3.241e+07   0
14.7   0.1669   0.8387   -0.05509   0   -1.943e+08   3.241e+07   0
14.8   0.1669   0.8193   -0.05185   0   -1.943e+08   3.241e+07   0
14.9   0.1669   0.7998   -0.04861   0   -1.943e+08   3.241e+07   0
15   0.1669   0.7804   -0.04537   0   -1.943e+08   3.241e+07   0
15.1   0.1669   0.761   -0.04212   0   -1.943e+08   3.241e+07   0
15.2   0.1652   0.7416   -0.03888   0   -1.936e+08   3.243e+07   0
15.3   0.1618   0.7223   -0.03564   0   -1.923e+08   3.248e+07   0
15.4   0.1581   0.7031   -0.03239   0   -1.908e+08   3.254e+07   0
15.5   0.1541   0.6841   -0.02913   0   -1.891e+08   3.261e+07   0
15.6   0.1499   0.6653   -0.02586   0   -1.873e+08   3.269e+07   0
15.7   0.1454   0.6467   -0.02259   0   -1.853e+08   3.279e+07   0
15.8   0.1407   0.6282   -0.0193   0   -1.831e+08   3.292e+07   0
15.9   0.1357   0.61   -0.01601   0   -1.807e+08   3.306e+07   0
16   0.1305   0.5921   -0.01269   0   -1.782e+08   3.323e+07   0
16.1   0.1252   0.5744   -0.009359   0   -1.754e+08   3.343e+07   0
16.2   0.1197   0.557   -0.006004   0   -1.725e+08   3.366e+07   0
16.3   0.1141   0.5399   -0.002625   0   -1.693e+08   3.392e+07   0
16.4   0.1084   0.5232   0.000782   0   -1.66e+08   3.423e+07   0
16.5   0.1027   0.5068   0.004222   0   -1.624e+08   3.457e+07   0
16.6   0.09691   0.4907   0.007699   0   -1.586e+08   3.496e+07   0
16.7   0.09115   0.475   0.01122   0   -1.546e+08   3.541e+07   0
16.8   0.08546   0.4598   0.01478   0   -1.504e+08   3.59e+07   0
16.9   0.07986   0.445   0.0184   0   -1.46e+08   3.646e+07   0
17   0.0744   0.4306   0.02208   0   -1.415e+08   3.707e+07   0
17.1   0.06911   0.4167   0.02582   0   -1.368e+08   3.774e+07   0
17.2   0.06404   0.4033   0.02963   0   -1.32e+08   3.848e+07   0
17.3   0.05921   0.3903   0.03352   0   -1.271e+08   3.929e+07   0
17.4   0.05468   0.3778   0.03749   0   -1.222e+08   4.015e+07   0
17.5   0.05045   0.3659   0.04155   0   -1.172e+08   4.108e+07   0
17.6   0.04656   0.3544   0.04571   0   -1.123e+08   4.206e+07   0
17.7   0.04302   0.3434   0.04996   0   -1.075e+08   4.308e+07   0
17.8   0.03985   0.3329   0.05432   0   -1.029e+08   4.414e+07   0
17.9   0.03705   0.3228   0.05879   0   -9.848e+07   4.521e+07   0
18   0.03463   0.3132   0.06337   0   -9.435e+07   4.629e+07   0
18.1   0.03257   0.304   0.06805   0   -9.058e+07   4.734e+07   0
18.2   0.03086   0.2951   0.07284   0   -8.722e+07   4.835e+07   0
18.3   0.02949   0.2865   0.07772   0   -8.433e+07   4.927e+07   0
18.4   0.02844   0.2782   0.08269   0   -8.197e+07   5.009e+07   0
18.5   0.02769   0.2701   0.08773   0   -8.017e+07   5.075e+07   0
18.6   0.02722   0.2621   0.09283   0   -7.897e+07   5.122e+07   0
18.7   0.02701   0.2543   0.09797   0   -7.842e+07   5.146e+07   0
18.8   0.02705   0.2464   0.1031   0   -7.853e+07   5.141e+07   0
18.9   0.02732   0.2385   0.1082   0   -7.93e+07   5.102e+07   0
19   0.02784   0.2305   0.1133   0   -8.075e+07   5.025e+07   0
19.1   0.02859   0.2224   0.1183   0   -8.287e+07   4.904e+07   0
19.2   0.0296   0.2139   0.1231   0   -8.563e+07   4.733e+07   0
19.3   0.03089   0.2052   0.1277   0   -8.902e+07   4.507e+07   0
19.4   0.0325   0.1961   0.1321   0   -9.299e+07   4.219e+07   0
19.5   0.03447   0.1866   0.1361   0   -9.751e+07   3.863e+07   0
19.6   0.03686   0.1766   0.1398   0   -1.025e+08   3.435e+07   0
19.7   0.03973   0.1661   0.143   0   -1.079e+08   2.927e+07   0
19.8   0.04316   0.155   0.1456   0   -1.136e+08   2.334e+07   0
19.9   0.04725   0.1433   0.1476   0   -1.196e+08   1.65e+07   0
20   0.05209   0.1311   0.1489   0   -1.256e+08   8.691e+06   0
20.1   0.05781   0.1182   0.1493   0   -1.317e+08   -1.433e+05   0
20.2   0.05952   0.1049   0.1491   0   -1.333e+08   -2.712e+06   0
20.3   0.05952   0.09157   0.1488   0   -1.333e+08   -2.712e+06   0
20.4   0.05952   0.07824   0.1485   0   -1.333e+08   -2.712e+06   0
20.5   0.05952   0.06491   0.1482   0   -1.333e+08   -2.712e+06   0
20.6   0.05952   0.05158   0.148   0   -1.333e+08   -2.712e+06   0
20.7   0.05952   0.03825   0.1477   0   -1.333e+08   -2.712e+06   0
20.8   0.05952   0.02492   0.1474   0   -1.333e+08   -2.712e+06   0
20.9   0.05952   0.0116   0.1472   0   -1.333e+08   -2.712e+06   0
21   0.05952   -0.001734   0.1469   0   -1.333e+08   -2.712e+06   0
21.1   0.05952   -0.01506   0.1466   0   -1.333e+08   -2.712e+06   0
21.2   0.05952   -0.02839   0.1463   0   -1.333e+08   -2.712e+06   0
21.3   0.05952   -0.04172   0.1461   0   -1.333e+08   -2.712e+06   0
21.4   0.05952   -0.05505   0.1458   0   -1.333e+08   -2.712e+06   0
21.5   0.05952   -0.06838   0.1455   0   -1.333e+08   -2.712e+06   0
21.6   0.05952   -0.08171   0.1453   0   -1.333e+08   -2.712e+06   0
21.7   0.05952   -0.09504   0.145   0   -1.333e+08   -2.712e+06   0
21.8   0.05952   -0.1084   0.1447   0   -1.333e+08   -2.712e+06   0
21.9   0.05905   -0.1217   0.1444   0   -1.328e+08   -3.398e+06   0
22   0.05287   -0.1346   0.1436   0   -1.261e+08   -1.264e+07   0
22.1   0.04763   -0.1469   0.1419   0   -1.193e+08   -2.086e+07   0
22.2   0.0432   -0.1585   0.1395   0   -1.126e+08   -2.812e+07   0
22.3   0.03949   -0.1694   0.1363   0   -1.06e+08   -3.446e+07   0
22.4   0.03639   -0.1797   0.1326   0   -9.978e+07   -3.995e+07   0
22.5   0.03381   -0.1894   0.1284   0   -9.39e+07   -4.464e+07   0
22.6   0.03168   -0.1985   0.1237   0   -8.847e+07   -4.859e+07   0
22.7   0.02993   -0.2071   0.1187   0   -8.356e+07   -5.186e+07   0
22.8   0.02851   -0.2152   0.1134   0   -7.922e+07   -5.45e+07   0
22.9   0.02736   -0.223   0.1078   0   -7.551e+07   -5.658e+07   0
23   0.02646   -0.2303   0.102   0   -7.245e+07   -5.816e+07   0
23.1   0.02578   -0.2375   0.09617   0   -7.008e+07   -5.928e+07   0
23.2   0.0253   -0.2444   0.09021   0   -6.841e+07   -6e+07   0
23.3   0.02503   -0.2512   0.08418   0   -6.745e+07   -6.038e+07   0
23.4   0.02495   -0.2579   0.07814   0   -6.72e+07   -6.048e+07   0
23.5   0.02509   -0.2646   0.0721   0   -6.765e+07   -6.033e+07   0
23.6   0.02546   -0.2715   0.06608   0   -6.878e+07   -5.999e+07   0
23.7   0.02608   -0.2784   0.0601   0   -7.056e+07   -5.949e+07   0
23.8   0.02698   -0.2856   0.05419   0   -7.294e+07   -5.889e+07   0
23.9   0.02818   -0.293   0.04833   0   -7.59e+07   -5.821e+07   0
24   0.0297   -0.3008   0.04255   0   -7.936e+07   -5.748e+07   0
24.1   0.03157   -0.3089   0.03684   0   -8.328e+07   -5.674e+07   0
24.2   0.0338   -0.3175   0.0312   0   -8.758e+07   -5.6e+07   0
24.3   0.03641   -0.3264   0.02564   0   -9.22e+07   -5.529e+07   0
24.4   0.0394   -0.3359   0.02014   0   -9.708e+07   -5.462e+07   0
24.5   0.04277   -0.3459   0.01471   0   -1.021e+08   -5.399e+07   0
24.6   0.04652   -0.3563   0.009341   0   -1.073e+08   -5.343e+07   0
24.7   0.05062   -0.3673   0.004024   0   -1.126e+08   -5.293e+07   0
24.8   0.05506   -0.3789   -0.001246   0   -1.178e+08   -5.249e+07   0
24.9   0.0598   -0.3909   -0.006475   0   -1.23e+08   -5.212e+07   0
25   0.06482   -0.4035   -0.01167   0   -1.281e+08   -5.18e+07   0
25.1   0.07008   -0.4165   -0.01684   0   -1.331e+08   -5.155e+07   0
25.2   0.07554   -0.4301   -0.02198   0   -1.379e+08   -5.134e+07   0
25.3   0.08115   -0.4441   -0.02711   0   -1.426e+08   -5.119e+07   0
25.4   0.08689   -0.4586   -0.03222   0   -1.47e+08   -5.108e+07   0
25.5   0.0927   -0.4735   -0.03733   0   -1.513e+08   -5.101e+07   0
25.6   0.09854   -0.4888   -0.04242   0   -1.553e+08   -5.098e+07   0
25.7   0.1044   -0.5046   -0.04752   0   -1.591e+08   -5.097e+07   0
25.8   0.1102   -0.5207   -0.05262   0   -1.626e+08   -5.099e+07   0
25.9   0.1159   -0.5371   -0.05772   0   -1.66e+08   -5.103e+07   0
26   0.1215   -0.5538   -0.06282   0   -1.691e+08   -5.108e+07   0
26.1   0.1269   -0.5709   -0.06794   0   -1.72e+08   -5.115e+07   0
26.2   0.1322   -0.5882   -0.07306   0   -1.747e+08   -5.123e+07   0
26.3   0.1373   -0.6058   -0.07818   0   -1.772e+08   -5.132e+07   0
26.4   0.1421   -0.6237   -0.08332   0   -1.795e+08   -5.141e+07   0
26.5   0.1468   -0.6417   -0.08847   0   -1.816e+08   -5.151e+07   0
26.6   0.1511   -0.66   -0.09362   0   -1.835e+08   -5.16e+07   0
26.7   0.1552   -0.6784   -0.09879   0   -1.853e+08   -5.17e+07   0
26.8   0.159   -0.6971   -0.104   0   -1.869e+08   -5.179e+07   0
26.9   0.1625   -0.7158   -0.1091   0   -1.883e+08   -5.189e+07   0
27   0.1657   -0.7347   -0.1143   0   -1.896e+08   -5.197e+07   0
27.1   0.1672   -0.7537   -0.1195   0   -1.901e+08   -5.201e+07   0
27.2   0.1672   -0.7727   -0.1247   0   -1.901e+08   -5.201e+07   0
27.3   0.1672   -0.7917   -0.1299   0   -1.901e+08   -5.201e+07   0
27.4   0.1672   -0.8107   -0.1351   0   -1.901e+08   -5.201e+07   0
27.5   0.1672   -0.8298   -0.1403   0   -1.901e+08   -5.201e+07   0
27.6   0.1672   -0.8488   -0.1455   0   -1.901e+08   -5.201e+07   0
27.7   0.1672   -0.8678   -0.1507   0   -1.901e+08   -5.201e+07   0
27.8   0.1672   -0.8868   -0.1559   0   -1.901e+08   -5.201e+07   0
27.9   0.1672   -0.9058   -0.1611   0   -1.901e+08   -5.201e+07   0
28   0.1672   -0.9248   -0.1664   0   -1.901e+08   -5.201e+07   0
28.1   0.1672   -0.9438   -0.1716   0   -1.901e+08   -5.201e+07   0
28.2   0.1672   -0.9628   -0.1768   0   -1.901e+08   -5.201e+07   0
28.3   0.1672   -0.9819   -0.182   0   -1.901e+08   -5.201e+07   0
28.4   0.1672   -1.001   -0.1872   0   -1.901e+08   -5.201e+07   0
28.5   0.1672   -1.02   -0.1924   0   -1.901e+08   -5.201e+07   0
28.6   0.1672   -1.039   -0.1976   0   -1.901e+08   -5.201e+07   0
28.7   0.1672   -1.058   -0.2028   0   -1.901e+08   -5.201e+07   0
28.8   0.1672   -1.077   -0.208   0   -1.901e+08   -5.201e+07   0
28.9   0.1672   -1.096   -0.2132   0   -1.901e+08   -5.201e+07   0
29   0.1672   -1.115   -0.2184   0   -1.901e+08   -5.201e+07   0
29.1   0.1672   -1.134   -0.2236   0   -1.901e+08   -5.201e+07   0
29.2   0.1672   -1.153   -0.2288   0   -1.901e+08   -5.201e+07   0
29.3   0.1672   -1.172   -0.234   0   -1.901e+08   -5.201e+07   0
29.4   0.1672   -1.191   -0.2392   0   -1.901e+08   -5.201e+07   0
29.5   0.1672   -1.21   -0.2444   0   -1.901e+08   -5.201e+07   0
29.6   0.1672   -1.229   -0.2496   0   -1.901e+08   -5.201e+07   0
29.7   0.1672   -1.248   -0.2548   0   -1.901e+08   -5.201e+07   0
29.8   0.1672   -1.267   -0.26   0   -1.901e+08   -5.201e+07   0
29.9   0.1672   -1.286   -0.2652   0   -1.901e+08   -5.201e+07   0
30   0.1672   -1.305   -0.2704   0   -1.901e+08   -5.201e+07   0
30.1   0.1672   -1.324   -0.2756   0   -1.901e+08   -5.201e+07   0
30.2   0.1672   -1.343   -0.2808   0   -1.901e+08   -5.201e+07   0
30.3   0.1672   -1.362   -0.286   0   -1.901e+08   -5.201e+07   0
30.4   0.1672   -1.381   -0.2912   0   -1.901e+08   -5.201e+07   0
30.5   0.1672   -1.4   -0.2964   0   -1.901e+08   -5.201e+07   0
30.6   0.1672   -1.419   -0.3016   0   -1.901e+08   -5.201e+07   0
30.7   0.1672   -1.438   -0.3068   0   -1.901e+08   -5.201e+07   0
30.8   0.1672   -1.457   -0.312   0   -1.901e+08   -5.201e+07   0
30.9   0.1672   -1.476   -0.3172   0   -1.901e+08   -5.201e+07   0
31   0.1672   -1.495   -0.3224   0   -1.901e+08   -5.201e+07   0
31.1   0.1672   -1.514   -0.3276   0   -1.901e+08   -5.201e+07   0
31.2   0.1672   -1.533   -0.3328   0   -1.901e+08   -5.201e+07   0
31.3   0.1672   -1.552   -0.338   0   -1.901e+08   -5.201e+07   0
31.4   0.1672   -1.571   -0.3432   0   -1.901e+08   -5.201e+07   0
31.5   0.1672   -1.59   -0.3484   0   -1.901e+08   -5.201e+07   0
31.6   0.1672   -1.609   -0.3536   0   -1.901e+08   -5.201e+07   0
31.7   0.1672   -1.628   -0.3588   0   -1.901e+08   -5.201e+07   0
31.8   0.1672   -1.647   -0.364   0   -1.901e+08   -5.201e+07   0
31.9   0.1672   -1.666   -0.3692   0   -1.901e+08   -5.201e+07   0
32   0.1672   -1.685   -0.3744   0   -1.901e+08   -5.201e+07   0
32.1   0.1672   -1.704   -0.3796   0   -1.901e+08   -5.201e+07   0
32.2   0.1672   -1.723   -0.3848   0   -1.901e+08   -5.201e+07   0
32.3   0.1672   -1.742   -0.39   0   -1.901e+08   -5.201e+07   0
32.4   0.1672   -1.761   -0.3952   0   -1.901e+08   -5.201e+07   0
32.5   0.1672   -1.78   -0.4004   0   -1.901e+08   -5.201e+07   0
32.6   0.1672   -1.799   -0.4056   0   -1.901e+08   -5.201e+07   0
32.7   0.1672   -1.818   -0.4108   0   -1.901e+08   -5.201e+07   0
32.8   0.1672   -1.837   -0.416   0   -1.901e+08   -5.201e+07   0
32.9   0.1672   -1.856   -0.4212   0   -1.901e+08   -5.201e+07   0
33   0.1672   -1.875   -0.4264   0   -1.901e+08   -5.201e+07   0
33.1   0.1672   -1.894   -0.4316   0   -1.901e+08   -5.201e+07   0
33.2   0.1672   -1.913   -0.4368   0   -1.901e+08   -5.201e+07   0
33.3   0.1672   -1.932   -0.442   0   -1.901e+08   -5.201e+07   0
33.4   0.1672   -1.951   -0.4472   0   -1.901e+08   -5.201e+07   0
33.5   0.1672   -1.97   -0.4524   0   -1.901e+08   -5.201e+07   0
33.6   0.1672   -1.99   -0.4576   0   -1.901e+08   -5.201e+07   0
33.7   0.1672   -2.009   -0.4628   0   -1.901e+08   -5.201e+07   0
33.8   0.1672   -2.028   -0.468   0   -1.901e+08   -5.201e+07   0
33.9   0.1672   -2.047   -0.4732   0   -1.901e+08   -5.201e+07   0
34   0.1672   -2.066   -0.4784   0   -1.901e+08   -5.201e+07   0
34.1   0.1672   -2.085   -0.4836   0   -1.901e+08   -5.201e+07   0
34.2   0.1672   -2.104   -0.4888   0   -1.901e+08   -5.201e+07   0
34.3   0.1672   -2.123   -0.494   0   -1.901e+08   -5.201e+07   0
34.4   0.1672   -2.142   -0.4992   0   -1.901e+08   -5.201e+07   0
34.5   0.1672   -2.161   -0.5044   0   -1.901e+08   -5.201e+07   0
34.6   0.1672   -2.18   -0.5096   0   -1.901e+08   -5.201e+07   0
34.7   0.1672   -2.199   -0.5148   0   -1.901e+08   -5.201e+07   0
34.8   0.1672   -2.218   -0.52   0   -1.901e+08   -5.201e+07   0
34.9   0.1672   -2.237   -0.5252   0   -1.901e+08   -5.201e+07   0
35   0.1672   -2.256   -0.5304   0   -1.901e+08   -5.201e+07   0
35.1   0.1672   -2.275   -0.5357   0   -1.901e+08   -5.201e+07   0
35.2   0.1672   -2.294   -0.5409   0   -1.901e+08   -5.201e+07   0
35.3   0.1672   -2.313   -0.5461   0   -1.901e+08   -5.201e+07   0
35.4   0.1672   -2.332   -0.5513   0   -1.901e+08   -5.201e+07   0
35.5   0.1672   -2.351   -0.5565   0   -1.901e+08   -5.201e+07   0
35.6   0.1672   -2.37   -0.5617   0   -1.901e+08   -5.201e+07   0
35.7   0.1672   -2.389   -0.5669   0   -1.901e+08   -5.201e+07   0
35.8   0.1672   -2.408   -0.5721   0   -1.901e+08   -5.201e+07   0
35.9   0.1672   -2.427   -0.5773   0   -1.901e+08   -5.201e+07   0
36   0.1672   -2.446   -0.5825   0   -1.901e+08   -5.201e+07   0
36.1   0.1672   -2.465   -0.5877   0   -1.901e+08   -5.201e+07   0
36.2   0.1672   -2.484   -0.5929   0   -1.901e+08   -5.201e+07   0
36.3   0.1672   -2.503   -0.5981   0   -1.901e+08   -5.201e+07   0
36.4   0.1672   -2.522   -0.6033   0   -1.901e+08   -5.201e+07   0
36.5   0.1672   -2.541   -0.6085   0   -1.901e+08   -5.201e+07   0
36.6   0.1672   -2.56   -0.6137   0   -1.901e+08   -5.201e+07   0
36.7   0.1672   -2.579   -0.6189   0   -1.901e+08   -5.201e+07   0
36.8   0.1672   -2.598   -0.6241   0   -1.901e+08   -5.201e+07   0
36.9   0.1672   -2.617   -0.6293   0   -1.901e+08   -5.201e+07   0
37   0.1672   -2.636   -0.6345   0   -1.901e+08   -5.201e+07   0
37.1   0.1672   -2.655   -0.6397   0   -1.901e+08   -5.201e+07   0
37.2   0.1672   -2.674   -0.6449   0   -1.901e+08   -5.201e+07   0
37.3   0.1672   -2.693   -0.6501   0   -1.901e+08   -5.201e+07   0
37.4   0.1672   -2.712   -0.6553   0   -1.901e+08   -5.201e+07   0
37.5   0.1672   -2.731   -0.6605   0   -1.901e+08   -5.201e+07   0
37.6   0.1672   -2.75   -0.6657   0   -1.901e+08   -5.201e+07   0
37.7   0.1672   -2.769   -0.6709   0   -1.901e+08   -5.201e+07   0
37.8   0.1672   -2.788   -0.6761   0   -1.901e+08   -5.201e+07   0
37.9   0.1672   -2.807   -0.6813   0   -1.901e+08   -5.201e+07   0
38   0.1672   -2.826   -0.6865   0   -1.901e+08   -5.201e+07   0
38.1   0.1672   -2.845   -0.6917   0   -1.901e+08   -5.201e+07   0
38.2   0.1672   -2.864   -0.6969   0   -1.901e+08   -5.201e+07   0
38.3   0.1672   -2.883   -0.7021   0   -1.901e+08   -5.201e+07   0
38.4   0.1672   -2.902   -0.7073   0   -1.901e+08   -5.201e+07   0
38.5   0.1672   -2.921   -0.7125   0   -1.901e+08   -5.201e+07   0
38.6   0.1672   -2.94   -0.7177   0   -1.901e+08   -5.201e+07   0
38.7   0.1672   -2.959   -0.7229   0   -1.901e+08   -5.201e+07   0
38.8   0.1672   -2.978   -0.7281   0   -1.901e+08   -5.201e+07   0
38.9   0.1672   -2.997   -0.7333   0   -1.901e+08   -5.201e+07   0
39   0.1672   -3.016   -0.7385   0   -1.901e+08   -5.201e+07   0
39.1   0.1672   -3.035   -0.7437   0   -1.901e+08   -5.201e+07   0
39.2   0.1672   -3.054   -0.7489   0   -1.901e+08   -5.201e+07   0
39.3   0.1672   -3.073   -0.7541   0   -1.901e+08   -5.201e+07   0
39.4   0.1672   -3.092   -0.7593   0   -1.901e+08   -5.201e+07   0
39.5   0.1672   -3.111   -0.7645   0   -1.901e+08   -5.201e+07   0
39.6   0.1672   -3.13   -0.7697   0   -1.901e+08   -5.201e+07   0
39.7   0.1672   -3.149   -0.7749   0   -1.901e+08   -5.201e+07   0
39.8   0.1672   -3.168   -0.7801   0   -1.901e+08   -5.201e+07   0
39.9   0.1672   -3.187   -0.7853   0   -1.901e+08   -5.201e+07   0
40   0.1672   -3.206   -0.7905   0   -1.901e+08   -5.201e+07   0
40.1   0.1672   -3.225   -0.7957   0   -1.901e+08   -5.201e+07   0
40.2   0.1672   -3.244   -0.8009   0   -1.901e+08   -5.201e+07   0
40.3   0.1672   -3.263   -0.8061   0   -1.901e+08   -5.201e+07   0
40.4   0.1672   -3.282   -0.8113   0   -1.901e+08   -5.201e+07   0
40.5   0.1672   -3.301   -0.8165   0   -1.901e+08   -5.201e+07   0
40.6   0.1672   -3.32   -0.8217   0   -1.901e+08   -5.201e+07   0
40.7   0.1672   -3.339   -0.8269   0   -1.901e+08   -5.201e+07   0
40.8   0.1672   -3.358   -0.8321   0   -1.901e+08   -5.201e+07   0
40.9   0.1672   -3.377   -0.8373   0   -1.901e+08   -5.201e+07   0
41   0.1672   -3.396   -0.8425   0   -1.901e+08   -5.201e+07   0
41.1   0.1672   -3.415   -0.8477   0   -1.901e+08   -5.201e+07   0
41.2   0.1672   -3.434   -0.8529   0   -1.901e+08   -5.201e+07   0
41.3   0.1672   -3.453   -0.8581   0   -1.901e+08   -5.201e+07   0
41.4   0.1672   -3.472   -0.8633   0   -1.901e+08   -5.201e+07   0
41.5   0.1672   -3.491   -0.8685   0   -1.901e+08   -5.201e+07   0
41.6   0.1672   -3.51   -0.8737   0   -1.901e+08   -5.201e+07   0
41.7   0.1672   -3.53   -0.8789   0   -1.901e+08   -5.201e+07   0
41.8   0.1672   -3.549   -0.8841   0   -1.901e+08   -5.201e+07   0
41.9   0.1672   -3.568   -0.8893   0   -1.901e+08   -5.201e+07   0
42   0.1672   -3.587   -0.8945   0   -1.901e+08   -5.201e+07   0
42.1   0.1672   -3.606   -0.8997   0   -1.901e+08   -5.201e+07   0
42.2   0.1672   -3.625   -0.9049   0   -1.901e+08   -5.201e+07   0
42.3   0.1672   -3.644   -0.9102   0   -1.901e+08   -5.201e+07   0
42.4   0.1672   -3.663   -0.9154   0   -1.901e+08   -5.201e+07   0
42.5   0.1672   -3.682   -0.9206   0   -1.901e+08   -5.201e+07   0
42.6   0.1672   -3.701   -0.9258   0   -1.901e+08   -5.201e+07   0
42.7   0.1672   -3.72   -0.931   0   -1.901e+08   -5.201e+07   0
42.8   0.1672   -3.739   -0.9362   0   -1.901e+08   -5.201e+07   0
42.9   0.1672   -3.758   -0.9414   0   -1.901e+08   -5.201e+07   0
43   0.1672   -3.777   -0.9466   0   -1.901e+08   -5.201e+07   0
43.1   0.1672   -3.796   -0.9518   0   -1.901e+08   -5.201e+07   0
43.2   0.1672   -3.815   -0.957   0   -1.901e+08   -5.201e+07   0
43.3   0.1672   -3.834   -0.9622   0   -1.901e+08   -5.201e+07   0
43.4   0.1672   -3.853   -0.9674   0   -1.901e+08   -5.201e+07   0
43.5   0.1672   -3.872   -0.9726   0   -1.901e+08   -5.201e+07   0
43.6   0.1672   -3.891   -0.9778   0   -1.901e+08   -5.201e+07   0
43.7   0.1672   -3.91   -0.983   0   -1.901e+08   -5.201e+07   0
43.8   0.1672   -3.929   -0.9882   0   -1.901e+08   -5.201e+07   0
43.9   0.1672   -3.948   -0.9934   0   -1.901e+08   -5.201e+07   0
44   0.1672   -3.967   -0.9986   0   -1.901e+08   -5.201e+07   0
44.1   0.1672   -3.986   -1.004   0   -1.901e+08   -5.201e+07   0
44.2   0.1672   -4.005   -1.009   0   -1.901e+08   -5.201e+07   0
44.3   0.1672   -4.024   -1.014   0   -1.901e+08   -5.201e+07   0
44.4   0.1672   -4.043   -1.019   0   -1.901e+08   -5.201e+07   0
44.5   0.1672   -4.062   -1.025   0   -1.901e+08   -5.201e+07   0
44.6   0.1672   -4.081   -1.03   0   -1.901e+08   -5.201e+07   0
44.7   0.1672   -4.1   -1.035   0   -1.901e+08   -5.201e+07   0
44.8   0.1672   -4.119   -1.04   0   -1.901e+08   -5.201e+07   0
44.9   0.1672   -4.138   -1.045   0   -1.901e+08   -5.201e+07   0
45   0.1672   -4.157   -1.051   0   -1.901e+08   -5.201e+07   0
