0   0.04   -0.753   0   0   1.121e+08   0   0
0.1   0.04   -0.753   0   0   1.121e+08   0   0
0.2   0.04   -0.753   0   0   1.121e+08   0   0
0.3   0.04022   -0.7421   0   0   1.124e+08   0   0
0.4   0.04063   -0.7308   0   0   1.129e+08   0   0
0.5   0.04123   -0.7195   0   0   1.137e+08   0   0
0.6   0.04204   -0.7081   0   0   1.147e+08   0   0
0.7   0.04306   -0.6965   0   0   1.159e+08   0   0
0.8   0.0443   -0.6849   0   0   1.173e+08   0   0
0.9   0.04577   -0.6731   0   0   1.19e+08   0   0
1   0.04748   -0.6611   0   0   1.21e+08   0   0
1.1   0.04944   -0.6489   0   0   1.231e+08   0   0
1.2   0.05167   -0.6364   0   0   1.255e+08   0   0
1.3   0.05416   -0.6238   0   0   1.281e+08   0   0
1.4   0.05695   -0.6108   0   0   1.308e+08   0   0
1.5   0.06002   -0.5976   0   0   1.338e+08   0   0
1.6   0.06341   -0.584   0   0   1.369e+08   0   0
1.7   0.06713   -0.5702   0   0   1.402e+08   0   0
1.8   0.07117   -0.556   0   0   1.436e+08   0   0
1.9   0.07557   -0.5415   0   0   1.472e+08   0   0
2   0.08032   -0.5265   0   0   1.509e+08   0   0
2.1   0.08544   -0.5113   0   0   1.546e+08   0   0
2.2   0.09094   -0.4956   0   0   1.584e+08   0   0
2.3   0.09683   -0.4796   0   0   1.623e+08   0   0
2.4   0.1031   -0.4631   0   0   1.663e+08   0   0
2.5   0.1098   -0.4463   0   0   1.702e+08   0   0
2.6   0.1169   -0.4291   0   0   1.742e+08   0   0
2.7   0.1244   -0.4115   0   0   1.782e+08   0   0
2.8   0.1323   -0.3935   0   0   1.821e+08   0   0
2.9   0.1407   -0.375   0   0   1.861e+08   0   0
3   0.1495   -0.3562   0   0   1.899e+08   0   0
3.1   0.1587   -0.3371   0   0   1.938e+08   0   0
3.2   0.1683   -0.3175   0   0   1.975e+08   0   0
3.3   0.1784   -0.2976   0   0   2.012e+08   0   0
3.4   0.1889   -0.2772   0   0   2.048e+08   0   0
3.5   0.1998   -0.2566   0   0   2.084e+08   0   0
3.6   0.2112   -0.2356   0   0   2.119e+08   0   0
3.7   0.2231   -0.2142   0   0   2.152e+08   0   0
3.8   0.2354   -0.1925   0   0   2.185e+08   0   0
3.9   0.238   -0.1706   0   0   2.192e+08   0   0
4   0.238   -0.1487   0   0   2.192e+08   0   0
4.1   0.238   -0.1268   0   0   2.192e+08   0   0
4.2   0.238   -0.1049   0   0   2.192e+08   0   0
4.3   0.238   -0.08294   0   0   2.192e+08   0   0
4.4   0.238   -0.06102   0   0   2.192e+08   0   0
4.5   0.238   -0.0391   0   0   2.192e+08   0   0
4.6   0.238   -0.01719   0   0   2.192e+08   0   0
4.7   0.238   0.004732   0   0   2.192e+08   0   0
4.8   0.238   0.02665   0   0   2.192e+08   0   0
4.9   0.238   0.04857   0   0   2.192e+08   0   0
5   0.238   0.07048   0   0   2.192e+08   0   0
5.1   0.238   0.0924   0   0   2.192e+08   0   0
5.2   0.238   0.1143   0   0   2.192e+08   0   0
5.3   0.238   0.1362   0   0   2.192e+08   0   0
5.4   0.238   0.1582   0   0   2.192e+08   0   0
5.5   0.238   0.1801   0   0   2.192e+08   0   0
5.6   0.2444   0.202   0   0   2.208e+08   0   0
5.7   0.2548   0.2242   0   0   2.233e+08   0   0
5.8   0.2653   0.2467   0   0   2.257e+08   0   0
5.9   0.2758   0.2694   0   0   2.28e+08   0   0
6   0.2863   0.2923   0   0   2.301e+08   0   0
6.1   0.2967   0.3154   0   0   2.322e+08   0   0
6.2   0.307   0.3387   0   0   2.341e+08   0   0
6.3   0.3171   0.3622   0   0   2.359e+08   0   0
6.4   0.3271   0.3859   0   0   2.376e+08   0   0
6.5   0.3369   0.4097   0   0   2.392e+08   0   0
6.6   0.3465   0.4337   0   0   2.407e+08   0   0
6.7   0.3558   0.4579   0   0   2.422e+08   0   0
6.8   0.3649   0.4822   0   0   2.435e+08   0   0
6.9   0.3737   0.5066   0   0   2.447e+08   0   0
7   0.3822   0.5311   0   0   2.459e+08   0   0
7.1   0.3903   0.5558   0   0   2.47e+08   0   0
7.2   0.3982   0.5805   0   0   2.48e+08   0   0
7.3   0.4058   0.6054   0   0   2.489e+08   0   0
7.4   0.413   0.6303   0   0   2.498e+08   0   0
7.5   0.4198   0.6553   0   0   2.506e+08   0   0
7.6   0.4263   0.6804   0   0   2.513e+08   0   0
7.7   0.4324   0.7056   0   0   2.52e+08   0   0
7.8   0.4382   0.7308   0   0   2.526e+08   0   0
7.9   0.4429   0.7561   0   0   2.532e+08   0   0
8   0.4429   0.7814   0   0   2.532e+08   0   0
8.1   0.4429   0.8067   0   0   2.532e+08   0   0
8.2   0.4429   0.832   0   0   2.532e+08   0   0
8.3   0.4429   0.8574   0   0   2.532e+08   0   0
8.4   0.4429   0.8827   0   0   2.532e+08   0   0
8.5   0.4429   0.908   0   0   2.532e+08   0   0
8.6   0.4429   0.9333   0   0   2.532e+08   0   0
8.7   0.4429   0.9586   0   0   2.532e+08   0   0
8.8   0.4429   0.9839   0   0   2.532e+08   0   0
8.9   0.4429   1.009   0   0   2.532e+08   0   0
9   0.4429   1.035   0   0   2.532e+08   0   0
9.1   0.4429   1.06   0   0   2.532e+08   0   0
9.2   0.4429   1.085   0   0   2.532e+08   0   0
9.3   0.4431   1.111   -6.466e-05   0   2.53e+08   -9.237e+06   0
9.4   0.444   1.135   -0.004539   0   2.406e+08   -7.896e+07   0
9.5   0.4449   1.158   -0.01572   0   2.095e+08   -1.425e+08   0
9.6   0.4459   1.177   -0.03273   0   1.62e+08   -1.949e+08   0
9.7   0.4468   1.19   -0.05424   0   1.019e+08   -2.322e+08   0
9.8   0.4478   1.197   -0.07858   0   3.396e+07   -2.514e+08   0
9.9   0.4487   1.197   -0.1039   0   -3.664e+07   -2.511e+08   0
10   0.4496   1.189   -0.1281   0   -1.044e+08   -2.314e+08   0
10.1   0.4506   1.176   -0.1495   0   -1.641e+08   -1.938e+08   0
10.2   0.4515   1.157   -0.1664   0   -2.111e+08   -1.413e+08   0
10.3   0.4525   1.134   -0.1774   0   -2.419e+08   -7.799e+07   0
10.4   0.4534   1.109   -0.1817   0   -2.541e+08   -8.669e+06   0
10.5   0.4541   1.084   -0.1793   0   -2.51e+08   4.126e+07   0
10.6   0.4541   1.059   -0.1752   0   -2.51e+08   4.126e+07   0
10.7   0.4541   1.034   -0.1711   0   -2.51e+08   4.126e+07   0
10.8   0.4541   1.009   -0.1669   0   -2.51e+08   4.126e+07   0
10.9   0.4541   0.9835   -0.1628   0   -2.51e+08   4.126e+07   0
11   0.4541   0.9585   -0.1587   0   -2.51e+08   4.126e+07   0
11.1   0.4541   0.9334   -0.1546   0   -2.51e+08   4.126e+07   0
11.2   0.4541   0.9083   -0.1504   0   -2.51e+08   4.126e+07   0
11.3   0.4541   0.8832   -0.1463   0   -2.51e+08   4.126e+07   0
11.4   0.4541   0.8581   -0.1422   0   -2.51e+08   4.126e+07   0
11.5   0.4541   0.833   -0.1381   0   -2.51e+08   4.126e+07   0
11.6   0.4541   0.8079   -0.1339   0   -2.51e+08   4.126e+07   0
11.7   0.4541   0.7828   -0.1298   0   -2.51e+08   4.126e+07   0
11.8   0.4541   0.7577   -0.1257   0   -2.51e+08   4.126e+07   0
11.9   0.4566   0.7326   -0.1215   0   -2.512e+08   4.131e+07   0
12   0.4628   0.7074   -0.1174   0   -2.518e+08   4.141e+07   0
12.1   0.4692   0.6822   -0.1133   0   -2.524e+08   4.152e+07   0
12.2   0.4758   0.6569   -0.1091   0   -2.531e+08   4.162e+07   0
12.3   0.4825   0.6316   -0.1049   0   -2.537e+08   4.173e+07   0
12.4   0.4894   0.6062   -0.1008   0   -2.543e+08   4.184e+07   0
12.5   0.4963   0.5807   -0.09657   0   -2.549e+08   4.194e+07   0
12.6   0.5033   0.5552   -0.09237   0   -2.555e+08   4.205e+07   0
12.7   0.5103   0.5296   -0.08816   0   -2.561e+08   4.215e+07   0
12.8   0.5173   0.504   -0.08394   0   -2.567e+08   4.225e+07   0
12.9   0.5243   0.4783   -0.07971   0   -2.573e+08   4.235e+07   0
13   0.5312   0.4525   -0.07547   0   -2.578e+08   4.244e+07   0
13.1   0.538   0.4267   -0.07123   0   -2.583e+08   4.253e+07   0
13.2   0.5447   0.4009   -0.06697   0   -2.588e+08   4.262e+07   0
13.3   0.5511   0.375   -0.0627   0   -2.593e+08   4.27e+07   0
13.4   0.5573   0.349   -0.05843   0   -2.598e+08   4.278e+07   0
13.5   0.5631   0.323   -0.05415   0   -2.602e+08   4.286e+07   0
13.6   0.5684   0.297   -0.04986   0   -2.606e+08   4.292e+07   0
13.7   0.5732   0.2709   -0.04556   0   -2.609e+08   4.298e+07   0
13.8   0.5772   0.2448   -0.04126   0   -2.612e+08   4.303e+07   0
13.9   0.5804   0.2187   -0.03696   0   -2.614e+08   4.307e+07   0
14   0.5825   0.1925   -0.03265   0   -2.615e+08   4.31e+07   0
14.1   0.5828   0.1664   -0.02834   0   -2.615e+08   4.31e+07   0
14.2   0.5828   0.1402   -0.02403   0   -2.615e+08   4.31e+07   0
14.3   0.5828   0.1141   -0.01972   0   -2.615e+08   4.31e+07   0
14.4   0.5828   0.08791   -0.01541   0   -2.615e+08   4.31e+07   0
14.5   0.5828   0.06176   -0.0111   0   -2.615e+08   4.31e+07   0
14.6   0.5828   0.03561   -0.006787   0   -2.615e+08   4.31e+07   0
14.7   0.5828   0.009452   -0.002477   0   -2.615e+08   4.31e+07   0
14.8   0.5828   -0.0167   0.001833   0   -2.615e+08   4.31e+07   0
14.9   0.5828   -0.04286   0.006143   0   -2.615e+08   4.31e+07   0
15   0.5828   -0.06901   0.01045   0   -2.615e+08   4.31e+07   0
15.1   0.5828   -0.09516   0.01476   0   -2.615e+08   4.31e+07   0
15.2   0.5828   -0.1213   0.01907   0   -2.615e+08   4.31e+07   0
15.3   0.5828   -0.1475   0.02338   0   -2.615e+08   4.31e+07   0
15.4   0.5828   -0.1736   0.02769   0   -2.615e+08   4.31e+07   0
15.5   0.5933   -0.1998   0.03201   0   -2.622e+08   4.32e+07   0
15.6   0.612   -0.2261   0.03633   0   -2.634e+08   4.337e+07   0
15.7   0.6294   -0.2525   0.04068   0   -2.645e+08   4.352e+07   0
15.8   0.6457   -0.279   0.04504   0   -2.654e+08   4.366e+07   0
15.9   0.661   -0.3056   0.04941   0   -2.662e+08   4.379e+07   0
16   0.6754   -0.3322   0.0538   0   -2.67e+08   4.39e+07   0
16.1   0.689   -0.3589   0.05819   0   -2.677e+08   4.4e+07   0
16.2   0.7018   -0.3857   0.0626   0   -2.683e+08   4.41e+07   0
16.3   0.7139   -0.4126   0.06701   0   -2.689e+08   4.418e+07   0
16.4   0.7253   -0.4395   0.07143   0   -2.694e+08   4.426e+07   0
16.5   0.7361   -0.4665   0.07586   0   -2.699e+08   4.434e+07   0
16.6   0.7462   -0.4935   0.0803   0   -2.703e+08   4.441e+07   0
16.7   0.7557   -0.5205   0.08474   0   -2.707e+08   4.447e+07   0
16.8   0.7647   -0.5476   0.08919   0   -2.711e+08   4.452e+07   0
16.9   0.773   -0.5747   0.09365   0   -2.714e+08   4.458e+07   0
17   0.7808   -0.6019   0.09811   0   -2.717e+08   4.463e+07   0
17.1   0.7881   -0.6291   0.1026   0   -2.72e+08   4.467e+07   0
17.2   0.7948   -0.6563   0.107   0   -2.722e+08   4.471e+07   0
17.3   0.801   -0.6835   0.1115   0   -2.725e+08   4.475e+07   0
17.4   0.8067   -0.7108   0.116   0   -2.727e+08   4.478e+07   0
17.5   0.8119   -0.7381   0.1205   0   -2.729e+08   4.481e+07   0
17.6   0.8128   -0.7654   0.125   0   -2.729e+08   4.481e+07   0
17.7   0.8128   -0.7926   0.1294   0   -2.729e+08   4.481e+07   0
17.8   0.8128   -0.8199   0.1339   0   -2.729e+08   4.481e+07   0
17.9   0.8128   -0.8472   0.1384   0   -2.729e+08   4.481e+07   0
18   0.8128   -0.8745   0.1429   0   -2.729e+08   4.481e+07   0
18.1   0.8128   -0.9018   0.1474   0   -2.729e+08   4.481e+07   0
18.2   0.8128   -0.9291   0.1518   0   -2.729e+08   4.481e+07   0
18.3   0.8128   -0.9564   0.1563   0   -2.729e+08   4.481e+07   0
18.4   0.8128   -0.9837   0.1608   0   -2.729e+08   4.481e+07   0
18.5   0.8128   -1.011   0.1653   0   -2.729e+08   4.481e+07   0
18.6   0.8128   -1.038   0.1698   0   -2.729e+08   4.481e+07   0
18.7   0.8128   -1.066   0.1742   0   -2.729e+08   4.481e+07   0
18.8   0.8128   -1.093   0.1787   0   -2.729e+08   4.481e+07   0
18.9   0.8128   -1.12   0.1832   0   -2.729e+08   4.481e+07   0
19   0.814   -1.147   0.1884   0   -2.657e+08   7.693e+07   0
19.1   0.8166   -1.173   0.1996   0   -2.364e+08   1.437e+08   0
19.2   0.8193   -1.194   0.2169   0   -1.909e+08   2.005e+08   0
19.3   0.822   -1.21   0.2392   0   -1.322e+08   2.433e+08   0
19.4   0.8247   -1.22   0.265   0   -6.449e+07   2.694e+08   0
19.5   0.8273   -1.223   0.2925   0   7.531e+06   2.77e+08   0
19.6   0.83   -1.218   0.3198   0   7.895e+07   2.657e+08   0
19.7   0.8327   -1.207   0.345   0   1.449e+08   2.364e+08   0
19.8   0.8354   -1.19   0.3665   0   2.01e+08   1.911e+08   0
19.9   0.8382   -1.167   0.3828   0   2.435e+08   1.331e+08   0
20   0.8409   -1.142   0.3928   0   2.696e+08   6.615e+07   0
20.1   0.8436   -1.114   0.3958   0   2.776e+08   -5.1e+06   0
20.2   0.8463   -1.087   0.3917   0   2.672e+08   -7.592e+07   0
20.3   0.847   -1.06   0.3826   0   2.62e+08   -9.232e+07   0
20.4   0.847   -1.034   0.3734   0   2.62e+08   -9.232e+07   0
20.5   0.847   -1.008   0.3642   0   2.62e+08   -9.232e+07   0
20.6   0.847   -0.9818   0.3549   0   2.62e+08   -9.232e+07   0
20.7   0.847   -0.9556   0.3457   0   2.62e+08   -9.232e+07   0
20.8   0.847   -0.9294   0.3365   0   2.62e+08   -9.232e+07   0
20.9   0.847   -0.9033   0.3272   0   2.62e+08   -9.232e+07   0
21   0.847   -0.8771   0.318   0   2.62e+08   -9.232e+07   0
21.1   0.847   -0.8509   0.3088   0   2.62e+08   -9.232e+07   0
21.2   0.847   -0.8247   0.2996   0   2.62e+08   -9.232e+07   0
21.3   0.847   -0.7985   0.2903   0   2.62e+08   -9.232e+07   0
21.4   0.847   -0.7723   0.2811   0   2.62e+08   -9.232e+07   0
21.5   0.847   -0.7461   0.2719   0   2.62e+08   -9.232e+07   0
21.6   0.847   -0.7199   0.2626   0   2.62e+08   -9.232e+07   0
21.7   0.8502   -0.6937   0.2534   0   2.621e+08   -9.237e+07   0
21.8   0.8564   -0.6675   0.2441   0   2.623e+08   -9.245e+07   0
21.9   0.8626   -0.6412   0.2349   0   2.624e+08   -9.253e+07   0
22   0.8688   -0.615   0.2256   0   2.626e+08   -9.262e+07   0
22.1   0.875   -0.5887   0.2164   0   2.628e+08   -9.27e+07   0
22.2   0.881   -0.5624   0.2071   0   2.63e+08   -9.278e+07   0
22.3   0.887   -0.5361   0.1978   0   2.631e+08   -9.286e+07   0
22.4   0.8928   -0.5098   0.1885   0   2.633e+08   -9.294e+07   0
22.5   0.8985   -0.4834   0.1792   0   2.635e+08   -9.301e+07   0
22.6   0.9038   -0.4571   0.1699   0   2.636e+08   -9.309e+07   0
22.7   0.9089   -0.4307   0.1606   0   2.637e+08   -9.315e+07   0
22.8   0.9136   -0.4043   0.1513   0   2.639e+08   -9.322e+07   0
22.9   0.9179   -0.378   0.142   0   2.64e+08   -9.328e+07   0
23   0.9217   -0.3515   0.1326   0   2.641e+08   -9.333e+07   0
23.1   0.9248   -0.3251   0.1233   0   2.641e+08   -9.337e+07   0
23.2   0.9272   -0.2987   0.114   0   2.642e+08   -9.341e+07   0
23.3   0.9287   -0.2723   0.1046   0   2.642e+08   -9.343e+07   0
23.4   0.9291   -0.2459   0.09528   0   2.643e+08   -9.344e+07   0
23.5   0.9282   -0.2194   0.08594   0   2.642e+08   -9.342e+07   0
23.6   0.9257   -0.193   0.0766   0   2.642e+08   -9.338e+07   0
23.7   0.9227   -0.1666   0.06726   0   2.641e+08   -9.332e+07   0
23.8   0.9227   -0.1402   0.05793   0   2.641e+08   -9.332e+07   0
23.9   0.9227   -0.1138   0.0486   0   2.641e+08   -9.332e+07   0
24   0.9227   -0.08739   0.03926   0   2.641e+08   -9.332e+07   0
24.1   0.9227   -0.06098   0.02993   0   2.641e+08   -9.332e+07   0
24.2   0.9227   -0.03457   0.0206   0   2.641e+08   -9.332e+07   0
24.3   0.9227   -0.008156   0.01127   0   2.641e+08   -9.332e+07   0
24.4   0.9227   0.01825   0.001934   0   2.641e+08   -9.332e+07   0
24.5   0.9227   0.04466   -0.007398   0   2.641e+08   -9.332e+07   0
24.6   0.9227   0.07107   -0.01673   0   2.641e+08   -9.332e+07   0
24.7   0.9227   0.09748   -0.02606   0   2.641e+08   -9.332e+07   0
24.8   0.9227   0.1239   -0.0354   0   2.641e+08   -9.332e+07   0
24.9   0.9227   0.1503   -0.04473   0   2.641e+08   -9.332e+07   0
25   0.9227   0.1767   -0.05406   0   2.641e+08   -9.332e+07   0
25.1   0.9426   0.2031   -0.06339   0   2.647e+08   -9.335e+07   0
25.2   0.9634   0.2296   -0.07273   0   2.653e+08   -9.338e+07   0
25.3   0.9824   0.2562   -0.08207   0   2.658e+08   -9.343e+07   0
25.4   0.9999   0.2828   -0.09142   0   2.662e+08   -9.348e+07   0
25.5   1.016   0.3094   -0.1008   0   2.666e+08   -9.353e+07   0
25.6   1.031   0.3361   -0.1101   0   2.669e+08   -9.358e+07   0
25.7   1.045   0.3628   -0.1195   0   2.672e+08   -9.363e+07   0
25.8   1.058   0.3896   -0.1288   0   2.675e+08   -9.368e+07   0
25.9   1.07   0.4163   -0.1382   0   2.678e+08   -9.372e+07   0
26   1.081   0.4431   -0.1476   0   2.68e+08   -9.377e+07   0
26.1   1.091   0.4699   -0.157   0   2.682e+08   -9.381e+07   0
26.2   1.101   0.4968   -0.1664   0   2.684e+08   -9.385e+07   0
26.3   1.11   0.5236   -0.1757   0   2.686e+08   -9.388e+07   0
26.4   1.118   0.5505   -0.1851   0   2.687e+08   -9.392e+07   0
26.5   1.126   0.5773   -0.1945   0   2.689e+08   -9.395e+07   0
26.6   1.133   0.6042   -0.2039   0   2.69e+08   -9.398e+07   0
26.7   1.139   0.6311   -0.2133   0   2.691e+08   -9.4e+07   0
26.8   1.145   0.6581   -0.2227   0   2.692e+08   -9.403e+07   0
26.9   1.15   0.685   -0.2321   0   2.693e+08   -9.405e+07   0
27   1.155   0.7119   -0.2415   0   2.694e+08   -9.407e+07   0
27.1   1.155   0.7389   -0.2509   0   2.694e+08   -9.407e+07   0
27.2   1.155   0.7658   -0.2603   0   2.694e+08   -9.407e+07   0
27.3   1.155   0.7927   -0.2698   0   2.694e+08   -9.407e+07   0
27.4   1.155   0.8197   -0.2792   0   2.694e+08   -9.407e+07   0
27.5   1.155   0.8466   -0.2886   0   2.694e+08   -9.407e+07   0
27.6   1.155   0.8736   -0.298   0   2.694e+08   -9.407e+07   0
27.7   1.155   0.9005   -0.3074   0   2.694e+08   -9.407e+07   0
27.8   1.155   0.9274   -0.3168   0   2.694e+08   -9.407e+07   0
27.9   1.155   0.9544   -0.3262   0   2.694e+08   -9.407e+07   0
28   1.155   0.9813   -0.3356   0   2.694e+08   -9.407e+07   0
28.1   1.155   1.008   -0.345   0   2.694e+08   -9.407e+07   0
28.2   1.155   1.035   -0.3544   0   2.694e+08   -9.407e+07   0
28.3   1.155   1.062   -0.3638   0   2.694e+08   -9.407e+07   0
28.4   1.155   1.089   -0.3732   0   2.694e+08   -9.407e+07   0
28.5   1.16   1.115   -0.3846   0   2.444e+08   -1.474e+08   0
28.6   1.167   1.137   -0.4027   0   1.922e+08   -2.112e+08   0
28.7   1.174   1.153   -0.4263   0   1.242e+08   -2.573e+08   0
28.8   1.181   1.162   -0.4535   0   4.616e+07   -2.82e+08   0
28.9   1.188   1.162   -0.4819   0   -3.538e+07   -2.837e+08   0
29   1.194   1.155   -0.5094   0   -1.138e+08   -2.624e+08   0
29.1   1.202   1.14   -0.5337   0   -1.828e+08   -2.201e+08   0
29.2   1.209   1.118   -0.5528   0   -2.371e+08   -1.604e+08   0
29.3   1.216   1.093   -0.5653   0   -2.724e+08   -8.82e+07   0
29.4   1.223   1.065   -0.5701   0   -2.863e+08   -9.331e+06   0
29.5   1.23   1.036   -0.567   0   -2.779e+08   7.001e+07   0
29.6   1.236   1.01   -0.5563   0   -2.516e+08   1.374e+08   0
29.7   1.236   0.9846   -0.5425   0   -2.516e+08   1.374e+08   0
29.8   1.236   0.9594   -0.5288   0   -2.516e+08   1.374e+08   0
29.9   1.236   0.9342   -0.5151   0   -2.516e+08   1.374e+08   0
30   1.236   0.9091   -0.5013   0   -2.516e+08   1.374e+08   0
30.1   1.236   0.8839   -0.4876   0   -2.516e+08   1.374e+08   0
30.2   1.236   0.8588   -0.4738   0   -2.516e+08   1.374e+08   0
30.3   1.236   0.8336   -0.4601   0   -2.516e+08   1.374e+08   0
30.4   1.236   0.8084   -0.4463   0   -2.516e+08   1.374e+08   0
30.5   1.236   0.7833   -0.4326   0   -2.516e+08   1.374e+08   0
30.6   1.236   0.7581   -0.4188   0   -2.516e+08   1.374e+08   0
30.7   1.236   0.733   -0.4051   0   -2.516e+08   1.374e+08   0
30.8   1.236   0.7078   -0.3914   0   -2.516e+08   1.374e+08   0
30.9   1.236   0.6826   -0.3776   0   -2.516e+08   1.374e+08   0
31   1.237   0.6575   -0.3639   0   -2.516e+08   1.374e+08   0
31.1   1.243   0.6323   -0.3501   0   -2.517e+08   1.375e+08   0
31.2   1.249   0.6071   -0.3364   0   -2.518e+08   1.375e+08   0
31.3   1.256   0.582   -0.3226   0   -2.518e+08   1.376e+08   0
31.4   1.262   0.5568   -0.3088   0   -2.519e+08   1.376e+08   0
31.5   1.268   0.5316   -0.2951   0   -2.52e+08   1.377e+08   0
31.6   1.274   0.5064   -0.2813   0   -2.521e+08   1.377e+08   0
31.7   1.28   0.4812   -0.2675   0   -2.521e+08   1.378e+08   0
31.8   1.286   0.456   -0.2537   0   -2.522e+08   1.378e+08   0
31.9   1.291   0.4307   -0.24   0   -2.523e+08   1.379e+08   0
32   1.297   0.4055   -0.2262   0   -2.523e+08   1.379e+08   0
32.1   1.301   0.3803   -0.2124   0   -2.524e+08   1.38e+08   0
32.2   1.306   0.355   -0.1986   0   -2.524e+08   1.38e+08   0
32.3   1.31   0.3298   -0.1848   0   -2.525e+08   1.38e+08   0
32.4   1.313   0.3045   -0.171   0   -2.525e+08   1.381e+08   0
32.5   1.315   0.2793   -0.1572   0   -2.525e+08   1.381e+08   0
32.6   1.317   0.254   -0.1434   0   -2.526e+08   1.381e+08   0
32.7   1.317   0.2288   -0.1295   0   -2.526e+08   1.381e+08   0
32.8   1.316   0.2035   -0.1157   0   -2.525e+08   1.381e+08   0
32.9   1.314   0.1783   -0.1019   0   -2.525e+08   1.381e+08   0
33   1.311   0.153   -0.08813   0   -2.525e+08   1.38e+08   0
33.1   1.311   0.1278   -0.07432   0   -2.525e+08   1.38e+08   0
33.2   1.311   0.1025   -0.06052   0   -2.525e+08   1.38e+08   0
33.3   1.311   0.07726   -0.04672   0   -2.525e+08   1.38e+08   0
33.4   1.311   0.05201   -0.03291   0   -2.525e+08   1.38e+08   0
33.5   1.311   0.02676   -0.01911   0   -2.525e+08   1.38e+08   0
33.6   1.311   0.001509   -0.005304   0   -2.525e+08   1.38e+08   0
33.7   1.311   -0.02374   0.008499   0   -2.525e+08   1.38e+08   0
33.8   1.311   -0.04899   0.0223   0   -2.525e+08   1.38e+08   0
33.9   1.311   -0.07424   0.03611   0   -2.525e+08   1.38e+08   0
34   1.311   -0.09949   0.04991   0   -2.525e+08   1.38e+08   0
34.1   1.311   -0.1247   0.06371   0   -2.525e+08   1.38e+08   0
34.2   1.311   -0.15   0.07752   0   -2.525e+08   1.38e+08   0
34.3   1.319   -0.1752   0.09132   0   -2.526e+08   1.381e+08   0
34.4   1.341   -0.2005   0.1051   0   -2.529e+08   1.381e+08   0
34.5   1.361   -0.2258   0.1189   0   -2.531e+08   1.382e+08   0
34.6   1.38   -0.2511   0.1328   0   -2.534e+08   1.383e+08   0
34.7   1.397   -0.2765   0.1466   0   -2.535e+08   1.383e+08   0
34.8   1.412   -0.3018   0.1604   0   -2.537e+08   1.384e+08   0
34.9   1.427   -0.3272   0.1743   0   -2.539e+08   1.385e+08   0
35   1.44   -0.3526   0.1881   0   -2.54e+08   1.385e+08   0
35.1   1.453   -0.378   0.202   0   -2.541e+08   1.386e+08   0
35.2   1.465   -0.4035   0.2159   0   -2.543e+08   1.386e+08   0
35.3   1.476   -0.4289   0.2297   0   -2.544e+08   1.387e+08   0
35.4   1.486   -0.4543   0.2436   0   -2.545e+08   1.387e+08   0
35.5   1.495   -0.4798   0.2575   0   -2.546e+08   1.387e+08   0
35.6   1.504   -0.5052   0.2713   0   -2.546e+08   1.388e+08   0
35.7   1.512   -0.5307   0.2852   0   -2.547e+08   1.388e+08   0
35.8   1.52   -0.5562   0.2991   0   -2.548e+08   1.388e+08   0
35.9   1.527   -0.5817   0.313   0   -2.548e+08   1.389e+08   0
36   1.533   -0.6071   0.3269   0   -2.549e+08   1.389e+08   0
36.1   1.539   -0.6326   0.3408   0   -2.549e+08   1.389e+08   0
36.2   1.544   -0.6581   0.3546   0   -2.55e+08   1.389e+08   0
36.3   1.545   -0.6836   0.3685   0   -2.55e+08   1.389e+08   0
36.4   1.545   -0.7091   0.3824   0   -2.55e+08   1.389e+08   0
36.5   1.545   -0.7346   0.3963   0   -2.55e+08   1.389e+08   0
36.6   1.545   -0.7601   0.4102   0   -2.55e+08   1.389e+08   0
36.7   1.545   -0.7856   0.4241   0   -2.55e+08   1.389e+08   0
36.8   1.545   -0.8111   0.438   0   -2.55e+08   1.389e+08   0
36.9   1.545   -0.8366   0.4519   0   -2.55e+08   1.389e+08   0
37   1.545   -0.8621   0.4658   0   -2.55e+08   1.389e+08   0
37.1   1.545   -0.8876   0.4797   0   -2.55e+08   1.389e+08   0
37.2   1.545   -0.9131   0.4936   0   -2.55e+08   1.389e+08   0
37.3   1.545   -0.9386   0.5075   0   -2.55e+08   1.389e+08   0
37.4   1.545   -0.9641   0.5214   0   -2.55e+08   1.389e+08   0
37.5   1.545   -0.9896   0.5353   0   -2.55e+08   1.389e+08   0
37.6   1.545   -1.015   0.5491   0   -2.55e+08   1.389e+08   0
37.7   1.545   -1.041   0.563   0   -2.55e+08   1.389e+08   0
37.8   1.545   -1.066   0.5769   0   -2.55e+08   1.389e+08   0
37.9   1.545   -1.092   0.5908   0   -2.55e+08   1.389e+08   0
38   1.545   -1.117   0.6047   0   -2.55e+08   1.389e+08   0
38.1   1.545   -1.143   0.6186   0   -2.55e+08   1.389e+08   0
38.2   1.545   -1.168   0.6325   0   -2.55e+08   1.389e+08   0
38.3   1.545   -1.194   0.6464   0   -2.55e+08   1.389e+08   0
38.4   1.545   -1.219   0.6603   0   -2.55e+08   1.389e+08   0
38.5   1.545   -1.245   0.6742   0   -2.55e+08   1.389e+08   0
38.6   1.545   -1.27   0.6881   0   -2.55e+08   1.389e+08   0
38.7   1.545   -1.296   0.702   0   -2.55e+08   1.389e+08   0
38.8   1.545   -1.321   0.7159   0   -2.55e+08   1.389e+08   0
38.9   1.545   -1.347   0.7298   0   -2.55e+08   1.389e+08   0
39   1.545   -1.372   0.7436   0   -2.55e+08   1.389e+08   0
39.1   1.545   -1.398   0.7575   0   -2.55e+08   1.389e+08   0
39.2   1.545   -1.423   0.7714   0   -2.55e+08   1.389e+08   0
39.3   1.545   -1.449   0.7853   0   -2.55e+08   1.389e+08   0
39.4   1.545   -1.474   0.7992   0   -2.55e+08   1.389e+08   0
39.5   1.545   -1.5   0.8131   0   -2.55e+08   1.389e+08   0
39.6   1.545   -1.525   0.827   0   -2.55e+08   1.389e+08   0
39.7   1.545   -1.551   0.8409   0   -2.55e+08   1.389e+08   0
39.8   1.545   -1.576   0.8548   0   -2.55e+08   1.389e+08   0
39.9   1.545   -1.602   0.8687   0   -2.55e+08   1.389e+08   0
40   1.545   -1.627   0.8826   0   -2.55e+08   1.389e+08   0
40.1   1.545   -1.653   0.8965   0   -2.55e+08   1.389e+08   0
40.2   1.545   -1.678   0.9104   0   -2.55e+08   1.389e+08   0
40.3   1.545   -1.704   0.9243   0   -2.55e+08   1.389e+08   0
40.4   1.545   -1.729   0.9381   0   -2.55e+08   1.389e+08   0
40.5   1.545   -1.755   0.952   0   -2.55e+08   1.389e+08   0
40.6   1.545   -1.78   0.9659   0   -2.55e+08   1.389e+08   0
40.7   1.545   -1.806   0.9798   0   -2.55e+08   1.389e+08   0
40.8   1.545   -1.831   0.9937   0   -2.55e+08   1.389e+08   0
40.9   1.545   -1.857   1.008   0   -2.55e+08   1.389e+08   0
41   1.545   -1.882   1.022   0   -2.55e+08   1.389e+08   0
41.1   1.545   -1.908   1.035   0   -2.55e+08   1.389e+08   0
41.2   1.545   -1.933   1.049   0   -2.55e+08   1.389e+08   0
41.3   1.545   -1.959   1.063   0   -2.55e+08   1.389e+08   0
41.4   1.545   -1.984   1.077   0   -2.55e+08   1.389e+08   0
41.5   1.545   -2.01   1.091   0   -2.55e+08   1.389e+08   0
41.6   1.545   -2.035   1.105   0   -2.55e+08   1.389e+08   0
41.7   1.545   -2.061   1.119   0   -2.55e+08   1.389e+08   0
41.8   1.545   -2.086   1.133   0   -2.55e+08   1.389e+08   0
41.9   1.545   -2.112   1.147   0   -2.55e+08   1.389e+08   0
42   1.545   -2.137   1.16   0   -2.55e+08   1.389e+08   0
42.1   1.545   -2.163   1.174   0   -2.55e+08   1.389e+08   0
42.2   1.545   -2.188   1.188   0   -2.55e+08   1.389e+08   0
42.3   1.545   -2.214   1.202   0   -2.55e+08   1.389e+08   0
42.4   1.545   -2.239   1.216   0   -2.55e+08   1.389e+08   0
42.5   1.545   -2.265   1.23   0   -2.55e+08   1.389e+08   0
42.6   1.545   -2.29   1.244   0   -2.55e+08   1.389e+08   0
42.7   1.545   -2.316   1.258   0   -2.55e+08   1.389e+08   0
42.8   1.545   -2.341   1.272   0   -2.55e+08   1.389e+08   0
42.9   1.545   -2.367   1.285   0   -2.55e+08   1.389e+08   0
43   1.545   -2.392   1.299   0   -2.55e+08   1.389e+08   0
43.1   1.545   -2.418   1.313   0   -2.55e+08   1.389e+08   0
43.2   1.545   -2.443   1.327   0   -2.55e+08   1.389e+08   0
43.3   1.545   -2.469   1.341   0   -2.55e+08   1.389e+08   0
43.4   1.545   -2.494   1.355   0   -2.55e+08   1.389e+08   0
43.5   1.545   -2.52   1.369   0   -2.55e+08   1.389e+08   0
43.6   1.545   -2.545   1.383   0   -2.55e+08   1.389e+08   0
43.7   1.545   -2.571   1.397   0   -2.55e+08   1.389e+08   0
43.8   1.545   -2.596   1.411   0   -2.55e+08   1.389e+08   0
43.9   1.545   -2.622   1.424   0   -2.55e+08   1.389e+08   0
44   1.545   -2.647   1.438   0   -2.55e+08   1.389e+08   0
44.1   1.545   -2.673   1.452   0   -2.55e+08   1.389e+08   0
44.2   1.545   -2.698   1.466   0   -2.55e+08   1.389e+08   0
44.3   1.545   -2.724   1.48   0   -2.55e+08   1.389e+08   0
44.4   1.545   -2.749   1.494   0   -2.55e+08   1.389e+08   0
44.5   1.545   -2.775   1.508   0   -2.55e+08   1.389e+08   0
44.6   1.545   -2.8   1.522   0   -2.55e+08   1.389e+08   0
44.7   1.545   -2.826   1.536   0   -2.55e+08   1.389e+08   0
44.8   1.545   -2.851   1.549   0   -2.55e+08   1.389e+08   0
44.9   1.545   -2.877   1.563   0   -2.55e+08   1.389e+08   0
45   1.545   -2.902   1.577   0   -2.55e+08   1.389e+08   0
