0   0.04   -0.753   0   0   1.121e+08   0   0
0.1   0.04   -0.753   0   0   1.121e+08   0   0
0.2   0.04   -0.753   0   0   1.121e+08   0   0
0.3   0.04018   -0.7443   0   0   1.124e+08   0   0
0.4   0.04059   -0.7331   0   0   1.129e+08   0   0
0.5   0.0412   -0.7217   0   0   1.136e+08   0   0
0.6   0.042   -0.7103   0   0   1.146e+08   0   0
0.7   0.04302   -0.6988   0   0   1.158e+08   0   0
0.8   0.04426   -0.6872   0   0   1.173e+08   0   0
0.9   0.04572   -0.6753   0   0   1.19e+08   0   0
1   0.04743   -0.6633   0   0   1.209e+08   0   0
1.1   0.04938   -0.6512   0   0   1.23e+08   0   0
1.2   0.05159   -0.6387   0   0   1.254e+08   0   0
1.3   0.05408   -0.6261   0   0   1.28e+08   0   0
1.4   0.05685   -0.6131   0   0   1.307e+08   0   0
1.5   0.05991   -0.5999   0   0   1.337e+08   0   0
1.6   0.06329   -0.5864   0   0   1.368e+08   0   0
1.7   0.06698   -0.5725   0   0   1.401e+08   0   0
1.8   0.07101   -0.5584   0   0   1.435e+08   0   0
1.9   0.07538   -0.5438   0   0   1.47e+08   0   0
2   0.0801   -0.5289   0   0   1.507e+08   0   0
2.1   0.08519   -0.5137   0   0   1.544e+08   0   0
2.2   0.09066   -0.498   0   0   1.583e+08   0   0
2.3   0.09651   -0.482   0   0   1.621e+08   0   0
2.4   0.1028   -0.4656   0   0   1.661e+08   0   0
2.5   0.1094   -0.4488   0   0   1.7e+08   0   0
2.6   0.1164   -0.4316   0   0   1.74e+08   0   0
2.7   0.1239   -0.414   0   0   1.779e+08   0   0
2.8   0.1318   -0.396   0   0   1.819e+08   0   0
2.9   0.14   -0.3776   0   0   1.858e+08   0   0
3   0.1487   -0.3589   0   0   1.896e+08   0   0
3.1   0.1579   -0.3397   0   0   1.934e+08   0   0
3.2   0.1674   -0.3202   0   0   1.972e+08   0   0
3.3   0.1774   -0.3003   0   0   2.009e+08   0   0
3.4   0.1877   -0.28   0   0   2.045e+08   0   0
3.5   0.1986   -0.2594   0   0   2.08e+08   0   0
3.6   0.2098   -0.2384   0   0   2.114e+08   0   0
3.7   0.2215   -0.2171   0   0   2.148e+08   0   0
3.8   0.2337   -0.1954   0   0   2.181e+08   0   0
3.9   0.2378   -0.1735   0   0   2.191e+08   0   0
4   0.2378   -0.1516   0   0   2.191e+08   0   0
4.1   0.2378   -0.1297   0   0   2.191e+08   0   0
4.2   0.2378   -0.1078   0   0   2.191e+08   0   0
4.3   0.2378   -0.0859   0   0   2.191e+08   0   0
4.4   0.2378   -0.06398   0   0   2.191e+08   0   0
4.5   0.2378   -0.04207   0   0   2.191e+08   0   0
4.6   0.2378   -0.02016   0   0   2.191e+08   0   0
4.7   0.2378   0.001756   0   0   2.191e+08   0   0
4.8   0.2378   0.02367   0   0   2.191e+08   0   0
4.9   0.2378   0.04558   0   0   2.191e+08   0   0
5   0.2378   0.06749   0   0   2.191e+08   0   0
5.1   0.2378   0.08941   0   0   2.191e+08   0   0
5.2   0.2378   0.1113   0   0   2.191e+08   0   0
5.3   0.2378   0.1332   0   0   2.191e+08   0   0
5.4   0.2378   0.1551   0   0   2.191e+08   0   0
5.5   0.2378   0.1771   0   0   2.191e+08   0   0
5.6   0.2428   0.199   0   0   2.204e+08   0   0
5.7   0.2534   0.2212   0   0   2.23e+08   0   0
5.8   0.264   0.2436   0   0   2.254e+08   0   0
5.9   0.2746   0.2663   0   0   2.277e+08   0   0
6   0.2852   0.2891   0   0   2.299e+08   0   0
6.1   0.2957   0.3122   0   0   2.32e+08   0   0
6.2   0.3061   0.3355   0   0   2.339e+08   0   0
6.3   0.3163   0.359   0   0   2.358e+08   0   0
6.4   0.3264   0.3827   0   0   2.375e+08   0   0
6.5   0.3363   0.4065   0   0   2.391e+08   0   0
6.6   0.3459   0.4305   0   0   2.407e+08   0   0
6.7   0.3553   0.4546   0   0   2.421e+08   0   0
6.8   0.3644   0.4789   0   0   2.434e+08   0   0
6.9   0.3733   0.5033   0   0   2.447e+08   0   0
7   0.3818   0.5279   0   0   2.458e+08   0   0
7.1   0.3901   0.5525   0   0   2.469e+08   0   0
7.2   0.398   0.5772   0   0   2.479e+08   0   0
7.3   0.4056   0.6021   0   0   2.489e+08   0   0
7.4   0.4128   0.627   0   0   2.498e+08   0   0
7.5   0.4197   0.652   0   0   2.506e+08   0   0
7.6   0.4262   0.6771   0   0   2.513e+08   0   0
7.7   0.4324   0.7023   0   0   2.52e+08   0   0
7.8   0.4381   0.7275   0   0   2.526e+08   0   0
7.9   0.4436   0.7528   0   0   2.532e+08   0   0
8   0.4436   0.7781   0   0   2.532e+08   0   0
8.1   0.4436   0.8035   0   0   2.532e+08   0   0
8.2   0.4436   0.8288   0   0   2.532e+08   0   0
8.3   0.4436   0.8541   0   0   2.532e+08   0   0
8.4   0.4436   0.8794   0   0   2.532e+08   0   0
8.5   0.4436   0.9047   0   0   2.532e+08   0   0
8.6   0.4436   0.9301   0   0   2.532e+08   0   0
8.7   0.4436   0.9554   0   0   2.532e+08   0   0
8.8   0.4436   0.9807   0   0   2.532e+08   0   0
8.9   0.4436   1.006   0   0   2.532e+08   0   0
9   0.4436   1.031   0   0   2.532e+08   0   0
9.1   0.4436   1.057   0   0   2.532e+08   0   0
9.2   0.4436   1.082   0   0   2.532e+08   0   0
9.3   0.4436   1.107   0   0   2.532e+08   0   0
9.4   0.4445   1.132   -0.003563   0   2.434e+08   -7.01e+07   0
9.5   0.4455   1.155   -0.0139   0   2.146e+08   -1.347e+08   0
9.6   0.4464   1.175   -0.03022   0   1.691e+08   -1.888e+08   0
9.7   0.4474   1.189   -0.05123   0   1.105e+08   -2.283e+08   0
9.8   0.4483   1.196   -0.07531   0   4.332e+07   -2.5e+08   0
9.9   0.4492   1.197   -0.1006   0   -2.722e+07   -2.524e+08   0
10   0.4502   1.191   -0.1251   0   -9.564e+07   -2.352e+08   0
10.1   0.4511   1.178   -0.147   0   -1.567e+08   -1.999e+08   0
10.2   0.4521   1.16   -0.1646   0   -2.056e+08   -1.493e+08   0
10.3   0.453   1.138   -0.1764   0   -2.388e+08   -8.717e+07   0
10.4   0.454   1.113   -0.1817   0   -2.536e+08   -1.838e+07   0
10.5   0.4548   1.087   -0.1801   0   -2.51e+08   4.139e+07   0
10.6   0.4548   1.062   -0.1759   0   -2.51e+08   4.139e+07   0
10.7   0.4548   1.037   -0.1718   0   -2.51e+08   4.139e+07   0
10.8   0.4548   1.012   -0.1676   0   -2.51e+08   4.139e+07   0
10.9   0.4548   0.9871   -0.1635   0   -2.51e+08   4.139e+07   0
11   0.4548   0.962   -0.1594   0   -2.51e+08   4.139e+07   0
11.1   0.4548   0.9369   -0.1552   0   -2.51e+08   4.139e+07   0
11.2   0.4548   0.9118   -0.1511   0   -2.51e+08   4.139e+07   0
11.3   0.4548   0.8867   -0.147   0   -2.51e+08   4.139e+07   0
11.4   0.4548   0.8616   -0.1428   0   -2.51e+08   4.139e+07   0
11.5   0.4548   0.8365   -0.1387   0   -2.51e+08   4.139e+07   0
11.6   0.4548   0.8114   -0.1345   0   -2.51e+08   4.139e+07   0
11.7   0.4548   0.7863   -0.1304   0   -2.51e+08   4.139e+07   0
11.8   0.4548   0.7612   -0.1263   0   -2.51e+08   4.139e+07   0
11.9   0.4564   0.7361   -0.1221   0   -2.512e+08   4.142e+07   0
12   0.4626   0.7109   -0.118   0   -2.518e+08   4.152e+07   0
12.1   0.469   0.6857   -0.1138   0   -2.524e+08   4.163e+07   0
12.2   0.4756   0.6605   -0.1096   0   -2.53e+08   4.173e+07   0
12.3   0.4822   0.6351   -0.1055   0   -2.536e+08   4.184e+07   0
12.4   0.489   0.6097   -0.1013   0   -2.543e+08   4.194e+07   0
12.5   0.4959   0.5843   -0.09708   0   -2.549e+08   4.205e+07   0
12.6   0.5028   0.5587   -0.09287   0   -2.555e+08   4.215e+07   0
12.7   0.5098   0.5332   -0.08865   0   -2.561e+08   4.225e+07   0
12.8   0.5168   0.5075   -0.08442   0   -2.566e+08   4.235e+07   0
12.9   0.5237   0.4818   -0.08018   0   -2.572e+08   4.244e+07   0
13   0.5306   0.4561   -0.07593   0   -2.577e+08   4.254e+07   0
13.1   0.5373   0.4303   -0.07167   0   -2.583e+08   4.263e+07   0
13.2   0.5439   0.4044   -0.0674   0   -2.588e+08   4.271e+07   0
13.3   0.5503   0.3785   -0.06313   0   -2.592e+08   4.279e+07   0
13.4   0.5564   0.3526   -0.05885   0   -2.597e+08   4.287e+07   0
13.5   0.5621   0.3266   -0.05455   0   -2.601e+08   4.294e+07   0
13.6   0.5674   0.3006   -0.05026   0   -2.605e+08   4.3e+07   0
13.7   0.5721   0.2745   -0.04595   0   -2.608e+08   4.306e+07   0
13.8   0.5761   0.2484   -0.04165   0   -2.611e+08   4.311e+07   0
13.9   0.5793   0.2223   -0.03733   0   -2.613e+08   4.315e+07   0
14   0.5813   0.1962   -0.03302   0   -2.614e+08   4.317e+07   0
14.1   0.5817   0.17   -0.0287   0   -2.615e+08   4.318e+07   0
14.2   0.5817   0.1439   -0.02438   0   -2.615e+08   4.318e+07   0
14.3   0.5817   0.1177   -0.02006   0   -2.615e+08   4.318e+07   0
14.4   0.5817   0.09158   -0.01575   0   -2.615e+08   4.318e+07   0
14.5   0.5817   0.06543   -0.01143   0   -2.615e+08   4.318e+07   0
14.6   0.5817   0.03929   -0.00711   0   -2.615e+08   4.318e+07   0
14.7   0.5817   0.01314   -0.002792   0   -2.615e+08   4.318e+07   0
14.8   0.5817   -0.013   0.001526   0   -2.615e+08   4.318e+07   0
14.9   0.5817   -0.03915   0.005843   0   -2.615e+08   4.318e+07   0
15   0.5817   -0.06529   0.01016   0   -2.615e+08   4.318e+07   0
15.1   0.5817   -0.09144   0.01448   0   -2.615e+08   4.318e+07   0
15.2   0.5817   -0.1176   0.0188   0   -2.615e+08   4.318e+07   0
15.3   0.5817   -0.1437   0.02311   0   -2.615e+08   4.318e+07   0
15.4   0.5817   -0.1699   0.02743   0   -2.615e+08   4.318e+07   0
15.5   0.5893   -0.196   0.03175   0   -2.62e+08   4.325e+07   0
15.6   0.6084   -0.2223   0.03609   0   -2.632e+08   4.344e+07   0
15.7   0.626   -0.2487   0.04044   0   -2.642e+08   4.36e+07   0
15.8   0.6425   -0.2751   0.04481   0   -2.652e+08   4.375e+07   0
15.9   0.658   -0.3017   0.04919   0   -2.66e+08   4.388e+07   0
16   0.6726   -0.3283   0.05358   0   -2.668e+08   4.4e+07   0
16.1   0.6863   -0.3551   0.05799   0   -2.675e+08   4.411e+07   0
16.2   0.6993   -0.3818   0.0624   0   -2.681e+08   4.421e+07   0
16.3   0.7115   -0.4087   0.06683   0   -2.687e+08   4.43e+07   0
16.4   0.723   -0.4356   0.07126   0   -2.692e+08   4.438e+07   0
16.5   0.7339   -0.4625   0.0757   0   -2.697e+08   4.446e+07   0
16.6   0.7441   -0.4895   0.08015   0   -2.702e+08   4.453e+07   0
16.7   0.7537   -0.5166   0.08461   0   -2.706e+08   4.459e+07   0
16.8   0.7626   -0.5436   0.08907   0   -2.71e+08   4.465e+07   0
16.9   0.7711   -0.5708   0.09354   0   -2.713e+08   4.47e+07   0
17   0.7789   -0.5979   0.09801   0   -2.716e+08   4.475e+07   0
17.1   0.7862   -0.6251   0.1025   0   -2.719e+08   4.48e+07   0
17.2   0.7929   -0.6523   0.107   0   -2.721e+08   4.484e+07   0
17.3   0.7992   -0.6795   0.1115   0   -2.724e+08   4.488e+07   0
17.4   0.8049   -0.7067   0.1159   0   -2.726e+08   4.491e+07   0
17.5   0.8101   -0.734   0.1204   0   -2.728e+08   4.494e+07   0
17.6   0.8118   -0.7613   0.1249   0   -2.728e+08   4.495e+07   0
17.7   0.8118   -0.7886   0.1294   0   -2.728e+08   4.495e+07   0
17.8   0.8118   -0.8159   0.1339   0   -2.728e+08   4.495e+07   0
17.9   0.8118   -0.8432   0.1384   0   -2.728e+08   4.495e+07   0
18   0.8118   -0.8704   0.1429   0   -2.728e+08   4.495e+07   0
18.1   0.8118   -0.8977   0.1474   0   -2.728e+08   4.495e+07   0
18.2   0.8118   -0.925   0.1519   0   -2.728e+08   4.495e+07   0
18.3   0.8118   -0.9523   0.1564   0   -2.728e+08   4.495e+07   0
18.4   0.8118   -0.9796   0.1609   0   -2.728e+08   4.495e+07   0
18.5   0.8118   -1.007   0.1654   0   -2.728e+08   4.495e+07   0
18.6   0.8118   -1.034   0.1699   0   -2.728e+08   4.495e+07   0
18.7   0.8118   -1.061   0.1744   0   -2.728e+08   4.495e+07   0
18.8   0.8118   -1.089   0.1789   0   -2.728e+08   4.495e+07   0
18.9   0.8118   -1.116   0.1834   0   -2.728e+08   4.495e+07   0
19   0.8126   -1.143   0.1882   0   -2.683e+08   6.719e+07   0
19.1   0.8153   -1.169   0.1984   0   -2.414e+08   1.35e+08   0
19.2   0.8179   -1.191   0.215   0   -1.979e+08   1.934e+08   0
19.3   0.8206   -1.208   0.2367   0   -1.407e+08   2.384e+08   0
19.4   0.8233   -1.219   0.2621   0   -7.396e+07   2.669e+08   0
19.5   0.8259   -1.222   0.2895   0   -2.189e+06   2.77e+08   0
19.6   0.8286   -1.219   0.3169   0   6.964e+07   2.682e+08   0
19.7   0.8313   -1.209   0.3425   0   1.366e+08   2.412e+08   0
19.8   0.834   -1.192   0.3646   0   1.943e+08   1.979e+08   0
19.9   0.8367   -1.17   0.3816   0   2.388e+08   1.412e+08   0
20   0.8395   -1.145   0.3924   0   2.671e+08   7.519e+07   0
20.1   0.8422   -1.117   0.3964   0   2.776e+08   4.186e+06   0
20.2   0.8449   -1.09   0.3932   0   2.695e+08   -6.7e+07   0
20.3   0.8459   -1.063   0.3844   0   2.619e+08   -9.243e+07   0
20.4   0.8459   -1.037   0.3752   0   2.619e+08   -9.243e+07   0
20.5   0.8459   -1.011   0.3659   0   2.619e+08   -9.243e+07   0
20.6   0.8459   -0.9849   0.3567   0   2.619e+08   -9.243e+07   0
20.7   0.8459   -0.9587   0.3474   0   2.619e+08   -9.243e+07   0
20.8   0.8459   -0.9325   0.3382   0   2.619e+08   -9.243e+07   0
20.9   0.8459   -0.9063   0.329   0   2.619e+08   -9.243e+07   0
21   0.8459   -0.8802   0.3197   0   2.619e+08   -9.243e+07   0
21.1   0.8459   -0.854   0.3105   0   2.619e+08   -9.243e+07   0
21.2   0.8459   -0.8278   0.3012   0   2.619e+08   -9.243e+07   0
21.3   0.8459   -0.8016   0.292   0   2.619e+08   -9.243e+07   0
21.4   0.8459   -0.7754   0.2827   0   2.619e+08   -9.243e+07   0
21.5   0.8459   -0.7492   0.2735   0   2.619e+08   -9.243e+07   0
21.6   0.8459   -0.723   0.2643   0   2.619e+08   -9.243e+07   0
21.7   0.8483   -0.6968   0.255   0   2.62e+08   -9.247e+07   0
21.8   0.8545   -0.6706   0.2458   0   2.622e+08   -9.255e+07   0
21.9   0.8607   -0.6444   0.2365   0   2.623e+08   -9.264e+07   0
22   0.8668   -0.6182   0.2272   0   2.625e+08   -9.272e+07   0
22.1   0.8729   -0.5919   0.218   0   2.627e+08   -9.28e+07   0
22.2   0.879   -0.5656   0.2087   0   2.629e+08   -9.288e+07   0
22.3   0.8849   -0.5393   0.1994   0   2.63e+08   -9.296e+07   0
22.4   0.8907   -0.513   0.1901   0   2.632e+08   -9.304e+07   0
22.5   0.8963   -0.4867   0.1808   0   2.634e+08   -9.312e+07   0
22.6   0.9016   -0.4603   0.1715   0   2.635e+08   -9.319e+07   0
22.7   0.9067   -0.434   0.1621   0   2.636e+08   -9.326e+07   0
22.8   0.9114   -0.4076   0.1528   0   2.638e+08   -9.332e+07   0
22.9   0.9156   -0.3812   0.1435   0   2.639e+08   -9.338e+07   0
23   0.9193   -0.3548   0.1341   0   2.64e+08   -9.343e+07   0
23.1   0.9224   -0.3284   0.1248   0   2.64e+08   -9.347e+07   0
23.2   0.9248   -0.302   0.1154   0   2.641e+08   -9.351e+07   0
23.3   0.9263   -0.2756   0.1061   0   2.641e+08   -9.353e+07   0
23.4   0.9267   -0.2492   0.09673   0   2.641e+08   -9.354e+07   0
23.5   0.9258   -0.2228   0.08738   0   2.641e+08   -9.352e+07   0
23.6   0.9233   -0.1964   0.07803   0   2.641e+08   -9.348e+07   0
23.7   0.9197   -0.17   0.06868   0   2.64e+08   -9.341e+07   0
23.8   0.9197   -0.1436   0.05934   0   2.64e+08   -9.341e+07   0
23.9   0.9197   -0.1172   0.05   0   2.64e+08   -9.341e+07   0
24   0.9197   -0.09079   0.04066   0   2.64e+08   -9.341e+07   0
24.1   0.9197   -0.06439   0.03132   0   2.64e+08   -9.341e+07   0
24.2   0.9197   -0.038   0.02198   0   2.64e+08   -9.341e+07   0
24.3   0.9197   -0.0116   0.01263   0   2.64e+08   -9.341e+07   0
24.4   0.9197   0.0148   0.003292   0   2.64e+08   -9.341e+07   0
24.5   0.9197   0.0412   -0.006049   0   2.64e+08   -9.341e+07   0
24.6   0.9197   0.0676   -0.01539   0   2.64e+08   -9.341e+07   0
24.7   0.9197   0.09399   -0.02473   0   2.64e+08   -9.341e+07   0
24.8   0.9197   0.1204   -0.03407   0   2.64e+08   -9.341e+07   0
24.9   0.9197   0.1468   -0.04342   0   2.64e+08   -9.341e+07   0
25   0.9197   0.1732   -0.05276   0   2.64e+08   -9.341e+07   0
25.1   0.9368   0.1996   -0.0621   0   2.645e+08   -9.343e+07   0
25.2   0.9579   0.2261   -0.07144   0   2.651e+08   -9.346e+07   0
25.3   0.9772   0.2526   -0.08079   0   2.656e+08   -9.351e+07   0
25.4   0.9949   0.2792   -0.09015   0   2.66e+08   -9.356e+07   0
25.5   1.011   0.3058   -0.0995   0   2.664e+08   -9.361e+07   0
25.6   1.026   0.3325   -0.1089   0   2.668e+08   -9.366e+07   0
25.7   1.04   0.3592   -0.1182   0   2.671e+08   -9.371e+07   0
25.8   1.053   0.3859   -0.1276   0   2.674e+08   -9.375e+07   0
25.9   1.066   0.4127   -0.137   0   2.676e+08   -9.38e+07   0
26   1.077   0.4394   -0.1464   0   2.679e+08   -9.384e+07   0
26.1   1.087   0.4662   -0.1558   0   2.681e+08   -9.389e+07   0
26.2   1.097   0.4931   -0.1651   0   2.683e+08   -9.392e+07   0
26.3   1.106   0.5199   -0.1745   0   2.685e+08   -9.396e+07   0
26.4   1.114   0.5467   -0.1839   0   2.686e+08   -9.4e+07   0
26.5   1.122   0.5736   -0.1933   0   2.688e+08   -9.403e+07   0
26.6   1.129   0.6005   -0.2027   0   2.689e+08   -9.406e+07   0
26.7   1.135   0.6274   -0.2121   0   2.69e+08   -9.408e+07   0
26.8   1.141   0.6543   -0.2216   0   2.691e+08   -9.411e+07   0
26.9   1.147   0.6812   -0.231   0   2.692e+08   -9.413e+07   0
27   1.151   0.7081   -0.2404   0   2.693e+08   -9.415e+07   0
27.1   1.152   0.7351   -0.2498   0   2.693e+08   -9.415e+07   0
27.2   1.152   0.762   -0.2592   0   2.693e+08   -9.415e+07   0
27.3   1.152   0.7889   -0.2686   0   2.693e+08   -9.415e+07   0
27.4   1.152   0.8159   -0.278   0   2.693e+08   -9.415e+07   0
27.5   1.152   0.8428   -0.2875   0   2.693e+08   -9.415e+07   0
27.6   1.152   0.8697   -0.2969   0   2.693e+08   -9.415e+07   0
27.7   1.152   0.8967   -0.3063   0   2.693e+08   -9.415e+07   0
27.8   1.152   0.9236   -0.3157   0   2.693e+08   -9.415e+07   0
27.9   1.152   0.9505   -0.3251   0   2.693e+08   -9.415e+07   0
28   1.152   0.9774   -0.3345   0   2.693e+08   -9.415e+07   0
28.1   1.152   1.004   -0.344   0   2.693e+08   -9.415e+07   0
28.2   1.152   1.031   -0.3534   0   2.693e+08   -9.415e+07   0
28.3   1.152   1.058   -0.3628   0   2.693e+08   -9.415e+07   0
28.4   1.152   1.085   -0.3722   0   2.693e+08   -9.415e+07   0
28.5   1.156   1.112   -0.3829   0   2.501e+08   -1.374e+08   0
28.6   1.163   1.134   -0.4001   0   2.003e+08   -2.034e+08   0
28.7   1.17   1.151   -0.4231   0   1.34e+08   -2.522e+08   0
28.8   1.177   1.161   -0.4499   0   5.682e+07   -2.8e+08   0
28.9   1.183   1.162   -0.4783   0   -2.479e+07   -2.848e+08   0
29   1.19   1.156   -0.506   0   -1.041e+08   -2.663e+08   0
29.1   1.197   1.142   -0.5308   0   -1.748e+08   -2.265e+08   0
29.2   1.204   1.121   -0.5507   0   -2.313e+08   -1.686e+08   0
29.3   1.212   1.096   -0.564   0   -2.692e+08   -9.753e+07   0
29.4   1.219   1.068   -0.5699   0   -2.858e+08   -1.902e+07   0
29.5   1.226   1.039   -0.5677   0   -2.8e+08   6.073e+07   0
29.6   1.233   1.013   -0.5578   0   -2.526e+08   1.355e+08   0
29.7   1.233   0.9875   -0.5441   0   -2.518e+08   1.369e+08   0
29.8   1.233   0.9623   -0.5304   0   -2.518e+08   1.369e+08   0
29.9   1.233   0.9371   -0.5167   0   -2.518e+08   1.369e+08   0
30   1.233   0.9119   -0.503   0   -2.518e+08   1.369e+08   0
30.1   1.233   0.8868   -0.4893   0   -2.518e+08   1.369e+08   0
30.2   1.233   0.8616   -0.4756   0   -2.518e+08   1.369e+08   0
30.3   1.233   0.8364   -0.462   0   -2.518e+08   1.369e+08   0
30.4   1.233   0.8112   -0.4483   0   -2.518e+08   1.369e+08   0
30.5   1.233   0.786   -0.4346   0   -2.518e+08   1.369e+08   0
30.6   1.233   0.7609   -0.4209   0   -2.518e+08   1.369e+08   0
30.7   1.233   0.7357   -0.4072   0   -2.518e+08   1.369e+08   0
30.8   1.233   0.7105   -0.3935   0   -2.518e+08   1.369e+08   0
30.9   1.233   0.6853   -0.3798   0   -2.518e+08   1.369e+08   0
31   1.233   0.6601   -0.3661   0   -2.518e+08   1.369e+08   0
31.1   1.239   0.6349   -0.3524   0   -2.519e+08   1.37e+08   0
31.2   1.245   0.6097   -0.3387   0   -2.52e+08   1.37e+08   0
31.3   1.251   0.5845   -0.325   0   -2.52e+08   1.371e+08   0
31.4   1.258   0.5593   -0.3113   0   -2.521e+08   1.371e+08   0
31.5   1.264   0.5341   -0.2976   0   -2.522e+08   1.372e+08   0
31.6   1.27   0.5089   -0.2839   0   -2.523e+08   1.372e+08   0
31.7   1.276   0.4837   -0.2701   0   -2.523e+08   1.373e+08   0
31.8   1.281   0.4584   -0.2564   0   -2.524e+08   1.373e+08   0
31.9   1.287   0.4332   -0.2427   0   -2.525e+08   1.374e+08   0
32   1.292   0.4079   -0.2289   0   -2.525e+08   1.374e+08   0
32.1   1.297   0.3827   -0.2152   0   -2.526e+08   1.375e+08   0
32.2   1.301   0.3574   -0.2014   0   -2.526e+08   1.375e+08   0
32.3   1.305   0.3322   -0.1877   0   -2.527e+08   1.375e+08   0
32.4   1.308   0.3069   -0.1739   0   -2.527e+08   1.376e+08   0
32.5   1.311   0.2816   -0.1602   0   -2.527e+08   1.376e+08   0
32.6   1.312   0.2563   -0.1464   0   -2.527e+08   1.376e+08   0
32.7   1.313   0.2311   -0.1326   0   -2.527e+08   1.376e+08   0
32.8   1.312   0.2058   -0.1189   0   -2.527e+08   1.376e+08   0
32.9   1.309   0.1805   -0.1051   0   -2.527e+08   1.376e+08   0
33   1.306   0.1553   -0.09137   0   -2.527e+08   1.375e+08   0
33.1   1.306   0.13   -0.07761   0   -2.527e+08   1.375e+08   0
33.2   1.306   0.1047   -0.06386   0   -2.527e+08   1.375e+08   0
33.3   1.306   0.07945   -0.0501   0   -2.527e+08   1.375e+08   0
33.4   1.306   0.05418   -0.03635   0   -2.527e+08   1.375e+08   0
33.5   1.306   0.02891   -0.0226   0   -2.527e+08   1.375e+08   0
33.6   1.306   0.00364   -0.008842   0   -2.527e+08   1.375e+08   0
33.7   1.306   -0.02163   0.004913   0   -2.527e+08   1.375e+08   0
33.8   1.306   -0.0469   0.01867   0   -2.527e+08   1.375e+08   0
33.9   1.306   -0.07217   0.03242   0   -2.527e+08   1.375e+08   0
34   1.306   -0.09743   0.04618   0   -2.527e+08   1.375e+08   0
34.1   1.306   -0.1227   0.05993   0   -2.527e+08   1.375e+08   0
34.2   1.306   -0.148   0.07368   0   -2.527e+08   1.375e+08   0
34.3   1.311   -0.1732   0.08744   0   -2.528e+08   1.375e+08   0
34.4   1.333   -0.1985   0.1012   0   -2.531e+08   1.376e+08   0
34.5   1.354   -0.2239   0.115   0   -2.533e+08   1.376e+08   0
34.6   1.372   -0.2492   0.1287   0   -2.536e+08   1.377e+08   0
34.7   1.39   -0.2746   0.1425   0   -2.538e+08   1.377e+08   0
34.8   1.405   -0.3   0.1563   0   -2.54e+08   1.378e+08   0
34.9   1.42   -0.3254   0.1701   0   -2.541e+08   1.378e+08   0
35   1.434   -0.3508   0.1838   0   -2.543e+08   1.379e+08   0
35.1   1.447   -0.3762   0.1976   0   -2.544e+08   1.379e+08   0
35.2   1.459   -0.4017   0.2114   0   -2.545e+08   1.38e+08   0
35.3   1.47   -0.4271   0.2252   0   -2.547e+08   1.38e+08   0
35.4   1.48   -0.4526   0.239   0   -2.548e+08   1.38e+08   0
35.5   1.489   -0.4781   0.2528   0   -2.548e+08   1.381e+08   0
35.6   1.498   -0.5036   0.2666   0   -2.549e+08   1.381e+08   0
35.7   1.506   -0.5291   0.2805   0   -2.55e+08   1.381e+08   0
35.8   1.514   -0.5546   0.2943   0   -2.551e+08   1.382e+08   0
35.9   1.521   -0.5801   0.3081   0   -2.551e+08   1.382e+08   0
36   1.527   -0.6056   0.3219   0   -2.552e+08   1.382e+08   0
36.1   1.533   -0.6311   0.3357   0   -2.552e+08   1.382e+08   0
36.2   1.538   -0.6566   0.3495   0   -2.553e+08   1.382e+08   0
36.3   1.539   -0.6822   0.3634   0   -2.553e+08   1.382e+08   0
36.4   1.539   -0.7077   0.3772   0   -2.553e+08   1.382e+08   0
36.5   1.539   -0.7332   0.391   0   -2.553e+08   1.382e+08   0
36.6   1.539   -0.7588   0.4048   0   -2.553e+08   1.382e+08   0
36.7   1.539   -0.7843   0.4187   0   -2.553e+08   1.382e+08   0
36.8   1.539   -0.8098   0.4325   0   -2.553e+08   1.382e+08   0
36.9   1.539   -0.8354   0.4463   0   -2.553e+08   1.382e+08   0
37   1.539   -0.8609   0.4601   0   -2.553e+08   1.382e+08   0
37.1   1.539   -0.8864   0.474   0   -2.553e+08   1.382e+08   0
37.2   1.539   -0.9119   0.4878   0   -2.553e+08   1.382e+08   0
37.3   1.539   -0.9375   0.5016   0   -2.553e+08   1.382e+08   0
37.4   1.539   -0.963   0.5154   0   -2.553e+08   1.382e+08   0
37.5   1.539   -0.9885   0.5293   0   -2.553e+08   1.382e+08   0
37.6   1.539   -1.014   0.5431   0   -2.553e+08   1.382e+08   0
37.7   1.539   -1.04   0.5569   0   -2.553e+08   1.382e+08   0
37.8   1.539   -1.065   0.5707   0   -2.553e+08   1.382e+08   0
37.9   1.539   -1.091   0.5846   0   -2.553e+08   1.382e+08   0
38   1.539   -1.116   0.5984   0   -2.553e+08   1.382e+08   0
38.1   1.539   -1.142   0.6122   0   -2.553e+08   1.382e+08   0
38.2   1.539   -1.167   0.626   0   -2.553e+08   1.382e+08   0
38.3   1.539   -1.193   0.6399   0   -2.553e+08   1.382e+08   0
38.4   1.539   -1.218   0.6537   0   -2.553e+08   1.382e+08   0
38.5   1.539   -1.244   0.6675   0   -2.553e+08   1.382e+08   0
38.6   1.539   -1.269   0.6813   0   -2.553e+08   1.382e+08   0
38.7   1.539   -1.295   0.6952   0   -2.553e+08   1.382e+08   0
38.8   1.539   -1.32   0.709   0   -2.553e+08   1.382e+08   0
38.9   1.539   -1.346   0.7228   0   -2.553e+08   1.382e+08   0
39   1.539   -1.372   0.7366   0   -2.553e+08   1.382e+08   0
39.1   1.539   -1.397   0.7505   0   -2.553e+08   1.382e+08   0
39.2   1.539   -1.423   0.7643   0   -2.553e+08   1.382e+08   0
39.3   1.539   -1.448   0.7781   0   -2.553e+08   1.382e+08   0
39.4   1.539   -1.474   0.7919   0   -2.553e+08   1.382e+08   0
39.5   1.539   -1.499   0.8058   0   -2.553e+08   1.382e+08   0
39.6   1.539   -1.525   0.8196   0   -2.553e+08   1.382e+08   0
39.7   1.539   -1.55   0.8334   0   -2.553e+08   1.382e+08   0
39.8   1.539   -1.576   0.8472   0   -2.553e+08   1.382e+08   0
39.9   1.539   -1.601   0.8611   0   -2.553e+08   1.382e+08   0
40   1.539   -1.627   0.8749   0   -2.553e+08   1.382e+08   0
40.1   1.539   -1.652   0.8887   0   -2.553e+08   1.382e+08   0
40.2   1.539   -1.678   0.9025   0   -2.553e+08   1.382e+08   0
40.3   1.539   -1.703   0.9164   0   -2.553e+08   1.382e+08   0
40.4   1.539   -1.729   0.9302   0   -2.553e+08   1.382e+08   0
40.5   1.539   -1.754   0.944   0   -2.553e+08   1.382e+08   0
40.6   1.539   -1.78   0.9578   0   -2.553e+08   1.382e+08   0
40.7   1.539   -1.806   0.9717   0   -2.553e+08   1.382e+08   0
40.8   1.539   -1.831   0.9855   0   -2.553e+08   1.382e+08   0
40.9   1.539   -1.857   0.9993   0   -2.553e+08   1.382e+08   0
41   1.539   -1.882   1.013   0   -2.553e+08   1.382e+08   0
41.1   1.539   -1.908   1.027   0   -2.553e+08   1.382e+08   0
41.2   1.539   -1.933   1.041   0   -2.553e+08   1.382e+08   0
41.3   1.539   -1.959   1.055   0   -2.553e+08   1.382e+08   0
41.4   1.539   -1.984   1.068   0   -2.553e+08   1.382e+08   0
41.5   1.539   -2.01   1.082   0   -2.553e+08   1.382e+08   0
41.6   1.539   -2.035   1.096   0   -2.553e+08   1.382e+08   0
41.7   1.539   -2.061   1.11   0   -2.553e+08   1.382e+08   0
41.8   1.539   -2.086   1.124   0   -2.553e+08   1.382e+08   0
41.9   1.539   -2.112   1.138   0   -2.553e+08   1.382e+08   0
42   1.539   -2.137   1.151   0   -2.553e+08   1.382e+08   0
42.1   1.539   -2.163   1.165   0   -2.553e+08   1.382e+08   0
42.2   1.539   -2.188   1.179   0   -2.553e+08   1.382e+08   0
42.3   1.539   -2.214   1.193   0   -2.553e+08   1.382e+08   0
42.4   1.539   -2.24   1.207   0   -2.553e+08   1.382e+08   0
42.5   1.539   -2.265   1.22   0   -2.553e+08   1.382e+08   0
42.6   1.539   -2.291   1.234   0   -2.553e+08   1.382e+08   0
42.7   1.539   -2.316   1.248   0   -2.553e+08   1.382e+08   0
42.8   1.539   -2.342   1.262   0   -2.553e+08   1.382e+08   0
42.9   1.539   -2.367   1.276   0   -2.553e+08   1.382e+08   0
43   1.539   -2.393   1.29   0   -2.553e+08   1.382e+08   0
43.1   1.539   -2.418   1.303   0   -2.553e+08   1.382e+08   0
43.2   1.539   -2.444   1.317   0   -2.553e+08   1.382e+08   0
43.3   1.539   -2.469   1.331   0   -2.553e+08   1.382e+08   0
43.4   1.539   -2.495   1.345   0   -2.553e+08   1.382e+08   0
43.5   1.539   -2.52   1.359   0   -2.553e+08   1.382e+08   0
43.6   1.539   -2.546   1.373   0   -2.553e+08   1.382e+08   0
43.7   1.539   -2.571   1.386   0   -2.553e+08   1.382e+08   0
43.8   1.539   -2.597   1.4   0   -2.553e+08   1.382e+08   0
43.9   1.539   -2.623   1.414   0   -2.553e+08   1.382e+08   0
44   1.539   -2.648   1.428   0   -2.553e+08   1.382e+08   0
44.1   1.539   -2.674   1.442   0   -2.553e+08   1.382e+08   0
44.2   1.539   -2.699   1.456   0   -2.553e+08   1.382e+08   0
44.3   1.539   -2.725   1.469   0   -2.553e+08   1.382e+08   0
44.4   1.539   -2.75   1.483   0   -2.553e+08   1.382e+08   0
44.5   1.539   -2.776   1.497   0   -2.553e+08   1.382e+08   0
44.6   1.539   -2.801   1.511   0   -2.553e+08   1.382e+08   0
44.7   1.539   -2.827   1.525   0   -2.553e+08   1.382e+08   0
44.8   1.539   -2.852   1.538   0   -2.553e+08   1.382e+08   0
44.9   1.539   -2.878   1.552   0   -2.553e+08   1.382e+08   0
45   1.539   -2.903   1.566   0   -2.553e+08   1.382e+08   0
