0   0.04   -0.753   0   0   1.121e+08   0   0
0.1   0.04   -0.753   0   0   1.121e+08   0   0
0.2   0.04   -0.753   0   0   1.121e+08   0   0
0.3   0.04015   -0.7466   0   0   1.123e+08   0   0
0.4   0.04055   -0.7353   0   0   1.128e+08   0   0
0.5   0.04115   -0.724   0   0   1.136e+08   0   0
0.6   0.04196   -0.7126   0   0   1.146e+08   0   0
0.7   0.04297   -0.7011   0   0   1.158e+08   0   0
0.8   0.0442   -0.6894   0   0   1.172e+08   0   0
0.9   0.04566   -0.6776   0   0   1.189e+08   0   0
1   0.04736   -0.6656   0   0   1.208e+08   0   0
1.1   0.0493   -0.6534   0   0   1.23e+08   0   0
1.2   0.05151   -0.641   0   0   1.253e+08   0   0
1.3   0.05398   -0.6284   0   0   1.279e+08   0   0
1.4   0.05674   -0.6154   0   0   1.306e+08   0   0
1.5   0.05979   -0.6022   0   0   1.336e+08   0   0
1.6   0.06315   -0.5887   0   0   1.367e+08   0   0
1.7   0.06682   -0.5749   0   0   1.399e+08   0   0
1.8   0.07083   -0.5607   0   0   1.434e+08   0   0
1.9   0.07518   -0.5462   0   0   1.469e+08   0   0
2   0.07988   -0.5313   0   0   1.505e+08   0   0
2.1   0.08494   -0.5161   0   0   1.543e+08   0   0
2.2   0.09037   -0.5005   0   0   1.581e+08   0   0
2.3   0.09619   -0.4845   0   0   1.619e+08   0   0
2.4   0.1024   -0.4681   0   0   1.658e+08   0   0
2.5   0.109   -0.4513   0   0   1.698e+08   0   0
2.6   0.116   -0.4341   0   0   1.737e+08   0   0
2.7   0.1234   -0.4166   0   0   1.776e+08   0   0
2.8   0.1312   -0.3986   0   0   1.816e+08   0   0
2.9   0.1394   -0.3802   0   0   1.855e+08   0   0
3   0.148   -0.3615   0   0   1.893e+08   0   0
3.1   0.1571   -0.3424   0   0   1.931e+08   0   0
3.2   0.1665   -0.3229   0   0   1.968e+08   0   0
3.3   0.1764   -0.303   0   0   2.005e+08   0   0
3.4   0.1866   -0.2828   0   0   2.041e+08   0   0
3.5   0.1973   -0.2622   0   0   2.076e+08   0   0
3.6   0.2084   -0.2413   0   0   2.11e+08   0   0
3.7   0.2199   -0.22   0   0   2.144e+08   0   0
3.8   0.2319   -0.1984   0   0   2.176e+08   0   0
3.9   0.2377   -0.1765   0   0   2.191e+08   0   0
4   0.2377   -0.1546   0   0   2.191e+08   0   0
4.1   0.2377   -0.1327   0   0   2.191e+08   0   0
4.2   0.2377   -0.1108   0   0   2.191e+08   0   0
4.3   0.2377   -0.08887   0   0   2.191e+08   0   0
4.4   0.2377   -0.06696   0   0   2.191e+08   0   0
4.5   0.2377   -0.04505   0   0   2.191e+08   0   0
4.6   0.2377   -0.02314   0   0   2.191e+08   0   0
4.7   0.2377   -0.00123   0   0   2.191e+08   0   0
4.8   0.2377   0.02068   0   0   2.191e+08   0   0
4.9   0.2377   0.04259   0   0   2.191e+08   0   0
5   0.2377   0.0645   0   0   2.191e+08   0   0
5.1   0.2377   0.08641   0   0   2.191e+08   0   0
5.2   0.2377   0.1083   0   0   2.191e+08   0   0
5.3   0.2377   0.1302   0   0   2.191e+08   0   0
5.4   0.2377   0.1521   0   0   2.191e+08   0   0
5.5   0.2377   0.1741   0   0   2.191e+08   0   0
5.6   0.2414   0.196   0   0   2.2e+08   0   0
5.7   0.2521   0.2181   0   0   2.227e+08   0   0
5.8   0.2629   0.2405   0   0   2.251e+08   0   0
5.9   0.2736   0.2631   0   0   2.275e+08   0   0
6   0.2843   0.286   0   0   2.297e+08   0   0
6.1   0.2949   0.3091   0   0   2.318e+08   0   0
6.2   0.3054   0.3324   0   0   2.338e+08   0   0
6.3   0.3157   0.3558   0   0   2.357e+08   0   0
6.4   0.3259   0.3795   0   0   2.374e+08   0   0
6.5   0.3358   0.4033   0   0   2.391e+08   0   0
6.6   0.3455   0.4273   0   0   2.406e+08   0   0
6.7   0.355   0.4514   0   0   2.42e+08   0   0
6.8   0.3642   0.4757   0   0   2.434e+08   0   0
6.9   0.3731   0.5001   0   0   2.446e+08   0   0
7   0.3817   0.5246   0   0   2.458e+08   0   0
7.1   0.39   0.5493   0   0   2.469e+08   0   0
7.2   0.3979   0.574   0   0   2.479e+08   0   0
7.3   0.4055   0.5989   0   0   2.489e+08   0   0
7.4   0.4128   0.6238   0   0   2.498e+08   0   0
7.5   0.4197   0.6488   0   0   2.506e+08   0   0
7.6   0.4263   0.6739   0   0   2.513e+08   0   0
7.7   0.4325   0.6991   0   0   2.52e+08   0   0
7.8   0.4383   0.7243   0   0   2.527e+08   0   0
7.9   0.4437   0.7496   0   0   2.532e+08   0   0
8   0.4444   0.7749   0   0   2.533e+08   0   0
8.1   0.4444   0.8003   0   0   2.533e+08   0   0
8.2   0.4444   0.8256   0   0   2.533e+08   0   0
8.3   0.4444   0.8509   0   0   2.533e+08   0   0
8.4   0.4444   0.8763   0   0   2.533e+08   0   0
8.5   0.4444   0.9016   0   0   2.533e+08   0   0
8.6   0.4444   0.9269   0   0   2.533e+08   0   0
8.7   0.4444   0.9523   0   0   2.533e+08   0   0
8.8   0.4444   0.9776   0   0   2.533e+08   0   0
8.9   0.4444   1.003   0   0   2.533e+08   0   0
9   0.4444   1.028   0   0   2.533e+08   0   0
9.1   0.4444   1.054   0   0   2.533e+08   0   0
9.2   0.4444   1.079   0   0   2.533e+08   0   0
9.3   0.4444   1.104   0   0   2.533e+08   0   0
9.4   0.4453   1.129   -0.002766   0   2.457e+08   -6.184e+07   0
9.5   0.4462   1.153   -0.01232   0   2.192e+08   -1.274e+08   0
9.6   0.4472   1.173   -0.02797   0   1.756e+08   -1.83e+08   0
9.7   0.4481   1.187   -0.04849   0   1.184e+08   -2.244e+08   0
9.8   0.449   1.196   -0.0723   0   5.198e+07   -2.484e+08   0
9.9   0.45   1.198   -0.09755   0   -1.84e+07   -2.532e+08   0
10   0.4509   1.192   -0.1223   0   -8.735e+07   -2.385e+08   0
10.1   0.4519   1.18   -0.1446   0   -1.496e+08   -2.054e+08   0
10.2   0.4528   1.163   -0.1628   0   -2.003e+08   -1.565e+08   0
10.3   0.4538   1.141   -0.1755   0   -2.356e+08   -9.568e+07   0
10.4   0.4547   1.116   -0.1816   0   -2.529e+08   -2.751e+07   0
10.5   0.4557   1.091   -0.1808   0   -2.511e+08   4.137e+07   0
10.6   0.4557   1.066   -0.1767   0   -2.511e+08   4.137e+07   0
10.7   0.4557   1.04   -0.1726   0   -2.511e+08   4.137e+07   0
10.8   0.4557   1.015   -0.1684   0   -2.511e+08   4.137e+07   0
10.9   0.4557   0.9903   -0.1643   0   -2.511e+08   4.137e+07   0
11   0.4557   0.9652   -0.1601   0   -2.511e+08   4.137e+07   0
11.1   0.4557   0.94   -0.156   0   -2.511e+08   4.137e+07   0
11.2   0.4557   0.9149   -0.1519   0   -2.511e+08   4.137e+07   0
11.3   0.4557   0.8898   -0.1477   0   -2.511e+08   4.137e+07   0
11.4   0.4557   0.8647   -0.1436   0   -2.511e+08   4.137e+07   0
11.5   0.4557   0.8396   -0.1395   0   -2.511e+08   4.137e+07   0
11.6   0.4557   0.8145   -0.1353   0   -2.511e+08   4.137e+07   0
11.7   0.4557   0.7894   -0.1312   0   -2.511e+08   4.137e+07   0
11.8   0.4557   0.7643   -0.1271   0   -2.511e+08   4.137e+07   0
11.9   0.4565   0.7392   -0.1229   0   -2.512e+08   4.138e+07   0
12   0.4627   0.714   -0.1188   0   -2.518e+08   4.149e+07   0
12.1   0.4691   0.6888   -0.1146   0   -2.524e+08   4.159e+07   0
12.2   0.4756   0.6635   -0.1105   0   -2.53e+08   4.17e+07   0
12.3   0.4823   0.6382   -0.1063   0   -2.537e+08   4.18e+07   0
12.4   0.489   0.6128   -0.1021   0   -2.543e+08   4.191e+07   0
12.5   0.4958   0.5873   -0.0979   0   -2.549e+08   4.201e+07   0
12.6   0.5027   0.5618   -0.09369   0   -2.555e+08   4.211e+07   0
12.7   0.5097   0.5362   -0.08948   0   -2.561e+08   4.222e+07   0
12.8   0.5166   0.5106   -0.08525   0   -2.566e+08   4.232e+07   0
12.9   0.5235   0.4849   -0.08101   0   -2.572e+08   4.241e+07   0
13   0.5303   0.4592   -0.07677   0   -2.577e+08   4.251e+07   0
13.1   0.537   0.4334   -0.07251   0   -2.583e+08   4.26e+07   0
13.2   0.5436   0.4075   -0.06825   0   -2.587e+08   4.268e+07   0
13.3   0.5499   0.3816   -0.06398   0   -2.592e+08   4.277e+07   0
13.4   0.5559   0.3557   -0.0597   0   -2.597e+08   4.285e+07   0
13.5   0.5616   0.3297   -0.05541   0   -2.601e+08   4.292e+07   0
13.6   0.5668   0.3037   -0.05111   0   -2.604e+08   4.298e+07   0
13.7   0.5715   0.2776   -0.04681   0   -2.608e+08   4.304e+07   0
13.8   0.5755   0.2515   -0.0425   0   -2.61e+08   4.309e+07   0
13.9   0.5786   0.2254   -0.03819   0   -2.612e+08   4.313e+07   0
14   0.5805   0.1993   -0.03388   0   -2.614e+08   4.315e+07   0
14.1   0.581   0.1731   -0.02956   0   -2.614e+08   4.316e+07   0
14.2   0.581   0.147   -0.02525   0   -2.614e+08   4.316e+07   0
14.3   0.581   0.1208   -0.02093   0   -2.614e+08   4.316e+07   0
14.4   0.581   0.09471   -0.01661   0   -2.614e+08   4.316e+07   0
14.5   0.581   0.06857   -0.0123   0   -2.614e+08   4.316e+07   0
14.6   0.581   0.04243   -0.007981   0   -2.614e+08   4.316e+07   0
14.7   0.581   0.01629   -0.003665   0   -2.614e+08   4.316e+07   0
14.8   0.581   -0.009853   0.0006507   0   -2.614e+08   4.316e+07   0
14.9   0.581   -0.03599   0.004967   0   -2.614e+08   4.316e+07   0
15   0.581   -0.06213   0.009283   0   -2.614e+08   4.316e+07   0
15.1   0.581   -0.08828   0.0136   0   -2.614e+08   4.316e+07   0
15.2   0.581   -0.1144   0.01792   0   -2.614e+08   4.316e+07   0
15.3   0.581   -0.1406   0.02223   0   -2.614e+08   4.316e+07   0
15.4   0.581   -0.1667   0.02655   0   -2.614e+08   4.316e+07   0
15.5   0.5863   -0.1928   0.03086   0   -2.618e+08   4.321e+07   0
15.6   0.6056   -0.2191   0.03519   0   -2.63e+08   4.339e+07   0
15.7   0.6235   -0.2454   0.03954   0   -2.641e+08   4.355e+07   0
15.8   0.6402   -0.2719   0.0439   0   -2.651e+08   4.369e+07   0
15.9   0.6559   -0.2984   0.04828   0   -2.659e+08   4.382e+07   0
16   0.6706   -0.3251   0.05267   0   -2.667e+08   4.394e+07   0
16.1   0.6845   -0.3518   0.05707   0   -2.674e+08   4.404e+07   0
16.2   0.6975   -0.3786   0.06148   0   -2.681e+08   4.414e+07   0
16.3   0.7099   -0.4054   0.06589   0   -2.687e+08   4.423e+07   0
16.4   0.7215   -0.4323   0.07032   0   -2.692e+08   4.431e+07   0
16.5   0.7324   -0.4592   0.07476   0   -2.697e+08   4.439e+07   0
16.6   0.7427   -0.4862   0.0792   0   -2.701e+08   4.446e+07   0
16.7   0.7523   -0.5133   0.08365   0   -2.705e+08   4.452e+07   0
16.8   0.7614   -0.5403   0.0881   0   -2.709e+08   4.458e+07   0
16.9   0.7698   -0.5674   0.09256   0   -2.713e+08   4.463e+07   0
17   0.7777   -0.5946   0.09703   0   -2.716e+08   4.468e+07   0
17.1   0.785   -0.6218   0.1015   0   -2.719e+08   4.472e+07   0
17.2   0.7918   -0.649   0.106   0   -2.721e+08   4.476e+07   0
17.3   0.7981   -0.6762   0.1105   0   -2.723e+08   4.48e+07   0
17.4   0.8038   -0.7034   0.1149   0   -2.726e+08   4.484e+07   0
17.5   0.8091   -0.7307   0.1194   0   -2.728e+08   4.487e+07   0
17.6   0.8113   -0.758   0.1239   0   -2.728e+08   4.488e+07   0
17.7   0.8113   -0.7853   0.1284   0   -2.728e+08   4.488e+07   0
17.8   0.8113   -0.8125   0.1329   0   -2.728e+08   4.488e+07   0
17.9   0.8113   -0.8398   0.1374   0   -2.728e+08   4.488e+07   0
18   0.8113   -0.8671   0.1419   0   -2.728e+08   4.488e+07   0
18.1   0.8113   -0.8944   0.1463   0   -2.728e+08   4.488e+07   0
18.2   0.8113   -0.9217   0.1508   0   -2.728e+08   4.488e+07   0
18.3   0.8113   -0.949   0.1553   0   -2.728e+08   4.488e+07   0
18.4   0.8113   -0.9762   0.1598   0   -2.728e+08   4.488e+07   0
18.5   0.8113   -1.004   0.1643   0   -2.728e+08   4.488e+07   0
18.6   0.8113   -1.031   0.1688   0   -2.728e+08   4.488e+07   0
18.7   0.8113   -1.058   0.1733   0   -2.728e+08   4.488e+07   0
18.8   0.8113   -1.085   0.1778   0   -2.728e+08   4.488e+07   0
18.9   0.8113   -1.113   0.1822   0   -2.728e+08   4.488e+07   0
19   0.8118   -1.14   0.1869   0   -2.704e+08   5.784e+07   0
19.1   0.8145   -1.166   0.1962   0   -2.459e+08   1.266e+08   0
19.2   0.8171   -1.189   0.212   0   -2.044e+08   1.865e+08   0
19.3   0.8198   -1.206   0.2331   0   -1.488e+08   2.334e+08   0
19.4   0.8225   -1.218   0.2581   0   -8.299e+07   2.642e+08   0
19.5   0.8251   -1.223   0.2853   0   -1.157e+07   2.768e+08   0
19.6   0.8278   -1.22   0.3129   0   6.055e+07   2.704e+08   0
19.7   0.8305   -1.211   0.3388   0   1.285e+08   2.456e+08   0
19.8   0.8332   -1.195   0.3614   0   1.876e+08   2.042e+08   0
19.9   0.8359   -1.173   0.3791   0   2.339e+08   1.491e+08   0
20   0.8387   -1.148   0.3908   0   2.645e+08   8.398e+07   0
20.1   0.8414   -1.121   0.3957   0   2.772e+08   1.333e+07   0
20.2   0.8441   -1.093   0.3934   0   2.715e+08   -5.812e+07   0
20.3   0.8455   -1.067   0.385   0   2.618e+08   -9.265e+07   0
20.4   0.8455   -1.041   0.3757   0   2.618e+08   -9.265e+07   0
20.5   0.8455   -1.015   0.3664   0   2.618e+08   -9.265e+07   0
20.6   0.8455   -0.9885   0.3572   0   2.618e+08   -9.265e+07   0
20.7   0.8455   -0.9623   0.3479   0   2.618e+08   -9.265e+07   0
20.8   0.8455   -0.9362   0.3386   0   2.618e+08   -9.265e+07   0
20.9   0.8455   -0.91   0.3294   0   2.618e+08   -9.265e+07   0
21   0.8455   -0.8838   0.3201   0   2.618e+08   -9.265e+07   0
21.1   0.8455   -0.8576   0.3108   0   2.618e+08   -9.265e+07   0
21.2   0.8455   -0.8314   0.3016   0   2.618e+08   -9.265e+07   0
21.3   0.8455   -0.8053   0.2923   0   2.618e+08   -9.265e+07   0
21.4   0.8455   -0.7791   0.283   0   2.618e+08   -9.265e+07   0
21.5   0.8455   -0.7529   0.2738   0   2.618e+08   -9.265e+07   0
21.6   0.8455   -0.7267   0.2645   0   2.618e+08   -9.265e+07   0
21.7   0.8471   -0.7005   0.2552   0   2.618e+08   -9.268e+07   0
21.8   0.8532   -0.6744   0.246   0   2.62e+08   -9.276e+07   0
21.9   0.8593   -0.6481   0.2367   0   2.622e+08   -9.284e+07   0
22   0.8655   -0.6219   0.2274   0   2.624e+08   -9.292e+07   0
22.1   0.8716   -0.5957   0.2181   0   2.626e+08   -9.3e+07   0
22.2   0.8776   -0.5694   0.2088   0   2.628e+08   -9.308e+07   0
22.3   0.8835   -0.5431   0.1995   0   2.629e+08   -9.315e+07   0
22.4   0.8892   -0.5168   0.1902   0   2.631e+08   -9.323e+07   0
22.5   0.8948   -0.4905   0.1808   0   2.632e+08   -9.33e+07   0
22.6   0.9001   -0.4642   0.1715   0   2.634e+08   -9.336e+07   0
22.7   0.9051   -0.4378   0.1622   0   2.635e+08   -9.343e+07   0
22.8   0.9097   -0.4115   0.1528   0   2.636e+08   -9.349e+07   0
22.9   0.9139   -0.3851   0.1435   0   2.638e+08   -9.354e+07   0
23   0.9176   -0.3587   0.1341   0   2.639e+08   -9.359e+07   0
23.1   0.9207   -0.3323   0.1248   0   2.639e+08   -9.363e+07   0
23.2   0.923   -0.3059   0.1154   0   2.64e+08   -9.366e+07   0
23.3   0.9245   -0.2795   0.106   0   2.64e+08   -9.368e+07   0
23.4   0.9249   -0.2531   0.09666   0   2.64e+08   -9.369e+07   0
23.5   0.924   -0.2267   0.08729   0   2.64e+08   -9.368e+07   0
23.6   0.9216   -0.2003   0.07792   0   2.64e+08   -9.364e+07   0
23.7   0.9173   -0.1739   0.06856   0   2.638e+08   -9.357e+07   0
23.8   0.9173   -0.1475   0.05921   0   2.638e+08   -9.357e+07   0
23.9   0.9173   -0.1212   0.04985   0   2.638e+08   -9.357e+07   0
24   0.9173   -0.09477   0.04049   0   2.638e+08   -9.357e+07   0
24.1   0.9173   -0.06839   0.03113   0   2.638e+08   -9.357e+07   0
24.2   0.9173   -0.042   0.02178   0   2.638e+08   -9.357e+07   0
24.3   0.9173   -0.01562   0.01242   0   2.638e+08   -9.357e+07   0
24.4   0.9173   0.01077   0.003064   0   2.638e+08   -9.357e+07   0
24.5   0.9173   0.03715   -0.006293   0   2.638e+08   -9.357e+07   0
24.6   0.9173   0.06354   -0.01565   0   2.638e+08   -9.357e+07   0
24.7   0.9173   0.08992   -0.02501   0   2.638e+08   -9.357e+07   0
24.8   0.9173   0.1163   -0.03436   0   2.638e+08   -9.357e+07   0
24.9   0.9173   0.1427   -0.04372   0   2.638e+08   -9.357e+07   0
25   0.9173   0.1691   -0.05308   0   2.638e+08   -9.357e+07   0
25.1   0.9313   0.1955   -0.06244   0   2.643e+08   -9.361e+07   0
25.2   0.9528   0.2219   -0.0718   0   2.649e+08   -9.367e+07   0
25.3   0.9724   0.2484   -0.08117   0   2.654e+08   -9.374e+07   0
25.4   0.9904   0.275   -0.09055   0   2.658e+08   -9.381e+07   0
25.5   1.007   0.3016   -0.09993   0   2.662e+08   -9.387e+07   0
25.6   1.022   0.3282   -0.1093   0   2.666e+08   -9.394e+07   0
25.7   1.036   0.3549   -0.1187   0   2.669e+08   -9.4e+07   0
25.8   1.05   0.3816   -0.1281   0   2.672e+08   -9.406e+07   0
25.9   1.062   0.4084   -0.1375   0   2.675e+08   -9.411e+07   0
26   1.073   0.4351   -0.1469   0   2.677e+08   -9.416e+07   0
26.1   1.084   0.4619   -0.1564   0   2.679e+08   -9.421e+07   0
26.2   1.094   0.4887   -0.1658   0   2.681e+08   -9.426e+07   0
26.3   1.103   0.5155   -0.1752   0   2.683e+08   -9.43e+07   0
26.4   1.111   0.5424   -0.1846   0   2.684e+08   -9.434e+07   0
26.5   1.119   0.5692   -0.1941   0   2.686e+08   -9.437e+07   0
26.6   1.126   0.5961   -0.2035   0   2.687e+08   -9.441e+07   0
26.7   1.132   0.6229   -0.213   0   2.688e+08   -9.444e+07   0
26.8   1.138   0.6498   -0.2224   0   2.689e+08   -9.446e+07   0
26.9   1.143   0.6767   -0.2319   0   2.69e+08   -9.449e+07   0
27   1.148   0.7036   -0.2413   0   2.691e+08   -9.451e+07   0
27.1   1.149   0.7305   -0.2508   0   2.691e+08   -9.452e+07   0
27.2   1.149   0.7575   -0.2602   0   2.691e+08   -9.452e+07   0
27.3   1.149   0.7844   -0.2697   0   2.691e+08   -9.452e+07   0
27.4   1.149   0.8113   -0.2791   0   2.691e+08   -9.452e+07   0
27.5   1.149   0.8382   -0.2886   0   2.691e+08   -9.452e+07   0
27.6   1.149   0.8651   -0.298   0   2.691e+08   -9.452e+07   0
27.7   1.149   0.892   -0.3075   0   2.691e+08   -9.452e+07   0
27.8   1.149   0.9189   -0.3169   0   2.691e+08   -9.452e+07   0
27.9   1.149   0.9459   -0.3264   0   2.691e+08   -9.452e+07   0
28   1.149   0.9728   -0.3358   0   2.691e+08   -9.452e+07   0
28.1   1.149   0.9997   -0.3453   0   2.691e+08   -9.452e+07   0
28.2   1.149   1.027   -0.3547   0   2.691e+08   -9.452e+07   0
28.3   1.149   1.054   -0.3642   0   2.691e+08   -9.452e+07   0
28.4   1.149   1.08   -0.3736   0   2.691e+08   -9.452e+07   0
28.5   1.152   1.107   -0.3838   0   2.548e+08   -1.282e+08   0
28.6   1.159   1.13   -0.4002   0   2.074e+08   -1.961e+08   0
28.7   1.166   1.148   -0.4226   0   1.427e+08   -2.473e+08   0
28.8   1.173   1.158   -0.449   0   6.64e+07   -2.778e+08   0
28.9   1.18   1.161   -0.4774   0   -1.515e+07   -2.854e+08   0
29   1.187   1.155   -0.5053   0   -9.52e+07   -2.696e+08   0
29.1   1.194   1.142   -0.5305   0   -1.673e+08   -2.32e+08   0
29.2   1.201   1.122   -0.551   0   -2.257e+08   -1.759e+08   0
29.3   1.208   1.097   -0.5652   0   -2.659e+08   -1.059e+08   0
29.4   1.215   1.07   -0.5719   0   -2.85e+08   -2.779e+07   0
29.5   1.222   1.041   -0.5706   0   -2.817e+08   5.225e+07   0
29.6   1.229   1.014   -0.5615   0   -2.564e+08   1.28e+08   0
29.7   1.23   0.9889   -0.5478   0   -2.516e+08   1.372e+08   0
29.8   1.23   0.9638   -0.5341   0   -2.516e+08   1.372e+08   0
29.9   1.23   0.9386   -0.5204   0   -2.516e+08   1.372e+08   0
30   1.23   0.9135   -0.5067   0   -2.516e+08   1.372e+08   0
30.1   1.23   0.8883   -0.493   0   -2.516e+08   1.372e+08   0
30.2   1.23   0.8631   -0.4792   0   -2.516e+08   1.372e+08   0
30.3   1.23   0.838   -0.4655   0   -2.516e+08   1.372e+08   0
30.4   1.23   0.8128   -0.4518   0   -2.516e+08   1.372e+08   0
30.5   1.23   0.7876   -0.4381   0   -2.516e+08   1.372e+08   0
30.6   1.23   0.7625   -0.4244   0   -2.516e+08   1.372e+08   0
30.7   1.23   0.7373   -0.4107   0   -2.516e+08   1.372e+08   0
30.8   1.23   0.7122   -0.3969   0   -2.516e+08   1.372e+08   0
30.9   1.23   0.687   -0.3832   0   -2.516e+08   1.372e+08   0
31   1.23   0.6618   -0.3695   0   -2.516e+08   1.372e+08   0
31.1   1.235   0.6367   -0.3558   0   -2.517e+08   1.372e+08   0
31.2   1.241   0.6115   -0.3421   0   -2.518e+08   1.373e+08   0
31.3   1.248   0.5863   -0.3283   0   -2.518e+08   1.373e+08   0
31.4   1.254   0.5611   -0.3146   0   -2.519e+08   1.374e+08   0
31.5   1.26   0.5359   -0.3008   0   -2.52e+08   1.374e+08   0
31.6   1.266   0.5107   -0.2871   0   -2.521e+08   1.375e+08   0
31.7   1.272   0.4855   -0.2733   0   -2.521e+08   1.376e+08   0
31.8   1.278   0.4603   -0.2596   0   -2.522e+08   1.376e+08   0
31.9   1.283   0.4351   -0.2458   0   -2.523e+08   1.377e+08   0
32   1.288   0.4099   -0.2321   0   -2.523e+08   1.377e+08   0
32.1   1.293   0.3846   -0.2183   0   -2.524e+08   1.377e+08   0
32.2   1.297   0.3594   -0.2045   0   -2.524e+08   1.378e+08   0
32.3   1.301   0.3341   -0.1907   0   -2.525e+08   1.378e+08   0
32.4   1.304   0.3089   -0.1769   0   -2.525e+08   1.378e+08   0
32.5   1.307   0.2836   -0.1632   0   -2.525e+08   1.379e+08   0
32.6   1.308   0.2584   -0.1494   0   -2.525e+08   1.379e+08   0
32.7   1.308   0.2331   -0.1356   0   -2.525e+08   1.379e+08   0
32.8   1.308   0.2079   -0.1218   0   -2.525e+08   1.379e+08   0
32.9   1.305   0.1826   -0.108   0   -2.525e+08   1.379e+08   0
33   1.301   0.1574   -0.09422   0   -2.525e+08   1.378e+08   0
33.1   1.301   0.1321   -0.08044   0   -2.525e+08   1.378e+08   0
33.2   1.301   0.1069   -0.06665   0   -2.525e+08   1.378e+08   0
33.3   1.301   0.08164   -0.05287   0   -2.525e+08   1.378e+08   0
33.4   1.301   0.05639   -0.03909   0   -2.525e+08   1.378e+08   0
33.5   1.301   0.03115   -0.02531   0   -2.525e+08   1.378e+08   0
33.6   1.301   0.0059   -0.01153   0   -2.525e+08   1.378e+08   0
33.7   1.301   -0.01935   0.00225   0   -2.525e+08   1.378e+08   0
33.8   1.301   -0.04459   0.01603   0   -2.525e+08   1.378e+08   0
33.9   1.301   -0.06984   0.02981   0   -2.525e+08   1.378e+08   0
34   1.301   -0.09509   0.04359   0   -2.525e+08   1.378e+08   0
34.1   1.301   -0.1203   0.05737   0   -2.525e+08   1.378e+08   0
34.2   1.301   -0.1456   0.07116   0   -2.525e+08   1.378e+08   0
34.3   1.303   -0.1708   0.08494   0   -2.525e+08   1.378e+08   0
34.4   1.326   -0.1961   0.09872   0   -2.528e+08   1.378e+08   0
34.5   1.347   -0.2214   0.1125   0   -2.531e+08   1.379e+08   0
34.6   1.366   -0.2467   0.1263   0   -2.534e+08   1.379e+08   0
34.7   1.383   -0.2721   0.1401   0   -2.536e+08   1.379e+08   0
34.8   1.399   -0.2974   0.1539   0   -2.538e+08   1.38e+08   0
34.9   1.414   -0.3228   0.1677   0   -2.539e+08   1.38e+08   0
35   1.428   -0.3482   0.1815   0   -2.541e+08   1.381e+08   0
35.1   1.441   -0.3736   0.1953   0   -2.542e+08   1.381e+08   0
35.2   1.453   -0.3991   0.2091   0   -2.544e+08   1.381e+08   0
35.3   1.464   -0.4245   0.2229   0   -2.545e+08   1.382e+08   0
35.4   1.474   -0.45   0.2367   0   -2.546e+08   1.382e+08   0
35.5   1.484   -0.4754   0.2506   0   -2.547e+08   1.382e+08   0
35.6   1.493   -0.5009   0.2644   0   -2.548e+08   1.383e+08   0
35.7   1.501   -0.5264   0.2782   0   -2.549e+08   1.383e+08   0
35.8   1.508   -0.5519   0.2921   0   -2.549e+08   1.383e+08   0
35.9   1.515   -0.5774   0.3059   0   -2.55e+08   1.383e+08   0
36   1.522   -0.6029   0.3197   0   -2.551e+08   1.384e+08   0
36.1   1.527   -0.6284   0.3336   0   -2.551e+08   1.384e+08   0
36.2   1.533   -0.6539   0.3474   0   -2.551e+08   1.384e+08   0
36.3   1.535   -0.6794   0.3612   0   -2.552e+08   1.384e+08   0
36.4   1.535   -0.7049   0.3751   0   -2.552e+08   1.384e+08   0
36.5   1.535   -0.7304   0.3889   0   -2.552e+08   1.384e+08   0
36.6   1.535   -0.756   0.4028   0   -2.552e+08   1.384e+08   0
36.7   1.535   -0.7815   0.4166   0   -2.552e+08   1.384e+08   0
36.8   1.535   -0.807   0.4304   0   -2.552e+08   1.384e+08   0
36.9   1.535   -0.8325   0.4443   0   -2.552e+08   1.384e+08   0
37   1.535   -0.858   0.4581   0   -2.552e+08   1.384e+08   0
37.1   1.535   -0.8835   0.472   0   -2.552e+08   1.384e+08   0
37.2   1.535   -0.9091   0.4858   0   -2.552e+08   1.384e+08   0
37.3   1.535   -0.9346   0.4996   0   -2.552e+08   1.384e+08   0
37.4   1.535   -0.9601   0.5135   0   -2.552e+08   1.384e+08   0
37.5   1.535   -0.9856   0.5273   0   -2.552e+08   1.384e+08   0
37.6   1.535   -1.011   0.5412   0   -2.552e+08   1.384e+08   0
37.7   1.535   -1.037   0.555   0   -2.552e+08   1.384e+08   0
37.8   1.535   -1.062   0.5688   0   -2.552e+08   1.384e+08   0
37.9   1.535   -1.088   0.5827   0   -2.552e+08   1.384e+08   0
38   1.535   -1.113   0.5965   0   -2.552e+08   1.384e+08   0
38.1   1.535   -1.139   0.6104   0   -2.552e+08   1.384e+08   0
38.2   1.535   -1.164   0.6242   0   -2.552e+08   1.384e+08   0
38.3   1.535   -1.19   0.6381   0   -2.552e+08   1.384e+08   0
38.4   1.535   -1.215   0.6519   0   -2.552e+08   1.384e+08   0
38.5   1.535   -1.241   0.6657   0   -2.552e+08   1.384e+08   0
38.6   1.535   -1.266   0.6796   0   -2.552e+08   1.384e+08   0
38.7   1.535   -1.292   0.6934   0   -2.552e+08   1.384e+08   0
38.8   1.535   -1.317   0.7073   0   -2.552e+08   1.384e+08   0
38.9   1.535   -1.343   0.7211   0   -2.552e+08   1.384e+08   0
39   1.535   -1.368   0.7349   0   -2.552e+08   1.384e+08   0
39.1   1.535   -1.394   0.7488   0   -2.552e+08   1.384e+08   0
39.2   1.535   -1.419   0.7626   0   -2.552e+08   1.384e+08   0
39.3   1.535   -1.445   0.7765   0   -2.552e+08   1.384e+08   0
39.4   1.535   -1.47   0.7903   0   -2.552e+08   1.384e+08   0
39.5   1.535   -1.496   0.8041   0   -2.552e+08   1.384e+08   0
39.6   1.535   -1.521   0.818   0   -2.552e+08   1.384e+08   0
39.7   1.535   -1.547   0.8318   0   -2.552e+08   1.384e+08   0
39.8   1.535   -1.573   0.8457   0   -2.552e+08   1.384e+08   0
39.9   1.535   -1.598   0.8595   0   -2.552e+08   1.384e+08   0
40   1.535   -1.624   0.8733   0   -2.552e+08   1.384e+08   0
40.1   1.535   -1.649   0.8872   0   -2.552e+08   1.384e+08   0
40.2   1.535   -1.675   0.901   0   -2.552e+08   1.384e+08   0
40.3   1.535   -1.7   0.9149   0   -2.552e+08   1.384e+08   0
40.4   1.535   -1.726   0.9287   0   -2.552e+08   1.384e+08   0
40.5   1.535   -1.751   0.9425   0   -2.552e+08   1.384e+08   0
40.6   1.535   -1.777   0.9564   0   -2.552e+08   1.384e+08   0
40.7   1.535   -1.802   0.9702   0   -2.552e+08   1.384e+08   0
40.8   1.535   -1.828   0.9841   0   -2.552e+08   1.384e+08   0
40.9   1.535   -1.853   0.9979   0   -2.552e+08   1.384e+08   0
41   1.535   -1.879   1.012   0   -2.552e+08   1.384e+08   0
41.1   1.535   -1.904   1.026   0   -2.552e+08   1.384e+08   0
41.2   1.535   -1.93   1.039   0   -2.552e+08   1.384e+08   0
41.3   1.535   -1.955   1.053   0   -2.552e+08   1.384e+08   0
41.4   1.535   -1.981   1.067   0   -2.552e+08   1.384e+08   0
41.5   1.535   -2.006   1.081   0   -2.552e+08   1.384e+08   0
41.6   1.535   -2.032   1.095   0   -2.552e+08   1.384e+08   0
41.7   1.535   -2.057   1.109   0   -2.552e+08   1.384e+08   0
41.8   1.535   -2.083   1.122   0   -2.552e+08   1.384e+08   0
41.9   1.535   -2.108   1.136   0   -2.552e+08   1.384e+08   0
42   1.535   -2.134   1.15   0   -2.552e+08   1.384e+08   0
42.1   1.535   -2.159   1.164   0   -2.552e+08   1.384e+08   0
42.2   1.535   -2.185   1.178   0   -2.552e+08   1.384e+08   0
42.3   1.535   -2.21   1.192   0   -2.552e+08   1.384e+08   0
42.4   1.535   -2.236   1.206   0   -2.552e+08   1.384e+08   0
42.5   1.535   -2.261   1.219   0   -2.552e+08   1.384e+08   0
42.6   1.535   -2.287   1.233   0   -2.552e+08   1.384e+08   0
42.7   1.535   -2.312   1.247   0   -2.552e+08   1.384e+08   0
42.8   1.535   -2.338   1.261   0   -2.552e+08   1.384e+08   0
42.9   1.535   -2.364   1.275   0   -2.552e+08   1.384e+08   0
43   1.535   -2.389   1.289   0   -2.552e+08   1.384e+08   0
43.1   1.535   -2.415   1.302   0   -2.552e+08   1.384e+08   0
43.2   1.535   -2.44   1.316   0   -2.552e+08   1.384e+08   0
43.3   1.535   -2.466   1.33   0   -2.552e+08   1.384e+08   0
43.4   1.535   -2.491   1.344   0   -2.552e+08   1.384e+08   0
43.5   1.535   -2.517   1.358   0   -2.552e+08   1.384e+08   0
43.6   1.535   -2.542   1.372   0   -2.552e+08   1.384e+08   0
43.7   1.535   -2.568   1.385   0   -2.552e+08   1.384e+08   0
43.8   1.535   -2.593   1.399   0   -2.552e+08   1.384e+08   0
43.9   1.535   -2.619   1.413   0   -2.552e+08   1.384e+08   0
44   1.535   -2.644   1.427   0   -2.552e+08   1.384e+08   0
44.1   1.535   -2.67   1.441   0   -2.552e+08   1.384e+08   0
44.2   1.535   -2.695   1.455   0   -2.552e+08   1.384e+08   0
44.3   1.535   -2.721   1.468   0   -2.552e+08   1.384e+08   0
44.4   1.535   -2.746   1.482   0   -2.552e+08   1.384e+08   0
44.5   1.535   -2.772   1.496   0   -2.552e+08   1.384e+08   0
44.6   1.535   -2.797   1.51   0   -2.552e+08   1.384e+08   0
44.7   1.535   -2.823   1.524   0   -2.552e+08   1.384e+08   0
44.8   1.535   -2.848   1.538   0   -2.552e+08   1.384e+08   0
44.9   1.535   -2.874   1.552   0   -2.552e+08   1.384e+08   0
45   1.535   -2.899   1.565   0   -2.552e+08   1.384e+08   0
