0   0.04   -0.753   0   0   1.121e+08   0   0
0.1   0.04   -0.753   0   0   1.121e+08   0   0
0.2   0.04   -0.753   0   0   1.121e+08   0   0
0.3   0.0401   -0.7488   0   0   1.123e+08   0   0
0.4   0.04051   -0.7376   0   0   1.128e+08   0   0
0.5   0.04111   -0.7263   0   0   1.135e+08   0   0
0.6   0.04191   -0.7149   0   0   1.145e+08   0   0
0.7   0.04292   -0.7033   0   0   1.157e+08   0   0
0.8   0.04414   -0.6917   0   0   1.172e+08   0   0
0.9   0.0456   -0.6799   0   0   1.188e+08   0   0
1   0.04729   -0.6679   0   0   1.207e+08   0   0
1.1   0.04922   -0.6557   0   0   1.229e+08   0   0
1.2   0.05142   -0.6433   0   0   1.252e+08   0   0
1.3   0.05388   -0.6307   0   0   1.278e+08   0   0
1.4   0.05663   -0.6178   0   0   1.305e+08   0   0
1.5   0.05966   -0.6046   0   0   1.335e+08   0   0
1.6   0.063   -0.5911   0   0   1.366e+08   0   0
1.7   0.06666   -0.5773   0   0   1.398e+08   0   0
1.8   0.07065   -0.5631   0   0   1.432e+08   0   0
1.9   0.07497   -0.5486   0   0   1.467e+08   0   0
2   0.07964   -0.5338   0   0   1.503e+08   0   0
2.1   0.08468   -0.5185   0   0   1.541e+08   0   0
2.2   0.09008   -0.5029   0   0   1.579e+08   0   0
2.3   0.09585   -0.487   0   0   1.617e+08   0   0
2.4   0.102   -0.4706   0   0   1.656e+08   0   0
2.5   0.1086   -0.4538   0   0   1.695e+08   0   0
2.6   0.1155   -0.4367   0   0   1.735e+08   0   0
2.7   0.1229   -0.4191   0   0   1.774e+08   0   0
2.8   0.1306   -0.4012   0   0   1.813e+08   0   0
2.9   0.1387   -0.3829   0   0   1.852e+08   0   0
3   0.1473   -0.3642   0   0   1.89e+08   0   0
3.1   0.1562   -0.3451   0   0   1.928e+08   0   0
3.2   0.1656   -0.3256   0   0   1.965e+08   0   0
3.3   0.1754   -0.3058   0   0   2.001e+08   0   0
3.4   0.1855   -0.2856   0   0   2.037e+08   0   0
3.5   0.1961   -0.265   0   0   2.072e+08   0   0
3.6   0.207   -0.2441   0   0   2.106e+08   0   0
3.7   0.2184   -0.2229   0   0   2.139e+08   0   0
3.8   0.2301   -0.2014   0   0   2.171e+08   0   0
3.9   0.2375   -0.1795   0   0   2.191e+08   0   0
4   0.2375   -0.1576   0   0   2.191e+08   0   0
4.1   0.2375   -0.1357   0   0   2.191e+08   0   0
4.2   0.2375   -0.1138   0   0   2.191e+08   0   0
4.3   0.2375   -0.09188   0   0   2.191e+08   0   0
4.4   0.2375   -0.06997   0   0   2.191e+08   0   0
4.5   0.2375   -0.04807   0   0   2.191e+08   0   0
4.6   0.2375   -0.02616   0   0   2.191e+08   0   0
4.7   0.2375   -0.004255   0   0   2.191e+08   0   0
4.8   0.2375   0.01765   0   0   2.191e+08   0   0
4.9   0.2375   0.03956   0   0   2.191e+08   0   0
5   0.2375   0.06146   0   0   2.191e+08   0   0
5.1   0.2375   0.08337   0   0   2.191e+08   0   0
5.2   0.2375   0.1053   0   0   2.191e+08   0   0
5.3   0.2375   0.1272   0   0   2.191e+08   0   0
5.4   0.2375   0.1491   0   0   2.191e+08   0   0
5.5   0.2375   0.171   0   0   2.191e+08   0   0
5.6   0.2398   0.1929   0   0   2.196e+08   0   0
5.7   0.2507   0.215   0   0   2.223e+08   0   0
5.8   0.2615   0.2374   0   0   2.248e+08   0   0
5.9   0.2724   0.26   0   0   2.272e+08   0   0
6   0.2832   0.2828   0   0   2.295e+08   0   0
6.1   0.2939   0.3059   0   0   2.316e+08   0   0
6.2   0.3045   0.3291   0   0   2.336e+08   0   0
6.3   0.3149   0.3526   0   0   2.355e+08   0   0
6.4   0.3251   0.3762   0   0   2.373e+08   0   0
6.5   0.3352   0.4001   0   0   2.39e+08   0   0
6.6   0.3449   0.424   0   0   2.405e+08   0   0
6.7   0.3545   0.4482   0   0   2.42e+08   0   0
6.8   0.3637   0.4724   0   0   2.433e+08   0   0
6.9   0.3727   0.4968   0   0   2.446e+08   0   0
7   0.3814   0.5213   0   0   2.458e+08   0   0
7.1   0.3897   0.546   0   0   2.469e+08   0   0
7.2   0.3977   0.5707   0   0   2.479e+08   0   0
7.3   0.4054   0.5955   0   0   2.489e+08   0   0
7.4   0.4127   0.6205   0   0   2.497e+08   0   0
7.5   0.4196   0.6455   0   0   2.506e+08   0   0
7.6   0.4262   0.6706   0   0   2.513e+08   0   0
7.7   0.4324   0.6958   0   0   2.52e+08   0   0
7.8   0.4383   0.721   0   0   2.526e+08   0   0
7.9   0.4437   0.7463   0   0   2.532e+08   0   0
8   0.4451   0.7716   0   0   2.534e+08   0   0
8.1   0.4451   0.797   0   0   2.534e+08   0   0
8.2   0.4451   0.8223   0   0   2.534e+08   0   0
8.3   0.4451   0.8476   0   0   2.534e+08   0   0
8.4   0.4451   0.873   0   0   2.534e+08   0   0
8.5   0.4451   0.8983   0   0   2.534e+08   0   0
8.6   0.4451   0.9237   0   0   2.534e+08   0   0
8.7   0.4451   0.949   0   0   2.534e+08   0   0
8.8   0.4451   0.9743   0   0   2.534e+08   0   0
8.9   0.4451   0.9997   0   0   2.534e+08   0   0
9   0.4451   1.025   0   0   2.534e+08   0   0
9.1   0.4451   1.05   0   0   2.534e+08   0   0
9.2   0.4451   1.076   0   0   2.534e+08   0   0
9.3   0.4451   1.101   0   0   2.534e+08   0   0
9.4   0.4458   1.126   -0.002015   0   2.479e+08   -5.283e+07   0
9.5   0.4468   1.15   -0.01071   0   2.238e+08   -1.193e+08   0
9.6   0.4477   1.17   -0.02562   0   1.822e+08   -1.764e+08   0
9.7   0.4487   1.186   -0.04559   0   1.266e+08   -2.199e+08   0
9.8   0.4496   1.195   -0.06907   0   6.121e+07   -2.464e+08   0
9.9   0.4506   1.198   -0.09424   0   -8.92e+06   -2.538e+08   0
10   0.4515   1.193   -0.1192   0   -7.835e+07   -2.417e+08   0
10.1   0.4525   1.182   -0.1419   0   -1.417e+08   -2.11e+08   0
10.2   0.4534   1.165   -0.1608   0   -1.942e+08   -1.641e+08   0
10.3   0.4544   1.144   -0.1743   0   -2.318e+08   -1.046e+08   0
10.4   0.4553   1.12   -0.1814   0   -2.517e+08   -3.716e+07   0
10.5   0.4563   1.094   -0.1815   0   -2.524e+08   3.31e+07   0
10.6   0.4564   1.069   -0.1774   0   -2.512e+08   4.147e+07   0
10.7   0.4564   1.044   -0.1733   0   -2.512e+08   4.147e+07   0
10.8   0.4564   1.019   -0.1692   0   -2.512e+08   4.147e+07   0
10.9   0.4564   0.9938   -0.165   0   -2.512e+08   4.147e+07   0
11   0.4564   0.9687   -0.1609   0   -2.512e+08   4.147e+07   0
11.1   0.4564   0.9436   -0.1567   0   -2.512e+08   4.147e+07   0
11.2   0.4564   0.9184   -0.1526   0   -2.512e+08   4.147e+07   0
11.3   0.4564   0.8933   -0.1484   0   -2.512e+08   4.147e+07   0
11.4   0.4564   0.8682   -0.1443   0   -2.512e+08   4.147e+07   0
11.5   0.4564   0.8431   -0.1401   0   -2.512e+08   4.147e+07   0
11.6   0.4564   0.818   -0.136   0   -2.512e+08   4.147e+07   0
11.7   0.4564   0.7929   -0.1318   0   -2.512e+08   4.147e+07   0
11.8   0.4564   0.7677   -0.1277   0   -2.512e+08   4.147e+07   0
11.9   0.4564   0.7426   -0.1235   0   -2.512e+08   4.147e+07   0
12   0.4626   0.7175   -0.1194   0   -2.518e+08   4.157e+07   0
12.1   0.4689   0.6923   -0.1152   0   -2.524e+08   4.168e+07   0
12.2   0.4754   0.667   -0.111   0   -2.53e+08   4.178e+07   0
12.3   0.482   0.6417   -0.1069   0   -2.536e+08   4.189e+07   0
12.4   0.4887   0.6163   -0.1027   0   -2.542e+08   4.199e+07   0
12.5   0.4955   0.5908   -0.09847   0   -2.548e+08   4.209e+07   0
12.6   0.5024   0.5653   -0.09425   0   -2.554e+08   4.219e+07   0
12.7   0.5092   0.5397   -0.09003   0   -2.56e+08   4.229e+07   0
12.8   0.5161   0.5141   -0.0858   0   -2.566e+08   4.239e+07   0
12.9   0.523   0.4884   -0.08155   0   -2.571e+08   4.249e+07   0
13   0.5297   0.4627   -0.0773   0   -2.577e+08   4.258e+07   0
13.1   0.5364   0.4369   -0.07303   0   -2.582e+08   4.267e+07   0
13.2   0.5429   0.4111   -0.06876   0   -2.587e+08   4.276e+07   0
13.3   0.5492   0.3852   -0.06448   0   -2.592e+08   4.284e+07   0
13.4   0.5551   0.3592   -0.0602   0   -2.596e+08   4.291e+07   0
13.5   0.5607   0.3332   -0.0559   0   -2.6e+08   4.299e+07   0
13.6   0.5659   0.3072   -0.0516   0   -2.604e+08   4.305e+07   0
13.7   0.5705   0.2812   -0.04729   0   -2.607e+08   4.311e+07   0
13.8   0.5744   0.2551   -0.04298   0   -2.609e+08   4.315e+07   0
13.9   0.5775   0.229   -0.03866   0   -2.612e+08   4.319e+07   0
14   0.5794   0.2029   -0.03434   0   -2.613e+08   4.322e+07   0
14.1   0.58   0.1767   -0.03002   0   -2.613e+08   4.322e+07   0
14.2   0.58   0.1506   -0.0257   0   -2.613e+08   4.322e+07   0
14.3   0.58   0.1245   -0.02137   0   -2.613e+08   4.322e+07   0
14.4   0.58   0.09833   -0.01705   0   -2.613e+08   4.322e+07   0
14.5   0.58   0.0722   -0.01273   0   -2.613e+08   4.322e+07   0
14.6   0.58   0.04607   -0.008407   0   -2.613e+08   4.322e+07   0
14.7   0.58   0.01994   -0.004085   0   -2.613e+08   4.322e+07   0
14.8   0.58   -0.006197   0.0002376   0   -2.613e+08   4.322e+07   0
14.9   0.58   -0.03233   0.00456   0   -2.613e+08   4.322e+07   0
15   0.58   -0.05846   0.008882   0   -2.613e+08   4.322e+07   0
15.1   0.58   -0.08459   0.0132   0   -2.613e+08   4.322e+07   0
15.2   0.58   -0.1107   0.01753   0   -2.613e+08   4.322e+07   0
15.3   0.58   -0.1369   0.02185   0   -2.613e+08   4.322e+07   0
15.4   0.58   -0.163   0.02617   0   -2.613e+08   4.322e+07   0
15.5   0.5824   -0.1891   0.03049   0   -2.615e+08   4.325e+07   0
15.6   0.6021   -0.2153   0.03483   0   -2.628e+08   4.344e+07   0
15.7   0.6203   -0.2417   0.03918   0   -2.639e+08   4.36e+07   0
15.8   0.6372   -0.2681   0.04355   0   -2.649e+08   4.375e+07   0
15.9   0.6531   -0.2946   0.04793   0   -2.658e+08   4.389e+07   0
16   0.668   -0.3213   0.05232   0   -2.666e+08   4.401e+07   0
16.1   0.682   -0.348   0.05673   0   -2.673e+08   4.412e+07   0
16.2   0.6952   -0.3747   0.06115   0   -2.679e+08   4.422e+07   0
16.3   0.7076   -0.4015   0.06557   0   -2.685e+08   4.431e+07   0
16.4   0.7193   -0.4284   0.07001   0   -2.691e+08   4.44e+07   0
16.5   0.7303   -0.4554   0.07445   0   -2.696e+08   4.447e+07   0
16.6   0.7407   -0.4823   0.0789   0   -2.7e+08   4.454e+07   0
16.7   0.7504   -0.5094   0.08336   0   -2.704e+08   4.461e+07   0
16.8   0.7595   -0.5364   0.08783   0   -2.708e+08   4.467e+07   0
16.9   0.768   -0.5635   0.0923   0   -2.712e+08   4.472e+07   0
17   0.776   -0.5907   0.09677   0   -2.715e+08   4.477e+07   0
17.1   0.7834   -0.6178   0.1013   0   -2.718e+08   4.482e+07   0
17.2   0.7902   -0.645   0.1057   0   -2.72e+08   4.486e+07   0
17.3   0.7965   -0.6722   0.1102   0   -2.723e+08   4.49e+07   0
17.4   0.8023   -0.6995   0.1147   0   -2.725e+08   4.493e+07   0
17.5   0.8075   -0.7267   0.1192   0   -2.727e+08   4.496e+07   0
17.6   0.8105   -0.754   0.1237   0   -2.728e+08   4.498e+07   0
17.7   0.8105   -0.7813   0.1282   0   -2.728e+08   4.498e+07   0
17.8   0.8105   -0.8086   0.1327   0   -2.728e+08   4.498e+07   0
17.9   0.8105   -0.8358   0.1372   0   -2.728e+08   4.498e+07   0
18   0.8105   -0.8631   0.1417   0   -2.728e+08   4.498e+07   0
18.1   0.8105   -0.8904   0.1462   0   -2.728e+08   4.498e+07   0
18.2   0.8105   -0.9177   0.1507   0   -2.728e+08   4.498e+07   0
18.3   0.8105   -0.9449   0.1552   0   -2.728e+08   4.498e+07   0
18.4   0.8105   -0.9722   0.1597   0   -2.728e+08   4.498e+07   0
18.5   0.8105   -0.9995   0.1642   0   -2.728e+08   4.498e+07   0
18.6   0.8105   -1.027   0.1687   0   -2.728e+08   4.498e+07   0
18.7   0.8105   -1.054   0.1732   0   -2.728e+08   4.498e+07   0
18.8   0.8105   -1.081   0.1777   0   -2.728e+08   4.498e+07   0
18.9   0.8105   -1.109   0.1822   0   -2.728e+08   4.498e+07   0
19   0.8106   -1.136   0.1867   0   -2.723e+08   4.787e+07   0
19.1   0.8132   -1.162   0.195   0   -2.503e+08   1.176e+08   0
19.2   0.8159   -1.185   0.21   0   -2.11e+08   1.79e+08   0
19.3   0.8185   -1.204   0.2305   0   -1.571e+08   2.279e+08   0
19.4   0.8212   -1.216   0.2551   0   -9.235e+07   2.61e+08   0
19.5   0.8239   -1.222   0.2821   0   -2.137e+07   2.761e+08   0
19.6   0.8266   -1.221   0.3097   0   5.099e+07   2.723e+08   0
19.7   0.8292   -1.212   0.3359   0   1.198e+08   2.499e+08   0
19.8   0.8319   -1.197   0.3591   0   1.803e+08   2.106e+08   0
19.9   0.8346   -1.176   0.3775   0   2.286e+08   1.57e+08   0
20   0.8374   -1.152   0.3901   0   2.614e+08   9.296e+07   0
20.1   0.8401   -1.124   0.3958   0   2.766e+08   2.272e+07   0
20.2   0.8428   -1.097   0.3945   0   2.733e+08   -4.894e+07   0
20.3   0.8445   -1.07   0.3866   0   2.62e+08   -9.198e+07   0
20.4   0.8445   -1.044   0.3774   0   2.62e+08   -9.198e+07   0
20.5   0.8445   -1.018   0.3682   0   2.62e+08   -9.198e+07   0
20.6   0.8445   -0.9916   0.359   0   2.62e+08   -9.198e+07   0
20.7   0.8445   -0.9654   0.3498   0   2.62e+08   -9.198e+07   0
20.8   0.8445   -0.9392   0.3406   0   2.62e+08   -9.198e+07   0
20.9   0.8445   -0.913   0.3314   0   2.62e+08   -9.198e+07   0
21   0.8445   -0.8868   0.3222   0   2.62e+08   -9.198e+07   0
21.1   0.8445   -0.8606   0.313   0   2.62e+08   -9.198e+07   0
21.2   0.8445   -0.8344   0.3038   0   2.62e+08   -9.198e+07   0
21.3   0.8445   -0.8082   0.2946   0   2.62e+08   -9.198e+07   0
21.4   0.8445   -0.782   0.2854   0   2.62e+08   -9.198e+07   0
21.5   0.8445   -0.7558   0.2762   0   2.62e+08   -9.198e+07   0
21.6   0.8445   -0.7296   0.267   0   2.62e+08   -9.198e+07   0
21.7   0.8453   -0.7034   0.2578   0   2.62e+08   -9.199e+07   0
21.8   0.8514   -0.6772   0.2486   0   2.622e+08   -9.208e+07   0
21.9   0.8575   -0.651   0.2394   0   2.624e+08   -9.216e+07   0
22   0.8636   -0.6247   0.2302   0   2.626e+08   -9.225e+07   0
22.1   0.8697   -0.5985   0.221   0   2.628e+08   -9.233e+07   0
22.2   0.8756   -0.5722   0.2117   0   2.629e+08   -9.242e+07   0
22.3   0.8815   -0.5459   0.2025   0   2.631e+08   -9.25e+07   0
22.4   0.8872   -0.5196   0.1932   0   2.632e+08   -9.258e+07   0
22.5   0.8927   -0.4932   0.184   0   2.634e+08   -9.266e+07   0
22.6   0.898   -0.4669   0.1747   0   2.635e+08   -9.273e+07   0
22.7   0.9029   -0.4405   0.1654   0   2.637e+08   -9.28e+07   0
22.8   0.9075   -0.4142   0.1561   0   2.638e+08   -9.287e+07   0
22.9   0.9117   -0.3878   0.1468   0   2.639e+08   -9.293e+07   0
23   0.9154   -0.3614   0.1375   0   2.64e+08   -9.299e+07   0
23.1   0.9184   -0.335   0.1282   0   2.641e+08   -9.303e+07   0
23.2   0.9207   -0.3086   0.1189   0   2.641e+08   -9.307e+07   0
23.3   0.9222   -0.2822   0.1096   0   2.642e+08   -9.309e+07   0
23.4   0.9226   -0.2557   0.1003   0   2.642e+08   -9.31e+07   0
23.5   0.9217   -0.2293   0.09101   0   2.642e+08   -9.308e+07   0
23.6   0.9193   -0.2029   0.0817   0   2.641e+08   -9.304e+07   0
23.7   0.9149   -0.1765   0.0724   0   2.64e+08   -9.295e+07   0
23.8   0.9143   -0.1501   0.06311   0   2.64e+08   -9.294e+07   0
23.9   0.9143   -0.1237   0.05382   0   2.64e+08   -9.294e+07   0
24   0.9143   -0.0973   0.04452   0   2.64e+08   -9.294e+07   0
24.1   0.9143   -0.07091   0.03523   0   2.64e+08   -9.294e+07   0
24.2   0.9143   -0.04451   0.02593   0   2.64e+08   -9.294e+07   0
24.3   0.9143   -0.01811   0.01664   0   2.64e+08   -9.294e+07   0
24.4   0.9143   0.008288   0.007346   0   2.64e+08   -9.294e+07   0
24.5   0.9143   0.03469   -0.001948   0   2.64e+08   -9.294e+07   0
24.6   0.9143   0.06108   -0.01124   0   2.64e+08   -9.294e+07   0
24.7   0.9143   0.08748   -0.02054   0   2.64e+08   -9.294e+07   0
24.8   0.9143   0.1139   -0.02983   0   2.64e+08   -9.294e+07   0
24.9   0.9143   0.1403   -0.03912   0   2.64e+08   -9.294e+07   0
25   0.9143   0.1667   -0.04842   0   2.64e+08   -9.294e+07   0
25.1   0.9254   0.1931   -0.05771   0   2.643e+08   -9.293e+07   0
25.2   0.9473   0.2195   -0.067   0   2.65e+08   -9.293e+07   0
25.3   0.9671   0.2461   -0.0763   0   2.655e+08   -9.294e+07   0
25.4   0.9853   0.2726   -0.08559   0   2.66e+08   -9.297e+07   0
25.5   1.002   0.2993   -0.09489   0   2.664e+08   -9.3e+07   0
25.6   1.018   0.3259   -0.1042   0   2.668e+08   -9.304e+07   0
25.7   1.032   0.3526   -0.1135   0   2.671e+08   -9.308e+07   0
25.8   1.045   0.3794   -0.1228   0   2.674e+08   -9.311e+07   0
25.9   1.058   0.4061   -0.1321   0   2.677e+08   -9.315e+07   0
26   1.069   0.4329   -0.1414   0   2.679e+08   -9.319e+07   0
26.1   1.08   0.4597   -0.1508   0   2.682e+08   -9.323e+07   0
26.2   1.089   0.4865   -0.1601   0   2.684e+08   -9.326e+07   0
26.3   1.099   0.5134   -0.1694   0   2.685e+08   -9.329e+07   0
26.4   1.107   0.5402   -0.1787   0   2.687e+08   -9.332e+07   0
26.5   1.115   0.5671   -0.1881   0   2.689e+08   -9.335e+07   0
26.6   1.122   0.594   -0.1974   0   2.69e+08   -9.338e+07   0
26.7   1.128   0.6209   -0.2068   0   2.691e+08   -9.34e+07   0
26.8   1.134   0.6478   -0.2161   0   2.692e+08   -9.342e+07   0
26.9   1.14   0.6747   -0.2254   0   2.693e+08   -9.345e+07   0
27   1.144   0.7017   -0.2348   0   2.694e+08   -9.346e+07   0
27.1   1.146   0.7286   -0.2441   0   2.694e+08   -9.347e+07   0
27.2   1.146   0.7556   -0.2535   0   2.694e+08   -9.347e+07   0
27.3   1.146   0.7825   -0.2628   0   2.694e+08   -9.347e+07   0
27.4   1.146   0.8095   -0.2722   0   2.694e+08   -9.347e+07   0
27.5   1.146   0.8364   -0.2815   0   2.694e+08   -9.347e+07   0
27.6   1.146   0.8633   -0.2909   0   2.694e+08   -9.347e+07   0
27.7   1.146   0.8903   -0.3002   0   2.694e+08   -9.347e+07   0
27.8   1.146   0.9172   -0.3096   0   2.694e+08   -9.347e+07   0
27.9   1.146   0.9442   -0.3189   0   2.694e+08   -9.347e+07   0
28   1.146   0.9711   -0.3283   0   2.694e+08   -9.347e+07   0
28.1   1.146   0.9981   -0.3376   0   2.694e+08   -9.347e+07   0
28.2   1.146   1.025   -0.3469   0   2.694e+08   -9.347e+07   0
28.3   1.146   1.052   -0.3563   0   2.694e+08   -9.347e+07   0
28.4   1.146   1.079   -0.3656   0   2.694e+08   -9.347e+07   0
28.5   1.148   1.106   -0.3753   0   2.612e+08   -1.145e+08   0
28.6   1.155   1.13   -0.3904   0   2.173e+08   -1.849e+08   0
28.7   1.162   1.149   -0.4118   0   1.553e+08   -2.395e+08   0
28.8   1.169   1.16   -0.4377   0   8.046e+07   -2.74e+08   0
28.9   1.175   1.164   -0.4659   0   -7.836e+05   -2.857e+08   0
29   1.182   1.16   -0.494   0   -8.171e+07   -2.739e+08   0
29.1   1.189   1.148   -0.5199   0   -1.557e+08   -2.398e+08   0
29.2   1.196   1.129   -0.5413   0   -2.169e+08   -1.865e+08   0
29.3   1.203   1.105   -0.5566   0   -2.606e+08   -1.183e+08   0
29.4   1.21   1.078   -0.5646   0   -2.833e+08   -4.103e+07   0
29.5   1.218   1.049   -0.5646   0   -2.837e+08   3.926e+07   0
29.6   1.225   1.022   -0.5568   0   -2.619e+08   1.162e+08   0
29.7   1.227   0.9966   -0.5433   0   -2.512e+08   1.378e+08   0
29.8   1.227   0.9715   -0.5295   0   -2.512e+08   1.378e+08   0
29.9   1.227   0.9464   -0.5157   0   -2.512e+08   1.378e+08   0
30   1.227   0.9213   -0.502   0   -2.512e+08   1.378e+08   0
30.1   1.227   0.8961   -0.4882   0   -2.512e+08   1.378e+08   0
30.2   1.227   0.871   -0.4744   0   -2.512e+08   1.378e+08   0
30.3   1.227   0.8459   -0.4606   0   -2.512e+08   1.378e+08   0
30.4   1.227   0.8208   -0.4469   0   -2.512e+08   1.378e+08   0
30.5   1.227   0.7956   -0.4331   0   -2.512e+08   1.378e+08   0
30.6   1.227   0.7705   -0.4193   0   -2.512e+08   1.378e+08   0
30.7   1.227   0.7454   -0.4055   0   -2.512e+08   1.378e+08   0
30.8   1.227   0.7203   -0.3918   0   -2.512e+08   1.378e+08   0
30.9   1.227   0.6951   -0.378   0   -2.512e+08   1.378e+08   0
31   1.227   0.67   -0.3642   0   -2.512e+08   1.378e+08   0
31.1   1.231   0.6449   -0.3504   0   -2.513e+08   1.378e+08   0
31.2   1.237   0.6198   -0.3366   0   -2.514e+08   1.378e+08   0
31.3   1.243   0.5946   -0.3229   0   -2.515e+08   1.379e+08   0
31.4   1.249   0.5695   -0.3091   0   -2.516e+08   1.379e+08   0
31.5   1.256   0.5443   -0.2953   0   -2.516e+08   1.38e+08   0
31.6   1.261   0.5191   -0.2815   0   -2.517e+08   1.38e+08   0
31.7   1.267   0.494   -0.2677   0   -2.518e+08   1.38e+08   0
31.8   1.273   0.4688   -0.2539   0   -2.519e+08   1.381e+08   0
31.9   1.278   0.4436   -0.2401   0   -2.519e+08   1.381e+08   0
32   1.283   0.4184   -0.2262   0   -2.52e+08   1.381e+08   0
32.1   1.288   0.3932   -0.2124   0   -2.521e+08   1.382e+08   0
32.2   1.292   0.368   -0.1986   0   -2.521e+08   1.382e+08   0
32.3   1.296   0.3428   -0.1848   0   -2.522e+08   1.382e+08   0
32.4   1.299   0.3175   -0.171   0   -2.522e+08   1.382e+08   0
32.5   1.302   0.2923   -0.1572   0   -2.522e+08   1.382e+08   0
32.6   1.303   0.2671   -0.1433   0   -2.523e+08   1.382e+08   0
32.7   1.304   0.2419   -0.1295   0   -2.523e+08   1.382e+08   0
32.8   1.303   0.2166   -0.1157   0   -2.523e+08   1.382e+08   0
32.9   1.3   0.1914   -0.1019   0   -2.522e+08   1.382e+08   0
33   1.296   0.1662   -0.08804   0   -2.522e+08   1.382e+08   0
33.1   1.296   0.141   -0.07421   0   -2.522e+08   1.382e+08   0
33.2   1.296   0.1158   -0.06039   0   -2.522e+08   1.382e+08   0
33.3   1.296   0.09055   -0.04657   0   -2.522e+08   1.382e+08   0
33.4   1.296   0.06533   -0.03275   0   -2.522e+08   1.382e+08   0
33.5   1.296   0.04012   -0.01893   0   -2.522e+08   1.382e+08   0
33.6   1.296   0.0149   -0.00511   0   -2.522e+08   1.382e+08   0
33.7   1.296   -0.01032   0.008711   0   -2.522e+08   1.382e+08   0
33.8   1.296   -0.03553   0.02253   0   -2.522e+08   1.382e+08   0
33.9   1.296   -0.06075   0.03635   0   -2.522e+08   1.382e+08   0
34   1.296   -0.08596   0.05017   0   -2.522e+08   1.382e+08   0
34.1   1.296   -0.1112   0.06399   0   -2.522e+08   1.382e+08   0
34.2   1.296   -0.1364   0.07781   0   -2.522e+08   1.382e+08   0
34.3   1.296   -0.1616   0.09164   0   -2.522e+08   1.382e+08   0
34.4   1.317   -0.1868   0.1055   0   -2.524e+08   1.384e+08   0
34.5   1.338   -0.2121   0.1193   0   -2.526e+08   1.386e+08   0
34.6   1.357   -0.2374   0.1332   0   -2.528e+08   1.387e+08   0
34.7   1.375   -0.2626   0.1471   0   -2.53e+08   1.388e+08   0
34.8   1.391   -0.288   0.1609   0   -2.531e+08   1.389e+08   0
34.9   1.406   -0.3133   0.1748   0   -2.533e+08   1.39e+08   0
35   1.42   -0.3386   0.1888   0   -2.534e+08   1.391e+08   0
35.1   1.433   -0.364   0.2027   0   -2.535e+08   1.392e+08   0
35.2   1.445   -0.3893   0.2166   0   -2.537e+08   1.393e+08   0
35.3   1.457   -0.4147   0.2305   0   -2.538e+08   1.394e+08   0
35.4   1.467   -0.4401   0.2445   0   -2.539e+08   1.394e+08   0
35.5   1.477   -0.4655   0.2584   0   -2.539e+08   1.395e+08   0
35.6   1.486   -0.4909   0.2724   0   -2.54e+08   1.395e+08   0
35.7   1.494   -0.5163   0.2863   0   -2.541e+08   1.396e+08   0
35.8   1.502   -0.5417   0.3003   0   -2.541e+08   1.396e+08   0
35.9   1.509   -0.5671   0.3142   0   -2.542e+08   1.396e+08   0
36   1.515   -0.5925   0.3282   0   -2.543e+08   1.397e+08   0
36.1   1.521   -0.6179   0.3422   0   -2.543e+08   1.397e+08   0
36.2   1.526   -0.6434   0.3561   0   -2.544e+08   1.397e+08   0
36.3   1.529   -0.6688   0.3701   0   -2.544e+08   1.397e+08   0
36.4   1.529   -0.6943   0.3841   0   -2.544e+08   1.397e+08   0
36.5   1.529   -0.7197   0.3981   0   -2.544e+08   1.397e+08   0
36.6   1.529   -0.7451   0.412   0   -2.544e+08   1.397e+08   0
36.7   1.529   -0.7706   0.426   0   -2.544e+08   1.397e+08   0
36.8   1.529   -0.796   0.44   0   -2.544e+08   1.397e+08   0
36.9   1.529   -0.8214   0.454   0   -2.544e+08   1.397e+08   0
37   1.529   -0.8469   0.4679   0   -2.544e+08   1.397e+08   0
37.1   1.529   -0.8723   0.4819   0   -2.544e+08   1.397e+08   0
37.2   1.529   -0.8978   0.4959   0   -2.544e+08   1.397e+08   0
37.3   1.529   -0.9232   0.5099   0   -2.544e+08   1.397e+08   0
37.4   1.529   -0.9486   0.5238   0   -2.544e+08   1.397e+08   0
37.5   1.529   -0.9741   0.5378   0   -2.544e+08   1.397e+08   0
37.6   1.529   -0.9995   0.5518   0   -2.544e+08   1.397e+08   0
37.7   1.529   -1.025   0.5658   0   -2.544e+08   1.397e+08   0
37.8   1.529   -1.05   0.5797   0   -2.544e+08   1.397e+08   0
37.9   1.529   -1.076   0.5937   0   -2.544e+08   1.397e+08   0
38   1.529   -1.101   0.6077   0   -2.544e+08   1.397e+08   0
38.1   1.529   -1.127   0.6217   0   -2.544e+08   1.397e+08   0
38.2   1.529   -1.152   0.6356   0   -2.544e+08   1.397e+08   0
38.3   1.529   -1.178   0.6496   0   -2.544e+08   1.397e+08   0
38.4   1.529   -1.203   0.6636   0   -2.544e+08   1.397e+08   0
38.5   1.529   -1.228   0.6776   0   -2.544e+08   1.397e+08   0
38.6   1.529   -1.254   0.6915   0   -2.544e+08   1.397e+08   0
38.7   1.529   -1.279   0.7055   0   -2.544e+08   1.397e+08   0
38.8   1.529   -1.305   0.7195   0   -2.544e+08   1.397e+08   0
38.9   1.529   -1.33   0.7335   0   -2.544e+08   1.397e+08   0
39   1.529   -1.356   0.7474   0   -2.544e+08   1.397e+08   0
39.1   1.529   -1.381   0.7614   0   -2.544e+08   1.397e+08   0
39.2   1.529   -1.407   0.7754   0   -2.544e+08   1.397e+08   0
39.3   1.529   -1.432   0.7894   0   -2.544e+08   1.397e+08   0
39.4   1.529   -1.457   0.8033   0   -2.544e+08   1.397e+08   0
39.5   1.529   -1.483   0.8173   0   -2.544e+08   1.397e+08   0
39.6   1.529   -1.508   0.8313   0   -2.544e+08   1.397e+08   0
39.7   1.529   -1.534   0.8453   0   -2.544e+08   1.397e+08   0
39.8   1.529   -1.559   0.8592   0   -2.544e+08   1.397e+08   0
39.9   1.529   -1.585   0.8732   0   -2.544e+08   1.397e+08   0
40   1.529   -1.61   0.8872   0   -2.544e+08   1.397e+08   0
40.1   1.529   -1.635   0.9012   0   -2.544e+08   1.397e+08   0
40.2   1.529   -1.661   0.9151   0   -2.544e+08   1.397e+08   0
40.3   1.529   -1.686   0.9291   0   -2.544e+08   1.397e+08   0
40.4   1.529   -1.712   0.9431   0   -2.544e+08   1.397e+08   0
40.5   1.529   -1.737   0.9571   0   -2.544e+08   1.397e+08   0
40.6   1.529   -1.763   0.971   0   -2.544e+08   1.397e+08   0
40.7   1.529   -1.788   0.985   0   -2.544e+08   1.397e+08   0
40.8   1.529   -1.814   0.999   0   -2.544e+08   1.397e+08   0
40.9   1.529   -1.839   1.013   0   -2.544e+08   1.397e+08   0
41   1.529   -1.864   1.027   0   -2.544e+08   1.397e+08   0
41.1   1.529   -1.89   1.041   0   -2.544e+08   1.397e+08   0
41.2   1.529   -1.915   1.055   0   -2.544e+08   1.397e+08   0
41.3   1.529   -1.941   1.069   0   -2.544e+08   1.397e+08   0
41.4   1.529   -1.966   1.083   0   -2.544e+08   1.397e+08   0
41.5   1.529   -1.992   1.097   0   -2.544e+08   1.397e+08   0
41.6   1.529   -2.017   1.111   0   -2.544e+08   1.397e+08   0
41.7   1.529   -2.042   1.125   0   -2.544e+08   1.397e+08   0
41.8   1.529   -2.068   1.139   0   -2.544e+08   1.397e+08   0
41.9   1.529   -2.093   1.153   0   -2.544e+08   1.397e+08   0
42   1.529   -2.119   1.167   0   -2.544e+08   1.397e+08   0
42.1   1.529   -2.144   1.181   0   -2.544e+08   1.397e+08   0
42.2   1.529   -2.17   1.195   0   -2.544e+08   1.397e+08   0
42.3   1.529   -2.195   1.209   0   -2.544e+08   1.397e+08   0
42.4   1.529   -2.221   1.223   0   -2.544e+08   1.397e+08   0
42.5   1.529   -2.246   1.237   0   -2.544e+08   1.397e+08   0
42.6   1.529   -2.271   1.251   0   -2.544e+08   1.397e+08   0
42.7   1.529   -2.297   1.265   0   -2.544e+08   1.397e+08   0
42.8   1.529   -2.322   1.278   0   -2.544e+08   1.397e+08   0
42.9   1.529   -2.348   1.292   0   -2.544e+08   1.397e+08   0
43   1.529   -2.373   1.306   0   -2.544e+08   1.397e+08   0
43.1   1.529   -2.399   1.32   0   -2.544e+08   1.397e+08   0
43.2   1.529   -2.424   1.334   0   -2.544e+08   1.397e+08   0
43.3   1.529   -2.449   1.348   0   -2.544e+08   1.397e+08   0
43.4   1.529   -2.475   1.362   0   -2.544e+08   1.397e+08   0
43.5   1.529   -2.5   1.376   0   -2.544e+08   1.397e+08   0
43.6   1.529   -2.526   1.39   0   -2.544e+08   1.397e+08   0
43.7   1.529   -2.551   1.404   0   -2.544e+08   1.397e+08   0
43.8   1.529   -2.577   1.418   0   -2.544e+08   1.397e+08   0
43.9   1.529   -2.602   1.432   0   -2.544e+08   1.397e+08   0
44   1.529   -2.627   1.446   0   -2.544e+08   1.397e+08   0
44.1   1.529   -2.653   1.46   0   -2.544e+08   1.397e+08   0
44.2   1.529   -2.678   1.474   0   -2.544e+08   1.397e+08   0
44.3   1.529   -2.704   1.488   0   -2.544e+08   1.397e+08   0
44.4   1.529   -2.729   1.502   0   -2.544e+08   1.397e+08   0
44.5   1.529   -2.755   1.516   0   -2.544e+08   1.397e+08   0
44.6   1.529   -2.78   1.53   0   -2.544e+08   1.397e+08   0
44.7   1.529   -2.806   1.544   0   -2.544e+08   1.397e+08   0
44.8   1.529   -2.831   1.558   0   -2.544e+08   1.397e+08   0
44.9   1.529   -2.856   1.572   0   -2.544e+08   1.397e+08   0
45   1.529   -2.882   1.586   0   -2.544e+08   1.397e+08   0
