0   0.04   -0.753   0   0   1.121e+08   0   0
0.1   0.04   -0.753   0   0   1.121e+08   0   0
0.2   0.04   -0.753   0   0   1.121e+08   0   0
0.3   0.04005   -0.7511   0   0   1.122e+08   0   0
0.4   0.04045   -0.7398   0   0   1.127e+08   0   0
0.5   0.04105   -0.7285   0   0   1.134e+08   0   0
0.6   0.04185   -0.7171   0   0   1.144e+08   0   0
0.7   0.04285   -0.7056   0   0   1.156e+08   0   0
0.8   0.04408   -0.694   0   0   1.171e+08   0   0
0.9   0.04552   -0.6822   0   0   1.188e+08   0   0
1   0.04721   -0.6702   0   0   1.207e+08   0   0
1.1   0.04913   -0.6581   0   0   1.228e+08   0   0
1.2   0.05132   -0.6457   0   0   1.251e+08   0   0
1.3   0.05377   -0.633   0   0   1.277e+08   0   0
1.4   0.0565   -0.6201   0   0   1.304e+08   0   0
1.5   0.05953   -0.6069   0   0   1.333e+08   0   0
1.6   0.06285   -0.5934   0   0   1.364e+08   0   0
1.7   0.06649   -0.5796   0   0   1.397e+08   0   0
1.8   0.07045   -0.5655   0   0   1.43e+08   0   0
1.9   0.07475   -0.551   0   0   1.465e+08   0   0
2   0.0794   -0.5362   0   0   1.502e+08   0   0
2.1   0.0844   -0.521   0   0   1.539e+08   0   0
2.2   0.08977   -0.5054   0   0   1.576e+08   0   0
2.3   0.09551   -0.4894   0   0   1.615e+08   0   0
2.4   0.1016   -0.4731   0   0   1.654e+08   0   0
2.5   0.1081   -0.4564   0   0   1.693e+08   0   0
2.6   0.115   -0.4392   0   0   1.732e+08   0   0
2.7   0.1223   -0.4217   0   0   1.771e+08   0   0
2.8   0.13   -0.4038   0   0   1.81e+08   0   0
2.9   0.1381   -0.3855   0   0   1.849e+08   0   0
3   0.1466   -0.3668   0   0   1.887e+08   0   0
3.1   0.1554   -0.3478   0   0   1.924e+08   0   0
3.2   0.1647   -0.3284   0   0   1.961e+08   0   0
3.3   0.1743   -0.3086   0   0   1.998e+08   0   0
3.4   0.1844   -0.2884   0   0   2.033e+08   0   0
3.5   0.1948   -0.2679   0   0   2.068e+08   0   0
3.6   0.2056   -0.247   0   0   2.102e+08   0   0
3.7   0.2168   -0.2259   0   0   2.135e+08   0   0
3.8   0.2284   -0.2043   0   0   2.167e+08   0   0
3.9   0.2372   -0.1825   0   0   2.19e+08   0   0
4   0.2372   -0.1606   0   0   2.19e+08   0   0
4.1   0.2372   -0.1387   0   0   2.19e+08   0   0
4.2   0.2372   -0.1168   0   0   2.19e+08   0   0
4.3   0.2372   -0.09494   0   0   2.19e+08   0   0
4.4   0.2372   -0.07304   0   0   2.19e+08   0   0
4.5   0.2372   -0.05114   0   0   2.19e+08   0   0
4.6   0.2372   -0.02924   0   0   2.19e+08   0   0
4.7   0.2372   -0.007343   0   0   2.19e+08   0   0
4.8   0.2372   0.01456   0   0   2.19e+08   0   0
4.9   0.2372   0.03645   0   0   2.19e+08   0   0
5   0.2372   0.05835   0   0   2.19e+08   0   0
5.1   0.2372   0.08025   0   0   2.19e+08   0   0
5.2   0.2372   0.1022   0   0   2.19e+08   0   0
5.3   0.2372   0.124   0   0   2.19e+08   0   0
5.4   0.2372   0.1459   0   0   2.19e+08   0   0
5.5   0.2372   0.1678   0   0   2.19e+08   0   0
5.6   0.2379   0.1897   0   0   2.192e+08   0   0
5.7   0.2489   0.2118   0   0   2.219e+08   0   0
5.8   0.2599   0.2341   0   0   2.245e+08   0   0
5.9   0.2709   0.2567   0   0   2.269e+08   0   0
6   0.2818   0.2795   0   0   2.292e+08   0   0
6.1   0.2926   0.3025   0   0   2.314e+08   0   0
6.2   0.3033   0.3258   0   0   2.334e+08   0   0
6.3   0.3138   0.3492   0   0   2.353e+08   0   0
6.4   0.3242   0.3728   0   0   2.371e+08   0   0
6.5   0.3343   0.3966   0   0   2.388e+08   0   0
6.6   0.3441   0.4206   0   0   2.404e+08   0   0
6.7   0.3537   0.4447   0   0   2.418e+08   0   0
6.8   0.363   0.469   0   0   2.432e+08   0   0
6.9   0.3721   0.4934   0   0   2.445e+08   0   0
7   0.3808   0.5179   0   0   2.457e+08   0   0
7.1   0.3892   0.5425   0   0   2.468e+08   0   0
7.2   0.3972   0.5672   0   0   2.478e+08   0   0
7.3   0.4049   0.5921   0   0   2.488e+08   0   0
7.4   0.4123   0.617   0   0   2.497e+08   0   0
7.5   0.4193   0.642   0   0   2.505e+08   0   0
7.6   0.4259   0.6671   0   0   2.513e+08   0   0
7.7   0.4321   0.6922   0   0   2.52e+08   0   0
7.8   0.438   0.7175   0   0   2.526e+08   0   0
7.9   0.4435   0.7428   0   0   2.532e+08   0   0
8   0.4456   0.7681   0   0   2.534e+08   0   0
8.1   0.4456   0.7935   0   0   2.534e+08   0   0
8.2   0.4456   0.8188   0   0   2.534e+08   0   0
8.3   0.4456   0.8441   0   0   2.534e+08   0   0
8.4   0.4456   0.8695   0   0   2.534e+08   0   0
8.5   0.4456   0.8948   0   0   2.534e+08   0   0
8.6   0.4456   0.9202   0   0   2.534e+08   0   0
8.7   0.4456   0.9455   0   0   2.534e+08   0   0
8.8   0.4456   0.9709   0   0   2.534e+08   0   0
8.9   0.4456   0.9962   0   0   2.534e+08   0   0
9   0.4456   1.022   0   0   2.534e+08   0   0
9.1   0.4456   1.047   0   0   2.534e+08   0   0
9.2   0.4456   1.072   0   0   2.534e+08   0   0
9.3   0.4456   1.098   0   0   2.534e+08   0   0
9.4   0.4462   1.123   -0.001382   0   2.497e+08   -4.376e+07   0
9.5   0.4472   1.147   -0.009206   0   2.28e+08   -1.11e+08   0
9.6   0.4481   1.168   -0.02336   0   1.886e+08   -1.697e+08   0
9.7   0.449   1.184   -0.04275   0   1.346e+08   -2.151e+08   0
9.8   0.45   1.194   -0.06587   0   7.027e+07   -2.44e+08   0
9.9   0.4509   1.198   -0.09094   0   4.804e+05   -2.54e+08   0
10   0.4519   1.194   -0.116   0   -6.933e+07   -2.445e+08   0
10.1   0.4528   1.184   -0.1392   0   -1.338e+08   -2.161e+08   0
10.2   0.4538   1.168   -0.1586   0   -1.88e+08   -1.712e+08   0
10.3   0.4547   1.147   -0.1729   0   -2.278e+08   -1.132e+08   0
10.4   0.4557   1.123   -0.1809   0   -2.502e+08   -4.66e+07   0
10.5   0.4567   1.098   -0.1821   0   -2.535e+08   2.357e+07   0
10.6   0.4569   1.072   -0.1782   0   -2.513e+08   4.104e+07   0
10.7   0.4569   1.047   -0.1741   0   -2.513e+08   4.104e+07   0
10.8   0.4569   1.022   -0.17   0   -2.513e+08   4.104e+07   0
10.9   0.4569   0.997   -0.1659   0   -2.513e+08   4.104e+07   0
11   0.4569   0.9719   -0.1618   0   -2.513e+08   4.104e+07   0
11.1   0.4569   0.9467   -0.1577   0   -2.513e+08   4.104e+07   0
11.2   0.4569   0.9216   -0.1535   0   -2.513e+08   4.104e+07   0
11.3   0.4569   0.8965   -0.1494   0   -2.513e+08   4.104e+07   0
11.4   0.4569   0.8714   -0.1453   0   -2.513e+08   4.104e+07   0
11.5   0.4569   0.8462   -0.1412   0   -2.513e+08   4.104e+07   0
11.6   0.4569   0.8211   -0.1371   0   -2.513e+08   4.104e+07   0
11.7   0.4569   0.796   -0.133   0   -2.513e+08   4.104e+07   0
11.8   0.4569   0.7709   -0.1289   0   -2.513e+08   4.104e+07   0
11.9   0.4569   0.7457   -0.1248   0   -2.513e+08   4.104e+07   0
12   0.4623   0.7206   -0.1207   0   -2.518e+08   4.114e+07   0
12.1   0.4686   0.6954   -0.1166   0   -2.524e+08   4.125e+07   0
12.2   0.475   0.6701   -0.1125   0   -2.53e+08   4.136e+07   0
12.3   0.4816   0.6448   -0.1083   0   -2.536e+08   4.147e+07   0
12.4   0.4883   0.6194   -0.1042   0   -2.543e+08   4.158e+07   0
12.5   0.495   0.5939   -0.1   0   -2.549e+08   4.169e+07   0
12.6   0.5018   0.5684   -0.09583   0   -2.554e+08   4.18e+07   0
12.7   0.5087   0.5428   -0.09164   0   -2.56e+08   4.19e+07   0
12.8   0.5155   0.5172   -0.08745   0   -2.566e+08   4.201e+07   0
12.9   0.5223   0.4915   -0.08324   0   -2.571e+08   4.211e+07   0
13   0.5291   0.4658   -0.07902   0   -2.577e+08   4.221e+07   0
13.1   0.5357   0.44   -0.0748   0   -2.582e+08   4.231e+07   0
13.2   0.5421   0.4141   -0.07056   0   -2.587e+08   4.24e+07   0
13.3   0.5483   0.3882   -0.06632   0   -2.591e+08   4.249e+07   0
13.4   0.5542   0.3623   -0.06206   0   -2.596e+08   4.257e+07   0
13.5   0.5598   0.3363   -0.0578   0   -2.6e+08   4.265e+07   0
13.6   0.5649   0.3103   -0.05353   0   -2.603e+08   4.272e+07   0
13.7   0.5695   0.2842   -0.04926   0   -2.607e+08   4.279e+07   0
13.8   0.5733   0.2582   -0.04498   0   -2.609e+08   4.284e+07   0
13.9   0.5763   0.2321   -0.04069   0   -2.611e+08   4.289e+07   0
14   0.5782   0.2059   -0.0364   0   -2.613e+08   4.292e+07   0
14.1   0.5788   0.1798   -0.03211   0   -2.613e+08   4.292e+07   0
14.2   0.5788   0.1537   -0.02782   0   -2.613e+08   4.292e+07   0
14.3   0.5788   0.1276   -0.02352   0   -2.613e+08   4.292e+07   0
14.4   0.5788   0.1014   -0.01923   0   -2.613e+08   4.292e+07   0
14.5   0.5788   0.0753   -0.01494   0   -2.613e+08   4.292e+07   0
14.6   0.5788   0.04917   -0.01065   0   -2.613e+08   4.292e+07   0
14.7   0.5788   0.02304   -0.006354   0   -2.613e+08   4.292e+07   0
14.8   0.5788   -0.00309   -0.002061   0   -2.613e+08   4.292e+07   0
14.9   0.5788   -0.02922   0.002231   0   -2.613e+08   4.292e+07   0
15   0.5788   -0.05535   0.006523   0   -2.613e+08   4.292e+07   0
15.1   0.5788   -0.08148   0.01082   0   -2.613e+08   4.292e+07   0
15.2   0.5788   -0.1076   0.01511   0   -2.613e+08   4.292e+07   0
15.3   0.5788   -0.1337   0.0194   0   -2.613e+08   4.292e+07   0
15.4   0.5788   -0.1599   0.02369   0   -2.613e+08   4.292e+07   0
15.5   0.5788   -0.186   0.02798   0   -2.613e+08   4.292e+07   0
15.6   0.5985   -0.2122   0.03228   0   -2.626e+08   4.306e+07   0
15.7   0.617   -0.2385   0.0366   0   -2.638e+08   4.319e+07   0
15.8   0.6342   -0.2649   0.04092   0   -2.648e+08   4.331e+07   0
15.9   0.6502   -0.2915   0.04526   0   -2.657e+08   4.342e+07   0
16   0.6653   -0.3181   0.04961   0   -2.665e+08   4.352e+07   0
16.1   0.6794   -0.3448   0.05396   0   -2.672e+08   4.361e+07   0
16.2   0.6927   -0.3715   0.05833   0   -2.679e+08   4.37e+07   0
16.3   0.7053   -0.3983   0.0627   0   -2.685e+08   4.377e+07   0
16.4   0.7171   -0.4252   0.06708   0   -2.691e+08   4.385e+07   0
16.5   0.7282   -0.4521   0.07147   0   -2.696e+08   4.391e+07   0
16.6   0.7386   -0.4791   0.07586   0   -2.7e+08   4.398e+07   0
16.7   0.7484   -0.5062   0.08027   0   -2.704e+08   4.403e+07   0
16.8   0.7576   -0.5332   0.08467   0   -2.708e+08   4.409e+07   0
16.9   0.7662   -0.5603   0.08908   0   -2.712e+08   4.414e+07   0
17   0.7742   -0.5875   0.0935   0   -2.715e+08   4.418e+07   0
17.1   0.7816   -0.6146   0.09792   0   -2.718e+08   4.422e+07   0
17.2   0.7884   -0.6418   0.1023   0   -2.721e+08   4.426e+07   0
17.3   0.7948   -0.669   0.1068   0   -2.723e+08   4.429e+07   0
17.4   0.8006   -0.6963   0.1112   0   -2.725e+08   4.433e+07   0
17.5   0.8059   -0.7235   0.1156   0   -2.727e+08   4.435e+07   0
17.6   0.8095   -0.7508   0.1201   0   -2.729e+08   4.437e+07   0
17.7   0.8095   -0.7781   0.1245   0   -2.729e+08   4.437e+07   0
17.8   0.8095   -0.8054   0.1289   0   -2.729e+08   4.437e+07   0
17.9   0.8095   -0.8327   0.1334   0   -2.729e+08   4.437e+07   0
18   0.8095   -0.86   0.1378   0   -2.729e+08   4.437e+07   0
18.1   0.8095   -0.8872   0.1423   0   -2.729e+08   4.437e+07   0
18.2   0.8095   -0.9145   0.1467   0   -2.729e+08   4.437e+07   0
18.3   0.8095   -0.9418   0.1511   0   -2.729e+08   4.437e+07   0
18.4   0.8095   -0.9691   0.1556   0   -2.729e+08   4.437e+07   0
18.5   0.8095   -0.9964   0.16   0   -2.729e+08   4.437e+07   0
18.6   0.8095   -1.024   0.1644   0   -2.729e+08   4.437e+07   0
18.7   0.8095   -1.051   0.1689   0   -2.729e+08   4.437e+07   0
18.8   0.8095   -1.078   0.1733   0   -2.729e+08   4.437e+07   0
18.9   0.8095   -1.106   0.1778   0   -2.729e+08   4.437e+07   0
19   0.8095   -1.133   0.1822   0   -2.729e+08   4.437e+07   0
19.1   0.8118   -1.159   0.1894   0   -2.553e+08   1.063e+08   0
19.2   0.8145   -1.183   0.2033   0   -2.186e+08   1.695e+08   0
19.3   0.8171   -1.203   0.223   0   -1.669e+08   2.207e+08   0
19.4   0.8198   -1.216   0.247   0   -1.036e+08   2.567e+08   0
19.5   0.8225   -1.223   0.2737   0   -3.329e+07   2.749e+08   0
19.6   0.8251   -1.223   0.3014   0   3.923e+07   2.742e+08   0
19.7   0.8278   -1.215   0.3279   0   1.09e+08   2.548e+08   0
19.8   0.8305   -1.201   0.3517   0   1.712e+08   2.18e+08   0
19.9   0.8332   -1.181   0.371   0   2.217e+08   1.665e+08   0
20   0.8359   -1.157   0.3846   0   2.572e+08   1.038e+08   0
20.1   0.8386   -1.13   0.3915   0   2.754e+08   3.421e+07   0
20.2   0.8414   -1.103   0.3913   0   2.75e+08   -3.759e+07   0
20.3   0.8436   -1.076   0.3841   0   2.615e+08   -9.339e+07   0
20.4   0.8436   -1.05   0.3748   0   2.615e+08   -9.339e+07   0
20.5   0.8436   -1.024   0.3654   0   2.615e+08   -9.339e+07   0
20.6   0.8436   -0.9975   0.3561   0   2.615e+08   -9.339e+07   0
20.7   0.8436   -0.9714   0.3468   0   2.615e+08   -9.339e+07   0
20.8   0.8436   -0.9452   0.3374   0   2.615e+08   -9.339e+07   0
20.9   0.8436   -0.9191   0.3281   0   2.615e+08   -9.339e+07   0
21   0.8436   -0.8929   0.3187   0   2.615e+08   -9.339e+07   0
21.1   0.8436   -0.8668   0.3094   0   2.615e+08   -9.339e+07   0
21.2   0.8436   -0.8406   0.3001   0   2.615e+08   -9.339e+07   0
21.3   0.8436   -0.8145   0.2907   0   2.615e+08   -9.339e+07   0
21.4   0.8436   -0.7883   0.2814   0   2.615e+08   -9.339e+07   0
21.5   0.8436   -0.7622   0.2721   0   2.615e+08   -9.339e+07   0
21.6   0.8436   -0.7361   0.2627   0   2.615e+08   -9.339e+07   0
21.7   0.8436   -0.7099   0.2534   0   2.615e+08   -9.339e+07   0
21.8   0.8494   -0.6837   0.244   0   2.617e+08   -9.345e+07   0
21.9   0.8555   -0.6576   0.2347   0   2.618e+08   -9.352e+07   0
22   0.8616   -0.6314   0.2253   0   2.62e+08   -9.359e+07   0
22.1   0.8676   -0.6052   0.216   0   2.622e+08   -9.365e+07   0
22.2   0.8735   -0.5789   0.2066   0   2.624e+08   -9.372e+07   0
22.3   0.8793   -0.5527   0.1972   0   2.626e+08   -9.378e+07   0
22.4   0.885   -0.5264   0.1878   0   2.627e+08   -9.384e+07   0
22.5   0.8904   -0.5001   0.1785   0   2.629e+08   -9.389e+07   0
22.6   0.8957   -0.4738   0.1691   0   2.63e+08   -9.394e+07   0
22.7   0.9006   -0.4475   0.1597   0   2.632e+08   -9.399e+07   0
22.8   0.9051   -0.4212   0.1503   0   2.633e+08   -9.404e+07   0
22.9   0.9092   -0.3949   0.1409   0   2.634e+08   -9.408e+07   0
23   0.9129   -0.3685   0.1315   0   2.635e+08   -9.411e+07   0
23.1   0.9159   -0.3422   0.122   0   2.636e+08   -9.414e+07   0
23.2   0.9182   -0.3158   0.1126   0   2.637e+08   -9.417e+07   0
23.3   0.9196   -0.2894   0.1032   0   2.637e+08   -9.418e+07   0
23.4   0.92   -0.2631   0.09379   0   2.637e+08   -9.418e+07   0
23.5   0.9191   -0.2367   0.08437   0   2.637e+08   -9.418e+07   0
23.6   0.9168   -0.2103   0.07495   0   2.636e+08   -9.415e+07   0
23.7   0.9125   -0.184   0.06554   0   2.635e+08   -9.411e+07   0
23.8   0.9109   -0.1576   0.05613   0   2.635e+08   -9.41e+07   0
23.9   0.9109   -0.1313   0.04672   0   2.635e+08   -9.41e+07   0
24   0.9109   -0.1049   0.03731   0   2.635e+08   -9.41e+07   0
24.1   0.9109   -0.07859   0.0279   0   2.635e+08   -9.41e+07   0
24.2   0.9109   -0.05224   0.01849   0   2.635e+08   -9.41e+07   0
24.3   0.9109   -0.02589   0.009081   0   2.635e+08   -9.41e+07   0
24.4   0.9109   0.0004517   -0.0003291   0   2.635e+08   -9.41e+07   0
24.5   0.9109   0.0268   -0.009739   0   2.635e+08   -9.41e+07   0
24.6   0.9109   0.05314   -0.01915   0   2.635e+08   -9.41e+07   0
24.7   0.9109   0.07949   -0.02856   0   2.635e+08   -9.41e+07   0
24.8   0.9109   0.1058   -0.03797   0   2.635e+08   -9.41e+07   0
24.9   0.9109   0.1322   -0.04738   0   2.635e+08   -9.41e+07   0
25   0.9109   0.1585   -0.05679   0   2.635e+08   -9.41e+07   0
25.1   0.9179   0.1849   -0.0662   0   2.637e+08   -9.417e+07   0
25.2   0.9403   0.2113   -0.07563   0   2.642e+08   -9.438e+07   0
25.3   0.9606   0.2377   -0.08507   0   2.648e+08   -9.457e+07   0
25.4   0.9791   0.2642   -0.09454   0   2.652e+08   -9.473e+07   0
25.5   0.9962   0.2908   -0.104   0   2.656e+08   -9.487e+07   0
25.6   1.012   0.3173   -0.1135   0   2.66e+08   -9.5e+07   0
25.7   1.026   0.344   -0.123   0   2.663e+08   -9.511e+07   0
25.8   1.04   0.3706   -0.1325   0   2.666e+08   -9.522e+07   0
25.9   1.052   0.3973   -0.1421   0   2.668e+08   -9.531e+07   0
26   1.064   0.424   -0.1516   0   2.67e+08   -9.539e+07   0
26.1   1.075   0.4507   -0.1611   0   2.673e+08   -9.547e+07   0
26.2   1.085   0.4774   -0.1707   0   2.675e+08   -9.554e+07   0
26.3   1.094   0.5042   -0.1802   0   2.676e+08   -9.56e+07   0
26.4   1.102   0.5309   -0.1898   0   2.678e+08   -9.566e+07   0
26.5   1.11   0.5577   -0.1994   0   2.679e+08   -9.571e+07   0
26.6   1.117   0.5845   -0.209   0   2.681e+08   -9.576e+07   0
26.7   1.124   0.6113   -0.2185   0   2.682e+08   -9.58e+07   0
26.8   1.13   0.6382   -0.2281   0   2.683e+08   -9.584e+07   0
26.9   1.135   0.665   -0.2377   0   2.684e+08   -9.587e+07   0
27   1.14   0.6918   -0.2473   0   2.685e+08   -9.59e+07   0
27.1   1.143   0.7187   -0.2569   0   2.685e+08   -9.592e+07   0
27.2   1.143   0.7455   -0.2665   0   2.685e+08   -9.592e+07   0
27.3   1.143   0.7724   -0.2761   0   2.685e+08   -9.592e+07   0
27.4   1.143   0.7992   -0.2857   0   2.685e+08   -9.592e+07   0
27.5   1.143   0.8261   -0.2952   0   2.685e+08   -9.592e+07   0
27.6   1.143   0.8529   -0.3048   0   2.685e+08   -9.592e+07   0
27.7   1.143   0.8798   -0.3144   0   2.685e+08   -9.592e+07   0
27.8   1.143   0.9066   -0.324   0   2.685e+08   -9.592e+07   0
27.9   1.143   0.9335   -0.3336   0   2.685e+08   -9.592e+07   0
28   1.143   0.9603   -0.3432   0   2.685e+08   -9.592e+07   0
28.1   1.143   0.9872   -0.3528   0   2.685e+08   -9.592e+07   0
28.2   1.143   1.014   -0.3624   0   2.685e+08   -9.592e+07   0
28.3   1.143   1.041   -0.372   0   2.685e+08   -9.592e+07   0
28.4   1.143   1.068   -0.3816   0   2.685e+08   -9.592e+07   0
28.5   1.144   1.095   -0.3913   0   2.64e+08   -1.076e+08   0
28.6   1.151   1.119   -0.4057   0   2.219e+08   -1.793e+08   0
28.7   1.157   1.138   -0.4267   0   1.61e+08   -2.356e+08   0
28.8   1.164   1.151   -0.4523   0   8.688e+07   -2.72e+08   0
28.9   1.171   1.155   -0.4803   0   5.739e+06   -2.856e+08   0
29   1.178   1.152   -0.5086   0   -7.562e+07   -2.756e+08   0
29.1   1.185   1.14   -0.5347   0   -1.505e+08   -2.43e+08   0
29.2   1.192   1.122   -0.5565   0   -2.13e+08   -1.908e+08   0
29.3   1.199   1.098   -0.5723   0   -2.581e+08   -1.235e+08   0
29.4   1.206   1.071   -0.5808   0   -2.824e+08   -4.643e+07   0
29.5   1.213   1.043   -0.5814   0   -2.843e+08   3.403e+07   0
29.6   1.22   1.015   -0.574   0   -2.638e+08   1.116e+08   0
29.7   1.223   0.9895   -0.5608   0   -2.52e+08   1.362e+08   0
29.8   1.223   0.9643   -0.5472   0   -2.52e+08   1.362e+08   0
29.9   1.223   0.9391   -0.5335   0   -2.52e+08   1.362e+08   0
30   1.223   0.9139   -0.5199   0   -2.52e+08   1.362e+08   0
30.1   1.223   0.8887   -0.5063   0   -2.52e+08   1.362e+08   0
30.2   1.223   0.8635   -0.4927   0   -2.52e+08   1.362e+08   0
30.3   1.223   0.8383   -0.4791   0   -2.52e+08   1.362e+08   0
30.4   1.223   0.8131   -0.4655   0   -2.52e+08   1.362e+08   0
30.5   1.223   0.7879   -0.4518   0   -2.52e+08   1.362e+08   0
30.6   1.223   0.7627   -0.4382   0   -2.52e+08   1.362e+08   0
30.7   1.223   0.7375   -0.4246   0   -2.52e+08   1.362e+08   0
30.8   1.223   0.7123   -0.411   0   -2.52e+08   1.362e+08   0
30.9   1.223   0.6871   -0.3974   0   -2.52e+08   1.362e+08   0
31   1.223   0.6619   -0.3838   0   -2.52e+08   1.362e+08   0
31.1   1.226   0.6367   -0.3701   0   -2.521e+08   1.362e+08   0
31.2   1.232   0.6115   -0.3565   0   -2.522e+08   1.363e+08   0
31.3   1.238   0.5862   -0.3429   0   -2.522e+08   1.364e+08   0
31.4   1.245   0.561   -0.3292   0   -2.523e+08   1.364e+08   0
31.5   1.251   0.5358   -0.3156   0   -2.523e+08   1.365e+08   0
31.6   1.257   0.5105   -0.3019   0   -2.524e+08   1.366e+08   0
31.7   1.262   0.4853   -0.2883   0   -2.525e+08   1.367e+08   0
31.8   1.268   0.4601   -0.2746   0   -2.525e+08   1.367e+08   0
31.9   1.273   0.4348   -0.2609   0   -2.526e+08   1.368e+08   0
32   1.278   0.4095   -0.2473   0   -2.526e+08   1.369e+08   0
32.1   1.283   0.3843   -0.2336   0   -2.526e+08   1.369e+08   0
32.2   1.287   0.359   -0.2199   0   -2.527e+08   1.37e+08   0
32.3   1.291   0.3337   -0.2062   0   -2.527e+08   1.371e+08   0
32.4   1.294   0.3085   -0.1924   0   -2.527e+08   1.371e+08   0
32.5   1.296   0.2832   -0.1787   0   -2.527e+08   1.372e+08   0
32.6   1.298   0.2579   -0.165   0   -2.528e+08   1.372e+08   0
32.7   1.298   0.2326   -0.1513   0   -2.528e+08   1.372e+08   0
32.8   1.297   0.2074   -0.1376   0   -2.528e+08   1.372e+08   0
32.9   1.295   0.1821   -0.1239   0   -2.527e+08   1.371e+08   0
33   1.291   0.1568   -0.1102   0   -2.527e+08   1.37e+08   0
33.1   1.29   0.1316   -0.09646   0   -2.527e+08   1.37e+08   0
33.2   1.29   0.1063   -0.08276   0   -2.527e+08   1.37e+08   0
33.3   1.29   0.08101   -0.06906   0   -2.527e+08   1.37e+08   0
33.4   1.29   0.05573   -0.05536   0   -2.527e+08   1.37e+08   0
33.5   1.29   0.03046   -0.04166   0   -2.527e+08   1.37e+08   0
33.6   1.29   0.005189   -0.02796   0   -2.527e+08   1.37e+08   0
33.7   1.29   -0.02008   -0.01426   0   -2.527e+08   1.37e+08   0
33.8   1.29   -0.04536   -0.0005597   0   -2.527e+08   1.37e+08   0
33.9   1.29   -0.07063   0.01314   0   -2.527e+08   1.37e+08   0
34   1.29   -0.0959   0.02684   0   -2.527e+08   1.37e+08   0
34.1   1.29   -0.1212   0.04054   0   -2.527e+08   1.37e+08   0
34.2   1.29   -0.1464   0.05424   0   -2.527e+08   1.37e+08   0
34.3   1.29   -0.1717   0.06794   0   -2.527e+08   1.37e+08   0
34.4   1.31   -0.197   0.08163   0   -2.532e+08   1.368e+08   0
34.5   1.331   -0.2223   0.0953   0   -2.536e+08   1.366e+08   0
34.6   1.351   -0.2477   0.109   0   -2.539e+08   1.365e+08   0
34.7   1.368   -0.2731   0.1226   0   -2.542e+08   1.364e+08   0
34.8   1.385   -0.2986   0.1362   0   -2.545e+08   1.363e+08   0
34.9   1.4   -0.324   0.1499   0   -2.547e+08   1.363e+08   0
35   1.414   -0.3495   0.1635   0   -2.549e+08   1.363e+08   0
35.1   1.427   -0.375   0.1771   0   -2.551e+08   1.362e+08   0
35.2   1.439   -0.4005   0.1907   0   -2.552e+08   1.362e+08   0
35.3   1.45   -0.4261   0.2044   0   -2.554e+08   1.362e+08   0
35.4   1.461   -0.4516   0.218   0   -2.555e+08   1.362e+08   0
35.5   1.47   -0.4772   0.2316   0   -2.556e+08   1.362e+08   0
35.6   1.479   -0.5027   0.2452   0   -2.557e+08   1.362e+08   0
35.7   1.488   -0.5283   0.2588   0   -2.558e+08   1.362e+08   0
35.8   1.495   -0.5539   0.2725   0   -2.559e+08   1.362e+08   0
35.9   1.502   -0.5795   0.2861   0   -2.56e+08   1.362e+08   0
36   1.509   -0.6051   0.2997   0   -2.561e+08   1.362e+08   0
36.1   1.514   -0.6307   0.3133   0   -2.561e+08   1.362e+08   0
36.2   1.52   -0.6563   0.3269   0   -2.562e+08   1.362e+08   0
36.3   1.523   -0.6819   0.3406   0   -2.562e+08   1.362e+08   0
36.4   1.523   -0.7076   0.3542   0   -2.562e+08   1.362e+08   0
36.5   1.523   -0.7332   0.3678   0   -2.562e+08   1.362e+08   0
36.6   1.523   -0.7588   0.3814   0   -2.562e+08   1.362e+08   0
36.7   1.523   -0.7844   0.395   0   -2.562e+08   1.362e+08   0
36.8   1.523   -0.8101   0.4087   0   -2.562e+08   1.362e+08   0
36.9   1.523   -0.8357   0.4223   0   -2.562e+08   1.362e+08   0
37   1.523   -0.8613   0.4359   0   -2.562e+08   1.362e+08   0
37.1   1.523   -0.8869   0.4495   0   -2.562e+08   1.362e+08   0
37.2   1.523   -0.9125   0.4631   0   -2.562e+08   1.362e+08   0
37.3   1.523   -0.9382   0.4768   0   -2.562e+08   1.362e+08   0
37.4   1.523   -0.9638   0.4904   0   -2.562e+08   1.362e+08   0
37.5   1.523   -0.9894   0.504   0   -2.562e+08   1.362e+08   0
37.6   1.523   -1.015   0.5176   0   -2.562e+08   1.362e+08   0
37.7   1.523   -1.041   0.5312   0   -2.562e+08   1.362e+08   0
37.8   1.523   -1.066   0.5449   0   -2.562e+08   1.362e+08   0
37.9   1.523   -1.092   0.5585   0   -2.562e+08   1.362e+08   0
38   1.523   -1.118   0.5721   0   -2.562e+08   1.362e+08   0
38.1   1.523   -1.143   0.5857   0   -2.562e+08   1.362e+08   0
38.2   1.523   -1.169   0.5993   0   -2.562e+08   1.362e+08   0
38.3   1.523   -1.194   0.613   0   -2.562e+08   1.362e+08   0
38.4   1.523   -1.22   0.6266   0   -2.562e+08   1.362e+08   0
38.5   1.523   -1.246   0.6402   0   -2.562e+08   1.362e+08   0
38.6   1.523   -1.271   0.6538   0   -2.562e+08   1.362e+08   0
38.7   1.523   -1.297   0.6675   0   -2.562e+08   1.362e+08   0
38.8   1.523   -1.323   0.6811   0   -2.562e+08   1.362e+08   0
38.9   1.523   -1.348   0.6947   0   -2.562e+08   1.362e+08   0
39   1.523   -1.374   0.7083   0   -2.562e+08   1.362e+08   0
39.1   1.523   -1.399   0.7219   0   -2.562e+08   1.362e+08   0
39.2   1.523   -1.425   0.7356   0   -2.562e+08   1.362e+08   0
39.3   1.523   -1.451   0.7492   0   -2.562e+08   1.362e+08   0
39.4   1.523   -1.476   0.7628   0   -2.562e+08   1.362e+08   0
39.5   1.523   -1.502   0.7764   0   -2.562e+08   1.362e+08   0
39.6   1.523   -1.527   0.79   0   -2.562e+08   1.362e+08   0
39.7   1.523   -1.553   0.8037   0   -2.562e+08   1.362e+08   0
39.8   1.523   -1.579   0.8173   0   -2.562e+08   1.362e+08   0
39.9   1.523   -1.604   0.8309   0   -2.562e+08   1.362e+08   0
40   1.523   -1.63   0.8445   0   -2.562e+08   1.362e+08   0
40.1   1.523   -1.656   0.8581   0   -2.562e+08   1.362e+08   0
40.2   1.523   -1.681   0.8718   0   -2.562e+08   1.362e+08   0
40.3   1.523   -1.707   0.8854   0   -2.562e+08   1.362e+08   0
40.4   1.523   -1.732   0.899   0   -2.562e+08   1.362e+08   0
40.5   1.523   -1.758   0.9126   0   -2.562e+08   1.362e+08   0
40.6   1.523   -1.784   0.9262   0   -2.562e+08   1.362e+08   0
40.7   1.523   -1.809   0.9399   0   -2.562e+08   1.362e+08   0
40.8   1.523   -1.835   0.9535   0   -2.562e+08   1.362e+08   0
40.9   1.523   -1.861   0.9671   0   -2.562e+08   1.362e+08   0
41   1.523   -1.886   0.9807   0   -2.562e+08   1.362e+08   0
41.1   1.523   -1.912   0.9943   0   -2.562e+08   1.362e+08   0
41.2   1.523   -1.937   1.008   0   -2.562e+08   1.362e+08   0
41.3   1.523   -1.963   1.022   0   -2.562e+08   1.362e+08   0
41.4   1.523   -1.989   1.035   0   -2.562e+08   1.362e+08   0
41.5   1.523   -2.014   1.049   0   -2.562e+08   1.362e+08   0
41.6   1.523   -2.04   1.062   0   -2.562e+08   1.362e+08   0
41.7   1.523   -2.066   1.076   0   -2.562e+08   1.362e+08   0
41.8   1.523   -2.091   1.09   0   -2.562e+08   1.362e+08   0
41.9   1.523   -2.117   1.103   0   -2.562e+08   1.362e+08   0
42   1.523   -2.142   1.117   0   -2.562e+08   1.362e+08   0
42.1   1.523   -2.168   1.131   0   -2.562e+08   1.362e+08   0
42.2   1.523   -2.194   1.144   0   -2.562e+08   1.362e+08   0
42.3   1.523   -2.219   1.158   0   -2.562e+08   1.362e+08   0
42.4   1.523   -2.245   1.171   0   -2.562e+08   1.362e+08   0
42.5   1.523   -2.271   1.185   0   -2.562e+08   1.362e+08   0
42.6   1.523   -2.296   1.199   0   -2.562e+08   1.362e+08   0
42.7   1.523   -2.322   1.212   0   -2.562e+08   1.362e+08   0
42.8   1.523   -2.347   1.226   0   -2.562e+08   1.362e+08   0
42.9   1.523   -2.373   1.24   0   -2.562e+08   1.362e+08   0
43   1.523   -2.399   1.253   0   -2.562e+08   1.362e+08   0
43.1   1.523   -2.424   1.267   0   -2.562e+08   1.362e+08   0
43.2   1.523   -2.45   1.28   0   -2.562e+08   1.362e+08   0
43.3   1.523   -2.476   1.294   0   -2.562e+08   1.362e+08   0
43.4   1.523   -2.501   1.308   0   -2.562e+08   1.362e+08   0
43.5   1.523   -2.527   1.321   0   -2.562e+08   1.362e+08   0
43.6   1.523   -2.552   1.335   0   -2.562e+08   1.362e+08   0
43.7   1.523   -2.578   1.348   0   -2.562e+08   1.362e+08   0
43.8   1.523   -2.604   1.362   0   -2.562e+08   1.362e+08   0
43.9   1.523   -2.629   1.376   0   -2.562e+08   1.362e+08   0
44   1.523   -2.655   1.389   0   -2.562e+08   1.362e+08   0
44.1   1.523   -2.68   1.403   0   -2.562e+08   1.362e+08   0
44.2   1.523   -2.706   1.417   0   -2.562e+08   1.362e+08   0
44.3   1.523   -2.732   1.43   0   -2.562e+08   1.362e+08   0
44.4   1.523   -2.757   1.444   0   -2.562e+08   1.362e+08   0
44.5   1.523   -2.783   1.457   0   -2.562e+08   1.362e+08   0
44.6   1.523   -2.809   1.471   0   -2.562e+08   1.362e+08   0
44.7   1.523   -2.834   1.485   0   -2.562e+08   1.362e+08   0
44.8   1.523   -2.86   1.498   0   -2.562e+08   1.362e+08   0
44.9   1.523   -2.885   1.512   0   -2.562e+08   1.362e+08   0
45   1.523   -2.911   1.526   0   -2.562e+08   1.362e+08   0
