0   0.04   -0.753   0   0   1.121e+08   0   0
0.1   0.04   -0.753   0   0   1.121e+08   0   0
0.2   0.04   -0.753   0   0   1.121e+08   0   0
0.3   0.04   -0.753   0   0   1.121e+08   0   0
0.4   0.04039   -0.7422   0   0   1.126e+08   0   0
0.5   0.04098   -0.7309   0   0   1.134e+08   0   0
0.6   0.04178   -0.7195   0   0   1.143e+08   0   0
0.7   0.04278   -0.708   0   0   1.155e+08   0   0
0.8   0.044   -0.6964   0   0   1.17e+08   0   0
0.9   0.04544   -0.6846   0   0   1.187e+08   0   0
1   0.04711   -0.6726   0   0   1.206e+08   0   0
1.1   0.04903   -0.6605   0   0   1.227e+08   0   0
1.2   0.05121   -0.6481   0   0   1.25e+08   0   0
1.3   0.05365   -0.6355   0   0   1.275e+08   0   0
1.4   0.05637   -0.6226   0   0   1.303e+08   0   0
1.5   0.05937   -0.6094   0   0   1.332e+08   0   0
1.6   0.06268   -0.5959   0   0   1.363e+08   0   0
1.7   0.0663   -0.5821   0   0   1.395e+08   0   0
1.8   0.07024   -0.568   0   0   1.429e+08   0   0
1.9   0.07452   -0.5536   0   0   1.464e+08   0   0
2   0.07914   -0.5388   0   0   1.5e+08   0   0
2.1   0.08411   -0.5236   0   0   1.537e+08   0   0
2.2   0.08944   -0.508   0   0   1.574e+08   0   0
2.3   0.09514   -0.4921   0   0   1.612e+08   0   0
2.4   0.1012   -0.4758   0   0   1.651e+08   0   0
2.5   0.1077   -0.4591   0   0   1.69e+08   0   0
2.6   0.1145   -0.442   0   0   1.729e+08   0   0
2.7   0.1218   -0.4245   0   0   1.768e+08   0   0
2.8   0.1294   -0.4066   0   0   1.807e+08   0   0
2.9   0.1374   -0.3883   0   0   1.845e+08   0   0
3   0.1458   -0.3697   0   0   1.883e+08   0   0
3.1   0.1546   -0.3507   0   0   1.921e+08   0   0
3.2   0.1637   -0.3313   0   0   1.958e+08   0   0
3.3   0.1733   -0.3115   0   0   1.994e+08   0   0
3.4   0.1832   -0.2914   0   0   2.029e+08   0   0
3.5   0.1935   -0.2709   0   0   2.064e+08   0   0
3.6   0.2041   -0.2501   0   0   2.097e+08   0   0
3.7   0.2152   -0.229   0   0   2.13e+08   0   0
3.8   0.2266   -0.2075   0   0   2.162e+08   0   0
3.9   0.237   -0.1857   0   0   2.189e+08   0   0
4   0.237   -0.1638   0   0   2.189e+08   0   0
4.1   0.237   -0.142   0   0   2.189e+08   0   0
4.2   0.237   -0.1201   0   0   2.189e+08   0   0
4.3   0.237   -0.09816   0   0   2.189e+08   0   0
4.4   0.237   -0.07627   0   0   2.189e+08   0   0
4.5   0.237   -0.05438   0   0   2.189e+08   0   0
4.6   0.237   -0.03248   0   0   2.189e+08   0   0
4.7   0.237   -0.01059   0   0   2.189e+08   0   0
4.8   0.237   0.0113   0   0   2.189e+08   0   0
4.9   0.237   0.0332   0   0   2.189e+08   0   0
5   0.237   0.05509   0   0   2.189e+08   0   0
5.1   0.237   0.07698   0   0   2.189e+08   0   0
5.2   0.237   0.09888   0   0   2.189e+08   0   0
5.3   0.237   0.1208   0   0   2.189e+08   0   0
5.4   0.237   0.1427   0   0   2.189e+08   0   0
5.5   0.237   0.1646   0   0   2.189e+08   0   0
5.6   0.237   0.1865   0   0   2.189e+08   0   0
5.7   0.2472   0.2085   0   0   2.215e+08   0   0
5.8   0.2583   0.2307   0   0   2.241e+08   0   0
5.9   0.2695   0.2533   0   0   2.266e+08   0   0
6   0.2805   0.2761   0   0   2.289e+08   0   0
6.1   0.2915   0.2991   0   0   2.312e+08   0   0
6.2   0.3023   0.3223   0   0   2.332e+08   0   0
6.3   0.3129   0.3457   0   0   2.352e+08   0   0
6.4   0.3233   0.3693   0   0   2.37e+08   0   0
6.5   0.3335   0.3931   0   0   2.387e+08   0   0
6.6   0.3434   0.4171   0   0   2.403e+08   0   0
6.7   0.3531   0.4412   0   0   2.418e+08   0   0
6.8   0.3625   0.4654   0   0   2.431e+08   0   0
6.9   0.3716   0.4898   0   0   2.444e+08   0   0
7   0.3803   0.5143   0   0   2.456e+08   0   0
7.1   0.3888   0.5389   0   0   2.468e+08   0   0
7.2   0.3969   0.5636   0   0   2.478e+08   0   0
7.3   0.4047   0.5885   0   0   2.488e+08   0   0
7.4   0.4121   0.6134   0   0   2.497e+08   0   0
7.5   0.4191   0.6384   0   0   2.505e+08   0   0
7.6   0.4257   0.6635   0   0   2.513e+08   0   0
7.7   0.432   0.6886   0   0   2.52e+08   0   0
7.8   0.4379   0.7139   0   0   2.526e+08   0   0
7.9   0.4434   0.7392   0   0   2.532e+08   0   0
8   0.4463   0.7645   0   0   2.535e+08   0   0
8.1   0.4463   0.7899   0   0   2.535e+08   0   0
8.2   0.4463   0.8152   0   0   2.535e+08   0   0
8.3   0.4463   0.8406   0   0   2.535e+08   0   0
8.4   0.4463   0.8659   0   0   2.535e+08   0   0
8.5   0.4463   0.8913   0   0   2.535e+08   0   0
8.6   0.4463   0.9166   0   0   2.535e+08   0   0
8.7   0.4463   0.942   0   0   2.535e+08   0   0
8.8   0.4463   0.9673   0   0   2.535e+08   0   0
8.9   0.4463   0.9927   0   0   2.535e+08   0   0
9   0.4463   1.018   0   0   2.535e+08   0   0
9.1   0.4463   1.043   0   0   2.535e+08   0   0
9.2   0.4463   1.069   0   0   2.535e+08   0   0
9.3   0.4463   1.094   0   0   2.535e+08   0   0
9.4   0.4468   1.119   -0.0008327   0   2.513e+08   -3.394e+07   0
9.5   0.4477   1.144   -0.007707   0   2.323e+08   -1.02e+08   0
9.6   0.4486   1.165   -0.02103   0   1.952e+08   -1.621e+08   0
9.7   0.4496   1.182   -0.03976   0   1.431e+08   -2.097e+08   0
9.8   0.4505   1.193   -0.06246   0   7.996e+07   -2.41e+08   0
9.9   0.4515   1.198   -0.08737   0   1.065e+07   -2.538e+08   0
10   0.4524   1.195   -0.1126   0   -5.947e+07   -2.471e+08   0
10.1   0.4534   1.186   -0.1361   0   -1.25e+08   -2.214e+08   0
10.2   0.4543   1.171   -0.1563   0   -1.81e+08   -1.787e+08   0
10.3   0.4553   1.15   -0.1714   0   -2.231e+08   -1.224e+08   0
10.4   0.4562   1.127   -0.1804   0   -2.481e+08   -5.678e+07   0
10.5   0.4572   1.101   -0.1825   0   -2.543e+08   1.318e+07   0
10.6   0.4576   1.076   -0.179   0   -2.513e+08   4.117e+07   0
10.7   0.4576   1.051   -0.1748   0   -2.513e+08   4.117e+07   0
10.8   0.4576   1.026   -0.1707   0   -2.513e+08   4.117e+07   0
10.9   0.4576   1.001   -0.1666   0   -2.513e+08   4.117e+07   0
11   0.4576   0.9756   -0.1625   0   -2.513e+08   4.117e+07   0
11.1   0.4576   0.9505   -0.1584   0   -2.513e+08   4.117e+07   0
11.2   0.4576   0.9253   -0.1542   0   -2.513e+08   4.117e+07   0
11.3   0.4576   0.9002   -0.1501   0   -2.513e+08   4.117e+07   0
11.4   0.4576   0.8751   -0.146   0   -2.513e+08   4.117e+07   0
11.5   0.4576   0.8499   -0.1419   0   -2.513e+08   4.117e+07   0
11.6   0.4576   0.8248   -0.1378   0   -2.513e+08   4.117e+07   0
11.7   0.4576   0.7997   -0.1337   0   -2.513e+08   4.117e+07   0
11.8   0.4576   0.7745   -0.1295   0   -2.513e+08   4.117e+07   0
11.9   0.4576   0.7494   -0.1254   0   -2.513e+08   4.117e+07   0
12   0.4621   0.7243   -0.1213   0   -2.518e+08   4.125e+07   0
12.1   0.4683   0.6991   -0.1172   0   -2.524e+08   4.136e+07   0
12.2   0.4747   0.6738   -0.113   0   -2.53e+08   4.147e+07   0
12.3   0.4813   0.6485   -0.1089   0   -2.536e+08   4.158e+07   0
12.4   0.4879   0.6231   -0.1047   0   -2.542e+08   4.169e+07   0
12.5   0.4946   0.5976   -0.1005   0   -2.548e+08   4.179e+07   0
12.6   0.5014   0.5721   -0.09636   0   -2.554e+08   4.19e+07   0
12.7   0.5082   0.5465   -0.09216   0   -2.56e+08   4.2e+07   0
12.8   0.515   0.5209   -0.08796   0   -2.565e+08   4.211e+07   0
12.9   0.5218   0.4952   -0.08374   0   -2.571e+08   4.221e+07   0
13   0.5284   0.4695   -0.07952   0   -2.576e+08   4.231e+07   0
13.1   0.535   0.4437   -0.07528   0   -2.581e+08   4.24e+07   0
13.2   0.5414   0.4179   -0.07104   0   -2.586e+08   4.249e+07   0
13.3   0.5475   0.392   -0.06678   0   -2.591e+08   4.258e+07   0
13.4   0.5534   0.3661   -0.06252   0   -2.595e+08   4.266e+07   0
13.5   0.5589   0.3401   -0.05825   0   -2.599e+08   4.274e+07   0
13.6   0.5639   0.3141   -0.05397   0   -2.603e+08   4.281e+07   0
13.7   0.5684   0.288   -0.04969   0   -2.606e+08   4.287e+07   0
13.8   0.5722   0.262   -0.0454   0   -2.608e+08   4.292e+07   0
13.9   0.5752   0.2359   -0.0411   0   -2.61e+08   4.297e+07   0
14   0.5771   0.2098   -0.03681   0   -2.612e+08   4.299e+07   0
14.1   0.5776   0.1836   -0.03251   0   -2.612e+08   4.3e+07   0
14.2   0.5776   0.1575   -0.02821   0   -2.612e+08   4.3e+07   0
14.3   0.5776   0.1314   -0.02391   0   -2.612e+08   4.3e+07   0
14.4   0.5776   0.1053   -0.01961   0   -2.612e+08   4.3e+07   0
14.5   0.5776   0.07917   -0.01531   0   -2.612e+08   4.3e+07   0
14.6   0.5776   0.05305   -0.01101   0   -2.612e+08   4.3e+07   0
14.7   0.5776   0.02693   -0.006706   0   -2.612e+08   4.3e+07   0
14.8   0.5776   0.0008066   -0.002406   0   -2.612e+08   4.3e+07   0
14.9   0.5776   -0.02531   0.001894   0   -2.612e+08   4.3e+07   0
15   0.5776   -0.05143   0.006194   0   -2.612e+08   4.3e+07   0
15.1   0.5776   -0.07755   0.01049   0   -2.612e+08   4.3e+07   0
15.2   0.5776   -0.1037   0.01479   0   -2.612e+08   4.3e+07   0
15.3   0.5776   -0.1298   0.01909   0   -2.612e+08   4.3e+07   0
15.4   0.5776   -0.1559   0.02339   0   -2.612e+08   4.3e+07   0
15.5   0.5776   -0.182   0.02769   0   -2.612e+08   4.3e+07   0
15.6   0.5946   -0.2082   0.032   0   -2.623e+08   4.313e+07   0
15.7   0.6133   -0.2345   0.03632   0   -2.635e+08   4.327e+07   0
15.8   0.6308   -0.2609   0.04065   0   -2.646e+08   4.339e+07   0
15.9   0.6471   -0.2874   0.045   0   -2.655e+08   4.351e+07   0
16   0.6623   -0.314   0.04935   0   -2.663e+08   4.362e+07   0
16.1   0.6766   -0.3407   0.05372   0   -2.671e+08   4.371e+07   0
16.2   0.6901   -0.3674   0.0581   0   -2.677e+08   4.38e+07   0
16.3   0.7028   -0.3942   0.06248   0   -2.684e+08   4.389e+07   0
16.4   0.7147   -0.4211   0.06687   0   -2.689e+08   4.396e+07   0
16.5   0.7259   -0.448   0.07127   0   -2.694e+08   4.403e+07   0
16.6   0.7364   -0.475   0.07568   0   -2.699e+08   4.41e+07   0
16.7   0.7463   -0.502   0.08009   0   -2.703e+08   4.416e+07   0
16.8   0.7555   -0.529   0.08451   0   -2.707e+08   4.421e+07   0
16.9   0.7641   -0.5561   0.08894   0   -2.711e+08   4.426e+07   0
17   0.7722   -0.5832   0.09336   0   -2.714e+08   4.431e+07   0
17.1   0.7797   -0.6104   0.0978   0   -2.717e+08   4.435e+07   0
17.2   0.7866   -0.6376   0.1022   0   -2.72e+08   4.439e+07   0
17.3   0.7929   -0.6648   0.1067   0   -2.722e+08   4.443e+07   0
17.4   0.7988   -0.692   0.1111   0   -2.724e+08   4.446e+07   0
17.5   0.8041   -0.7193   0.1156   0   -2.726e+08   4.449e+07   0
17.6   0.8084   -0.7465   0.12   0   -2.728e+08   4.451e+07   0
17.7   0.8084   -0.7738   0.1245   0   -2.728e+08   4.451e+07   0
17.8   0.8084   -0.8011   0.1289   0   -2.728e+08   4.451e+07   0
17.9   0.8084   -0.8284   0.1334   0   -2.728e+08   4.451e+07   0
18   0.8084   -0.8557   0.1378   0   -2.728e+08   4.451e+07   0
18.1   0.8084   -0.8829   0.1423   0   -2.728e+08   4.451e+07   0
18.2   0.8084   -0.9102   0.1467   0   -2.728e+08   4.451e+07   0
18.3   0.8084   -0.9375   0.1512   0   -2.728e+08   4.451e+07   0
18.4   0.8084   -0.9648   0.1556   0   -2.728e+08   4.451e+07   0
18.5   0.8084   -0.9921   0.1601   0   -2.728e+08   4.451e+07   0
18.6   0.8084   -1.019   0.1645   0   -2.728e+08   4.451e+07   0
18.7   0.8084   -1.047   0.169   0   -2.728e+08   4.451e+07   0
18.8   0.8084   -1.074   0.1734   0   -2.728e+08   4.451e+07   0
18.9   0.8084   -1.101   0.1779   0   -2.728e+08   4.451e+07   0
19   0.8084   -1.128   0.1823   0   -2.728e+08   4.451e+07   0
19.1   0.8104   -1.155   0.1887   0   -2.592e+08   9.624e+07   0
19.2   0.813   -1.18   0.2017   0   -2.25e+08   1.608e+08   0
19.3   0.8157   -1.2   0.2206   0   -1.752e+08   2.141e+08   0
19.4   0.8183   -1.214   0.244   0   -1.133e+08   2.525e+08   0
19.5   0.821   -1.222   0.2705   0   -4.368e+07   2.734e+08   0
19.6   0.8237   -1.223   0.2981   0   2.888e+07   2.754e+08   0
19.7   0.8264   -1.216   0.325   0   9.936e+07   2.586e+08   0
19.8   0.829   -1.203   0.3492   0   1.63e+08   2.242e+08   0
19.9   0.8317   -1.184   0.3692   0   2.154e+08   1.745e+08   0
20   0.8344   -1.16   0.3837   0   2.532e+08   1.131e+08   0
20.1   0.8372   -1.134   0.3915   0   2.739e+08   4.414e+07   0
20.2   0.8399   -1.106   0.3923   0   2.761e+08   -2.769e+07   0
20.3   0.8424   -1.079   0.386   0   2.616e+08   -9.285e+07   0
20.4   0.8424   -1.053   0.3767   0   2.616e+08   -9.285e+07   0
20.5   0.8424   -1.027   0.3674   0   2.616e+08   -9.285e+07   0
20.6   0.8424   -1.001   0.3582   0   2.616e+08   -9.285e+07   0
20.7   0.8424   -0.9747   0.3489   0   2.616e+08   -9.285e+07   0
20.8   0.8424   -0.9485   0.3396   0   2.616e+08   -9.285e+07   0
20.9   0.8424   -0.9223   0.3303   0   2.616e+08   -9.285e+07   0
21   0.8424   -0.8962   0.321   0   2.616e+08   -9.285e+07   0
21.1   0.8424   -0.87   0.3117   0   2.616e+08   -9.285e+07   0
21.2   0.8424   -0.8438   0.3024   0   2.616e+08   -9.285e+07   0
21.3   0.8424   -0.8177   0.2932   0   2.616e+08   -9.285e+07   0
21.4   0.8424   -0.7915   0.2839   0   2.616e+08   -9.285e+07   0
21.5   0.8424   -0.7654   0.2746   0   2.616e+08   -9.285e+07   0
21.6   0.8424   -0.7392   0.2653   0   2.616e+08   -9.285e+07   0
21.7   0.8424   -0.713   0.256   0   2.616e+08   -9.285e+07   0
21.8   0.8474   -0.6869   0.2467   0   2.618e+08   -9.291e+07   0
21.9   0.8535   -0.6607   0.2374   0   2.62e+08   -9.298e+07   0
22   0.8595   -0.6345   0.2281   0   2.621e+08   -9.306e+07   0
22.1   0.8654   -0.6083   0.2188   0   2.623e+08   -9.313e+07   0
22.2   0.8713   -0.582   0.2095   0   2.625e+08   -9.319e+07   0
22.3   0.8771   -0.5558   0.2002   0   2.627e+08   -9.326e+07   0
22.4   0.8827   -0.5295   0.1909   0   2.628e+08   -9.333e+07   0
22.5   0.8882   -0.5032   0.1815   0   2.63e+08   -9.339e+07   0
22.6   0.8933   -0.4769   0.1722   0   2.631e+08   -9.345e+07   0
22.7   0.8982   -0.4506   0.1628   0   2.633e+08   -9.35e+07   0
22.8   0.9027   -0.4242   0.1535   0   2.634e+08   -9.355e+07   0
22.9   0.9068   -0.3979   0.1441   0   2.635e+08   -9.36e+07   0
23   0.9104   -0.3715   0.1348   0   2.636e+08   -9.364e+07   0
23.1   0.9134   -0.3452   0.1254   0   2.637e+08   -9.367e+07   0
23.2   0.9156   -0.3188   0.116   0   2.638e+08   -9.37e+07   0
23.3   0.917   -0.2924   0.1067   0   2.638e+08   -9.371e+07   0
23.4   0.9174   -0.266   0.09728   0   2.638e+08   -9.372e+07   0
23.5   0.9166   -0.2396   0.08791   0   2.638e+08   -9.371e+07   0
23.6   0.9143   -0.2133   0.07854   0   2.637e+08   -9.368e+07   0
23.7   0.91   -0.1869   0.06918   0   2.636e+08   -9.363e+07   0
23.8   0.9077   -0.1605   0.05982   0   2.635e+08   -9.36e+07   0
23.9   0.9077   -0.1342   0.05046   0   2.635e+08   -9.36e+07   0
24   0.9077   -0.1078   0.0411   0   2.635e+08   -9.36e+07   0
24.1   0.9077   -0.08148   0.03174   0   2.635e+08   -9.36e+07   0
24.2   0.9077   -0.05513   0.02238   0   2.635e+08   -9.36e+07   0
24.3   0.9077   -0.02877   0.01302   0   2.635e+08   -9.36e+07   0
24.4   0.9077   -0.002421   0.00366   0   2.635e+08   -9.36e+07   0
24.5   0.9077   0.02393   -0.0057   0   2.635e+08   -9.36e+07   0
24.6   0.9077   0.05029   -0.01506   0   2.635e+08   -9.36e+07   0
24.7   0.9077   0.07664   -0.02442   0   2.635e+08   -9.36e+07   0
24.8   0.9077   0.103   -0.03378   0   2.635e+08   -9.36e+07   0
24.9   0.9077   0.1294   -0.04314   0   2.635e+08   -9.36e+07   0
25   0.9077   0.1557   -0.0525   0   2.635e+08   -9.36e+07   0
25.1   0.9111   0.1821   -0.06186   0   2.636e+08   -9.362e+07   0
25.2   0.9339   0.2085   -0.07123   0   2.643e+08   -9.378e+07   0
25.3   0.9546   0.2349   -0.08061   0   2.648e+08   -9.392e+07   0
25.4   0.9734   0.2614   -0.09001   0   2.653e+08   -9.404e+07   0
25.5   0.9907   0.288   -0.09942   0   2.657e+08   -9.416e+07   0
25.6   1.007   0.3146   -0.1088   0   2.661e+08   -9.426e+07   0
25.7   1.021   0.3412   -0.1183   0   2.664e+08   -9.436e+07   0
25.8   1.035   0.3678   -0.1277   0   2.667e+08   -9.444e+07   0
25.9   1.048   0.3945   -0.1372   0   2.67e+08   -9.452e+07   0
26   1.059   0.4212   -0.1466   0   2.672e+08   -9.459e+07   0
26.1   1.07   0.448   -0.1561   0   2.674e+08   -9.466e+07   0
26.2   1.08   0.4747   -0.1656   0   2.676e+08   -9.472e+07   0
26.3   1.089   0.5015   -0.175   0   2.678e+08   -9.478e+07   0
26.4   1.098   0.5283   -0.1845   0   2.68e+08   -9.483e+07   0
26.5   1.106   0.5551   -0.194   0   2.681e+08   -9.487e+07   0
26.6   1.113   0.5819   -0.2035   0   2.683e+08   -9.491e+07   0
26.7   1.12   0.6088   -0.213   0   2.684e+08   -9.495e+07   0
26.8   1.126   0.6356   -0.2225   0   2.685e+08   -9.499e+07   0
26.9   1.131   0.6625   -0.232   0   2.686e+08   -9.502e+07   0
27   1.136   0.6893   -0.2415   0   2.687e+08   -9.504e+07   0
27.1   1.139   0.7162   -0.251   0   2.687e+08   -9.506e+07   0
27.2   1.139   0.7431   -0.2605   0   2.687e+08   -9.506e+07   0
27.3   1.139   0.7699   -0.27   0   2.687e+08   -9.506e+07   0
27.4   1.139   0.7968   -0.2795   0   2.687e+08   -9.506e+07   0
27.5   1.139   0.8237   -0.289   0   2.687e+08   -9.506e+07   0
27.6   1.139   0.8506   -0.2985   0   2.687e+08   -9.506e+07   0
27.7   1.139   0.8774   -0.308   0   2.687e+08   -9.506e+07   0
27.8   1.139   0.9043   -0.3175   0   2.687e+08   -9.506e+07   0
27.9   1.139   0.9312   -0.327   0   2.687e+08   -9.506e+07   0
28   1.139   0.9581   -0.3365   0   2.687e+08   -9.506e+07   0
28.1   1.139   0.9849   -0.346   0   2.687e+08   -9.506e+07   0
28.2   1.139   1.012   -0.3555   0   2.687e+08   -9.506e+07   0
28.3   1.139   1.039   -0.3651   0   2.687e+08   -9.506e+07   0
28.4   1.139   1.066   -0.3746   0   2.687e+08   -9.506e+07   0
28.5   1.139   1.092   -0.3841   0   2.687e+08   -9.506e+07   0
28.6   1.146   1.118   -0.3972   0   2.313e+08   -1.668e+08   0
28.7   1.153   1.138   -0.417   0   1.735e+08   -2.265e+08   0
28.8   1.159   1.152   -0.4419   0   1.012e+08   -2.669e+08   0
28.9   1.166   1.158   -0.4697   0   2.072e+07   -2.848e+08   0
29   1.173   1.156   -0.498   0   -6.126e+07   -2.79e+08   0
29.1   1.18   1.146   -0.5247   0   -1.379e+08   -2.503e+08   0
29.2   1.187   1.129   -0.5474   0   -2.031e+08   -2.012e+08   0
29.3   1.194   1.106   -0.5643   0   -2.516e+08   -1.36e+08   0
29.4   1.201   1.079   -0.5741   0   -2.798e+08   -6.002e+07   0
29.5   1.208   1.05   -0.5761   0   -2.855e+08   2.047e+07   0
29.6   1.215   1.022   -0.57   0   -2.687e+08   9.909e+07   0
29.7   1.219   0.9969   -0.5573   0   -2.514e+08   1.372e+08   0
29.8   1.219   0.9717   -0.5436   0   -2.514e+08   1.372e+08   0
29.9   1.219   0.9466   -0.5298   0   -2.514e+08   1.372e+08   0
30   1.219   0.9215   -0.5161   0   -2.514e+08   1.372e+08   0
30.1   1.219   0.8963   -0.5024   0   -2.514e+08   1.372e+08   0
30.2   1.219   0.8712   -0.4887   0   -2.514e+08   1.372e+08   0
30.3   1.219   0.846   -0.475   0   -2.514e+08   1.372e+08   0
30.4   1.219   0.8209   -0.4613   0   -2.514e+08   1.372e+08   0
30.5   1.219   0.7957   -0.4476   0   -2.514e+08   1.372e+08   0
30.6   1.219   0.7706   -0.4338   0   -2.514e+08   1.372e+08   0
30.7   1.219   0.7455   -0.4201   0   -2.514e+08   1.372e+08   0
30.8   1.219   0.7203   -0.4064   0   -2.514e+08   1.372e+08   0
30.9   1.219   0.6952   -0.3927   0   -2.514e+08   1.372e+08   0
31   1.219   0.67   -0.379   0   -2.514e+08   1.372e+08   0
31.1   1.221   0.6449   -0.3653   0   -2.515e+08   1.372e+08   0
31.2   1.227   0.6197   -0.3515   0   -2.515e+08   1.372e+08   0
31.3   1.234   0.5946   -0.3378   0   -2.516e+08   1.373e+08   0
31.4   1.24   0.5694   -0.3241   0   -2.517e+08   1.374e+08   0
31.5   1.246   0.5442   -0.3103   0   -2.518e+08   1.374e+08   0
31.6   1.252   0.5191   -0.2966   0   -2.518e+08   1.375e+08   0
31.7   1.257   0.4939   -0.2828   0   -2.519e+08   1.375e+08   0
31.8   1.263   0.4687   -0.2691   0   -2.52e+08   1.376e+08   0
31.9   1.268   0.4435   -0.2553   0   -2.52e+08   1.377e+08   0
32   1.273   0.4183   -0.2415   0   -2.521e+08   1.377e+08   0
32.1   1.278   0.3931   -0.2278   0   -2.521e+08   1.378e+08   0
32.2   1.282   0.3678   -0.214   0   -2.522e+08   1.378e+08   0
32.3   1.286   0.3426   -0.2002   0   -2.522e+08   1.378e+08   0
32.4   1.289   0.3174   -0.1864   0   -2.522e+08   1.379e+08   0
32.5   1.291   0.2922   -0.1726   0   -2.522e+08   1.379e+08   0
32.6   1.292   0.267   -0.1588   0   -2.523e+08   1.379e+08   0
32.7   1.293   0.2417   -0.1451   0   -2.523e+08   1.379e+08   0
32.8   1.292   0.2165   -0.1313   0   -2.523e+08   1.379e+08   0
32.9   1.29   0.1913   -0.1175   0   -2.522e+08   1.379e+08   0
33   1.285   0.1661   -0.1037   0   -2.522e+08   1.378e+08   0
33.1   1.284   0.1408   -0.0899   0   -2.522e+08   1.378e+08   0
33.2   1.284   0.1156   -0.07612   0   -2.522e+08   1.378e+08   0
33.3   1.284   0.0904   -0.06234   0   -2.522e+08   1.378e+08   0
33.4   1.284   0.06518   -0.04856   0   -2.522e+08   1.378e+08   0
33.5   1.284   0.03996   -0.03479   0   -2.522e+08   1.378e+08   0
33.6   1.284   0.01474   -0.02101   0   -2.522e+08   1.378e+08   0
33.7   1.284   -0.01047   -0.007226   0   -2.522e+08   1.378e+08   0
33.8   1.284   -0.03569   0.006554   0   -2.522e+08   1.378e+08   0
33.9   1.284   -0.06091   0.02033   0   -2.522e+08   1.378e+08   0
34   1.284   -0.08613   0.03411   0   -2.522e+08   1.378e+08   0
34.1   1.284   -0.1114   0.04789   0   -2.522e+08   1.378e+08   0
34.2   1.284   -0.1366   0.06167   0   -2.522e+08   1.378e+08   0
34.3   1.284   -0.1618   0.07545   0   -2.522e+08   1.378e+08   0
34.4   1.299   -0.187   0.08923   0   -2.525e+08   1.378e+08   0
34.5   1.321   -0.2123   0.103   0   -2.528e+08   1.377e+08   0
34.6   1.341   -0.2376   0.1168   0   -2.531e+08   1.377e+08   0
34.7   1.359   -0.2629   0.1306   0   -2.534e+08   1.377e+08   0
34.8   1.376   -0.2883   0.1443   0   -2.536e+08   1.377e+08   0
34.9   1.391   -0.3136   0.1581   0   -2.538e+08   1.378e+08   0
35   1.405   -0.339   0.1719   0   -2.54e+08   1.378e+08   0
35.1   1.419   -0.3644   0.1857   0   -2.541e+08   1.378e+08   0
35.2   1.431   -0.3898   0.1994   0   -2.543e+08   1.378e+08   0
35.3   1.442   -0.4153   0.2132   0   -2.544e+08   1.379e+08   0
35.4   1.453   -0.4407   0.227   0   -2.545e+08   1.379e+08   0
35.5   1.463   -0.4662   0.2408   0   -2.546e+08   1.379e+08   0
35.6   1.472   -0.4916   0.2546   0   -2.547e+08   1.379e+08   0
35.7   1.48   -0.5171   0.2684   0   -2.548e+08   1.379e+08   0
35.8   1.488   -0.5426   0.2822   0   -2.549e+08   1.38e+08   0
35.9   1.495   -0.5681   0.296   0   -2.55e+08   1.38e+08   0
36   1.501   -0.5936   0.3098   0   -2.55e+08   1.38e+08   0
36.1   1.507   -0.6191   0.3236   0   -2.551e+08   1.38e+08   0
36.2   1.513   -0.6446   0.3374   0   -2.551e+08   1.38e+08   0
36.3   1.517   -0.6701   0.3512   0   -2.552e+08   1.38e+08   0
36.4   1.517   -0.6956   0.365   0   -2.552e+08   1.38e+08   0
36.5   1.517   -0.7212   0.3788   0   -2.552e+08   1.38e+08   0
36.6   1.517   -0.7467   0.3926   0   -2.552e+08   1.38e+08   0
36.7   1.517   -0.7722   0.4064   0   -2.552e+08   1.38e+08   0
36.8   1.517   -0.7977   0.4202   0   -2.552e+08   1.38e+08   0
36.9   1.517   -0.8232   0.434   0   -2.552e+08   1.38e+08   0
37   1.517   -0.8488   0.4478   0   -2.552e+08   1.38e+08   0
37.1   1.517   -0.8743   0.4616   0   -2.552e+08   1.38e+08   0
37.2   1.517   -0.8998   0.4754   0   -2.552e+08   1.38e+08   0
37.3   1.517   -0.9253   0.4892   0   -2.552e+08   1.38e+08   0
37.4   1.517   -0.9508   0.503   0   -2.552e+08   1.38e+08   0
37.5   1.517   -0.9763   0.5168   0   -2.552e+08   1.38e+08   0
37.6   1.517   -1.002   0.5306   0   -2.552e+08   1.38e+08   0
37.7   1.517   -1.027   0.5444   0   -2.552e+08   1.38e+08   0
37.8   1.517   -1.053   0.5582   0   -2.552e+08   1.38e+08   0
37.9   1.517   -1.078   0.572   0   -2.552e+08   1.38e+08   0
38   1.517   -1.104   0.5858   0   -2.552e+08   1.38e+08   0
38.1   1.517   -1.129   0.5996   0   -2.552e+08   1.38e+08   0
38.2   1.517   -1.155   0.6134   0   -2.552e+08   1.38e+08   0
38.3   1.517   -1.18   0.6273   0   -2.552e+08   1.38e+08   0
38.4   1.517   -1.206   0.6411   0   -2.552e+08   1.38e+08   0
38.5   1.517   -1.232   0.6549   0   -2.552e+08   1.38e+08   0
38.6   1.517   -1.257   0.6687   0   -2.552e+08   1.38e+08   0
38.7   1.517   -1.283   0.6825   0   -2.552e+08   1.38e+08   0
38.8   1.517   -1.308   0.6963   0   -2.552e+08   1.38e+08   0
38.9   1.517   -1.334   0.7101   0   -2.552e+08   1.38e+08   0
39   1.517   -1.359   0.7239   0   -2.552e+08   1.38e+08   0
39.1   1.517   -1.385   0.7377   0   -2.552e+08   1.38e+08   0
39.2   1.517   -1.41   0.7515   0   -2.552e+08   1.38e+08   0
39.3   1.517   -1.436   0.7653   0   -2.552e+08   1.38e+08   0
39.4   1.517   -1.461   0.7791   0   -2.552e+08   1.38e+08   0
39.5   1.517   -1.487   0.7929   0   -2.552e+08   1.38e+08   0
39.6   1.517   -1.512   0.8067   0   -2.552e+08   1.38e+08   0
39.7   1.517   -1.538   0.8205   0   -2.552e+08   1.38e+08   0
39.8   1.517   -1.563   0.8343   0   -2.552e+08   1.38e+08   0
39.9   1.517   -1.589   0.8481   0   -2.552e+08   1.38e+08   0
40   1.517   -1.614   0.8619   0   -2.552e+08   1.38e+08   0
40.1   1.517   -1.64   0.8757   0   -2.552e+08   1.38e+08   0
40.2   1.517   -1.665   0.8895   0   -2.552e+08   1.38e+08   0
40.3   1.517   -1.691   0.9033   0   -2.552e+08   1.38e+08   0
40.4   1.517   -1.716   0.9171   0   -2.552e+08   1.38e+08   0
40.5   1.517   -1.742   0.9309   0   -2.552e+08   1.38e+08   0
40.6   1.517   -1.767   0.9447   0   -2.552e+08   1.38e+08   0
40.7   1.517   -1.793   0.9585   0   -2.552e+08   1.38e+08   0
40.8   1.517   -1.818   0.9723   0   -2.552e+08   1.38e+08   0
40.9   1.517   -1.844   0.9861   0   -2.552e+08   1.38e+08   0
41   1.517   -1.869   0.9999   0   -2.552e+08   1.38e+08   0
41.1   1.517   -1.895   1.014   0   -2.552e+08   1.38e+08   0
41.2   1.517   -1.92   1.028   0   -2.552e+08   1.38e+08   0
41.3   1.517   -1.946   1.041   0   -2.552e+08   1.38e+08   0
41.4   1.517   -1.972   1.055   0   -2.552e+08   1.38e+08   0
41.5   1.517   -1.997   1.069   0   -2.552e+08   1.38e+08   0
41.6   1.517   -2.023   1.083   0   -2.552e+08   1.38e+08   0
41.7   1.517   -2.048   1.097   0   -2.552e+08   1.38e+08   0
41.8   1.517   -2.074   1.11   0   -2.552e+08   1.38e+08   0
41.9   1.517   -2.099   1.124   0   -2.552e+08   1.38e+08   0
42   1.517   -2.125   1.138   0   -2.552e+08   1.38e+08   0
42.1   1.517   -2.15   1.152   0   -2.552e+08   1.38e+08   0
42.2   1.517   -2.176   1.166   0   -2.552e+08   1.38e+08   0
42.3   1.517   -2.201   1.179   0   -2.552e+08   1.38e+08   0
42.4   1.517   -2.227   1.193   0   -2.552e+08   1.38e+08   0
42.5   1.517   -2.252   1.207   0   -2.552e+08   1.38e+08   0
42.6   1.517   -2.278   1.221   0   -2.552e+08   1.38e+08   0
42.7   1.517   -2.303   1.235   0   -2.552e+08   1.38e+08   0
42.8   1.517   -2.329   1.248   0   -2.552e+08   1.38e+08   0
42.9   1.517   -2.354   1.262   0   -2.552e+08   1.38e+08   0
43   1.517   -2.38   1.276   0   -2.552e+08   1.38e+08   0
43.1   1.517   -2.405   1.29   0   -2.552e+08   1.38e+08   0
43.2   1.517   -2.431   1.304   0   -2.552e+08   1.38e+08   0
43.3   1.517   -2.456   1.317   0   -2.552e+08   1.38e+08   0
43.4   1.517   -2.482   1.331   0   -2.552e+08   1.38e+08   0
43.5   1.517   -2.507   1.345   0   -2.552e+08   1.38e+08   0
43.6   1.517   -2.533   1.359   0   -2.552e+08   1.38e+08   0
43.7   1.517   -2.558   1.373   0   -2.552e+08   1.38e+08   0
43.8   1.517   -2.584   1.386   0   -2.552e+08   1.38e+08   0
43.9   1.517   -2.609   1.4   0   -2.552e+08   1.38e+08   0
44   1.517   -2.635   1.414   0   -2.552e+08   1.38e+08   0
44.1   1.517   -2.66   1.428   0   -2.552e+08   1.38e+08   0
44.2   1.517   -2.686   1.442   0   -2.552e+08   1.38e+08   0
44.3   1.517   -2.712   1.455   0   -2.552e+08   1.38e+08   0
44.4   1.517   -2.737   1.469   0   -2.552e+08   1.38e+08   0
44.5   1.517   -2.763   1.483   0   -2.552e+08   1.38e+08   0
44.6   1.517   -2.788   1.497   0   -2.552e+08   1.38e+08   0
44.7   1.517   -2.814   1.511   0   -2.552e+08   1.38e+08   0
44.8   1.517   -2.839   1.524   0   -2.552e+08   1.38e+08   0
44.9   1.517   -2.865   1.538   0   -2.552e+08   1.38e+08   0
45   1.517   -2.89   1.552   0   -2.552e+08   1.38e+08   0
