0   0.04   -0.753   0   0   1.121e+08   0   0
0.1   0.04   -0.753   0   0   1.121e+08   0   0
0.2   0.04   -0.753   0   0   1.121e+08   0   0
0.3   0.04   -0.753   0   0   1.121e+08   0   0
0.4   0.04032   -0.7444   0   0   1.125e+08   0   0
0.5   0.04091   -0.7331   0   0   1.133e+08   0   0
0.6   0.0417   -0.7218   0   0   1.142e+08   0   0
0.7   0.0427   -0.7103   0   0   1.154e+08   0   0
0.8   0.04391   -0.6987   0   0   1.169e+08   0   0
0.9   0.04535   -0.6869   0   0   1.186e+08   0   0
1   0.04702   -0.6749   0   0   1.204e+08   0   0
1.1   0.04893   -0.6628   0   0   1.226e+08   0   0
1.2   0.05109   -0.6504   0   0   1.249e+08   0   0
1.3   0.05352   -0.6378   0   0   1.274e+08   0   0
1.4   0.05623   -0.6249   0   0   1.301e+08   0   0
1.5   0.05922   -0.6118   0   0   1.33e+08   0   0
1.6   0.06251   -0.5983   0   0   1.361e+08   0   0
1.7   0.06611   -0.5845   0   0   1.393e+08   0   0
1.8   0.07003   -0.5704   0   0   1.427e+08   0   0
1.9   0.07428   -0.556   0   0   1.462e+08   0   0
2   0.07888   -0.5412   0   0   1.498e+08   0   0
2.1   0.08382   -0.526   0   0   1.534e+08   0   0
2.2   0.08912   -0.5105   0   0   1.572e+08   0   0
2.3   0.09479   -0.4946   0   0   1.61e+08   0   0
2.4   0.1008   -0.4783   0   0   1.649e+08   0   0
2.5   0.1072   -0.4616   0   0   1.687e+08   0   0
2.6   0.114   -0.4445   0   0   1.726e+08   0   0
2.7   0.1212   -0.4271   0   0   1.765e+08   0   0
2.8   0.1288   -0.4092   0   0   1.804e+08   0   0
2.9   0.1367   -0.391   0   0   1.842e+08   0   0
3   0.145   -0.3724   0   0   1.88e+08   0   0
3.1   0.1537   -0.3534   0   0   1.917e+08   0   0
3.2   0.1628   -0.334   0   0   1.954e+08   0   0
3.3   0.1722   -0.3143   0   0   1.99e+08   0   0
3.4   0.1821   -0.2942   0   0   2.025e+08   0   0
3.5   0.1922   -0.2738   0   0   2.06e+08   0   0
3.6   0.2027   -0.2531   0   0   2.093e+08   0   0
3.7   0.2136   -0.232   0   0   2.126e+08   0   0
3.8   0.2248   -0.2105   0   0   2.157e+08   0   0
3.9   0.2364   -0.1888   0   0   2.188e+08   0   0
4   0.2367   -0.1669   0   0   2.189e+08   0   0
4.1   0.2367   -0.145   0   0   2.189e+08   0   0
4.2   0.2367   -0.1232   0   0   2.189e+08   0   0
4.3   0.2367   -0.1013   0   0   2.189e+08   0   0
4.4   0.2367   -0.07939   0   0   2.189e+08   0   0
4.5   0.2367   -0.0575   0   0   2.189e+08   0   0
4.6   0.2367   -0.03561   0   0   2.189e+08   0   0
4.7   0.2367   -0.01373   0   0   2.189e+08   0   0
4.8   0.2367   0.00816   0   0   2.189e+08   0   0
4.9   0.2367   0.03005   0   0   2.189e+08   0   0
5   0.2367   0.05193   0   0   2.189e+08   0   0
5.1   0.2367   0.07382   0   0   2.189e+08   0   0
5.2   0.2367   0.0957   0   0   2.189e+08   0   0
5.3   0.2367   0.1176   0   0   2.189e+08   0   0
5.4   0.2367   0.1395   0   0   2.189e+08   0   0
5.5   0.2367   0.1614   0   0   2.189e+08   0   0
5.6   0.2367   0.1832   0   0   2.189e+08   0   0
5.7   0.2455   0.2052   0   0   2.211e+08   0   0
5.8   0.2568   0.2275   0   0   2.237e+08   0   0
5.9   0.268   0.25   0   0   2.263e+08   0   0
6   0.2792   0.2727   0   0   2.287e+08   0   0
6.1   0.2903   0.2957   0   0   2.309e+08   0   0
6.2   0.3012   0.3189   0   0   2.33e+08   0   0
6.3   0.3119   0.3423   0   0   2.35e+08   0   0
6.4   0.3224   0.3659   0   0   2.368e+08   0   0
6.5   0.3327   0.3897   0   0   2.385e+08   0   0
6.6   0.3427   0.4136   0   0   2.402e+08   0   0
6.7   0.3525   0.4377   0   0   2.417e+08   0   0
6.8   0.3619   0.4619   0   0   2.431e+08   0   0
6.9   0.3711   0.4863   0   0   2.444e+08   0   0
7   0.3799   0.5108   0   0   2.456e+08   0   0
7.1   0.3884   0.5354   0   0   2.467e+08   0   0
7.2   0.3966   0.5601   0   0   2.478e+08   0   0
7.3   0.4044   0.585   0   0   2.487e+08   0   0
7.4   0.4118   0.6099   0   0   2.496e+08   0   0
7.5   0.4189   0.6349   0   0   2.505e+08   0   0
7.6   0.4256   0.66   0   0   2.512e+08   0   0
7.7   0.4319   0.6851   0   0   2.519e+08   0   0
7.8   0.4378   0.7104   0   0   2.526e+08   0   0
7.9   0.4433   0.7357   0   0   2.532e+08   0   0
8   0.4469   0.761   0   0   2.536e+08   0   0
8.1   0.4469   0.7864   0   0   2.536e+08   0   0
8.2   0.4469   0.8117   0   0   2.536e+08   0   0
8.3   0.4469   0.8371   0   0   2.536e+08   0   0
8.4   0.4469   0.8624   0   0   2.536e+08   0   0
8.5   0.4469   0.8878   0   0   2.536e+08   0   0
8.6   0.4469   0.9131   0   0   2.536e+08   0   0
8.7   0.4469   0.9385   0   0   2.536e+08   0   0
8.8   0.4469   0.9639   0   0   2.536e+08   0   0
8.9   0.4469   0.9892   0   0   2.536e+08   0   0
9   0.4469   1.015   0   0   2.536e+08   0   0
9.1   0.4469   1.04   0   0   2.536e+08   0   0
9.2   0.4469   1.065   0   0   2.536e+08   0   0
9.3   0.4469   1.091   0   0   2.536e+08   0   0
9.4   0.4473   1.116   -0.0004215   0   2.525e+08   -2.407e+07   0
9.5   0.4482   1.141   -0.006336   0   2.361e+08   -9.278e+07   0
9.6   0.4491   1.163   -0.0188   0   2.015e+08   -1.543e+08   0
9.7   0.4501   1.18   -0.03685   0   1.513e+08   -2.039e+08   0
9.8   0.451   1.192   -0.05909   0   8.95e+07   -2.377e+08   0
9.9   0.452   1.198   -0.08381   0   2.078e+07   -2.533e+08   0
10   0.4529   1.196   -0.1091   0   -4.953e+07   -2.493e+08   0
10.1   0.4539   1.188   -0.133   0   -1.16e+08   -2.263e+08   0
10.2   0.4548   1.173   -0.1537   0   -1.736e+08   -1.859e+08   0
10.3   0.4558   1.154   -0.1697   0   -2.18e+08   -1.314e+08   0
10.4   0.4568   1.13   -0.1796   0   -2.457e+08   -6.684e+07   0
10.5   0.4577   1.105   -0.1828   0   -2.547e+08   2.787e+06   0
10.6   0.4582   1.08   -0.1797   0   -2.514e+08   4.133e+07   0
10.7   0.4582   1.055   -0.1756   0   -2.514e+08   4.133e+07   0
10.8   0.4582   1.03   -0.1715   0   -2.514e+08   4.133e+07   0
10.9   0.4582   1.005   -0.1673   0   -2.514e+08   4.133e+07   0
11   0.4582   0.9794   -0.1632   0   -2.514e+08   4.133e+07   0
11.1   0.4582   0.9543   -0.1591   0   -2.514e+08   4.133e+07   0
11.2   0.4582   0.9291   -0.1549   0   -2.514e+08   4.133e+07   0
11.3   0.4582   0.904   -0.1508   0   -2.514e+08   4.133e+07   0
11.4   0.4582   0.8789   -0.1467   0   -2.514e+08   4.133e+07   0
11.5   0.4582   0.8537   -0.1425   0   -2.514e+08   4.133e+07   0
11.6   0.4582   0.8286   -0.1384   0   -2.514e+08   4.133e+07   0
11.7   0.4582   0.8035   -0.1343   0   -2.514e+08   4.133e+07   0
11.8   0.4582   0.7783   -0.1301   0   -2.514e+08   4.133e+07   0
11.9   0.4582   0.7532   -0.126   0   -2.514e+08   4.133e+07   0
12   0.4618   0.728   -0.1219   0   -2.517e+08   4.139e+07   0
12.1   0.468   0.7028   -0.1177   0   -2.523e+08   4.149e+07   0
12.2   0.4744   0.6776   -0.1136   0   -2.529e+08   4.16e+07   0
12.3   0.4809   0.6523   -0.1094   0   -2.535e+08   4.171e+07   0
12.4   0.4875   0.6269   -0.1052   0   -2.541e+08   4.181e+07   0
12.5   0.4942   0.6014   -0.101   0   -2.547e+08   4.192e+07   0
12.6   0.5009   0.5759   -0.09684   0   -2.553e+08   4.202e+07   0
12.7   0.5077   0.5504   -0.09263   0   -2.559e+08   4.213e+07   0
12.8   0.5144   0.5247   -0.08841   0   -2.565e+08   4.223e+07   0
12.9   0.5211   0.4991   -0.08418   0   -2.57e+08   4.233e+07   0
13   0.5277   0.4733   -0.07995   0   -2.575e+08   4.242e+07   0
13.1   0.5342   0.4476   -0.0757   0   -2.58e+08   4.252e+07   0
13.2   0.5405   0.4217   -0.07144   0   -2.585e+08   4.26e+07   0
13.3   0.5466   0.3959   -0.06718   0   -2.59e+08   4.269e+07   0
13.4   0.5524   0.3699   -0.06291   0   -2.594e+08   4.277e+07   0
13.5   0.5579   0.344   -0.05863   0   -2.598e+08   4.284e+07   0
13.6   0.5629   0.318   -0.05434   0   -2.602e+08   4.291e+07   0
13.7   0.5673   0.2919   -0.05004   0   -2.605e+08   4.297e+07   0
13.8   0.5711   0.2659   -0.04574   0   -2.607e+08   4.302e+07   0
13.9   0.574   0.2398   -0.04144   0   -2.609e+08   4.306e+07   0
14   0.5758   0.2137   -0.03713   0   -2.611e+08   4.309e+07   0
14.1   0.5763   0.1876   -0.03282   0   -2.611e+08   4.309e+07   0
14.2   0.5763   0.1615   -0.02851   0   -2.611e+08   4.309e+07   0
14.3   0.5763   0.1354   -0.0242   0   -2.611e+08   4.309e+07   0
14.4   0.5763   0.1093   -0.0199   0   -2.611e+08   4.309e+07   0
14.5   0.5763   0.08315   -0.01559   0   -2.611e+08   4.309e+07   0
14.6   0.5763   0.05704   -0.01128   0   -2.611e+08   4.309e+07   0
14.7   0.5763   0.03093   -0.006967   0   -2.611e+08   4.309e+07   0
14.8   0.5763   0.004826   -0.002658   0   -2.611e+08   4.309e+07   0
14.9   0.5763   -0.02128   0.001651   0   -2.611e+08   4.309e+07   0
15   0.5763   -0.04739   0.005961   0   -2.611e+08   4.309e+07   0
15.1   0.5763   -0.0735   0.01027   0   -2.611e+08   4.309e+07   0
15.2   0.5763   -0.09961   0.01458   0   -2.611e+08   4.309e+07   0
15.3   0.5763   -0.1257   0.01889   0   -2.611e+08   4.309e+07   0
15.4   0.5763   -0.1518   0.0232   0   -2.611e+08   4.309e+07   0
15.5   0.5763   -0.1779   0.02751   0   -2.611e+08   4.309e+07   0
15.6   0.5904   -0.2041   0.03182   0   -2.62e+08   4.321e+07   0
15.7   0.6095   -0.2303   0.03615   0   -2.633e+08   4.336e+07   0
15.8   0.6272   -0.2567   0.04049   0   -2.643e+08   4.35e+07   0
15.9   0.6437   -0.2832   0.04485   0   -2.653e+08   4.363e+07   0
16   0.6592   -0.3098   0.04922   0   -2.661e+08   4.374e+07   0
16.1   0.6737   -0.3364   0.0536   0   -2.669e+08   4.384e+07   0
16.2   0.6873   -0.3632   0.05799   0   -2.676e+08   4.394e+07   0
16.3   0.7001   -0.3899   0.06238   0   -2.682e+08   4.403e+07   0
16.4   0.7121   -0.4168   0.06679   0   -2.688e+08   4.411e+07   0
16.5   0.7235   -0.4437   0.07121   0   -2.693e+08   4.418e+07   0
16.6   0.7341   -0.4707   0.07563   0   -2.698e+08   4.425e+07   0
16.7   0.744   -0.4977   0.08006   0   -2.702e+08   4.431e+07   0
16.8   0.7533   -0.5247   0.08449   0   -2.706e+08   4.437e+07   0
16.9   0.762   -0.5518   0.08893   0   -2.71e+08   4.442e+07   0
17   0.7701   -0.5789   0.09337   0   -2.713e+08   4.447e+07   0
17.1   0.7777   -0.606   0.09782   0   -2.716e+08   4.452e+07   0
17.2   0.7846   -0.6332   0.1023   0   -2.719e+08   4.456e+07   0
17.3   0.791   -0.6604   0.1067   0   -2.721e+08   4.459e+07   0
17.4   0.7969   -0.6876   0.1112   0   -2.723e+08   4.463e+07   0
17.5   0.8023   -0.7149   0.1157   0   -2.725e+08   4.466e+07   0
17.6   0.8071   -0.7421   0.1201   0   -2.727e+08   4.468e+07   0
17.7   0.8073   -0.7694   0.1246   0   -2.727e+08   4.468e+07   0
17.8   0.8073   -0.7967   0.1291   0   -2.727e+08   4.468e+07   0
17.9   0.8073   -0.8239   0.1335   0   -2.727e+08   4.468e+07   0
18   0.8073   -0.8512   0.138   0   -2.727e+08   4.468e+07   0
18.1   0.8073   -0.8785   0.1425   0   -2.727e+08   4.468e+07   0
18.2   0.8073   -0.9058   0.1469   0   -2.727e+08   4.468e+07   0
18.3   0.8073   -0.933   0.1514   0   -2.727e+08   4.468e+07   0
18.4   0.8073   -0.9603   0.1559   0   -2.727e+08   4.468e+07   0
18.5   0.8073   -0.9876   0.1603   0   -2.727e+08   4.468e+07   0
18.6   0.8073   -1.015   0.1648   0   -2.727e+08   4.468e+07   0
18.7   0.8073   -1.042   0.1693   0   -2.727e+08   4.468e+07   0
18.8   0.8073   -1.069   0.1737   0   -2.727e+08   4.468e+07   0
18.9   0.8073   -1.097   0.1782   0   -2.727e+08   4.468e+07   0
19   0.8073   -1.124   0.1827   0   -2.727e+08   4.468e+07   0
19.1   0.8089   -1.151   0.1884   0   -2.627e+08   8.604e+07   0
19.2   0.8115   -1.176   0.2004   0   -2.31e+08   1.52e+08   0
19.3   0.8142   -1.197   0.2185   0   -1.833e+08   2.072e+08   0
19.4   0.8168   -1.212   0.2414   0   -1.228e+08   2.479e+08   0
19.5   0.8195   -1.221   0.2675   0   -5.397e+07   2.715e+08   0
19.6   0.8222   -1.223   0.2951   0   1.852e+07   2.763e+08   0
19.7   0.8248   -1.217   0.3221   0   8.965e+07   2.621e+08   0
19.8   0.8275   -1.205   0.3469   0   1.546e+08   2.3e+08   0
19.9   0.8302   -1.186   0.3676   0   2.088e+08   1.822e+08   0
20   0.8329   -1.163   0.3828   0   2.489e+08   1.222e+08   0
20.1   0.8356   -1.137   0.3917   0   2.721e+08   5.397e+07   0
20.2   0.8384   -1.11   0.3935   0   2.769e+08   -1.78e+07   0
20.3   0.8411   -1.082   0.3881   0   2.631e+08   -8.829e+07   0
20.4   0.8412   -1.056   0.3789   0   2.617e+08   -9.237e+07   0
20.5   0.8412   -1.03   0.3696   0   2.617e+08   -9.237e+07   0
20.6   0.8412   -1.004   0.3604   0   2.617e+08   -9.237e+07   0
20.7   0.8412   -0.9777   0.3511   0   2.617e+08   -9.237e+07   0
20.8   0.8412   -0.9516   0.3419   0   2.617e+08   -9.237e+07   0
20.9   0.8412   -0.9254   0.3327   0   2.617e+08   -9.237e+07   0
21   0.8412   -0.8992   0.3234   0   2.617e+08   -9.237e+07   0
21.1   0.8412   -0.873   0.3142   0   2.617e+08   -9.237e+07   0
21.2   0.8412   -0.8469   0.305   0   2.617e+08   -9.237e+07   0
21.3   0.8412   -0.8207   0.2957   0   2.617e+08   -9.237e+07   0
21.4   0.8412   -0.7945   0.2865   0   2.617e+08   -9.237e+07   0
21.5   0.8412   -0.7684   0.2773   0   2.617e+08   -9.237e+07   0
21.6   0.8412   -0.7422   0.268   0   2.617e+08   -9.237e+07   0
21.7   0.8412   -0.716   0.2588   0   2.617e+08   -9.237e+07   0
21.8   0.8454   -0.6898   0.2495   0   2.619e+08   -9.242e+07   0
21.9   0.8514   -0.6636   0.2403   0   2.621e+08   -9.25e+07   0
22   0.8574   -0.6374   0.231   0   2.622e+08   -9.258e+07   0
22.1   0.8633   -0.6112   0.2218   0   2.624e+08   -9.265e+07   0
22.2   0.8692   -0.5849   0.2125   0   2.626e+08   -9.273e+07   0
22.3   0.8749   -0.5587   0.2032   0   2.628e+08   -9.28e+07   0
22.4   0.8805   -0.5324   0.1939   0   2.629e+08   -9.287e+07   0
22.5   0.8859   -0.5061   0.1847   0   2.631e+08   -9.294e+07   0
22.6   0.891   -0.4798   0.1754   0   2.632e+08   -9.3e+07   0
22.7   0.8958   -0.4534   0.1661   0   2.634e+08   -9.306e+07   0
22.8   0.9003   -0.4271   0.1567   0   2.635e+08   -9.312e+07   0
22.9   0.9044   -0.4007   0.1474   0   2.636e+08   -9.317e+07   0
23   0.9079   -0.3744   0.1381   0   2.637e+08   -9.322e+07   0
23.1   0.9109   -0.348   0.1288   0   2.638e+08   -9.325e+07   0
23.2   0.9131   -0.3216   0.1195   0   2.638e+08   -9.328e+07   0
23.3   0.9145   -0.2952   0.1101   0   2.639e+08   -9.33e+07   0
23.4   0.9149   -0.2688   0.1008   0   2.639e+08   -9.331e+07   0
23.5   0.9141   -0.2425   0.09147   0   2.638e+08   -9.329e+07   0
23.6   0.9118   -0.2161   0.08214   0   2.638e+08   -9.326e+07   0
23.7   0.9076   -0.1897   0.07282   0   2.637e+08   -9.32e+07   0
23.8   0.9044   -0.1633   0.0635   0   2.636e+08   -9.315e+07   0
23.9   0.9044   -0.137   0.05419   0   2.636e+08   -9.315e+07   0
24   0.9044   -0.1106   0.04488   0   2.636e+08   -9.315e+07   0
24.1   0.9044   -0.08426   0.03556   0   2.636e+08   -9.315e+07   0
24.2   0.9044   -0.0579   0.02625   0   2.636e+08   -9.315e+07   0
24.3   0.9044   -0.03154   0.01693   0   2.636e+08   -9.315e+07   0
24.4   0.9044   -0.005185   0.007616   0   2.636e+08   -9.315e+07   0
24.5   0.9044   0.02118   -0.001699   0   2.636e+08   -9.315e+07   0
24.6   0.9044   0.04754   -0.01101   0   2.636e+08   -9.315e+07   0
24.7   0.9044   0.0739   -0.02033   0   2.636e+08   -9.315e+07   0
24.8   0.9044   0.1003   -0.02964   0   2.636e+08   -9.315e+07   0
24.9   0.9044   0.1266   -0.03896   0   2.636e+08   -9.315e+07   0
25   0.9044   0.153   -0.04827   0   2.636e+08   -9.315e+07   0
25.1   0.9044   0.1793   -0.05759   0   2.636e+08   -9.315e+07   0
25.2   0.9277   0.2057   -0.06691   0   2.643e+08   -9.324e+07   0
25.3   0.9487   0.2322   -0.07624   0   2.649e+08   -9.333e+07   0
25.4   0.9678   0.2587   -0.08557   0   2.654e+08   -9.342e+07   0
25.5   0.9853   0.2853   -0.09492   0   2.658e+08   -9.35e+07   0
25.6   1.001   0.3119   -0.1043   0   2.662e+08   -9.358e+07   0
25.7   1.016   0.3385   -0.1136   0   2.665e+08   -9.365e+07   0
25.8   1.03   0.3652   -0.123   0   2.669e+08   -9.372e+07   0
25.9   1.043   0.3919   -0.1324   0   2.671e+08   -9.379e+07   0
26   1.055   0.4186   -0.1418   0   2.674e+08   -9.385e+07   0
26.1   1.066   0.4453   -0.1511   0   2.676e+08   -9.39e+07   0
26.2   1.076   0.4721   -0.1605   0   2.678e+08   -9.395e+07   0
26.3   1.085   0.4989   -0.1699   0   2.68e+08   -9.4e+07   0
26.4   1.094   0.5257   -0.1793   0   2.682e+08   -9.404e+07   0
26.5   1.102   0.5525   -0.1887   0   2.683e+08   -9.408e+07   0
26.6   1.109   0.5794   -0.1982   0   2.685e+08   -9.412e+07   0
26.7   1.115   0.6062   -0.2076   0   2.686e+08   -9.415e+07   0
26.8   1.121   0.6331   -0.217   0   2.687e+08   -9.418e+07   0
26.9   1.127   0.66   -0.2264   0   2.688e+08   -9.421e+07   0
27   1.132   0.6869   -0.2358   0   2.689e+08   -9.423e+07   0
27.1   1.136   0.7137   -0.2453   0   2.69e+08   -9.425e+07   0
27.2   1.136   0.7406   -0.2547   0   2.69e+08   -9.425e+07   0
27.3   1.136   0.7675   -0.2641   0   2.69e+08   -9.425e+07   0
27.4   1.136   0.7944   -0.2735   0   2.69e+08   -9.425e+07   0
27.5   1.136   0.8213   -0.283   0   2.69e+08   -9.425e+07   0
27.6   1.136   0.8482   -0.2924   0   2.69e+08   -9.425e+07   0
27.7   1.136   0.8751   -0.3018   0   2.69e+08   -9.425e+07   0
27.8   1.136   0.902   -0.3112   0   2.69e+08   -9.425e+07   0
27.9   1.136   0.9289   -0.3207   0   2.69e+08   -9.425e+07   0
28   1.136   0.9558   -0.3301   0   2.69e+08   -9.425e+07   0
28.1   1.136   0.9827   -0.3395   0   2.69e+08   -9.425e+07   0
28.2   1.136   1.01   -0.3489   0   2.69e+08   -9.425e+07   0
28.3   1.136   1.036   -0.3584   0   2.69e+08   -9.425e+07   0
28.4   1.136   1.063   -0.3678   0   2.69e+08   -9.425e+07   0
28.5   1.136   1.09   -0.3772   0   2.69e+08   -9.425e+07   0
28.6   1.141   1.116   -0.3891   0   2.396e+08   -1.544e+08   0
28.7   1.148   1.137   -0.4079   0   1.849e+08   -2.172e+08   0
28.8   1.155   1.152   -0.432   0   1.146e+08   -2.613e+08   0
28.9   1.161   1.16   -0.4594   0   3.485e+07   -2.833e+08   0
29   1.168   1.159   -0.4879   0   -4.753e+07   -2.816e+08   0
29.1   1.175   1.151   -0.5149   0   -1.257e+08   -2.566e+08   0
29.2   1.182   1.134   -0.5384   0   -1.933e+08   -2.105e+08   0
29.3   1.189   1.112   -0.5564   0   -2.45e+08   -1.475e+08   0
29.4   1.196   1.086   -0.5675   0   -2.767e+08   -7.271e+07   0
29.5   1.203   1.058   -0.5707   0   -2.861e+08   7.648e+06   0
29.6   1.21   1.03   -0.5659   0   -2.727e+08   8.714e+07   0
29.7   1.215   1.004   -0.5538   0   -2.512e+08   1.375e+08   0
29.8   1.215   0.9786   -0.5401   0   -2.512e+08   1.375e+08   0
29.9   1.215   0.9535   -0.5263   0   -2.512e+08   1.375e+08   0
30   1.215   0.9284   -0.5126   0   -2.512e+08   1.375e+08   0
30.1   1.215   0.9032   -0.4988   0   -2.512e+08   1.375e+08   0
30.2   1.215   0.8781   -0.4851   0   -2.512e+08   1.375e+08   0
30.3   1.215   0.853   -0.4713   0   -2.512e+08   1.375e+08   0
30.4   1.215   0.8279   -0.4576   0   -2.512e+08   1.375e+08   0
30.5   1.215   0.8028   -0.4438   0   -2.512e+08   1.375e+08   0
30.6   1.215   0.7776   -0.4301   0   -2.512e+08   1.375e+08   0
30.7   1.215   0.7525   -0.4163   0   -2.512e+08   1.375e+08   0
30.8   1.215   0.7274   -0.4026   0   -2.512e+08   1.375e+08   0
30.9   1.215   0.7023   -0.3888   0   -2.512e+08   1.375e+08   0
31   1.215   0.6772   -0.3751   0   -2.512e+08   1.375e+08   0
31.1   1.217   0.652   -0.3613   0   -2.512e+08   1.375e+08   0
31.2   1.223   0.6269   -0.3476   0   -2.513e+08   1.375e+08   0
31.3   1.229   0.6018   -0.3338   0   -2.514e+08   1.376e+08   0
31.4   1.235   0.5766   -0.3201   0   -2.515e+08   1.376e+08   0
31.5   1.241   0.5515   -0.3063   0   -2.515e+08   1.377e+08   0
31.6   1.247   0.5263   -0.2925   0   -2.516e+08   1.377e+08   0
31.7   1.252   0.5012   -0.2788   0   -2.517e+08   1.378e+08   0
31.8   1.258   0.476   -0.265   0   -2.517e+08   1.378e+08   0
31.9   1.263   0.4508   -0.2512   0   -2.518e+08   1.379e+08   0
32   1.268   0.4256   -0.2374   0   -2.519e+08   1.379e+08   0
32.1   1.273   0.4004   -0.2236   0   -2.519e+08   1.38e+08   0
32.2   1.277   0.3752   -0.2098   0   -2.52e+08   1.38e+08   0
32.3   1.28   0.35   -0.196   0   -2.52e+08   1.38e+08   0
32.4   1.283   0.3248   -0.1822   0   -2.521e+08   1.38e+08   0
32.5   1.286   0.2996   -0.1684   0   -2.521e+08   1.381e+08   0
32.6   1.287   0.2744   -0.1546   0   -2.521e+08   1.381e+08   0
32.7   1.288   0.2492   -0.1408   0   -2.521e+08   1.381e+08   0
32.8   1.287   0.224   -0.127   0   -2.521e+08   1.381e+08   0
32.9   1.284   0.1988   -0.1132   0   -2.521e+08   1.38e+08   0
33   1.28   0.1736   -0.09937   0   -2.52e+08   1.38e+08   0
33.1   1.278   0.1484   -0.08557   0   -2.52e+08   1.38e+08   0
33.2   1.278   0.1232   -0.07177   0   -2.52e+08   1.38e+08   0
33.3   1.278   0.098   -0.05797   0   -2.52e+08   1.38e+08   0
33.4   1.278   0.0728   -0.04417   0   -2.52e+08   1.38e+08   0
33.5   1.278   0.0476   -0.03038   0   -2.52e+08   1.38e+08   0
33.6   1.278   0.0224   -0.01658   0   -2.52e+08   1.38e+08   0
33.7   1.278   -0.002799   -0.002779   0   -2.52e+08   1.38e+08   0
33.8   1.278   -0.028   0.01102   0   -2.52e+08   1.38e+08   0
33.9   1.278   -0.0532   0.02482   0   -2.52e+08   1.38e+08   0
34   1.278   -0.0784   0.03862   0   -2.52e+08   1.38e+08   0
34.1   1.278   -0.1036   0.05241   0   -2.52e+08   1.38e+08   0
34.2   1.278   -0.1288   0.06621   0   -2.52e+08   1.38e+08   0
34.3   1.278   -0.154   0.08001   0   -2.52e+08   1.38e+08   0
34.4   1.289   -0.1792   0.09381   0   -2.522e+08   1.38e+08   0
34.5   1.312   -0.2044   0.1076   0   -2.525e+08   1.381e+08   0
34.6   1.332   -0.2297   0.1214   0   -2.527e+08   1.382e+08   0
34.7   1.35   -0.255   0.1353   0   -2.529e+08   1.383e+08   0
34.8   1.367   -0.2803   0.1491   0   -2.531e+08   1.383e+08   0
34.9   1.383   -0.3056   0.1629   0   -2.533e+08   1.384e+08   0
35   1.397   -0.3309   0.1768   0   -2.535e+08   1.385e+08   0
35.1   1.411   -0.3563   0.1906   0   -2.536e+08   1.385e+08   0
35.2   1.423   -0.3817   0.2045   0   -2.538e+08   1.386e+08   0
35.3   1.435   -0.407   0.2183   0   -2.539e+08   1.386e+08   0
35.4   1.445   -0.4324   0.2322   0   -2.54e+08   1.387e+08   0
35.5   1.455   -0.4578   0.2461   0   -2.541e+08   1.387e+08   0
35.6   1.464   -0.4833   0.26   0   -2.542e+08   1.388e+08   0
35.7   1.473   -0.5087   0.2738   0   -2.543e+08   1.388e+08   0
35.8   1.481   -0.5341   0.2877   0   -2.543e+08   1.388e+08   0
35.9   1.488   -0.5595   0.3016   0   -2.544e+08   1.389e+08   0
36   1.494   -0.585   0.3155   0   -2.545e+08   1.389e+08   0
36.1   1.5   -0.6104   0.3294   0   -2.545e+08   1.389e+08   0
36.2   1.505   -0.6359   0.3433   0   -2.546e+08   1.389e+08   0
36.3   1.51   -0.6614   0.3572   0   -2.546e+08   1.39e+08   0
36.4   1.51   -0.6868   0.3711   0   -2.546e+08   1.39e+08   0
36.5   1.51   -0.7123   0.3849   0   -2.546e+08   1.39e+08   0
36.6   1.51   -0.7377   0.3988   0   -2.546e+08   1.39e+08   0
36.7   1.51   -0.7632   0.4127   0   -2.546e+08   1.39e+08   0
36.8   1.51   -0.7887   0.4266   0   -2.546e+08   1.39e+08   0
36.9   1.51   -0.8141   0.4405   0   -2.546e+08   1.39e+08   0
37   1.51   -0.8396   0.4544   0   -2.546e+08   1.39e+08   0
37.1   1.51   -0.865   0.4683   0   -2.546e+08   1.39e+08   0
37.2   1.51   -0.8905   0.4822   0   -2.546e+08   1.39e+08   0
37.3   1.51   -0.916   0.4961   0   -2.546e+08   1.39e+08   0
37.4   1.51   -0.9414   0.51   0   -2.546e+08   1.39e+08   0
37.5   1.51   -0.9669   0.5239   0   -2.546e+08   1.39e+08   0
37.6   1.51   -0.9923   0.5378   0   -2.546e+08   1.39e+08   0
37.7   1.51   -1.018   0.5517   0   -2.546e+08   1.39e+08   0
37.8   1.51   -1.043   0.5656   0   -2.546e+08   1.39e+08   0
37.9   1.51   -1.069   0.5795   0   -2.546e+08   1.39e+08   0
38   1.51   -1.094   0.5934   0   -2.546e+08   1.39e+08   0
38.1   1.51   -1.12   0.6073   0   -2.546e+08   1.39e+08   0
38.2   1.51   -1.145   0.6212   0   -2.546e+08   1.39e+08   0
38.3   1.51   -1.171   0.6351   0   -2.546e+08   1.39e+08   0
38.4   1.51   -1.196   0.649   0   -2.546e+08   1.39e+08   0
38.5   1.51   -1.221   0.6629   0   -2.546e+08   1.39e+08   0
38.6   1.51   -1.247   0.6767   0   -2.546e+08   1.39e+08   0
38.7   1.51   -1.272   0.6906   0   -2.546e+08   1.39e+08   0
38.8   1.51   -1.298   0.7045   0   -2.546e+08   1.39e+08   0
38.9   1.51   -1.323   0.7184   0   -2.546e+08   1.39e+08   0
39   1.51   -1.349   0.7323   0   -2.546e+08   1.39e+08   0
39.1   1.51   -1.374   0.7462   0   -2.546e+08   1.39e+08   0
39.2   1.51   -1.4   0.7601   0   -2.546e+08   1.39e+08   0
39.3   1.51   -1.425   0.774   0   -2.546e+08   1.39e+08   0
39.4   1.51   -1.451   0.7879   0   -2.546e+08   1.39e+08   0
39.5   1.51   -1.476   0.8018   0   -2.546e+08   1.39e+08   0
39.6   1.51   -1.502   0.8157   0   -2.546e+08   1.39e+08   0
39.7   1.51   -1.527   0.8296   0   -2.546e+08   1.39e+08   0
39.8   1.51   -1.552   0.8435   0   -2.546e+08   1.39e+08   0
39.9   1.51   -1.578   0.8574   0   -2.546e+08   1.39e+08   0
40   1.51   -1.603   0.8713   0   -2.546e+08   1.39e+08   0
40.1   1.51   -1.629   0.8852   0   -2.546e+08   1.39e+08   0
40.2   1.51   -1.654   0.8991   0   -2.546e+08   1.39e+08   0
40.3   1.51   -1.68   0.913   0   -2.546e+08   1.39e+08   0
40.4   1.51   -1.705   0.9269   0   -2.546e+08   1.39e+08   0
40.5   1.51   -1.731   0.9408   0   -2.546e+08   1.39e+08   0
40.6   1.51   -1.756   0.9547   0   -2.546e+08   1.39e+08   0
40.7   1.51   -1.782   0.9685   0   -2.546e+08   1.39e+08   0
40.8   1.51   -1.807   0.9824   0   -2.546e+08   1.39e+08   0
40.9   1.51   -1.833   0.9963   0   -2.546e+08   1.39e+08   0
41   1.51   -1.858   1.01   0   -2.546e+08   1.39e+08   0
41.1   1.51   -1.883   1.024   0   -2.546e+08   1.39e+08   0
41.2   1.51   -1.909   1.038   0   -2.546e+08   1.39e+08   0
41.3   1.51   -1.934   1.052   0   -2.546e+08   1.39e+08   0
41.4   1.51   -1.96   1.066   0   -2.546e+08   1.39e+08   0
41.5   1.51   -1.985   1.08   0   -2.546e+08   1.39e+08   0
41.6   1.51   -2.011   1.094   0   -2.546e+08   1.39e+08   0
41.7   1.51   -2.036   1.107   0   -2.546e+08   1.39e+08   0
41.8   1.51   -2.062   1.121   0   -2.546e+08   1.39e+08   0
41.9   1.51   -2.087   1.135   0   -2.546e+08   1.39e+08   0
42   1.51   -2.113   1.149   0   -2.546e+08   1.39e+08   0
42.1   1.51   -2.138   1.163   0   -2.546e+08   1.39e+08   0
42.2   1.51   -2.164   1.177   0   -2.546e+08   1.39e+08   0
42.3   1.51   -2.189   1.191   0   -2.546e+08   1.39e+08   0
42.4   1.51   -2.214   1.205   0   -2.546e+08   1.39e+08   0
42.5   1.51   -2.24   1.219   0   -2.546e+08   1.39e+08   0
42.6   1.51   -2.265   1.233   0   -2.546e+08   1.39e+08   0
42.7   1.51   -2.291   1.246   0   -2.546e+08   1.39e+08   0
42.8   1.51   -2.316   1.26   0   -2.546e+08   1.39e+08   0
42.9   1.51   -2.342   1.274   0   -2.546e+08   1.39e+08   0
43   1.51   -2.367   1.288   0   -2.546e+08   1.39e+08   0
43.1   1.51   -2.393   1.302   0   -2.546e+08   1.39e+08   0
43.2   1.51   -2.418   1.316   0   -2.546e+08   1.39e+08   0
43.3   1.51   -2.444   1.33   0   -2.546e+08   1.39e+08   0
43.4   1.51   -2.469   1.344   0   -2.546e+08   1.39e+08   0
43.5   1.51   -2.495   1.358   0   -2.546e+08   1.39e+08   0
43.6   1.51   -2.52   1.372   0   -2.546e+08   1.39e+08   0
43.7   1.51   -2.545   1.385   0   -2.546e+08   1.39e+08   0
43.8   1.51   -2.571   1.399   0   -2.546e+08   1.39e+08   0
43.9   1.51   -2.596   1.413   0   -2.546e+08   1.39e+08   0
44   1.51   -2.622   1.427   0   -2.546e+08   1.39e+08   0
44.1   1.51   -2.647   1.441   0   -2.546e+08   1.39e+08   0
44.2   1.51   -2.673   1.455   0   -2.546e+08   1.39e+08   0
44.3   1.51   -2.698   1.469   0   -2.546e+08   1.39e+08   0
44.4   1.51   -2.724   1.483   0   -2.546e+08   1.39e+08   0
44.5   1.51   -2.749   1.497   0   -2.546e+08   1.39e+08   0
44.6   1.51   -2.775   1.51   0   -2.546e+08   1.39e+08   0
44.7   1.51   -2.8   1.524   0   -2.546e+08   1.39e+08   0
44.8   1.51   -2.826   1.538   0   -2.546e+08   1.39e+08   0
44.9   1.51   -2.851   1.552   0   -2.546e+08   1.39e+08   0
45   1.51   -2.876   1.566   0   -2.546e+08   1.39e+08   0
