0   0.04   -0.753   0   0   1.121e+08   0   0
0.1   0.04   -0.753   0   0   1.121e+08   0   0
0.2   0.04   -0.753   0   0   1.121e+08   0   0
0.3   0.04   -0.753   0   0   1.121e+08   0   0
0.4   0.04024   -0.7467   0   0   1.124e+08   0   0
0.5   0.04083   -0.7354   0   0   1.132e+08   0   0
0.6   0.04162   -0.724   0   0   1.141e+08   0   0
0.7   0.04262   -0.7126   0   0   1.153e+08   0   0
0.8   0.04382   -0.701   0   0   1.168e+08   0   0
0.9   0.04525   -0.6892   0   0   1.184e+08   0   0
1   0.04691   -0.6773   0   0   1.203e+08   0   0
1.1   0.04882   -0.6651   0   0   1.224e+08   0   0
1.2   0.05097   -0.6528   0   0   1.248e+08   0   0
1.3   0.05339   -0.6402   0   0   1.273e+08   0   0
1.4   0.05608   -0.6273   0   0   1.3e+08   0   0
1.5   0.05906   -0.6142   0   0   1.329e+08   0   0
1.6   0.06233   -0.6007   0   0   1.359e+08   0   0
1.7   0.06592   -0.587   0   0   1.392e+08   0   0
1.8   0.06982   -0.5729   0   0   1.425e+08   0   0
1.9   0.07404   -0.5584   0   0   1.46e+08   0   0
2   0.07861   -0.5437   0   0   1.496e+08   0   0
2.1   0.08352   -0.5285   0   0   1.532e+08   0   0
2.2   0.08879   -0.513   0   0   1.57e+08   0   0
2.3   0.09442   -0.4971   0   0   1.608e+08   0   0
2.4   0.1004   -0.4809   0   0   1.646e+08   0   0
2.5   0.1068   -0.4642   0   0   1.685e+08   0   0
2.6   0.1135   -0.4472   0   0   1.724e+08   0   0
2.7   0.1206   -0.4297   0   0   1.762e+08   0   0
2.8   0.1281   -0.4119   0   0   1.801e+08   0   0
2.9   0.136   -0.3937   0   0   1.839e+08   0   0
3   0.1443   -0.3751   0   0   1.877e+08   0   0
3.1   0.1529   -0.3562   0   0   1.914e+08   0   0
3.2   0.1619   -0.3369   0   0   1.95e+08   0   0
3.3   0.1712   -0.3172   0   0   1.986e+08   0   0
3.4   0.1809   -0.2971   0   0   2.021e+08   0   0
3.5   0.191   -0.2767   0   0   2.055e+08   0   0
3.6   0.2013   -0.256   0   0   2.089e+08   0   0
3.7   0.2121   -0.235   0   0   2.121e+08   0   0
3.8   0.2231   -0.2136   0   0   2.152e+08   0   0
3.9   0.2345   -0.1919   0   0   2.183e+08   0   0
4   0.2364   -0.17   0   0   2.188e+08   0   0
4.1   0.2364   -0.1482   0   0   2.188e+08   0   0
4.2   0.2364   -0.1263   0   0   2.188e+08   0   0
4.3   0.2364   -0.1044   0   0   2.188e+08   0   0
4.4   0.2364   -0.08253   0   0   2.188e+08   0   0
4.5   0.2364   -0.06066   0   0   2.188e+08   0   0
4.6   0.2364   -0.03878   0   0   2.188e+08   0   0
4.7   0.2364   -0.0169   0   0   2.188e+08   0   0
4.8   0.2364   0.004979   0   0   2.188e+08   0   0
4.9   0.2364   0.02686   0   0   2.188e+08   0   0
5   0.2364   0.04874   0   0   2.188e+08   0   0
5.1   0.2364   0.07061   0   0   2.188e+08   0   0
5.2   0.2364   0.09249   0   0   2.188e+08   0   0
5.3   0.2364   0.1144   0   0   2.188e+08   0   0
5.4   0.2364   0.1362   0   0   2.188e+08   0   0
5.5   0.2364   0.1581   0   0   2.188e+08   0   0
5.6   0.2364   0.18   0   0   2.188e+08   0   0
5.7   0.2435   0.2019   0   0   2.206e+08   0   0
5.8   0.255   0.2241   0   0   2.233e+08   0   0
5.9   0.2664   0.2466   0   0   2.259e+08   0   0
6   0.2777   0.2693   0   0   2.284e+08   0   0
6.1   0.2889   0.2923   0   0   2.306e+08   0   0
6.2   0.2999   0.3154   0   0   2.328e+08   0   0
6.3   0.3107   0.3388   0   0   2.348e+08   0   0
6.4   0.3213   0.3624   0   0   2.366e+08   0   0
6.5   0.3317   0.3862   0   0   2.384e+08   0   0
6.6   0.3418   0.4101   0   0   2.4e+08   0   0
6.7   0.3516   0.4342   0   0   2.415e+08   0   0
6.8   0.3612   0.4584   0   0   2.429e+08   0   0
6.9   0.3704   0.4827   0   0   2.443e+08   0   0
7   0.3793   0.5072   0   0   2.455e+08   0   0
7.1   0.3878   0.5318   0   0   2.466e+08   0   0
7.2   0.396   0.5566   0   0   2.477e+08   0   0
7.3   0.4039   0.5814   0   0   2.487e+08   0   0
7.4   0.4114   0.6063   0   0   2.496e+08   0   0
7.5   0.4185   0.6313   0   0   2.504e+08   0   0
7.6   0.4252   0.6564   0   0   2.512e+08   0   0
7.7   0.4316   0.6815   0   0   2.519e+08   0   0
7.8   0.4375   0.7068   0   0   2.526e+08   0   0
7.9   0.4431   0.732   0   0   2.532e+08   0   0
8   0.4474   0.7574   0   0   2.536e+08   0   0
8.1   0.4474   0.7827   0   0   2.536e+08   0   0
8.2   0.4474   0.8081   0   0   2.536e+08   0   0
8.3   0.4474   0.8335   0   0   2.536e+08   0   0
8.4   0.4474   0.8588   0   0   2.536e+08   0   0
8.5   0.4474   0.8842   0   0   2.536e+08   0   0
8.6   0.4474   0.9096   0   0   2.536e+08   0   0
8.7   0.4474   0.9349   0   0   2.536e+08   0   0
8.8   0.4474   0.9603   0   0   2.536e+08   0   0
8.9   0.4474   0.9856   0   0   2.536e+08   0   0
9   0.4474   1.011   0   0   2.536e+08   0   0
9.1   0.4474   1.036   0   0   2.536e+08   0   0
9.2   0.4474   1.062   0   0   2.536e+08   0   0
9.3   0.4474   1.087   0   0   2.536e+08   0   0
9.4   0.4476   1.112   -0.0001488   0   2.532e+08   -1.417e+07   0
9.5   0.4485   1.137   -0.005096   0   2.396e+08   -8.345e+07   0
9.6   0.4495   1.16   -0.01669   0   2.075e+08   -1.463e+08   0
9.7   0.4504   1.178   -0.03403   0   1.593e+08   -1.978e+08   0
9.8   0.4514   1.191   -0.05578   0   9.885e+07   -2.34e+08   0
9.9   0.4523   1.198   -0.08026   0   3.081e+07   -2.523e+08   0
10   0.4533   1.197   -0.1056   0   -3.958e+07   -2.511e+08   0
10.1   0.4542   1.19   -0.1298   0   -1.069e+08   -2.308e+08   0
10.2   0.4552   1.176   -0.1511   0   -1.661e+08   -1.928e+08   0
10.3   0.4561   1.157   -0.1678   0   -2.125e+08   -1.4e+08   0
10.4   0.4571   1.134   -0.1787   0   -2.428e+08   -7.666e+07   0
10.5   0.4581   1.109   -0.1829   0   -2.546e+08   -7.466e+06   0
10.6   0.4587   1.084   -0.1804   0   -2.514e+08   4.161e+07   0
10.7   0.4587   1.058   -0.1763   0   -2.514e+08   4.161e+07   0
10.8   0.4587   1.033   -0.1721   0   -2.514e+08   4.161e+07   0
10.9   0.4587   1.008   -0.168   0   -2.514e+08   4.161e+07   0
11   0.4587   0.9831   -0.1638   0   -2.514e+08   4.161e+07   0
11.1   0.4587   0.9579   -0.1596   0   -2.514e+08   4.161e+07   0
11.2   0.4587   0.9328   -0.1555   0   -2.514e+08   4.161e+07   0
11.3   0.4587   0.9077   -0.1513   0   -2.514e+08   4.161e+07   0
11.4   0.4587   0.8825   -0.1472   0   -2.514e+08   4.161e+07   0
11.5   0.4587   0.8574   -0.143   0   -2.514e+08   4.161e+07   0
11.6   0.4587   0.8323   -0.1388   0   -2.514e+08   4.161e+07   0
11.7   0.4587   0.8071   -0.1347   0   -2.514e+08   4.161e+07   0
11.8   0.4587   0.782   -0.1305   0   -2.514e+08   4.161e+07   0
11.9   0.4587   0.7568   -0.1263   0   -2.514e+08   4.161e+07   0
12   0.4614   0.7317   -0.1222   0   -2.516e+08   4.166e+07   0
12.1   0.4676   0.7065   -0.118   0   -2.522e+08   4.176e+07   0
12.2   0.4739   0.6813   -0.1138   0   -2.528e+08   4.187e+07   0
12.3   0.4804   0.6559   -0.1096   0   -2.534e+08   4.197e+07   0
12.4   0.4869   0.6306   -0.1054   0   -2.54e+08   4.207e+07   0
12.5   0.4936   0.6051   -0.1012   0   -2.546e+08   4.217e+07   0
12.6   0.5003   0.5796   -0.097   0   -2.552e+08   4.227e+07   0
12.7   0.507   0.5541   -0.09277   0   -2.558e+08   4.237e+07   0
12.8   0.5137   0.5285   -0.08853   0   -2.564e+08   4.247e+07   0
12.9   0.5203   0.5028   -0.08427   0   -2.569e+08   4.256e+07   0
13   0.5269   0.4771   -0.08001   0   -2.574e+08   4.266e+07   0
13.1   0.5333   0.4513   -0.07574   0   -2.579e+08   4.274e+07   0
13.2   0.5396   0.4255   -0.07146   0   -2.584e+08   4.283e+07   0
13.3   0.5456   0.3996   -0.06718   0   -2.589e+08   4.291e+07   0
13.4   0.5514   0.3737   -0.06288   0   -2.593e+08   4.298e+07   0
13.5   0.5567   0.3478   -0.05858   0   -2.597e+08   4.305e+07   0
13.6   0.5617   0.3218   -0.05427   0   -2.6e+08   4.312e+07   0
13.7   0.5661   0.2958   -0.04996   0   -2.603e+08   4.317e+07   0
13.8   0.5698   0.2697   -0.04564   0   -2.606e+08   4.322e+07   0
13.9   0.5726   0.2437   -0.04131   0   -2.608e+08   4.325e+07   0
14   0.5745   0.2176   -0.03699   0   -2.609e+08   4.328e+07   0
14.1   0.575   0.1915   -0.03266   0   -2.61e+08   4.328e+07   0
14.2   0.5749   0.1654   -0.02833   0   -2.61e+08   4.328e+07   0
14.3   0.5749   0.1393   -0.024   0   -2.61e+08   4.328e+07   0
14.4   0.5749   0.1132   -0.01968   0   -2.61e+08   4.328e+07   0
14.5   0.5749   0.08709   -0.01535   0   -2.61e+08   4.328e+07   0
14.6   0.5749   0.061   -0.01102   0   -2.61e+08   4.328e+07   0
14.7   0.5749   0.0349   -0.006692   0   -2.61e+08   4.328e+07   0
14.8   0.5749   0.008807   -0.002363   0   -2.61e+08   4.328e+07   0
14.9   0.5749   -0.01729   0.001965   0   -2.61e+08   4.328e+07   0
15   0.5749   -0.04338   0.006293   0   -2.61e+08   4.328e+07   0
15.1   0.5749   -0.06948   0.01062   0   -2.61e+08   4.328e+07   0
15.2   0.5749   -0.09558   0.01495   0   -2.61e+08   4.328e+07   0
15.3   0.5749   -0.1217   0.01928   0   -2.61e+08   4.328e+07   0
15.4   0.5749   -0.1478   0.0236   0   -2.61e+08   4.328e+07   0
15.5   0.5749   -0.1739   0.02793   0   -2.61e+08   4.328e+07   0
15.6   0.586   -0.2   0.03226   0   -2.617e+08   4.339e+07   0
15.7   0.6055   -0.2262   0.03661   0   -2.63e+08   4.357e+07   0
15.8   0.6235   -0.2526   0.04098   0   -2.641e+08   4.374e+07   0
15.9   0.6402   -0.279   0.04536   0   -2.65e+08   4.388e+07   0
16   0.6559   -0.3056   0.04975   0   -2.659e+08   4.401e+07   0
16.1   0.6705   -0.3322   0.05416   0   -2.667e+08   4.413e+07   0
16.2   0.6843   -0.3589   0.05858   0   -2.674e+08   4.424e+07   0
16.3   0.6972   -0.3857   0.06301   0   -2.68e+08   4.434e+07   0
16.4   0.7094   -0.4125   0.06745   0   -2.686e+08   4.443e+07   0
16.5   0.7208   -0.4394   0.07189   0   -2.691e+08   4.451e+07   0
16.6   0.7315   -0.4663   0.07635   0   -2.696e+08   4.458e+07   0
16.7   0.7415   -0.4933   0.08081   0   -2.7e+08   4.465e+07   0
16.8   0.7509   -0.5203   0.08528   0   -2.704e+08   4.471e+07   0
16.9   0.7597   -0.5474   0.08975   0   -2.708e+08   4.477e+07   0
17   0.7679   -0.5745   0.09423   0   -2.711e+08   4.482e+07   0
17.1   0.7754   -0.6016   0.09872   0   -2.714e+08   4.487e+07   0
17.2   0.7824   -0.6288   0.1032   0   -2.717e+08   4.491e+07   0
17.3   0.7889   -0.656   0.1077   0   -2.72e+08   4.495e+07   0
17.4   0.7948   -0.6832   0.1122   0   -2.722e+08   4.499e+07   0
17.5   0.8002   -0.7104   0.1167   0   -2.724e+08   4.502e+07   0
17.6   0.8051   -0.7377   0.1212   0   -2.726e+08   4.505e+07   0
17.7   0.806   -0.7649   0.1257   0   -2.726e+08   4.505e+07   0
17.8   0.806   -0.7922   0.1302   0   -2.726e+08   4.505e+07   0
17.9   0.806   -0.8194   0.1347   0   -2.726e+08   4.505e+07   0
18   0.806   -0.8467   0.1392   0   -2.726e+08   4.505e+07   0
18.1   0.806   -0.874   0.1437   0   -2.726e+08   4.505e+07   0
18.2   0.806   -0.9012   0.1482   0   -2.726e+08   4.505e+07   0
18.3   0.806   -0.9285   0.1527   0   -2.726e+08   4.505e+07   0
18.4   0.806   -0.9557   0.1572   0   -2.726e+08   4.505e+07   0
18.5   0.806   -0.983   0.1617   0   -2.726e+08   4.505e+07   0
18.6   0.806   -1.01   0.1663   0   -2.726e+08   4.505e+07   0
18.7   0.806   -1.038   0.1708   0   -2.726e+08   4.505e+07   0
18.8   0.806   -1.065   0.1753   0   -2.726e+08   4.505e+07   0
18.9   0.806   -1.092   0.1798   0   -2.726e+08   4.505e+07   0
19   0.806   -1.119   0.1843   0   -2.726e+08   4.505e+07   0
19.1   0.8071   -1.146   0.1895   0   -2.657e+08   7.589e+07   0
19.2   0.8097   -1.172   0.2005   0   -2.366e+08   1.43e+08   0
19.3   0.8124   -1.193   0.2178   0   -1.909e+08   2.001e+08   0
19.4   0.815   -1.209   0.2401   0   -1.32e+08   2.431e+08   0
19.5   0.8177   -1.219   0.2659   0   -6.394e+07   2.692e+08   0
19.6   0.8204   -1.222   0.2934   0   8.409e+06   2.767e+08   0
19.7   0.823   -1.217   0.3206   0   8.009e+07   2.651e+08   0
19.8   0.8257   -1.206   0.3457   0   1.462e+08   2.353e+08   0
19.9   0.8284   -1.188   0.3671   0   2.022e+08   1.895e+08   0
20   0.8311   -1.166   0.3832   0   2.444e+08   1.308e+08   0
20.1   0.8338   -1.14   0.3929   0   2.7e+08   6.339e+07   0
20.2   0.8365   -1.113   0.3956   0   2.773e+08   -8.251e+06   0
20.3   0.8392   -1.085   0.3912   0   2.659e+08   -7.925e+07   0
20.4   0.8398   -1.059   0.3821   0   2.617e+08   -9.226e+07   0
20.5   0.8398   -1.033   0.3729   0   2.617e+08   -9.226e+07   0
20.6   0.8398   -1.007   0.3636   0   2.617e+08   -9.226e+07   0
20.7   0.8398   -0.9806   0.3544   0   2.617e+08   -9.226e+07   0
20.8   0.8398   -0.9544   0.3452   0   2.617e+08   -9.226e+07   0
20.9   0.8398   -0.9282   0.336   0   2.617e+08   -9.226e+07   0
21   0.8398   -0.9021   0.3267   0   2.617e+08   -9.226e+07   0
21.1   0.8398   -0.8759   0.3175   0   2.617e+08   -9.226e+07   0
21.2   0.8398   -0.8497   0.3083   0   2.617e+08   -9.226e+07   0
21.3   0.8398   -0.8235   0.299   0   2.617e+08   -9.226e+07   0
21.4   0.8398   -0.7974   0.2898   0   2.617e+08   -9.226e+07   0
21.5   0.8398   -0.7712   0.2806   0   2.617e+08   -9.226e+07   0
21.6   0.8398   -0.745   0.2714   0   2.617e+08   -9.226e+07   0
21.7   0.8398   -0.7188   0.2621   0   2.617e+08   -9.226e+07   0
21.8   0.8431   -0.6927   0.2529   0   2.618e+08   -9.231e+07   0
21.9   0.8491   -0.6665   0.2437   0   2.62e+08   -9.239e+07   0
22   0.855   -0.6403   0.2344   0   2.622e+08   -9.247e+07   0
22.1   0.8609   -0.614   0.2252   0   2.624e+08   -9.255e+07   0
22.2   0.8667   -0.5878   0.2159   0   2.625e+08   -9.263e+07   0
22.3   0.8724   -0.5615   0.2067   0   2.627e+08   -9.271e+07   0
22.4   0.878   -0.5352   0.1974   0   2.629e+08   -9.279e+07   0
22.5   0.8833   -0.509   0.1881   0   2.63e+08   -9.286e+07   0
22.6   0.8884   -0.4826   0.1788   0   2.632e+08   -9.293e+07   0
22.7   0.8932   -0.4563   0.1695   0   2.633e+08   -9.299e+07   0
22.8   0.8977   -0.43   0.1602   0   2.634e+08   -9.305e+07   0
22.9   0.9017   -0.4036   0.1509   0   2.635e+08   -9.311e+07   0
23   0.9052   -0.3773   0.1416   0   2.636e+08   -9.316e+07   0
23.1   0.9081   -0.3509   0.1323   0   2.637e+08   -9.32e+07   0
23.2   0.9103   -0.3245   0.1229   0   2.638e+08   -9.323e+07   0
23.3   0.9117   -0.2982   0.1136   0   2.638e+08   -9.325e+07   0
23.4   0.9121   -0.2718   0.1043   0   2.638e+08   -9.326e+07   0
23.5   0.9113   -0.2454   0.09497   0   2.638e+08   -9.324e+07   0
23.6   0.909   -0.219   0.08565   0   2.637e+08   -9.321e+07   0
23.7   0.9049   -0.1927   0.07633   0   2.636e+08   -9.314e+07   0
23.8   0.9009   -0.1663   0.06703   0   2.635e+08   -9.306e+07   0
23.9   0.9009   -0.14   0.05772   0   2.635e+08   -9.306e+07   0
24   0.9009   -0.1136   0.04841   0   2.635e+08   -9.306e+07   0
24.1   0.9009   -0.08725   0.03911   0   2.635e+08   -9.306e+07   0
24.2   0.9009   -0.0609   0.0298   0   2.635e+08   -9.306e+07   0
24.3   0.9009   -0.03454   0.0205   0   2.635e+08   -9.306e+07   0
24.4   0.9009   -0.008192   0.01119   0   2.635e+08   -9.306e+07   0
24.5   0.9009   0.01816   0.001883   0   2.635e+08   -9.306e+07   0
24.6   0.9009   0.04451   -0.007423   0   2.635e+08   -9.306e+07   0
24.7   0.9009   0.07086   -0.01673   0   2.635e+08   -9.306e+07   0
24.8   0.9009   0.09722   -0.02603   0   2.635e+08   -9.306e+07   0
24.9   0.9009   0.1236   -0.03534   0   2.635e+08   -9.306e+07   0
25   0.9009   0.1499   -0.04465   0   2.635e+08   -9.306e+07   0
25.1   0.9009   0.1763   -0.05395   0   2.635e+08   -9.306e+07   0
25.2   0.9211   0.2027   -0.06326   0   2.641e+08   -9.309e+07   0
25.3   0.9425   0.2291   -0.07257   0   2.647e+08   -9.314e+07   0
25.4   0.9618   0.2556   -0.08189   0   2.653e+08   -9.319e+07   0
25.5   0.9796   0.2822   -0.09121   0   2.657e+08   -9.324e+07   0
25.6   0.9959   0.3087   -0.1005   0   2.661e+08   -9.33e+07   0
25.7   1.011   0.3354   -0.1099   0   2.665e+08   -9.336e+07   0
25.8   1.025   0.362   -0.1192   0   2.668e+08   -9.341e+07   0
25.9   1.038   0.3887   -0.1286   0   2.671e+08   -9.346e+07   0
26   1.05   0.4155   -0.1379   0   2.674e+08   -9.351e+07   0
26.1   1.061   0.4422   -0.1473   0   2.676e+08   -9.356e+07   0
26.2   1.071   0.469   -0.1566   0   2.678e+08   -9.36e+07   0
26.3   1.08   0.4958   -0.166   0   2.68e+08   -9.364e+07   0
26.4   1.089   0.5226   -0.1753   0   2.682e+08   -9.368e+07   0
26.5   1.097   0.5494   -0.1847   0   2.684e+08   -9.371e+07   0
26.6   1.104   0.5763   -0.1941   0   2.685e+08   -9.374e+07   0
26.7   1.111   0.6031   -0.2035   0   2.686e+08   -9.377e+07   0
26.8   1.117   0.63   -0.2128   0   2.687e+08   -9.38e+07   0
26.9   1.122   0.6569   -0.2222   0   2.688e+08   -9.382e+07   0
27   1.127   0.6838   -0.2316   0   2.689e+08   -9.385e+07   0
27.1   1.132   0.7107   -0.241   0   2.69e+08   -9.387e+07   0
27.2   1.132   0.7376   -0.2504   0   2.69e+08   -9.387e+07   0
27.3   1.132   0.7645   -0.2598   0   2.69e+08   -9.387e+07   0
27.4   1.132   0.7914   -0.2691   0   2.69e+08   -9.387e+07   0
27.5   1.132   0.8183   -0.2785   0   2.69e+08   -9.387e+07   0
27.6   1.132   0.8452   -0.2879   0   2.69e+08   -9.387e+07   0
27.7   1.132   0.8721   -0.2973   0   2.69e+08   -9.387e+07   0
27.8   1.132   0.899   -0.3067   0   2.69e+08   -9.387e+07   0
27.9   1.132   0.9259   -0.3161   0   2.69e+08   -9.387e+07   0
28   1.132   0.9528   -0.3255   0   2.69e+08   -9.387e+07   0
28.1   1.132   0.9797   -0.3349   0   2.69e+08   -9.387e+07   0
28.2   1.132   1.007   -0.3442   0   2.69e+08   -9.387e+07   0
28.3   1.132   1.033   -0.3536   0   2.69e+08   -9.387e+07   0
28.4   1.132   1.06   -0.363   0   2.69e+08   -9.387e+07   0
28.5   1.132   1.087   -0.3724   0   2.69e+08   -9.387e+07   0
28.6   1.136   1.114   -0.3834   0   2.467e+08   -1.427e+08   0
28.7   1.143   1.136   -0.4011   0   1.948e+08   -2.082e+08   0
28.8   1.15   1.152   -0.4245   0   1.265e+08   -2.557e+08   0
28.9   1.157   1.161   -0.4515   0   4.766e+07   -2.814e+08   0
29   1.163   1.161   -0.48   0   -3.493e+07   -2.833e+08   0
29.1   1.17   1.154   -0.5074   0   -1.144e+08   -2.617e+08   0
29.2   1.177   1.139   -0.5316   0   -1.841e+08   -2.185e+08   0
29.3   1.184   1.117   -0.5505   0   -2.385e+08   -1.576e+08   0
29.4   1.191   1.091   -0.5626   0   -2.733e+08   -8.401e+07   0
29.5   1.198   1.063   -0.567   0   -2.861e+08   -3.894e+06   0
29.6   1.205   1.035   -0.5633   0   -2.758e+08   7.628e+07   0
29.7   1.211   1.009   -0.552   0   -2.511e+08   1.376e+08   0
29.8   1.211   0.9837   -0.5382   0   -2.511e+08   1.376e+08   0
29.9   1.211   0.9586   -0.5245   0   -2.511e+08   1.376e+08   0
30   1.211   0.9335   -0.5107   0   -2.511e+08   1.376e+08   0
30.1   1.211   0.9084   -0.497   0   -2.511e+08   1.376e+08   0
30.2   1.211   0.8833   -0.4832   0   -2.511e+08   1.376e+08   0
30.3   1.211   0.8582   -0.4694   0   -2.511e+08   1.376e+08   0
30.4   1.211   0.8331   -0.4557   0   -2.511e+08   1.376e+08   0
30.5   1.211   0.808   -0.4419   0   -2.511e+08   1.376e+08   0
30.6   1.211   0.7829   -0.4282   0   -2.511e+08   1.376e+08   0
30.7   1.211   0.7578   -0.4144   0   -2.511e+08   1.376e+08   0
30.8   1.211   0.7327   -0.4007   0   -2.511e+08   1.376e+08   0
30.9   1.211   0.7076   -0.3869   0   -2.511e+08   1.376e+08   0
31   1.211   0.6824   -0.3731   0   -2.511e+08   1.376e+08   0
31.1   1.212   0.6573   -0.3594   0   -2.511e+08   1.376e+08   0
31.2   1.218   0.6322   -0.3456   0   -2.512e+08   1.376e+08   0
31.3   1.224   0.6071   -0.3319   0   -2.512e+08   1.377e+08   0
31.4   1.23   0.582   -0.3181   0   -2.513e+08   1.377e+08   0
31.5   1.236   0.5568   -0.3043   0   -2.514e+08   1.378e+08   0
31.6   1.242   0.5317   -0.2905   0   -2.515e+08   1.378e+08   0
31.7   1.247   0.5065   -0.2767   0   -2.516e+08   1.378e+08   0
31.8   1.253   0.4814   -0.263   0   -2.516e+08   1.379e+08   0
31.9   1.258   0.4562   -0.2492   0   -2.517e+08   1.379e+08   0
32   1.263   0.431   -0.2354   0   -2.518e+08   1.379e+08   0
32.1   1.267   0.4059   -0.2216   0   -2.518e+08   1.38e+08   0
32.2   1.271   0.3807   -0.2078   0   -2.519e+08   1.38e+08   0
32.3   1.275   0.3555   -0.194   0   -2.519e+08   1.38e+08   0
32.4   1.278   0.3303   -0.1802   0   -2.52e+08   1.381e+08   0
32.5   1.28   0.3051   -0.1664   0   -2.52e+08   1.381e+08   0
32.6   1.282   0.2799   -0.1526   0   -2.52e+08   1.381e+08   0
32.7   1.282   0.2547   -0.1388   0   -2.52e+08   1.381e+08   0
32.8   1.281   0.2295   -0.1249   0   -2.52e+08   1.381e+08   0
32.9   1.279   0.2043   -0.1111   0   -2.52e+08   1.381e+08   0
33   1.275   0.1791   -0.09734   0   -2.519e+08   1.38e+08   0
33.1   1.272   0.1539   -0.08353   0   -2.519e+08   1.38e+08   0
33.2   1.272   0.1287   -0.06973   0   -2.519e+08   1.38e+08   0
33.3   1.272   0.1035   -0.05593   0   -2.519e+08   1.38e+08   0
33.4   1.272   0.07835   -0.04213   0   -2.519e+08   1.38e+08   0
33.5   1.272   0.05316   -0.02833   0   -2.519e+08   1.38e+08   0
33.6   1.272   0.02798   -0.01453   0   -2.519e+08   1.38e+08   0
33.7   1.272   0.002788   -0.0007278   0   -2.519e+08   1.38e+08   0
33.8   1.272   -0.0224   0.01307   0   -2.519e+08   1.38e+08   0
33.9   1.272   -0.04759   0.02687   0   -2.519e+08   1.38e+08   0
34   1.272   -0.07278   0.04068   0   -2.519e+08   1.38e+08   0
34.1   1.272   -0.09796   0.05448   0   -2.519e+08   1.38e+08   0
34.2   1.272   -0.1232   0.06828   0   -2.519e+08   1.38e+08   0
34.3   1.272   -0.1483   0.08208   0   -2.519e+08   1.38e+08   0
34.4   1.28   -0.1735   0.09588   0   -2.52e+08   1.381e+08   0
34.5   1.303   -0.1987   0.1097   0   -2.523e+08   1.382e+08   0
34.6   1.323   -0.224   0.1235   0   -2.525e+08   1.384e+08   0
34.7   1.342   -0.2492   0.1374   0   -2.527e+08   1.385e+08   0
34.8   1.359   -0.2745   0.1512   0   -2.529e+08   1.386e+08   0
34.9   1.375   -0.2998   0.1651   0   -2.531e+08   1.387e+08   0
35   1.389   -0.3251   0.179   0   -2.532e+08   1.388e+08   0
35.1   1.403   -0.3505   0.1929   0   -2.533e+08   1.389e+08   0
35.2   1.416   -0.3758   0.2067   0   -2.535e+08   1.389e+08   0
35.3   1.427   -0.4011   0.2206   0   -2.536e+08   1.39e+08   0
35.4   1.438   -0.4265   0.2345   0   -2.537e+08   1.391e+08   0
35.5   1.448   -0.4519   0.2485   0   -2.538e+08   1.391e+08   0
35.6   1.457   -0.4773   0.2624   0   -2.539e+08   1.392e+08   0
35.7   1.466   -0.5027   0.2763   0   -2.539e+08   1.392e+08   0
35.8   1.474   -0.5281   0.2902   0   -2.54e+08   1.393e+08   0
35.9   1.481   -0.5535   0.3041   0   -2.541e+08   1.393e+08   0
36   1.487   -0.5789   0.3181   0   -2.541e+08   1.393e+08   0
36.1   1.493   -0.6043   0.332   0   -2.542e+08   1.394e+08   0
36.2   1.499   -0.6297   0.3459   0   -2.542e+08   1.394e+08   0
36.3   1.503   -0.6551   0.3599   0   -2.543e+08   1.394e+08   0
36.4   1.504   -0.6806   0.3738   0   -2.543e+08   1.394e+08   0
36.5   1.504   -0.706   0.3878   0   -2.543e+08   1.394e+08   0
36.6   1.504   -0.7314   0.4017   0   -2.543e+08   1.394e+08   0
36.7   1.504   -0.7568   0.4157   0   -2.543e+08   1.394e+08   0
36.8   1.504   -0.7823   0.4296   0   -2.543e+08   1.394e+08   0
36.9   1.504   -0.8077   0.4435   0   -2.543e+08   1.394e+08   0
37   1.504   -0.8331   0.4575   0   -2.543e+08   1.394e+08   0
37.1   1.504   -0.8586   0.4714   0   -2.543e+08   1.394e+08   0
37.2   1.504   -0.884   0.4854   0   -2.543e+08   1.394e+08   0
37.3   1.504   -0.9094   0.4993   0   -2.543e+08   1.394e+08   0
37.4   1.504   -0.9348   0.5132   0   -2.543e+08   1.394e+08   0
37.5   1.504   -0.9603   0.5272   0   -2.543e+08   1.394e+08   0
37.6   1.504   -0.9857   0.5411   0   -2.543e+08   1.394e+08   0
37.7   1.504   -1.011   0.5551   0   -2.543e+08   1.394e+08   0
37.8   1.504   -1.037   0.569   0   -2.543e+08   1.394e+08   0
37.9   1.504   -1.062   0.583   0   -2.543e+08   1.394e+08   0
38   1.504   -1.087   0.5969   0   -2.543e+08   1.394e+08   0
38.1   1.504   -1.113   0.6108   0   -2.543e+08   1.394e+08   0
38.2   1.504   -1.138   0.6248   0   -2.543e+08   1.394e+08   0
38.3   1.504   -1.164   0.6387   0   -2.543e+08   1.394e+08   0
38.4   1.504   -1.189   0.6527   0   -2.543e+08   1.394e+08   0
38.5   1.504   -1.215   0.6666   0   -2.543e+08   1.394e+08   0
38.6   1.504   -1.24   0.6805   0   -2.543e+08   1.394e+08   0
38.7   1.504   -1.265   0.6945   0   -2.543e+08   1.394e+08   0
38.8   1.504   -1.291   0.7084   0   -2.543e+08   1.394e+08   0
38.9   1.504   -1.316   0.7224   0   -2.543e+08   1.394e+08   0
39   1.504   -1.342   0.7363   0   -2.543e+08   1.394e+08   0
39.1   1.504   -1.367   0.7503   0   -2.543e+08   1.394e+08   0
39.2   1.504   -1.393   0.7642   0   -2.543e+08   1.394e+08   0
39.3   1.504   -1.418   0.7781   0   -2.543e+08   1.394e+08   0
39.4   1.504   -1.443   0.7921   0   -2.543e+08   1.394e+08   0
39.5   1.504   -1.469   0.806   0   -2.543e+08   1.394e+08   0
39.6   1.504   -1.494   0.82   0   -2.543e+08   1.394e+08   0
39.7   1.504   -1.52   0.8339   0   -2.543e+08   1.394e+08   0
39.8   1.504   -1.545   0.8478   0   -2.543e+08   1.394e+08   0
39.9   1.504   -1.571   0.8618   0   -2.543e+08   1.394e+08   0
40   1.504   -1.596   0.8757   0   -2.543e+08   1.394e+08   0
40.1   1.504   -1.621   0.8897   0   -2.543e+08   1.394e+08   0
40.2   1.504   -1.647   0.9036   0   -2.543e+08   1.394e+08   0
40.3   1.504   -1.672   0.9176   0   -2.543e+08   1.394e+08   0
40.4   1.504   -1.698   0.9315   0   -2.543e+08   1.394e+08   0
40.5   1.504   -1.723   0.9454   0   -2.543e+08   1.394e+08   0
40.6   1.504   -1.749   0.9594   0   -2.543e+08   1.394e+08   0
40.7   1.504   -1.774   0.9733   0   -2.543e+08   1.394e+08   0
40.8   1.504   -1.799   0.9873   0   -2.543e+08   1.394e+08   0
40.9   1.504   -1.825   1.001   0   -2.543e+08   1.394e+08   0
41   1.504   -1.85   1.015   0   -2.543e+08   1.394e+08   0
41.1   1.504   -1.876   1.029   0   -2.543e+08   1.394e+08   0
41.2   1.504   -1.901   1.043   0   -2.543e+08   1.394e+08   0
41.3   1.504   -1.927   1.057   0   -2.543e+08   1.394e+08   0
41.4   1.504   -1.952   1.071   0   -2.543e+08   1.394e+08   0
41.5   1.504   -1.977   1.085   0   -2.543e+08   1.394e+08   0
41.6   1.504   -2.003   1.099   0   -2.543e+08   1.394e+08   0
41.7   1.504   -2.028   1.113   0   -2.543e+08   1.394e+08   0
41.8   1.504   -2.054   1.127   0   -2.543e+08   1.394e+08   0
41.9   1.504   -2.079   1.141   0   -2.543e+08   1.394e+08   0
42   1.504   -2.105   1.155   0   -2.543e+08   1.394e+08   0
42.1   1.504   -2.13   1.168   0   -2.543e+08   1.394e+08   0
42.2   1.504   -2.155   1.182   0   -2.543e+08   1.394e+08   0
42.3   1.504   -2.181   1.196   0   -2.543e+08   1.394e+08   0
42.4   1.504   -2.206   1.21   0   -2.543e+08   1.394e+08   0
42.5   1.504   -2.232   1.224   0   -2.543e+08   1.394e+08   0
42.6   1.504   -2.257   1.238   0   -2.543e+08   1.394e+08   0
42.7   1.504   -2.283   1.252   0   -2.543e+08   1.394e+08   0
42.8   1.504   -2.308   1.266   0   -2.543e+08   1.394e+08   0
42.9   1.504   -2.333   1.28   0   -2.543e+08   1.394e+08   0
43   1.504   -2.359   1.294   0   -2.543e+08   1.394e+08   0
43.1   1.504   -2.384   1.308   0   -2.543e+08   1.394e+08   0
43.2   1.504   -2.41   1.322   0   -2.543e+08   1.394e+08   0
43.3   1.504   -2.435   1.336   0   -2.543e+08   1.394e+08   0
43.4   1.504   -2.461   1.35   0   -2.543e+08   1.394e+08   0
43.5   1.504   -2.486   1.364   0   -2.543e+08   1.394e+08   0
43.6   1.504   -2.511   1.378   0   -2.543e+08   1.394e+08   0
43.7   1.504   -2.537   1.392   0   -2.543e+08   1.394e+08   0
43.8   1.504   -2.562   1.406   0   -2.543e+08   1.394e+08   0
43.9   1.504   -2.588   1.419   0   -2.543e+08   1.394e+08   0
44   1.504   -2.613   1.433   0   -2.543e+08   1.394e+08   0
44.1   1.504   -2.639   1.447   0   -2.543e+08   1.394e+08   0
44.2   1.504   -2.664   1.461   0   -2.543e+08   1.394e+08   0
44.3   1.504   -2.689   1.475   0   -2.543e+08   1.394e+08   0
44.4   1.504   -2.715   1.489   0   -2.543e+08   1.394e+08   0
44.5   1.504   -2.74   1.503   0   -2.543e+08   1.394e+08   0
44.6   1.504   -2.766   1.517   0   -2.543e+08   1.394e+08   0
44.7   1.504   -2.791   1.531   0   -2.543e+08   1.394e+08   0
44.8   1.504   -2.817   1.545   0   -2.543e+08   1.394e+08   0
44.9   1.504   -2.842   1.559   0   -2.543e+08   1.394e+08   0
45   1.504   -2.867   1.573   0   -2.543e+08   1.394e+08   0
