0   0.04   -0.753   0   0   1.121e+08   0   0
0.1   0.04   -0.753   0   0   1.121e+08   0   0
0.2   0.04   -0.753   0   0   1.121e+08   0   0
0.3   0.04   -0.753   0   0   1.121e+08   0   0
0.4   0.04016   -0.7489   0   0   1.123e+08   0   0
0.5   0.04075   -0.7377   0   0   1.131e+08   0   0
0.6   0.04153   -0.7263   0   0   1.14e+08   0   0
0.7   0.04252   -0.7148   0   0   1.152e+08   0   0
0.8   0.04373   -0.7032   0   0   1.167e+08   0   0
0.9   0.04515   -0.6915   0   0   1.183e+08   0   0
1   0.0468   -0.6796   0   0   1.202e+08   0   0
1.1   0.0487   -0.6674   0   0   1.223e+08   0   0
1.2   0.05084   -0.6551   0   0   1.246e+08   0   0
1.3   0.05325   -0.6425   0   0   1.271e+08   0   0
1.4   0.05593   -0.6297   0   0   1.298e+08   0   0
1.5   0.05889   -0.6165   0   0   1.327e+08   0   0
1.6   0.06215   -0.6031   0   0   1.358e+08   0   0
1.7   0.06571   -0.5894   0   0   1.39e+08   0   0
1.8   0.06959   -0.5753   0   0   1.423e+08   0   0
1.9   0.07379   -0.5609   0   0   1.458e+08   0   0
2   0.07833   -0.5461   0   0   1.493e+08   0   0
2.1   0.08322   -0.531   0   0   1.53e+08   0   0
2.2   0.08845   -0.5155   0   0   1.567e+08   0   0
2.3   0.09404   -0.4997   0   0   1.605e+08   0   0
2.4   0.1   -0.4834   0   0   1.644e+08   0   0
2.5   0.1063   -0.4668   0   0   1.682e+08   0   0
2.6   0.113   -0.4498   0   0   1.721e+08   0   0
2.7   0.1201   -0.4324   0   0   1.759e+08   0   0
2.8   0.1275   -0.4146   0   0   1.798e+08   0   0
2.9   0.1353   -0.3964   0   0   1.836e+08   0   0
3   0.1435   -0.3779   0   0   1.873e+08   0   0
3.1   0.152   -0.359   0   0   1.91e+08   0   0
3.2   0.1609   -0.3397   0   0   1.947e+08   0   0
3.3   0.1702   -0.32   0   0   1.982e+08   0   0
3.4   0.1798   -0.3   0   0   2.017e+08   0   0
3.5   0.1897   -0.2797   0   0   2.051e+08   0   0
3.6   0.1999   -0.259   0   0   2.084e+08   0   0
3.7   0.2105   -0.238   0   0   2.116e+08   0   0
3.8   0.2214   -0.2167   0   0   2.148e+08   0   0
3.9   0.2325   -0.195   0   0   2.178e+08   0   0
4   0.2362   -0.1732   0   0   2.187e+08   0   0
4.1   0.2362   -0.1513   0   0   2.187e+08   0   0
4.2   0.2362   -0.1294   0   0   2.187e+08   0   0
4.3   0.2362   -0.1076   0   0   2.187e+08   0   0
4.4   0.2362   -0.0857   0   0   2.187e+08   0   0
4.5   0.2362   -0.06383   0   0   2.187e+08   0   0
4.6   0.2362   -0.04196   0   0   2.187e+08   0   0
4.7   0.2362   -0.02008   0   0   2.187e+08   0   0
4.8   0.2362   0.001788   0   0   2.187e+08   0   0
4.9   0.2362   0.02366   0   0   2.187e+08   0   0
5   0.2362   0.04553   0   0   2.187e+08   0   0
5.1   0.2362   0.0674   0   0   2.187e+08   0   0
5.2   0.2362   0.08928   0   0   2.187e+08   0   0
5.3   0.2362   0.1111   0   0   2.187e+08   0   0
5.4   0.2362   0.133   0   0   2.187e+08   0   0
5.5   0.2362   0.1549   0   0   2.187e+08   0   0
5.6   0.2362   0.1768   0   0   2.187e+08   0   0
5.7   0.2417   0.1987   0   0   2.201e+08   0   0
5.8   0.2533   0.2208   0   0   2.229e+08   0   0
5.9   0.2648   0.2433   0   0   2.256e+08   0   0
6   0.2763   0.2659   0   0   2.281e+08   0   0
6.1   0.2876   0.2889   0   0   2.304e+08   0   0
6.2   0.2987   0.312   0   0   2.325e+08   0   0
6.3   0.3096   0.3354   0   0   2.346e+08   0   0
6.4   0.3203   0.3589   0   0   2.365e+08   0   0
6.5   0.3308   0.3827   0   0   2.382e+08   0   0
6.6   0.341   0.4066   0   0   2.399e+08   0   0
6.7   0.3509   0.4306   0   0   2.414e+08   0   0
6.8   0.3605   0.4548   0   0   2.428e+08   0   0
6.9   0.3698   0.4792   0   0   2.442e+08   0   0
7   0.3787   0.5037   0   0   2.454e+08   0   0
7.1   0.3873   0.5283   0   0   2.466e+08   0   0
7.2   0.3956   0.553   0   0   2.476e+08   0   0
7.3   0.4035   0.5778   0   0   2.486e+08   0   0
7.4   0.411   0.6027   0   0   2.495e+08   0   0
7.5   0.4182   0.6277   0   0   2.504e+08   0   0
7.6   0.4249   0.6528   0   0   2.512e+08   0   0
7.7   0.4313   0.6779   0   0   2.519e+08   0   0
7.8   0.4373   0.7032   0   0   2.525e+08   0   0
7.9   0.4429   0.7285   0   0   2.531e+08   0   0
8   0.4479   0.7538   0   0   2.537e+08   0   0
8.1   0.4479   0.7792   0   0   2.537e+08   0   0
8.2   0.4479   0.8045   0   0   2.537e+08   0   0
8.3   0.4479   0.8299   0   0   2.537e+08   0   0
8.4   0.4479   0.8553   0   0   2.537e+08   0   0
8.5   0.4479   0.8806   0   0   2.537e+08   0   0
8.6   0.4479   0.906   0   0   2.537e+08   0   0
8.7   0.4479   0.9314   0   0   2.537e+08   0   0
8.8   0.4479   0.9567   0   0   2.537e+08   0   0
8.9   0.4479   0.9821   0   0   2.537e+08   0   0
9   0.4479   1.007   0   0   2.537e+08   0   0
9.1   0.4479   1.033   0   0   2.537e+08   0   0
9.2   0.4479   1.058   0   0   2.537e+08   0   0
9.3   0.4479   1.084   0   0   2.537e+08   0   0
9.4   0.448   1.109   -1.488e-05   0   2.537e+08   -4.25e+06   0
9.5   0.4489   1.134   -0.003988   0   2.428e+08   -7.4e+07   0
9.6   0.4499   1.157   -0.01469   0   2.131e+08   -1.38e+08   0
9.7   0.4508   1.176   -0.03129   0   1.67e+08   -1.914e+08   0
9.8   0.4518   1.19   -0.05251   0   1.08e+08   -2.3e+08   0
9.9   0.4527   1.197   -0.07672   0   4.08e+07   -2.509e+08   0
10   0.4537   1.198   -0.1021   0   -2.956e+07   -2.526e+08   0
10.1   0.4546   1.191   -0.1266   0   -9.764e+07   -2.349e+08   0
10.2   0.4556   1.178   -0.1484   0   -1.583e+08   -1.993e+08   0
10.3   0.4565   1.16   -0.1659   0   -2.068e+08   -1.485e+08   0
10.4   0.4575   1.138   -0.1777   0   -2.396e+08   -8.639e+07   0
10.5   0.4585   1.113   -0.1829   0   -2.541e+08   -1.774e+07   0
10.6   0.4593   1.087   -0.1812   0   -2.514e+08   4.186e+07   0
10.7   0.4593   1.062   -0.177   0   -2.514e+08   4.186e+07   0
10.8   0.4593   1.037   -0.1728   0   -2.514e+08   4.186e+07   0
10.9   0.4593   1.012   -0.1686   0   -2.514e+08   4.186e+07   0
11   0.4593   0.9868   -0.1644   0   -2.514e+08   4.186e+07   0
11.1   0.4593   0.9616   -0.1603   0   -2.514e+08   4.186e+07   0
11.2   0.4593   0.9365   -0.1561   0   -2.514e+08   4.186e+07   0
11.3   0.4593   0.9114   -0.1519   0   -2.514e+08   4.186e+07   0
11.4   0.4593   0.8862   -0.1477   0   -2.514e+08   4.186e+07   0
11.5   0.4593   0.8611   -0.1435   0   -2.514e+08   4.186e+07   0
11.6   0.4593   0.836   -0.1393   0   -2.514e+08   4.186e+07   0
11.7   0.4593   0.8108   -0.1351   0   -2.514e+08   4.186e+07   0
11.8   0.4593   0.7857   -0.131   0   -2.514e+08   4.186e+07   0
11.9   0.4593   0.7605   -0.1268   0   -2.514e+08   4.186e+07   0
12   0.461   0.7354   -0.1226   0   -2.516e+08   4.189e+07   0
12.1   0.4672   0.7102   -0.1184   0   -2.522e+08   4.199e+07   0
12.2   0.4735   0.685   -0.1142   0   -2.528e+08   4.209e+07   0
12.3   0.48   0.6597   -0.11   0   -2.534e+08   4.219e+07   0
12.4   0.4865   0.6343   -0.1058   0   -2.54e+08   4.229e+07   0
12.5   0.4931   0.6089   -0.1015   0   -2.546e+08   4.239e+07   0
12.6   0.4997   0.5834   -0.09728   0   -2.551e+08   4.249e+07   0
12.7   0.5064   0.5578   -0.09302   0   -2.557e+08   4.258e+07   0
12.8   0.513   0.5322   -0.08876   0   -2.563e+08   4.267e+07   0
12.9   0.5196   0.5066   -0.08449   0   -2.568e+08   4.276e+07   0
13   0.5262   0.4809   -0.08021   0   -2.573e+08   4.285e+07   0
13.1   0.5325   0.4551   -0.07592   0   -2.578e+08   4.294e+07   0
13.2   0.5388   0.4293   -0.07162   0   -2.583e+08   4.302e+07   0
13.3   0.5447   0.4034   -0.06732   0   -2.588e+08   4.309e+07   0
13.4   0.5504   0.3775   -0.063   0   -2.592e+08   4.316e+07   0
13.5   0.5558   0.3516   -0.05868   0   -2.596e+08   4.323e+07   0
13.6   0.5606   0.3256   -0.05436   0   -2.599e+08   4.329e+07   0
13.7   0.565   0.2996   -0.05002   0   -2.602e+08   4.334e+07   0
13.8   0.5686   0.2736   -0.04569   0   -2.605e+08   4.338e+07   0
13.9   0.5714   0.2475   -0.04135   0   -2.607e+08   4.342e+07   0
14   0.5732   0.2214   -0.03701   0   -2.608e+08   4.344e+07   0
14.1   0.5737   0.1954   -0.03266   0   -2.609e+08   4.344e+07   0
14.2   0.5735   0.1693   -0.02832   0   -2.608e+08   4.344e+07   0
14.3   0.5735   0.1432   -0.02397   0   -2.608e+08   4.344e+07   0
14.4   0.5735   0.1171   -0.01963   0   -2.608e+08   4.344e+07   0
14.5   0.5735   0.09103   -0.01529   0   -2.608e+08   4.344e+07   0
14.6   0.5735   0.06494   -0.01094   0   -2.608e+08   4.344e+07   0
14.7   0.5735   0.03886   -0.006597   0   -2.608e+08   4.344e+07   0
14.8   0.5735   0.01278   -0.002253   0   -2.608e+08   4.344e+07   0
14.9   0.5735   -0.01331   0.002091   0   -2.608e+08   4.344e+07   0
15   0.5735   -0.03939   0.006435   0   -2.608e+08   4.344e+07   0
15.1   0.5735   -0.06547   0.01078   0   -2.608e+08   4.344e+07   0
15.2   0.5735   -0.09156   0.01512   0   -2.608e+08   4.344e+07   0
15.3   0.5735   -0.1176   0.01947   0   -2.608e+08   4.344e+07   0
15.4   0.5735   -0.1437   0.02381   0   -2.608e+08   4.344e+07   0
15.5   0.5735   -0.1698   0.02816   0   -2.608e+08   4.344e+07   0
15.6   0.5817   -0.1959   0.0325   0   -2.614e+08   4.353e+07   0
15.7   0.6015   -0.2221   0.03687   0   -2.627e+08   4.374e+07   0
15.8   0.6197   -0.2484   0.04125   0   -2.638e+08   4.393e+07   0
15.9   0.6367   -0.2749   0.04565   0   -2.648e+08   4.409e+07   0
16   0.6526   -0.3014   0.05007   0   -2.657e+08   4.424e+07   0
16.1   0.6674   -0.328   0.0545   0   -2.665e+08   4.437e+07   0
16.2   0.6814   -0.3547   0.05894   0   -2.672e+08   4.448e+07   0
16.3   0.6944   -0.3814   0.06339   0   -2.678e+08   4.459e+07   0
16.4   0.7067   -0.4082   0.06786   0   -2.684e+08   4.469e+07   0
16.5   0.7182   -0.4351   0.07233   0   -2.69e+08   4.478e+07   0
16.6   0.729   -0.462   0.07681   0   -2.694e+08   4.486e+07   0
16.7   0.7391   -0.489   0.0813   0   -2.699e+08   4.493e+07   0
16.8   0.7486   -0.516   0.0858   0   -2.703e+08   4.5e+07   0
16.9   0.7574   -0.5431   0.0903   0   -2.707e+08   4.506e+07   0
17   0.7656   -0.5701   0.09481   0   -2.71e+08   4.511e+07   0
17.1   0.7733   -0.5973   0.09932   0   -2.713e+08   4.516e+07   0
17.2   0.7803   -0.6244   0.1038   0   -2.716e+08   4.521e+07   0
17.3   0.7868   -0.6516   0.1084   0   -2.718e+08   4.525e+07   0
17.4   0.7928   -0.6788   0.1129   0   -2.721e+08   4.529e+07   0
17.5   0.7982   -0.706   0.1174   0   -2.723e+08   4.532e+07   0
17.6   0.8031   -0.7332   0.122   0   -2.724e+08   4.535e+07   0
17.7   0.8047   -0.7605   0.1265   0   -2.725e+08   4.536e+07   0
17.8   0.8047   -0.7877   0.131   0   -2.725e+08   4.536e+07   0
17.9   0.8047   -0.815   0.1356   0   -2.725e+08   4.536e+07   0
18   0.8047   -0.8422   0.1401   0   -2.725e+08   4.536e+07   0
18.1   0.8047   -0.8695   0.1446   0   -2.725e+08   4.536e+07   0
18.2   0.8047   -0.8967   0.1492   0   -2.725e+08   4.536e+07   0
18.3   0.8047   -0.924   0.1537   0   -2.725e+08   4.536e+07   0
18.4   0.8047   -0.9512   0.1582   0   -2.725e+08   4.536e+07   0
18.5   0.8047   -0.9785   0.1628   0   -2.725e+08   4.536e+07   0
18.6   0.8047   -1.006   0.1673   0   -2.725e+08   4.536e+07   0
18.7   0.8047   -1.033   0.1719   0   -2.725e+08   4.536e+07   0
18.8   0.8047   -1.06   0.1764   0   -2.725e+08   4.536e+07   0
18.9   0.8047   -1.087   0.1809   0   -2.725e+08   4.536e+07   0
19   0.8047   -1.115   0.1855   0   -2.725e+08   4.536e+07   0
19.1   0.8054   -1.142   0.1903   0   -2.684e+08   6.555e+07   0
19.2   0.8081   -1.168   0.2004   0   -2.418e+08   1.338e+08   0
19.3   0.8107   -1.19   0.2168   0   -1.983e+08   1.927e+08   0
19.4   0.8133   -1.207   0.2385   0   -1.41e+08   2.379e+08   0
19.5   0.816   -1.218   0.2639   0   -7.392e+07   2.666e+08   0
19.6   0.8187   -1.221   0.2912   0   -1.821e+06   2.768e+08   0
19.7   0.8213   -1.218   0.3186   0   7.031e+07   2.678e+08   0
19.8   0.824   -1.207   0.3441   0   1.375e+08   2.404e+08   0
19.9   0.8267   -1.191   0.3661   0   1.952e+08   1.966e+08   0
20   0.8294   -1.169   0.383   0   2.395e+08   1.394e+08   0
20.1   0.8321   -1.143   0.3936   0   2.675e+08   7.285e+07   0
20.2   0.8348   -1.116   0.3973   0   2.773e+08   1.437e+06   0
20.3   0.8375   -1.088   0.3938   0   2.685e+08   -6.998e+07   0
20.4   0.8384   -1.062   0.385   0   2.618e+08   -9.205e+07   0
20.5   0.8384   -1.036   0.3757   0   2.618e+08   -9.205e+07   0
20.6   0.8384   -1.01   0.3665   0   2.618e+08   -9.205e+07   0
20.7   0.8384   -0.9835   0.3573   0   2.618e+08   -9.205e+07   0
20.8   0.8384   -0.9573   0.3481   0   2.618e+08   -9.205e+07   0
20.9   0.8384   -0.9311   0.3389   0   2.618e+08   -9.205e+07   0
21   0.8384   -0.905   0.3297   0   2.618e+08   -9.205e+07   0
21.1   0.8384   -0.8788   0.3205   0   2.618e+08   -9.205e+07   0
21.2   0.8384   -0.8526   0.3113   0   2.618e+08   -9.205e+07   0
21.3   0.8384   -0.8264   0.3021   0   2.618e+08   -9.205e+07   0
21.4   0.8384   -0.8003   0.2929   0   2.618e+08   -9.205e+07   0
21.5   0.8384   -0.7741   0.2837   0   2.618e+08   -9.205e+07   0
21.6   0.8384   -0.7479   0.2745   0   2.618e+08   -9.205e+07   0
21.7   0.8384   -0.7217   0.2653   0   2.618e+08   -9.205e+07   0
21.8   0.8409   -0.6956   0.2561   0   2.618e+08   -9.209e+07   0
21.9   0.8468   -0.6694   0.2469   0   2.62e+08   -9.217e+07   0
22   0.8527   -0.6432   0.2376   0   2.622e+08   -9.226e+07   0
22.1   0.8586   -0.6169   0.2284   0   2.624e+08   -9.234e+07   0
22.2   0.8644   -0.5907   0.2192   0   2.625e+08   -9.243e+07   0
22.3   0.87   -0.5644   0.2099   0   2.627e+08   -9.251e+07   0
22.4   0.8755   -0.5382   0.2007   0   2.629e+08   -9.259e+07   0
22.5   0.8808   -0.5119   0.1914   0   2.63e+08   -9.267e+07   0
22.6   0.8859   -0.4856   0.1821   0   2.631e+08   -9.274e+07   0
22.7   0.8907   -0.4592   0.1729   0   2.633e+08   -9.281e+07   0
22.8   0.8951   -0.4329   0.1636   0   2.634e+08   -9.288e+07   0
22.9   0.899   -0.4065   0.1543   0   2.635e+08   -9.294e+07   0
23   0.9025   -0.3802   0.145   0   2.636e+08   -9.299e+07   0
23.1   0.9054   -0.3538   0.1357   0   2.637e+08   -9.303e+07   0
23.2   0.9076   -0.3275   0.1264   0   2.637e+08   -9.307e+07   0
23.3   0.9089   -0.3011   0.1171   0   2.638e+08   -9.309e+07   0
23.4   0.9093   -0.2747   0.1078   0   2.638e+08   -9.31e+07   0
23.5   0.9085   -0.2483   0.09846   0   2.638e+08   -9.308e+07   0
23.6   0.9063   -0.222   0.08915   0   2.637e+08   -9.304e+07   0
23.7   0.9023   -0.1956   0.07985   0   2.636e+08   -9.296e+07   0
23.8   0.8973   -0.1692   0.07056   0   2.635e+08   -9.286e+07   0
23.9   0.8973   -0.1429   0.06128   0   2.635e+08   -9.286e+07   0
24   0.8973   -0.1165   0.05199   0   2.635e+08   -9.286e+07   0
24.1   0.8973   -0.0902   0.04271   0   2.635e+08   -9.286e+07   0
24.2   0.8973   -0.06385   0.03342   0   2.635e+08   -9.286e+07   0
24.3   0.8973   -0.0375   0.02414   0   2.635e+08   -9.286e+07   0
24.4   0.8973   -0.01116   0.01485   0   2.635e+08   -9.286e+07   0
24.5   0.8973   0.01519   0.005564   0   2.635e+08   -9.286e+07   0
24.6   0.8973   0.04154   -0.003721   0   2.635e+08   -9.286e+07   0
24.7   0.8973   0.06789   -0.01301   0   2.635e+08   -9.286e+07   0
24.8   0.8973   0.09424   -0.02229   0   2.635e+08   -9.286e+07   0
24.9   0.8973   0.1206   -0.03158   0   2.635e+08   -9.286e+07   0
25   0.8973   0.1469   -0.04086   0   2.635e+08   -9.286e+07   0
25.1   0.8973   0.1733   -0.05015   0   2.635e+08   -9.286e+07   0
25.2   0.9142   0.1996   -0.05943   0   2.64e+08   -9.283e+07   0
25.3   0.9359   0.2261   -0.06872   0   2.647e+08   -9.283e+07   0
25.4   0.9555   0.2526   -0.078   0   2.652e+08   -9.284e+07   0
25.5   0.9735   0.2791   -0.08729   0   2.657e+08   -9.287e+07   0
25.6   0.9901   0.3057   -0.09658   0   2.661e+08   -9.29e+07   0
25.7   1.005   0.3324   -0.1059   0   2.665e+08   -9.294e+07   0
25.8   1.019   0.359   -0.1152   0   2.669e+08   -9.297e+07   0
25.9   1.032   0.3857   -0.1245   0   2.672e+08   -9.301e+07   0
26   1.044   0.4125   -0.1338   0   2.674e+08   -9.305e+07   0
26.1   1.056   0.4392   -0.1431   0   2.677e+08   -9.308e+07   0
26.2   1.066   0.466   -0.1524   0   2.679e+08   -9.312e+07   0
26.3   1.075   0.4928   -0.1617   0   2.681e+08   -9.315e+07   0
26.4   1.084   0.5196   -0.171   0   2.683e+08   -9.318e+07   0
26.5   1.092   0.5464   -0.1803   0   2.684e+08   -9.321e+07   0
26.6   1.099   0.5733   -0.1897   0   2.686e+08   -9.324e+07   0
26.7   1.106   0.6002   -0.199   0   2.687e+08   -9.326e+07   0
26.8   1.112   0.627   -0.2083   0   2.688e+08   -9.329e+07   0
26.9   1.118   0.6539   -0.2176   0   2.689e+08   -9.331e+07   0
27   1.123   0.6808   -0.227   0   2.69e+08   -9.333e+07   0
27.1   1.127   0.7077   -0.2363   0   2.691e+08   -9.334e+07   0
27.2   1.128   0.7346   -0.2456   0   2.691e+08   -9.335e+07   0
27.3   1.128   0.7615   -0.255   0   2.691e+08   -9.335e+07   0
27.4   1.128   0.7885   -0.2643   0   2.691e+08   -9.335e+07   0
27.5   1.128   0.8154   -0.2736   0   2.691e+08   -9.335e+07   0
27.6   1.128   0.8423   -0.283   0   2.691e+08   -9.335e+07   0
27.7   1.128   0.8692   -0.2923   0   2.691e+08   -9.335e+07   0
27.8   1.128   0.8961   -0.3016   0   2.691e+08   -9.335e+07   0
27.9   1.128   0.923   -0.311   0   2.691e+08   -9.335e+07   0
28   1.128   0.9499   -0.3203   0   2.691e+08   -9.335e+07   0
28.1   1.128   0.9768   -0.3296   0   2.691e+08   -9.335e+07   0
28.2   1.128   1.004   -0.339   0   2.691e+08   -9.335e+07   0
28.3   1.128   1.031   -0.3483   0   2.691e+08   -9.335e+07   0
28.4   1.128   1.058   -0.3577   0   2.691e+08   -9.335e+07   0
28.5   1.128   1.084   -0.367   0   2.691e+08   -9.335e+07   0
28.6   1.131   1.111   -0.3772   0   2.536e+08   -1.298e+08   0
28.7   1.138   1.134   -0.3938   0   2.05e+08   -1.98e+08   0
28.8   1.145   1.151   -0.4163   0   1.39e+08   -2.49e+08   0
28.9   1.151   1.161   -0.4429   0   6.131e+07   -2.786e+08   0
29   1.158   1.163   -0.4712   0   -2.132e+07   -2.846e+08   0
29.1   1.165   1.157   -0.499   0   -1.019e+08   -2.667e+08   0
29.2   1.172   1.143   -0.5238   0   -1.738e+08   -2.267e+08   0
29.3   1.179   1.123   -0.5437   0   -2.311e+08   -1.681e+08   0
29.4   1.186   1.098   -0.5569   0   -2.693e+08   -9.598e+07   0
29.5   1.193   1.07   -0.5625   0   -2.855e+08   -1.628e+07   0
29.6   1.2   1.041   -0.5601   0   -2.787e+08   6.448e+07   0
29.7   1.207   1.015   -0.5497   0   -2.509e+08   1.377e+08   0
29.8   1.207   0.9896   -0.536   0   -2.509e+08   1.377e+08   0
29.9   1.207   0.9645   -0.5222   0   -2.509e+08   1.377e+08   0
30   1.207   0.9394   -0.5084   0   -2.509e+08   1.377e+08   0
30.1   1.207   0.9144   -0.4947   0   -2.509e+08   1.377e+08   0
30.2   1.207   0.8893   -0.4809   0   -2.509e+08   1.377e+08   0
30.3   1.207   0.8642   -0.4671   0   -2.509e+08   1.377e+08   0
30.4   1.207   0.8391   -0.4533   0   -2.509e+08   1.377e+08   0
30.5   1.207   0.814   -0.4396   0   -2.509e+08   1.377e+08   0
30.6   1.207   0.7889   -0.4258   0   -2.509e+08   1.377e+08   0
30.7   1.207   0.7638   -0.412   0   -2.509e+08   1.377e+08   0
30.8   1.207   0.7387   -0.3982   0   -2.509e+08   1.377e+08   0
30.9   1.207   0.7136   -0.3845   0   -2.509e+08   1.377e+08   0
31   1.207   0.6885   -0.3707   0   -2.509e+08   1.377e+08   0
31.1   1.207   0.6635   -0.3569   0   -2.509e+08   1.377e+08   0
31.2   1.212   0.6384   -0.3432   0   -2.51e+08   1.378e+08   0
31.3   1.218   0.6133   -0.3294   0   -2.511e+08   1.378e+08   0
31.4   1.224   0.5881   -0.3156   0   -2.512e+08   1.378e+08   0
31.5   1.23   0.563   -0.3018   0   -2.513e+08   1.379e+08   0
31.6   1.236   0.5379   -0.288   0   -2.513e+08   1.379e+08   0
31.7   1.242   0.5128   -0.2742   0   -2.514e+08   1.379e+08   0
31.8   1.247   0.4876   -0.2604   0   -2.515e+08   1.38e+08   0
31.9   1.252   0.4625   -0.2466   0   -2.516e+08   1.38e+08   0
32   1.257   0.4373   -0.2328   0   -2.516e+08   1.38e+08   0
32.1   1.262   0.4121   -0.219   0   -2.517e+08   1.38e+08   0
32.2   1.266   0.387   -0.2052   0   -2.518e+08   1.381e+08   0
32.3   1.269   0.3618   -0.1914   0   -2.518e+08   1.381e+08   0
32.4   1.272   0.3366   -0.1776   0   -2.518e+08   1.381e+08   0
32.5   1.274   0.3114   -0.1638   0   -2.519e+08   1.381e+08   0
32.6   1.276   0.2862   -0.15   0   -2.519e+08   1.381e+08   0
32.7   1.276   0.261   -0.1362   0   -2.519e+08   1.381e+08   0
32.8   1.275   0.2358   -0.1224   0   -2.519e+08   1.381e+08   0
32.9   1.273   0.2106   -0.1086   0   -2.519e+08   1.381e+08   0
33   1.269   0.1855   -0.09476   0   -2.518e+08   1.381e+08   0
33.1   1.265   0.1603   -0.08095   0   -2.517e+08   1.381e+08   0
33.2   1.265   0.1351   -0.06714   0   -2.517e+08   1.381e+08   0
33.3   1.265   0.1099   -0.05333   0   -2.517e+08   1.381e+08   0
33.4   1.265   0.08477   -0.03953   0   -2.517e+08   1.381e+08   0
33.5   1.265   0.0596   -0.02572   0   -2.517e+08   1.381e+08   0
33.6   1.265   0.03443   -0.01191   0   -2.517e+08   1.381e+08   0
33.7   1.265   0.009252   0.001896   0   -2.517e+08   1.381e+08   0
33.8   1.265   -0.01592   0.0157   0   -2.517e+08   1.381e+08   0
33.9   1.265   -0.04109   0.02951   0   -2.517e+08   1.381e+08   0
34   1.265   -0.06627   0.04332   0   -2.517e+08   1.381e+08   0
34.1   1.265   -0.09144   0.05713   0   -2.517e+08   1.381e+08   0
34.2   1.265   -0.1166   0.07093   0   -2.517e+08   1.381e+08   0
34.3   1.265   -0.1418   0.08474   0   -2.517e+08   1.381e+08   0
34.4   1.27   -0.167   0.09855   0   -2.518e+08   1.381e+08   0
34.5   1.293   -0.1921   0.1124   0   -2.52e+08   1.384e+08   0
34.6   1.314   -0.2174   0.1262   0   -2.522e+08   1.386e+08   0
34.7   1.333   -0.2426   0.1401   0   -2.524e+08   1.388e+08   0
34.8   1.35   -0.2678   0.154   0   -2.526e+08   1.39e+08   0
34.9   1.366   -0.2931   0.1679   0   -2.527e+08   1.391e+08   0
35   1.381   -0.3184   0.1818   0   -2.529e+08   1.392e+08   0
35.1   1.395   -0.3437   0.1957   0   -2.53e+08   1.393e+08   0
35.2   1.407   -0.369   0.2097   0   -2.531e+08   1.394e+08   0
35.3   1.419   -0.3943   0.2236   0   -2.532e+08   1.395e+08   0
35.4   1.43   -0.4196   0.2376   0   -2.533e+08   1.396e+08   0
35.5   1.44   -0.445   0.2515   0   -2.534e+08   1.397e+08   0
35.6   1.449   -0.4703   0.2655   0   -2.535e+08   1.397e+08   0
35.7   1.458   -0.4957   0.2795   0   -2.535e+08   1.398e+08   0
35.8   1.466   -0.521   0.2935   0   -2.536e+08   1.398e+08   0
35.9   1.473   -0.5464   0.3074   0   -2.537e+08   1.399e+08   0
36   1.48   -0.5717   0.3214   0   -2.537e+08   1.399e+08   0
36.1   1.486   -0.5971   0.3354   0   -2.538e+08   1.399e+08   0
36.2   1.491   -0.6225   0.3494   0   -2.538e+08   1.4e+08   0
36.3   1.496   -0.6479   0.3634   0   -2.539e+08   1.4e+08   0
36.4   1.497   -0.6733   0.3774   0   -2.539e+08   1.4e+08   0
36.5   1.497   -0.6987   0.3914   0   -2.539e+08   1.4e+08   0
36.6   1.497   -0.724   0.4054   0   -2.539e+08   1.4e+08   0
36.7   1.497   -0.7494   0.4194   0   -2.539e+08   1.4e+08   0
36.8   1.497   -0.7748   0.4334   0   -2.539e+08   1.4e+08   0
36.9   1.497   -0.8002   0.4474   0   -2.539e+08   1.4e+08   0
37   1.497   -0.8256   0.4614   0   -2.539e+08   1.4e+08   0
37.1   1.497   -0.851   0.4754   0   -2.539e+08   1.4e+08   0
37.2   1.497   -0.8764   0.4894   0   -2.539e+08   1.4e+08   0
37.3   1.497   -0.9018   0.5034   0   -2.539e+08   1.4e+08   0
37.4   1.497   -0.9272   0.5174   0   -2.539e+08   1.4e+08   0
37.5   1.497   -0.9525   0.5314   0   -2.539e+08   1.4e+08   0
37.6   1.497   -0.9779   0.5454   0   -2.539e+08   1.4e+08   0
37.7   1.497   -1.003   0.5594   0   -2.539e+08   1.4e+08   0
37.8   1.497   -1.029   0.5734   0   -2.539e+08   1.4e+08   0
37.9   1.497   -1.054   0.5874   0   -2.539e+08   1.4e+08   0
38   1.497   -1.079   0.6014   0   -2.539e+08   1.4e+08   0
38.1   1.497   -1.105   0.6154   0   -2.539e+08   1.4e+08   0
38.2   1.497   -1.13   0.6294   0   -2.539e+08   1.4e+08   0
38.3   1.497   -1.156   0.6434   0   -2.539e+08   1.4e+08   0
38.4   1.497   -1.181   0.6574   0   -2.539e+08   1.4e+08   0
38.5   1.497   -1.206   0.6714   0   -2.539e+08   1.4e+08   0
38.6   1.497   -1.232   0.6854   0   -2.539e+08   1.4e+08   0
38.7   1.497   -1.257   0.6994   0   -2.539e+08   1.4e+08   0
38.8   1.497   -1.283   0.7134   0   -2.539e+08   1.4e+08   0
38.9   1.497   -1.308   0.7274   0   -2.539e+08   1.4e+08   0
39   1.497   -1.333   0.7414   0   -2.539e+08   1.4e+08   0
39.1   1.497   -1.359   0.7554   0   -2.539e+08   1.4e+08   0
39.2   1.497   -1.384   0.7694   0   -2.539e+08   1.4e+08   0
39.3   1.497   -1.41   0.7834   0   -2.539e+08   1.4e+08   0
39.4   1.497   -1.435   0.7974   0   -2.539e+08   1.4e+08   0
39.5   1.497   -1.46   0.8114   0   -2.539e+08   1.4e+08   0
39.6   1.497   -1.486   0.8254   0   -2.539e+08   1.4e+08   0
39.7   1.497   -1.511   0.8394   0   -2.539e+08   1.4e+08   0
39.8   1.497   -1.536   0.8534   0   -2.539e+08   1.4e+08   0
39.9   1.497   -1.562   0.8674   0   -2.539e+08   1.4e+08   0
40   1.497   -1.587   0.8814   0   -2.539e+08   1.4e+08   0
40.1   1.497   -1.613   0.8955   0   -2.539e+08   1.4e+08   0
40.2   1.497   -1.638   0.9095   0   -2.539e+08   1.4e+08   0
40.3   1.497   -1.663   0.9235   0   -2.539e+08   1.4e+08   0
40.4   1.497   -1.689   0.9375   0   -2.539e+08   1.4e+08   0
40.5   1.497   -1.714   0.9515   0   -2.539e+08   1.4e+08   0
40.6   1.497   -1.74   0.9655   0   -2.539e+08   1.4e+08   0
40.7   1.497   -1.765   0.9795   0   -2.539e+08   1.4e+08   0
40.8   1.497   -1.79   0.9935   0   -2.539e+08   1.4e+08   0
40.9   1.497   -1.816   1.007   0   -2.539e+08   1.4e+08   0
41   1.497   -1.841   1.021   0   -2.539e+08   1.4e+08   0
41.1   1.497   -1.867   1.035   0   -2.539e+08   1.4e+08   0
41.2   1.497   -1.892   1.049   0   -2.539e+08   1.4e+08   0
41.3   1.497   -1.917   1.063   0   -2.539e+08   1.4e+08   0
41.4   1.497   -1.943   1.077   0   -2.539e+08   1.4e+08   0
41.5   1.497   -1.968   1.091   0   -2.539e+08   1.4e+08   0
41.6   1.497   -1.993   1.105   0   -2.539e+08   1.4e+08   0
41.7   1.497   -2.019   1.119   0   -2.539e+08   1.4e+08   0
41.8   1.497   -2.044   1.133   0   -2.539e+08   1.4e+08   0
41.9   1.497   -2.07   1.147   0   -2.539e+08   1.4e+08   0
42   1.497   -2.095   1.161   0   -2.539e+08   1.4e+08   0
42.1   1.497   -2.12   1.175   0   -2.539e+08   1.4e+08   0
42.2   1.497   -2.146   1.189   0   -2.539e+08   1.4e+08   0
42.3   1.497   -2.171   1.203   0   -2.539e+08   1.4e+08   0
42.4   1.497   -2.197   1.217   0   -2.539e+08   1.4e+08   0
42.5   1.497   -2.222   1.231   0   -2.539e+08   1.4e+08   0
42.6   1.497   -2.247   1.245   0   -2.539e+08   1.4e+08   0
42.7   1.497   -2.273   1.259   0   -2.539e+08   1.4e+08   0
42.8   1.497   -2.298   1.273   0   -2.539e+08   1.4e+08   0
42.9   1.497   -2.323   1.287   0   -2.539e+08   1.4e+08   0
43   1.497   -2.349   1.301   0   -2.539e+08   1.4e+08   0
43.1   1.497   -2.374   1.315   0   -2.539e+08   1.4e+08   0
43.2   1.497   -2.4   1.329   0   -2.539e+08   1.4e+08   0
43.3   1.497   -2.425   1.343   0   -2.539e+08   1.4e+08   0
43.4   1.497   -2.45   1.357   0   -2.539e+08   1.4e+08   0
43.5   1.497   -2.476   1.371   0   -2.539e+08   1.4e+08   0
43.6   1.497   -2.501   1.385   0   -2.539e+08   1.4e+08   0
43.7   1.497   -2.527   1.399   0   -2.539e+08   1.4e+08   0
43.8   1.497   -2.552   1.413   0   -2.539e+08   1.4e+08   0
43.9   1.497   -2.577   1.427   0   -2.539e+08   1.4e+08   0
44   1.497   -2.603   1.441   0   -2.539e+08   1.4e+08   0
44.1   1.497   -2.628   1.455   0   -2.539e+08   1.4e+08   0
44.2   1.497   -2.654   1.469   0   -2.539e+08   1.4e+08   0
44.3   1.497   -2.679   1.483   0   -2.539e+08   1.4e+08   0
44.4   1.497   -2.704   1.497   0   -2.539e+08   1.4e+08   0
44.5   1.497   -2.73   1.511   0   -2.539e+08   1.4e+08   0
44.6   1.497   -2.755   1.525   0   -2.539e+08   1.4e+08   0
44.7   1.497   -2.78   1.539   0   -2.539e+08   1.4e+08   0
44.8   1.497   -2.806   1.553   0   -2.539e+08   1.4e+08   0
44.9   1.497   -2.831   1.567   0   -2.539e+08   1.4e+08   0
45   1.497   -2.857   1.582   0   -2.539e+08   1.4e+08   0
