0   0.04   -0.753   0   0   1.121e+08   0   0
0.1   0.0399   -0.7441   0   0   1.12e+08   0   0
0.2   0.03994   -0.7329   0   0   1.121e+08   0   0
0.3   0.04017   -0.7217   0   0   1.123e+08   0   0
0.4   0.04059   -0.7104   0   0   1.129e+08   0   0
0.5   0.04121   -0.6991   0   0   1.136e+08   0   0
0.6   0.04204   -0.6877   0   0   1.147e+08   0   0
0.7   0.0431   -0.6762   0   0   1.159e+08   0   0
0.8   0.04438   -0.6645   0   0   1.174e+08   0   0
0.9   0.04589   -0.6527   0   0   1.192e+08   0   0
1   0.04766   -0.6407   0   0   1.212e+08   0   0
1.1   0.04969   -0.6284   0   0   1.234e+08   0   0
1.2   0.05199   -0.616   0   0   1.258e+08   0   0
1.3   0.05458   -0.6033   0   0   1.285e+08   0   0
1.4   0.05746   -0.5903   0   0   1.313e+08   0   0
1.5   0.06067   -0.577   0   0   1.344e+08   0   0
1.6   0.0642   -0.5634   0   0   1.376e+08   0   0
1.7   0.06807   -0.5494   0   0   1.41e+08   0   0
1.8   0.0723   -0.5352   0   0   1.446e+08   0   0
1.9   0.07689   -0.5205   0   0   1.482e+08   0   0
2   0.08188   -0.5055   0   0   1.52e+08   0   0
2.1   0.08726   -0.4901   0   0   1.559e+08   0   0
2.2   0.09305   -0.4743   0   0   1.599e+08   0   0
2.3   0.09926   -0.4581   0   0   1.639e+08   0   0
2.4   0.1059   -0.4415   0   0   1.68e+08   0   0
2.5   0.113   -0.4245   0   0   1.721e+08   0   0
2.6   0.1206   -0.4071   0   0   1.762e+08   0   0
2.7   0.1286   -0.3893   0   0   1.803e+08   0   0
2.8   0.1371   -0.3711   0   0   1.844e+08   0   0
2.9   0.146   -0.3524   0   0   1.885e+08   0   0
3   0.1555   -0.3334   0   0   1.925e+08   0   0
3.1   0.1655   -0.3139   0   0   1.965e+08   0   0
3.2   0.176   -0.2941   0   0   2.004e+08   0   0
3.3   0.1871   -0.2738   0   0   2.043e+08   0   0
3.4   0.1987   -0.2532   0   0   2.081e+08   0   0
3.5   0.211   -0.2322   0   0   2.118e+08   0   0
3.6   0.2238   -0.2109   0   0   2.154e+08   0   0
3.7   0.2374   -0.1891   0   0   2.19e+08   0   0
3.8   0.2381   -0.1672   0   0   2.192e+08   0   0
3.9   0.2381   -0.1453   0   0   2.192e+08   0   0
4   0.2381   -0.1234   0   0   2.192e+08   0   0
4.1   0.2381   -0.1014   0   0   2.192e+08   0   0
4.2   0.2381   -0.07953   0   0   2.192e+08   0   0
4.3   0.2381   -0.05761   0   0   2.192e+08   0   0
4.4   0.2381   -0.03569   0   0   2.192e+08   0   0
4.5   0.2381   -0.01376   0   0   2.192e+08   0   0
4.6   0.2381   0.008157   0   0   2.192e+08   0   0
4.7   0.2381   0.03008   0   0   2.192e+08   0   0
4.8   0.2381   0.052   0   0   2.192e+08   0   0
4.9   0.2381   0.07392   0   0   2.192e+08   0   0
5   0.2381   0.09584   0   0   2.192e+08   0   0
5.1   0.2381   0.1178   0   0   2.192e+08   0   0
5.2   0.2381   0.1397   0   0   2.192e+08   0   0
5.3   0.2381   0.1616   0   0   2.192e+08   0   0
5.4   0.2381   0.1835   0   0   2.192e+08   0   0
5.5   0.2451   0.2055   0   0   2.21e+08   0   0
5.6   0.2543   0.2277   0   0   2.232e+08   0   0
5.7   0.2637   0.2502   0   0   2.253e+08   0   0
5.8   0.2732   0.2728   0   0   2.274e+08   0   0
5.9   0.2828   0.2956   0   0   2.294e+08   0   0
6   0.2925   0.3187   0   0   2.313e+08   0   0
6.1   0.3021   0.3419   0   0   2.332e+08   0   0
6.2   0.3116   0.3653   0   0   2.349e+08   0   0
6.3   0.3211   0.3889   0   0   2.366e+08   0   0
6.4   0.3304   0.4126   0   0   2.382e+08   0   0
6.5   0.3396   0.4365   0   0   2.397e+08   0   0
6.6   0.3486   0.4606   0   0   2.411e+08   0   0
6.7   0.3575   0.4847   0   0   2.424e+08   0   0
6.8   0.366   0.509   0   0   2.436e+08   0   0
6.9   0.3744   0.5335   0   0   2.448e+08   0   0
7   0.3825   0.558   0   0   2.459e+08   0   0
7.1   0.3903   0.5827   0   0   2.469e+08   0   0
7.2   0.3978   0.6074   0   0   2.479e+08   0   0
7.3   0.405   0.6322   0   0   2.488e+08   0   0
7.4   0.4119   0.6572   0   0   2.496e+08   0   0
7.5   0.4185   0.6822   0   0   2.504e+08   0   0
7.6   0.4247   0.7072   0   0   2.511e+08   0   0
7.7   0.4306   0.7324   0   0   2.518e+08   0   0
7.8   0.4352   0.7576   0   0   2.523e+08   0   0
7.9   0.4352   0.7828   0   0   2.523e+08   0   0
8   0.4352   0.8081   0   0   2.523e+08   0   0
8.1   0.4352   0.8333   0   0   2.523e+08   0   0
8.2   0.4352   0.8585   0   0   2.523e+08   0   0
8.3   0.4352   0.8838   0   0   2.523e+08   0   0
8.4   0.4352   0.909   0   0   2.523e+08   0   0
8.5   0.4352   0.9342   0   0   2.523e+08   0   0
8.6   0.4352   0.9594   0   0   2.523e+08   0   0
8.7   0.4352   0.9847   0   0   2.523e+08   0   0
8.8   0.4352   1.01   0   0   2.523e+08   0   0
8.9   0.4352   1.035   0   0   2.523e+08   0   0
9   0.4352   1.06   0   0   2.523e+08   0   0
9.1   0.4352   1.086   0   0   2.523e+08   0   0
9.2   0.4353   1.111   -7.497e-05   0   2.521e+08   -9.995e+06   0
9.3   0.4362   1.136   -0.00464   0   2.394e+08   -8e+07   0
9.4   0.4371   1.158   -0.01593   0   2.077e+08   -1.436e+08   0
9.5   0.4381   1.177   -0.03305   0   1.595e+08   -1.959e+08   0
9.6   0.439   1.189   -0.05463   0   9.874e+07   -2.326e+08   0
9.7   0.4399   1.196   -0.07899   0   3.017e+07   -2.51e+08   0
9.8   0.4408   1.195   -0.1042   0   -4.076e+07   -2.496e+08   0
9.9   0.4418   1.188   -0.1282   0   -1.085e+08   -2.286e+08   0
10   0.4427   1.174   -0.1493   0   -1.677e+08   -1.896e+08   0
10.1   0.4436   1.155   -0.1656   0   -2.137e+08   -1.358e+08   0
10.2   0.4446   1.132   -0.176   0   -2.431e+08   -7.141e+07   0
10.3   0.4455   1.107   -0.1797   0   -2.534e+08   -1.428e+06   0
10.4   0.4461   1.082   -0.1768   0   -2.502e+08   4.096e+07   0
10.5   0.4461   1.057   -0.1727   0   -2.502e+08   4.096e+07   0
10.6   0.4461   1.032   -0.1686   0   -2.502e+08   4.096e+07   0
10.7   0.4461   1.006   -0.1645   0   -2.502e+08   4.096e+07   0
10.8   0.4461   0.9815   -0.1604   0   -2.502e+08   4.096e+07   0
10.9   0.4461   0.9565   -0.1563   0   -2.502e+08   4.096e+07   0
11   0.4461   0.9314   -0.1522   0   -2.502e+08   4.096e+07   0
11.1   0.4461   0.9064   -0.1481   0   -2.502e+08   4.096e+07   0
11.2   0.4461   0.8814   -0.144   0   -2.502e+08   4.096e+07   0
11.3   0.4461   0.8564   -0.1399   0   -2.502e+08   4.096e+07   0
11.4   0.4461   0.8314   -0.1358   0   -2.502e+08   4.096e+07   0
11.5   0.4461   0.8064   -0.1318   0   -2.502e+08   4.096e+07   0
11.6   0.4461   0.7813   -0.1277   0   -2.502e+08   4.096e+07   0
11.7   0.4461   0.7563   -0.1236   0   -2.502e+08   4.096e+07   0
11.8   0.449   0.7313   -0.1195   0   -2.505e+08   4.101e+07   0
11.9   0.4553   0.7062   -0.1154   0   -2.511e+08   4.111e+07   0
12   0.4617   0.6811   -0.1112   0   -2.517e+08   4.122e+07   0
12.1   0.4684   0.6559   -0.1071   0   -2.524e+08   4.132e+07   0
12.2   0.4753   0.6306   -0.103   0   -2.53e+08   4.143e+07   0
12.3   0.4823   0.6053   -0.09883   0   -2.537e+08   4.154e+07   0
12.4   0.4894   0.5799   -0.09467   0   -2.543e+08   4.164e+07   0
12.5   0.4967   0.5544   -0.0905   0   -2.55e+08   4.174e+07   0
12.6   0.504   0.5289   -0.08632   0   -2.556e+08   4.185e+07   0
12.7   0.5114   0.5033   -0.08213   0   -2.562e+08   4.195e+07   0
12.8   0.5188   0.4776   -0.07793   0   -2.569e+08   4.205e+07   0
12.9   0.5262   0.4519   -0.07372   0   -2.575e+08   4.214e+07   0
13   0.5335   0.4261   -0.0695   0   -2.58e+08   4.224e+07   0
13.1   0.5408   0.4003   -0.06527   0   -2.586e+08   4.233e+07   0
13.2   0.5479   0.3744   -0.06104   0   -2.591e+08   4.241e+07   0
13.3   0.5548   0.3485   -0.05679   0   -2.596e+08   4.249e+07   0
13.4   0.5614   0.3225   -0.05254   0   -2.601e+08   4.257e+07   0
13.5   0.5677   0.2965   -0.04828   0   -2.606e+08   4.264e+07   0
13.6   0.5736   0.2704   -0.04401   0   -2.61e+08   4.271e+07   0
13.7   0.5789   0.2443   -0.03974   0   -2.613e+08   4.276e+07   0
13.8   0.5834   0.2181   -0.03546   0   -2.616e+08   4.281e+07   0
13.9   0.587   0.1919   -0.03117   0   -2.619e+08   4.285e+07   0
14   0.5877   0.1657   -0.02689   0   -2.619e+08   4.286e+07   0
14.1   0.5877   0.1396   -0.0226   0   -2.619e+08   4.286e+07   0
14.2   0.5877   0.1134   -0.01832   0   -2.619e+08   4.286e+07   0
14.3   0.5877   0.08717   -0.01403   0   -2.619e+08   4.286e+07   0
14.4   0.5877   0.06098   -0.009745   0   -2.619e+08   4.286e+07   0
14.5   0.5877   0.03479   -0.005459   0   -2.619e+08   4.286e+07   0
14.6   0.5877   0.008598   -0.001173   0   -2.619e+08   4.286e+07   0
14.7   0.5877   -0.01759   0.003112   0   -2.619e+08   4.286e+07   0
14.8   0.5877   -0.04378   0.007398   0   -2.619e+08   4.286e+07   0
14.9   0.5877   -0.06998   0.01168   0   -2.619e+08   4.286e+07   0
15   0.5877   -0.09617   0.01597   0   -2.619e+08   4.286e+07   0
15.1   0.5877   -0.1224   0.02026   0   -2.619e+08   4.286e+07   0
15.2   0.5877   -0.1486   0.02454   0   -2.619e+08   4.286e+07   0
15.3   0.5877   -0.1747   0.02883   0   -2.619e+08   4.286e+07   0
15.4   0.5986   -0.201   0.03312   0   -2.626e+08   4.298e+07   0
15.5   0.6163   -0.2273   0.03742   0   -2.637e+08   4.316e+07   0
15.6   0.633   -0.2537   0.04175   0   -2.647e+08   4.333e+07   0
15.7   0.6486   -0.2802   0.04609   0   -2.656e+08   4.348e+07   0
15.8   0.6634   -0.3068   0.05044   0   -2.664e+08   4.361e+07   0
15.9   0.6774   -0.3335   0.05481   0   -2.671e+08   4.373e+07   0
16   0.6907   -0.3602   0.05919   0   -2.678e+08   4.384e+07   0
16.1   0.7033   -0.387   0.06358   0   -2.684e+08   4.394e+07   0
16.2   0.7152   -0.4139   0.06798   0   -2.689e+08   4.404e+07   0
16.3   0.7266   -0.4408   0.07239   0   -2.695e+08   4.412e+07   0
16.4   0.7373   -0.4678   0.0768   0   -2.699e+08   4.42e+07   0
16.5   0.7474   -0.4948   0.08123   0   -2.704e+08   4.427e+07   0
16.6   0.757   -0.5219   0.08566   0   -2.708e+08   4.434e+07   0
16.7   0.766   -0.549   0.09009   0   -2.711e+08   4.44e+07   0
16.8   0.7745   -0.5761   0.09454   0   -2.715e+08   4.446e+07   0
16.9   0.7825   -0.6033   0.09899   0   -2.718e+08   4.451e+07   0
17   0.7899   -0.6304   0.1034   0   -2.721e+08   4.456e+07   0
17.1   0.7969   -0.6577   0.1079   0   -2.723e+08   4.46e+07   0
17.2   0.8033   -0.6849   0.1124   0   -2.726e+08   4.464e+07   0
17.3   0.8092   -0.7122   0.1168   0   -2.728e+08   4.468e+07   0
17.4   0.8147   -0.7395   0.1213   0   -2.73e+08   4.471e+07   0
17.5   0.8154   -0.7668   0.1258   0   -2.73e+08   4.471e+07   0
17.6   0.8154   -0.7941   0.1302   0   -2.73e+08   4.471e+07   0
17.7   0.8154   -0.8214   0.1347   0   -2.73e+08   4.471e+07   0
17.8   0.8154   -0.8487   0.1392   0   -2.73e+08   4.471e+07   0
17.9   0.8154   -0.876   0.1437   0   -2.73e+08   4.471e+07   0
18   0.8154   -0.9033   0.1481   0   -2.73e+08   4.471e+07   0
18.1   0.8154   -0.9306   0.1526   0   -2.73e+08   4.471e+07   0
18.2   0.8154   -0.9579   0.1571   0   -2.73e+08   4.471e+07   0
18.3   0.8154   -0.9852   0.1615   0   -2.73e+08   4.471e+07   0
18.4   0.8154   -1.012   0.166   0   -2.73e+08   4.471e+07   0
18.5   0.8154   -1.04   0.1705   0   -2.73e+08   4.471e+07   0
18.6   0.8154   -1.067   0.175   0   -2.73e+08   4.471e+07   0
18.7   0.8154   -1.094   0.1794   0   -2.73e+08   4.471e+07   0
18.8   0.8154   -1.122   0.1839   0   -2.73e+08   4.471e+07   0
18.9   0.8168   -1.149   0.1893   0   -2.646e+08   8.099e+07   0
19   0.8195   -1.174   0.2008   0   -2.344e+08   1.472e+08   0
19.1   0.8221   -1.195   0.2185   0   -1.881e+08   2.032e+08   0
19.2   0.8248   -1.211   0.241   0   -1.289e+08   2.452e+08   0
19.3   0.8275   -1.221   0.267   0   -6.102e+07   2.703e+08   0
19.4   0.8302   -1.223   0.2945   0   1.096e+07   2.77e+08   0
19.5   0.8329   -1.218   0.3217   0   8.211e+07   2.648e+08   0
19.6   0.8356   -1.207   0.3468   0   1.476e+08   2.348e+08   0
19.7   0.8383   -1.189   0.3681   0   2.031e+08   1.89e+08   0
19.8   0.841   -1.167   0.3842   0   2.449e+08   1.306e+08   0
19.9   0.8438   -1.141   0.3939   0   2.703e+08   6.358e+07   0
20   0.8465   -1.113   0.3967   0   2.776e+08   -7.612e+06   0
20.1   0.8493   -1.086   0.3923   0   2.666e+08   -7.821e+07   0
20.2   0.8498   -1.059   0.3832   0   2.62e+08   -9.252e+07   0
20.3   0.8498   -1.033   0.374   0   2.62e+08   -9.252e+07   0
20.4   0.8498   -1.007   0.3647   0   2.62e+08   -9.252e+07   0
20.5   0.8498   -0.9808   0.3555   0   2.62e+08   -9.252e+07   0
20.6   0.8498   -0.9546   0.3462   0   2.62e+08   -9.252e+07   0
20.7   0.8498   -0.9284   0.337   0   2.62e+08   -9.252e+07   0
20.8   0.8498   -0.9022   0.3277   0   2.62e+08   -9.252e+07   0
20.9   0.8498   -0.876   0.3185   0   2.62e+08   -9.252e+07   0
21   0.8498   -0.8498   0.3092   0   2.62e+08   -9.252e+07   0
21.1   0.8498   -0.8236   0.3   0   2.62e+08   -9.252e+07   0
21.2   0.8498   -0.7974   0.2907   0   2.62e+08   -9.252e+07   0
21.3   0.8498   -0.7712   0.2815   0   2.62e+08   -9.252e+07   0
21.4   0.8498   -0.745   0.2722   0   2.62e+08   -9.252e+07   0
21.5   0.8498   -0.7188   0.263   0   2.62e+08   -9.252e+07   0
21.6   0.8533   -0.6926   0.2537   0   2.621e+08   -9.257e+07   0
21.7   0.8597   -0.6664   0.2444   0   2.623e+08   -9.265e+07   0
21.8   0.8662   -0.6402   0.2352   0   2.625e+08   -9.274e+07   0
21.9   0.8727   -0.6139   0.2259   0   2.627e+08   -9.283e+07   0
22   0.8791   -0.5876   0.2166   0   2.629e+08   -9.292e+07   0
22.1   0.8856   -0.5613   0.2073   0   2.63e+08   -9.3e+07   0
22.2   0.892   -0.535   0.198   0   2.632e+08   -9.309e+07   0
22.3   0.8983   -0.5087   0.1887   0   2.634e+08   -9.317e+07   0
22.4   0.9044   -0.4823   0.1794   0   2.636e+08   -9.325e+07   0
22.5   0.9104   -0.456   0.17   0   2.637e+08   -9.333e+07   0
22.6   0.9161   -0.4296   0.1607   0   2.639e+08   -9.341e+07   0
22.7   0.9215   -0.4032   0.1514   0   2.64e+08   -9.348e+07   0
22.8   0.9266   -0.3768   0.142   0   2.641e+08   -9.355e+07   0
22.9   0.9312   -0.3504   0.1327   0   2.643e+08   -9.361e+07   0
23   0.9352   -0.3239   0.1233   0   2.644e+08   -9.367e+07   0
23.1   0.9387   -0.2975   0.1139   0   2.644e+08   -9.372e+07   0
23.2   0.9413   -0.2711   0.1045   0   2.645e+08   -9.376e+07   0
23.3   0.9429   -0.2446   0.09517   0   2.645e+08   -9.378e+07   0
23.4   0.9434   -0.2182   0.08579   0   2.645e+08   -9.379e+07   0
23.5   0.9424   -0.1917   0.07641   0   2.645e+08   -9.377e+07   0
23.6   0.9407   -0.1653   0.06703   0   2.645e+08   -9.374e+07   0
23.7   0.9407   -0.1388   0.05766   0   2.645e+08   -9.374e+07   0
23.8   0.9407   -0.1124   0.04829   0   2.645e+08   -9.374e+07   0
23.9   0.9407   -0.08591   0.03891   0   2.645e+08   -9.374e+07   0
24   0.9407   -0.05946   0.02954   0   2.645e+08   -9.374e+07   0
24.1   0.9407   -0.03301   0.02016   0   2.645e+08   -9.374e+07   0
24.2   0.9407   -0.00656   0.01079   0   2.645e+08   -9.374e+07   0
24.3   0.9407   0.01989   0.001415   0   2.645e+08   -9.374e+07   0
24.4   0.9407   0.04634   -0.007959   0   2.645e+08   -9.374e+07   0
24.5   0.9407   0.07279   -0.01733   0   2.645e+08   -9.374e+07   0
24.6   0.9407   0.09923   -0.02671   0   2.645e+08   -9.374e+07   0
24.7   0.9407   0.1257   -0.03608   0   2.645e+08   -9.374e+07   0
24.8   0.9407   0.1521   -0.04546   0   2.645e+08   -9.374e+07   0
24.9   0.9407   0.1786   -0.05483   0   2.645e+08   -9.374e+07   0
25   0.9614   0.2051   -0.06421   0   2.651e+08   -9.376e+07   0
25.1   0.9814   0.2316   -0.07358   0   2.656e+08   -9.379e+07   0
25.2   0.9999   0.2582   -0.08296   0   2.661e+08   -9.383e+07   0
25.3   1.017   0.2848   -0.09235   0   2.665e+08   -9.388e+07   0
25.4   1.033   0.3115   -0.1017   0   2.668e+08   -9.392e+07   0
25.5   1.047   0.3382   -0.1111   0   2.672e+08   -9.397e+07   0
25.6   1.061   0.3649   -0.1205   0   2.675e+08   -9.401e+07   0
25.7   1.074   0.3917   -0.1299   0   2.677e+08   -9.406e+07   0
25.8   1.086   0.4185   -0.1393   0   2.68e+08   -9.41e+07   0
25.9   1.097   0.4453   -0.1488   0   2.682e+08   -9.415e+07   0
26   1.108   0.4721   -0.1582   0   2.684e+08   -9.419e+07   0
26.1   1.118   0.4989   -0.1676   0   2.686e+08   -9.422e+07   0
26.2   1.127   0.5258   -0.177   0   2.688e+08   -9.426e+07   0
26.3   1.135   0.5527   -0.1864   0   2.689e+08   -9.429e+07   0
26.4   1.143   0.5796   -0.1959   0   2.691e+08   -9.432e+07   0
26.5   1.15   0.6065   -0.2053   0   2.692e+08   -9.435e+07   0
26.6   1.157   0.6334   -0.2147   0   2.693e+08   -9.438e+07   0
26.7   1.163   0.6604   -0.2242   0   2.694e+08   -9.44e+07   0
26.8   1.169   0.6873   -0.2336   0   2.695e+08   -9.443e+07   0
26.9   1.173   0.7143   -0.2431   0   2.696e+08   -9.445e+07   0
27   1.173   0.7412   -0.2525   0   2.696e+08   -9.445e+07   0
27.1   1.173   0.7682   -0.262   0   2.696e+08   -9.445e+07   0
27.2   1.173   0.7952   -0.2714   0   2.696e+08   -9.445e+07   0
27.3   1.173   0.8221   -0.2808   0   2.696e+08   -9.445e+07   0
27.4   1.173   0.8491   -0.2903   0   2.696e+08   -9.445e+07   0
27.5   1.173   0.876   -0.2997   0   2.696e+08   -9.445e+07   0
27.6   1.173   0.903   -0.3092   0   2.696e+08   -9.445e+07   0
27.7   1.173   0.93   -0.3186   0   2.696e+08   -9.445e+07   0
27.8   1.173   0.9569   -0.3281   0   2.696e+08   -9.445e+07   0
27.9   1.173   0.9839   -0.3375   0   2.696e+08   -9.445e+07   0
28   1.173   1.011   -0.347   0   2.696e+08   -9.445e+07   0
28.1   1.173   1.038   -0.3564   0   2.696e+08   -9.445e+07   0
28.2   1.173   1.065   -0.3659   0   2.696e+08   -9.445e+07   0
28.3   1.173   1.092   -0.3753   0   2.696e+08   -9.445e+07   0
28.4   1.179   1.118   -0.3873   0   2.401e+08   -1.549e+08   0
28.5   1.186   1.139   -0.406   0   1.866e+08   -2.165e+08   0
28.6   1.193   1.154   -0.4301   0   1.182e+08   -2.604e+08   0
28.7   1.2   1.162   -0.4574   0   4.04e+07   -2.832e+08   0
28.8   1.207   1.162   -0.486   0   -4.035e+07   -2.834e+08   0
28.9   1.214   1.154   -0.5134   0   -1.176e+08   -2.611e+08   0
29   1.221   1.139   -0.5375   0   -1.854e+08   -2.183e+08   0
29.1   1.228   1.118   -0.5564   0   -2.386e+08   -1.587e+08   0
29.2   1.235   1.092   -0.5687   0   -2.731e+08   -8.706e+07   0
29.3   1.243   1.064   -0.5735   0   -2.866e+08   -8.961e+06   0
29.4   1.25   1.035   -0.5704   0   -2.783e+08   6.957e+07   0
29.5   1.257   1.009   -0.5597   0   -2.518e+08   1.378e+08   0
29.6   1.257   0.9835   -0.546   0   -2.518e+08   1.378e+08   0
29.7   1.257   0.9583   -0.5322   0   -2.518e+08   1.378e+08   0
29.8   1.257   0.9331   -0.5184   0   -2.518e+08   1.378e+08   0
29.9   1.257   0.908   -0.5046   0   -2.518e+08   1.378e+08   0
30   1.257   0.8828   -0.4909   0   -2.518e+08   1.378e+08   0
30.1   1.257   0.8576   -0.4771   0   -2.518e+08   1.378e+08   0
30.2   1.257   0.8324   -0.4633   0   -2.518e+08   1.378e+08   0
30.3   1.257   0.8073   -0.4495   0   -2.518e+08   1.378e+08   0
30.4   1.257   0.7821   -0.4357   0   -2.518e+08   1.378e+08   0
30.5   1.257   0.7569   -0.422   0   -2.518e+08   1.378e+08   0
30.6   1.257   0.7317   -0.4082   0   -2.518e+08   1.378e+08   0
30.7   1.257   0.7066   -0.3944   0   -2.518e+08   1.378e+08   0
30.8   1.257   0.6814   -0.3806   0   -2.518e+08   1.378e+08   0
30.9   1.257   0.6562   -0.3668   0   -2.518e+08   1.378e+08   0
31   1.263   0.631   -0.3531   0   -2.518e+08   1.378e+08   0
31.1   1.27   0.6058   -0.3393   0   -2.519e+08   1.379e+08   0
31.2   1.277   0.5806   -0.3255   0   -2.52e+08   1.38e+08   0
31.3   1.283   0.5554   -0.3117   0   -2.521e+08   1.38e+08   0
31.4   1.29   0.5302   -0.2979   0   -2.521e+08   1.381e+08   0
31.5   1.296   0.505   -0.2841   0   -2.522e+08   1.381e+08   0
31.6   1.303   0.4798   -0.2703   0   -2.523e+08   1.382e+08   0
31.7   1.309   0.4546   -0.2564   0   -2.524e+08   1.382e+08   0
31.8   1.315   0.4293   -0.2426   0   -2.524e+08   1.383e+08   0
31.9   1.321   0.4041   -0.2288   0   -2.525e+08   1.383e+08   0
32   1.326   0.3788   -0.215   0   -2.525e+08   1.384e+08   0
32.1   1.331   0.3536   -0.2011   0   -2.526e+08   1.384e+08   0
32.2   1.336   0.3283   -0.1873   0   -2.526e+08   1.385e+08   0
32.3   1.34   0.303   -0.1734   0   -2.527e+08   1.385e+08   0
32.4   1.344   0.2778   -0.1596   0   -2.527e+08   1.385e+08   0
32.5   1.347   0.2525   -0.1457   0   -2.527e+08   1.385e+08   0
32.6   1.348   0.2272   -0.1319   0   -2.528e+08   1.386e+08   0
32.7   1.349   0.2019   -0.118   0   -2.528e+08   1.386e+08   0
32.8   1.348   0.1767   -0.1042   0   -2.528e+08   1.386e+08   0
32.9   1.346   0.1514   -0.0903   0   -2.527e+08   1.385e+08   0
33   1.346   0.1261   -0.07645   0   -2.527e+08   1.385e+08   0
33.1   1.346   0.1008   -0.06259   0   -2.527e+08   1.385e+08   0
33.2   1.346   0.07556   -0.04874   0   -2.527e+08   1.385e+08   0
33.3   1.346   0.05029   -0.03488   0   -2.527e+08   1.385e+08   0
33.4   1.346   0.02501   -0.02103   0   -2.527e+08   1.385e+08   0
33.5   1.346   -0.0002605   -0.007175   0   -2.527e+08   1.385e+08   0
33.6   1.346   -0.02553   0.006679   0   -2.527e+08   1.385e+08   0
33.7   1.346   -0.05081   0.02053   0   -2.527e+08   1.385e+08   0
33.8   1.346   -0.07608   0.03439   0   -2.527e+08   1.385e+08   0
33.9   1.346   -0.1014   0.04824   0   -2.527e+08   1.385e+08   0
34   1.346   -0.1266   0.0621   0   -2.527e+08   1.385e+08   0
34.1   1.346   -0.1519   0.07595   0   -2.527e+08   1.385e+08   0
34.2   1.354   -0.1772   0.0898   0   -2.529e+08   1.386e+08   0
34.3   1.376   -0.2025   0.1037   0   -2.531e+08   1.386e+08   0
34.4   1.395   -0.2278   0.1175   0   -2.534e+08   1.386e+08   0
34.5   1.413   -0.2532   0.1314   0   -2.536e+08   1.387e+08   0
34.6   1.43   -0.2785   0.1453   0   -2.538e+08   1.387e+08   0
34.7   1.445   -0.3039   0.1591   0   -2.54e+08   1.387e+08   0
34.8   1.46   -0.3293   0.173   0   -2.541e+08   1.388e+08   0
34.9   1.473   -0.3547   0.1869   0   -2.542e+08   1.388e+08   0
35   1.486   -0.3802   0.2008   0   -2.544e+08   1.389e+08   0
35.1   1.497   -0.4056   0.2147   0   -2.545e+08   1.389e+08   0
35.2   1.508   -0.4311   0.2285   0   -2.546e+08   1.389e+08   0
35.3   1.519   -0.4565   0.2424   0   -2.547e+08   1.39e+08   0
35.4   1.528   -0.482   0.2563   0   -2.548e+08   1.39e+08   0
35.5   1.537   -0.5075   0.2702   0   -2.549e+08   1.39e+08   0
35.6   1.546   -0.533   0.2841   0   -2.549e+08   1.39e+08   0
35.7   1.553   -0.5585   0.2981   0   -2.55e+08   1.391e+08   0
35.8   1.561   -0.584   0.312   0   -2.551e+08   1.391e+08   0
35.9   1.567   -0.6095   0.3259   0   -2.551e+08   1.391e+08   0
36   1.573   -0.635   0.3398   0   -2.552e+08   1.391e+08   0
36.1   1.579   -0.6605   0.3537   0   -2.552e+08   1.392e+08   0
36.2   1.579   -0.686   0.3676   0   -2.552e+08   1.392e+08   0
36.3   1.579   -0.7116   0.3815   0   -2.552e+08   1.392e+08   0
36.4   1.579   -0.7371   0.3954   0   -2.552e+08   1.392e+08   0
36.5   1.579   -0.7626   0.4094   0   -2.552e+08   1.392e+08   0
36.6   1.579   -0.7881   0.4233   0   -2.552e+08   1.392e+08   0
36.7   1.579   -0.8137   0.4372   0   -2.552e+08   1.392e+08   0
36.8   1.579   -0.8392   0.4511   0   -2.552e+08   1.392e+08   0
36.9   1.579   -0.8647   0.465   0   -2.552e+08   1.392e+08   0
37   1.579   -0.8902   0.4789   0   -2.552e+08   1.392e+08   0
37.1   1.579   -0.9157   0.4929   0   -2.552e+08   1.392e+08   0
37.2   1.579   -0.9413   0.5068   0   -2.552e+08   1.392e+08   0
37.3   1.579   -0.9668   0.5207   0   -2.552e+08   1.392e+08   0
37.4   1.579   -0.9923   0.5346   0   -2.552e+08   1.392e+08   0
37.5   1.579   -1.018   0.5485   0   -2.552e+08   1.392e+08   0
37.6   1.579   -1.043   0.5624   0   -2.552e+08   1.392e+08   0
37.7   1.579   -1.069   0.5763   0   -2.552e+08   1.392e+08   0
37.8   1.579   -1.094   0.5903   0   -2.552e+08   1.392e+08   0
37.9   1.579   -1.12   0.6042   0   -2.552e+08   1.392e+08   0
38   1.579   -1.145   0.6181   0   -2.552e+08   1.392e+08   0
38.1   1.579   -1.171   0.632   0   -2.552e+08   1.392e+08   0
38.2   1.579   -1.196   0.6459   0   -2.552e+08   1.392e+08   0
38.3   1.579   -1.222   0.6598   0   -2.552e+08   1.392e+08   0
38.4   1.579   -1.248   0.6738   0   -2.552e+08   1.392e+08   0
38.5   1.579   -1.273   0.6877   0   -2.552e+08   1.392e+08   0
38.6   1.579   -1.299   0.7016   0   -2.552e+08   1.392e+08   0
38.7   1.579   -1.324   0.7155   0   -2.552e+08   1.392e+08   0
38.8   1.579   -1.35   0.7294   0   -2.552e+08   1.392e+08   0
38.9   1.579   -1.375   0.7433   0   -2.552e+08   1.392e+08   0
39   1.579   -1.401   0.7572   0   -2.552e+08   1.392e+08   0
39.1   1.579   -1.426   0.7712   0   -2.552e+08   1.392e+08   0
39.2   1.579   -1.452   0.7851   0   -2.552e+08   1.392e+08   0
39.3   1.579   -1.477   0.799   0   -2.552e+08   1.392e+08   0
39.4   1.579   -1.503   0.8129   0   -2.552e+08   1.392e+08   0
39.5   1.579   -1.528   0.8268   0   -2.552e+08   1.392e+08   0
39.6   1.579   -1.554   0.8407   0   -2.552e+08   1.392e+08   0
39.7   1.579   -1.579   0.8547   0   -2.552e+08   1.392e+08   0
39.8   1.579   -1.605   0.8686   0   -2.552e+08   1.392e+08   0
39.9   1.579   -1.63   0.8825   0   -2.552e+08   1.392e+08   0
40   1.579   -1.656   0.8964   0   -2.552e+08   1.392e+08   0
40.1   1.579   -1.681   0.9103   0   -2.552e+08   1.392e+08   0
40.2   1.579   -1.707   0.9242   0   -2.552e+08   1.392e+08   0
40.3   1.579   -1.732   0.9382   0   -2.552e+08   1.392e+08   0
40.4   1.579   -1.758   0.9521   0   -2.552e+08   1.392e+08   0
40.5   1.579   -1.784   0.966   0   -2.552e+08   1.392e+08   0
40.6   1.579   -1.809   0.9799   0   -2.552e+08   1.392e+08   0
40.7   1.579   -1.835   0.9938   0   -2.552e+08   1.392e+08   0
40.8   1.579   -1.86   1.008   0   -2.552e+08   1.392e+08   0
40.9   1.579   -1.886   1.022   0   -2.552e+08   1.392e+08   0
41   1.579   -1.911   1.036   0   -2.552e+08   1.392e+08   0
41.1   1.579   -1.937   1.049   0   -2.552e+08   1.392e+08   0
41.2   1.579   -1.962   1.063   0   -2.552e+08   1.392e+08   0
41.3   1.579   -1.988   1.077   0   -2.552e+08   1.392e+08   0
41.4   1.579   -2.013   1.091   0   -2.552e+08   1.392e+08   0
41.5   1.579   -2.039   1.105   0   -2.552e+08   1.392e+08   0
41.6   1.579   -2.064   1.119   0   -2.552e+08   1.392e+08   0
41.7   1.579   -2.09   1.133   0   -2.552e+08   1.392e+08   0
41.8   1.579   -2.115   1.147   0   -2.552e+08   1.392e+08   0
41.9   1.579   -2.141   1.161   0   -2.552e+08   1.392e+08   0
42   1.579   -2.166   1.175   0   -2.552e+08   1.392e+08   0
42.1   1.579   -2.192   1.189   0   -2.552e+08   1.392e+08   0
42.2   1.579   -2.217   1.203   0   -2.552e+08   1.392e+08   0
42.3   1.579   -2.243   1.216   0   -2.552e+08   1.392e+08   0
42.4   1.579   -2.268   1.23   0   -2.552e+08   1.392e+08   0
42.5   1.579   -2.294   1.244   0   -2.552e+08   1.392e+08   0
42.6   1.579   -2.319   1.258   0   -2.552e+08   1.392e+08   0
42.7   1.579   -2.345   1.272   0   -2.552e+08   1.392e+08   0
42.8   1.579   -2.371   1.286   0   -2.552e+08   1.392e+08   0
42.9   1.579   -2.396   1.3   0   -2.552e+08   1.392e+08   0
43   1.579   -2.422   1.314   0   -2.552e+08   1.392e+08   0
43.1   1.579   -2.447   1.328   0   -2.552e+08   1.392e+08   0
43.2   1.579   -2.473   1.342   0   -2.552e+08   1.392e+08   0
43.3   1.579   -2.498   1.356   0   -2.552e+08   1.392e+08   0
43.4   1.579   -2.524   1.37   0   -2.552e+08   1.392e+08   0
43.5   1.579   -2.549   1.383   0   -2.552e+08   1.392e+08   0
43.6   1.579   -2.575   1.397   0   -2.552e+08   1.392e+08   0
43.7   1.579   -2.6   1.411   0   -2.552e+08   1.392e+08   0
43.8   1.579   -2.626   1.425   0   -2.552e+08   1.392e+08   0
43.9   1.579   -2.651   1.439   0   -2.552e+08   1.392e+08   0
44   1.579   -2.677   1.453   0   -2.552e+08   1.392e+08   0
44.1   1.579   -2.702   1.467   0   -2.552e+08   1.392e+08   0
44.2   1.579   -2.728   1.481   0   -2.552e+08   1.392e+08   0
44.3   1.579   -2.753   1.495   0   -2.552e+08   1.392e+08   0
44.4   1.579   -2.779   1.509   0   -2.552e+08   1.392e+08   0
44.5   1.579   -2.804   1.523   0   -2.552e+08   1.392e+08   0
44.6   1.579   -2.83   1.537   0   -2.552e+08   1.392e+08   0
44.7   1.579   -2.855   1.55   0   -2.552e+08   1.392e+08   0
44.8   1.579   -2.881   1.564   0   -2.552e+08   1.392e+08   0
44.9   1.579   -2.906   1.578   0   -2.552e+08   1.392e+08   0
45   1.579   -2.932   1.592   0   -2.552e+08   1.392e+08   0
