0   0.04   -0.753   0   0   1.121e+08   0   0
0.1   0.04   -0.753   0   0   1.121e+08   0   0
0.2   0.04   -0.753   0   0   1.121e+08   0   0
0.3   0.04   -0.753   0   0   1.121e+08   0   0
0.4   0.04007   -0.7512   0   0   1.122e+08   0   0
0.5   0.04066   -0.7399   0   0   1.13e+08   0   0
0.6   0.04144   -0.7286   0   0   1.139e+08   0   0
0.7   0.04242   -0.7171   0   0   1.151e+08   0   0
0.8   0.04362   -0.7055   0   0   1.165e+08   0   0
0.9   0.04504   -0.6938   0   0   1.182e+08   0   0
1   0.04669   -0.6819   0   0   1.201e+08   0   0
1.1   0.04857   -0.6698   0   0   1.222e+08   0   0
1.2   0.05071   -0.6574   0   0   1.245e+08   0   0
1.3   0.0531   -0.6449   0   0   1.27e+08   0   0
1.4   0.05577   -0.632   0   0   1.297e+08   0   0
1.5   0.05872   -0.6189   0   0   1.326e+08   0   0
1.6   0.06196   -0.6055   0   0   1.356e+08   0   0
1.7   0.0655   -0.5918   0   0   1.388e+08   0   0
1.8   0.06936   -0.5778   0   0   1.421e+08   0   0
1.9   0.07354   -0.5634   0   0   1.456e+08   0   0
2   0.07805   -0.5486   0   0   1.491e+08   0   0
2.1   0.0829   -0.5335   0   0   1.528e+08   0   0
2.2   0.0881   -0.5181   0   0   1.565e+08   0   0
2.3   0.09366   -0.5022   0   0   1.603e+08   0   0
2.4   0.09957   -0.486   0   0   1.641e+08   0   0
2.5   0.1059   -0.4694   0   0   1.679e+08   0   0
2.6   0.1125   -0.4524   0   0   1.718e+08   0   0
2.7   0.1195   -0.4351   0   0   1.756e+08   0   0
2.8   0.1269   -0.4173   0   0   1.794e+08   0   0
2.9   0.1346   -0.3992   0   0   1.832e+08   0   0
3   0.1427   -0.3807   0   0   1.87e+08   0   0
3.1   0.1512   -0.3618   0   0   1.907e+08   0   0
3.2   0.16   -0.3425   0   0   1.943e+08   0   0
3.3   0.1692   -0.3229   0   0   1.979e+08   0   0
3.4   0.1786   -0.3029   0   0   2.013e+08   0   0
3.5   0.1884   -0.2826   0   0   2.047e+08   0   0
3.6   0.1986   -0.262   0   0   2.08e+08   0   0
3.7   0.209   -0.241   0   0   2.112e+08   0   0
3.8   0.2197   -0.2198   0   0   2.143e+08   0   0
3.9   0.2306   -0.1982   0   0   2.173e+08   0   0
4   0.2358   -0.1764   0   0   2.186e+08   0   0
4.1   0.2358   -0.1545   0   0   2.186e+08   0   0
4.2   0.2358   -0.1326   0   0   2.186e+08   0   0
4.3   0.2358   -0.1108   0   0   2.186e+08   0   0
4.4   0.2358   -0.08891   0   0   2.186e+08   0   0
4.5   0.2358   -0.06705   0   0   2.186e+08   0   0
4.6   0.2358   -0.04519   0   0   2.186e+08   0   0
4.7   0.2358   -0.02333   0   0   2.186e+08   0   0
4.8   0.2358   -0.001464   0   0   2.186e+08   0   0
4.9   0.2358   0.0204   0   0   2.186e+08   0   0
5   0.2358   0.04226   0   0   2.186e+08   0   0
5.1   0.2358   0.06412   0   0   2.186e+08   0   0
5.2   0.2358   0.08598   0   0   2.186e+08   0   0
5.3   0.2358   0.1078   0   0   2.186e+08   0   0
5.4   0.2358   0.1297   0   0   2.186e+08   0   0
5.5   0.2358   0.1516   0   0   2.186e+08   0   0
5.6   0.2358   0.1734   0   0   2.186e+08   0   0
5.7   0.2396   0.1953   0   0   2.196e+08   0   0
5.8   0.2513   0.2174   0   0   2.225e+08   0   0
5.9   0.2631   0.2398   0   0   2.252e+08   0   0
6   0.2746   0.2624   0   0   2.277e+08   0   0
6.1   0.2861   0.2853   0   0   2.301e+08   0   0
6.2   0.2973   0.3085   0   0   2.323e+08   0   0
6.3   0.3083   0.3318   0   0   2.343e+08   0   0
6.4   0.3191   0.3553   0   0   2.363e+08   0   0
6.5   0.3297   0.379   0   0   2.381e+08   0   0
6.6   0.34   0.4029   0   0   2.397e+08   0   0
6.7   0.35   0.427   0   0   2.413e+08   0   0
6.8   0.3596   0.4512   0   0   2.427e+08   0   0
6.9   0.369   0.4755   0   0   2.441e+08   0   0
7   0.378   0.5   0   0   2.453e+08   0   0
7.1   0.3867   0.5246   0   0   2.465e+08   0   0
7.2   0.395   0.5493   0   0   2.476e+08   0   0
7.3   0.4029   0.5741   0   0   2.486e+08   0   0
7.4   0.4105   0.599   0   0   2.495e+08   0   0
7.5   0.4177   0.624   0   0   2.503e+08   0   0
7.6   0.4245   0.6491   0   0   2.511e+08   0   0
7.7   0.4309   0.6742   0   0   2.518e+08   0   0
7.8   0.4369   0.6994   0   0   2.525e+08   0   0
7.9   0.4426   0.7247   0   0   2.531e+08   0   0
8   0.4478   0.75   0   0   2.537e+08   0   0
8.1   0.4484   0.7754   0   0   2.537e+08   0   0
8.2   0.4484   0.8008   0   0   2.537e+08   0   0
8.3   0.4484   0.8262   0   0   2.537e+08   0   0
8.4   0.4484   0.8515   0   0   2.537e+08   0   0
8.5   0.4484   0.8769   0   0   2.537e+08   0   0
8.6   0.4484   0.9023   0   0   2.537e+08   0   0
8.7   0.4484   0.9277   0   0   2.537e+08   0   0
8.8   0.4484   0.953   0   0   2.537e+08   0   0
8.9   0.4484   0.9784   0   0   2.537e+08   0   0
9   0.4484   1.004   0   0   2.537e+08   0   0
9.1   0.4484   1.029   0   0   2.537e+08   0   0
9.2   0.4484   1.055   0   0   2.537e+08   0   0
9.3   0.4484   1.08   0   0   2.537e+08   0   0
9.4   0.4484   1.105   0   0   2.537e+08   0   0
9.5   0.4493   1.13   -0.003013   0   2.455e+08   -6.444e+07   0
9.6   0.4502   1.154   -0.01281   0   2.184e+08   -1.296e+08   0
9.7   0.4511   1.173   -0.02865   0   1.744e+08   -1.847e+08   0
9.8   0.4521   1.188   -0.04931   0   1.171e+08   -2.256e+08   0
9.9   0.453   1.197   -0.07321   0   5.07e+07   -2.491e+08   0
10   0.454   1.198   -0.09851   0   -1.953e+07   -2.536e+08   0
10.1   0.455   1.193   -0.1233   0   -8.825e+07   -2.386e+08   0
10.2   0.4559   1.181   -0.1456   0   -1.502e+08   -2.054e+08   0
10.3   0.4569   1.163   -0.1638   0   -2.007e+08   -1.566e+08   0
10.4   0.4578   1.141   -0.1765   0   -2.36e+08   -9.591e+07   0
10.5   0.4588   1.116   -0.1827   0   -2.533e+08   -2.792e+07   0
10.6   0.4597   1.091   -0.1819   0   -2.515e+08   4.147e+07   0
10.7   0.4597   1.066   -0.1778   0   -2.515e+08   4.147e+07   0
10.8   0.4597   1.041   -0.1736   0   -2.515e+08   4.147e+07   0
10.9   0.4597   1.015   -0.1695   0   -2.515e+08   4.147e+07   0
11   0.4597   0.9903   -0.1653   0   -2.515e+08   4.147e+07   0
11.1   0.4597   0.9651   -0.1612   0   -2.515e+08   4.147e+07   0
11.2   0.4597   0.94   -0.157   0   -2.515e+08   4.147e+07   0
11.3   0.4597   0.9148   -0.1529   0   -2.515e+08   4.147e+07   0
11.4   0.4597   0.8897   -0.1487   0   -2.515e+08   4.147e+07   0
11.5   0.4597   0.8645   -0.1446   0   -2.515e+08   4.147e+07   0
11.6   0.4597   0.8394   -0.1404   0   -2.515e+08   4.147e+07   0
11.7   0.4597   0.8142   -0.1363   0   -2.515e+08   4.147e+07   0
11.8   0.4597   0.7891   -0.1322   0   -2.515e+08   4.147e+07   0
11.9   0.4597   0.7639   -0.128   0   -2.515e+08   4.147e+07   0
12   0.4607   0.7388   -0.1239   0   -2.516e+08   4.149e+07   0
12.1   0.4668   0.7136   -0.1197   0   -2.522e+08   4.16e+07   0
12.2   0.4731   0.6883   -0.1155   0   -2.528e+08   4.17e+07   0
12.3   0.4795   0.663   -0.1114   0   -2.534e+08   4.181e+07   0
12.4   0.486   0.6376   -0.1072   0   -2.54e+08   4.191e+07   0
12.5   0.4925   0.6122   -0.103   0   -2.546e+08   4.201e+07   0
12.6   0.4991   0.5867   -0.09877   0   -2.551e+08   4.212e+07   0
12.7   0.5057   0.5612   -0.09456   0   -2.557e+08   4.222e+07   0
12.8   0.5123   0.5356   -0.09033   0   -2.563e+08   4.232e+07   0
12.9   0.5189   0.5099   -0.08609   0   -2.568e+08   4.241e+07   0
13   0.5254   0.4842   -0.08185   0   -2.573e+08   4.251e+07   0
13.1   0.5317   0.4585   -0.07759   0   -2.578e+08   4.26e+07   0
13.2   0.5379   0.4327   -0.07333   0   -2.583e+08   4.269e+07   0
13.3   0.5438   0.4068   -0.06905   0   -2.588e+08   4.277e+07   0
13.4   0.5494   0.3809   -0.06477   0   -2.592e+08   4.285e+07   0
13.5   0.5547   0.355   -0.06048   0   -2.596e+08   4.292e+07   0
13.6   0.5595   0.329   -0.05619   0   -2.599e+08   4.298e+07   0
13.7   0.5638   0.303   -0.05189   0   -2.602e+08   4.304e+07   0
13.8   0.5674   0.277   -0.04758   0   -2.605e+08   4.309e+07   0
13.9   0.5702   0.2509   -0.04327   0   -2.607e+08   4.313e+07   0
14   0.572   0.2248   -0.03896   0   -2.608e+08   4.315e+07   0
14.1   0.5725   0.1988   -0.03464   0   -2.608e+08   4.316e+07   0
14.2   0.5721   0.1727   -0.03032   0   -2.608e+08   4.315e+07   0
14.3   0.5721   0.1466   -0.02601   0   -2.608e+08   4.315e+07   0
14.4   0.5721   0.1205   -0.02169   0   -2.608e+08   4.315e+07   0
14.5   0.5721   0.09444   -0.01738   0   -2.608e+08   4.315e+07   0
14.6   0.5721   0.06836   -0.01306   0   -2.608e+08   4.315e+07   0
14.7   0.5721   0.04228   -0.008749   0   -2.608e+08   4.315e+07   0
14.8   0.5721   0.0162   -0.004433   0   -2.608e+08   4.315e+07   0
14.9   0.5721   -0.009874   -0.0001182   0   -2.608e+08   4.315e+07   0
15   0.5721   -0.03595   0.004197   0   -2.608e+08   4.315e+07   0
15.1   0.5721   -0.06203   0.008512   0   -2.608e+08   4.315e+07   0
15.2   0.5721   -0.08811   0.01283   0   -2.608e+08   4.315e+07   0
15.3   0.5721   -0.1142   0.01714   0   -2.608e+08   4.315e+07   0
15.4   0.5721   -0.1403   0.02146   0   -2.608e+08   4.315e+07   0
15.5   0.5721   -0.1663   0.02577   0   -2.608e+08   4.315e+07   0
15.6   0.5772   -0.1924   0.03009   0   -2.611e+08   4.32e+07   0
15.7   0.5973   -0.2186   0.03442   0   -2.625e+08   4.336e+07   0
15.8   0.6159   -0.2449   0.03876   0   -2.636e+08   4.352e+07   0
15.9   0.6331   -0.2713   0.04312   0   -2.647e+08   4.365e+07   0
16   0.6492   -0.2978   0.04749   0   -2.656e+08   4.378e+07   0
16.1   0.6642   -0.3244   0.05188   0   -2.664e+08   4.389e+07   0
16.2   0.6783   -0.3511   0.05627   0   -2.671e+08   4.399e+07   0
16.3   0.6915   -0.3779   0.06067   0   -2.678e+08   4.409e+07   0
16.4   0.7038   -0.4047   0.06509   0   -2.684e+08   4.417e+07   0
16.5   0.7155   -0.4315   0.06951   0   -2.689e+08   4.425e+07   0
16.6   0.7264   -0.4585   0.07394   0   -2.694e+08   4.432e+07   0
16.7   0.7366   -0.4854   0.07837   0   -2.699e+08   4.439e+07   0
16.8   0.7461   -0.5124   0.08281   0   -2.703e+08   4.445e+07   0
16.9   0.755   -0.5395   0.08726   0   -2.707e+08   4.45e+07   0
17   0.7633   -0.5666   0.09171   0   -2.71e+08   4.455e+07   0
17.1   0.7709   -0.5937   0.09617   0   -2.713e+08   4.46e+07   0
17.2   0.778   -0.6208   0.1006   0   -2.716e+08   4.464e+07   0
17.3   0.7845   -0.648   0.1051   0   -2.718e+08   4.468e+07   0
17.4   0.7905   -0.6752   0.1096   0   -2.721e+08   4.472e+07   0
17.5   0.796   -0.7024   0.114   0   -2.723e+08   4.475e+07   0
17.6   0.8009   -0.7296   0.1185   0   -2.725e+08   4.477e+07   0
17.7   0.8032   -0.7569   0.123   0   -2.725e+08   4.479e+07   0
17.8   0.8032   -0.7841   0.1275   0   -2.725e+08   4.479e+07   0
17.9   0.8032   -0.8114   0.132   0   -2.725e+08   4.479e+07   0
18   0.8032   -0.8387   0.1364   0   -2.725e+08   4.479e+07   0
18.1   0.8032   -0.8659   0.1409   0   -2.725e+08   4.479e+07   0
18.2   0.8032   -0.8932   0.1454   0   -2.725e+08   4.479e+07   0
18.3   0.8032   -0.9204   0.1499   0   -2.725e+08   4.479e+07   0
18.4   0.8032   -0.9477   0.1543   0   -2.725e+08   4.479e+07   0
18.5   0.8032   -0.9749   0.1588   0   -2.725e+08   4.479e+07   0
18.6   0.8032   -1.002   0.1633   0   -2.725e+08   4.479e+07   0
18.7   0.8032   -1.029   0.1678   0   -2.725e+08   4.479e+07   0
18.8   0.8032   -1.057   0.1723   0   -2.725e+08   4.479e+07   0
18.9   0.8032   -1.084   0.1767   0   -2.725e+08   4.479e+07   0
19   0.8032   -1.111   0.1812   0   -2.725e+08   4.479e+07   0
19.1   0.8035   -1.138   0.1858   0   -2.71e+08   5.349e+07   0
19.2   0.8061   -1.165   0.1947   0   -2.474e+08   1.23e+08   0
19.3   0.8088   -1.187   0.2101   0   -2.065e+08   1.837e+08   0
19.4   0.8114   -1.205   0.231   0   -1.512e+08   2.315e+08   0
19.5   0.8141   -1.217   0.2559   0   -8.532e+07   2.631e+08   0
19.6   0.8167   -1.222   0.2831   0   -1.363e+07   2.764e+08   0
19.7   0.8194   -1.22   0.3106   0   5.89e+07   2.705e+08   0
19.8   0.8221   -1.21   0.3365   0   1.273e+08   2.459e+08   0
19.9   0.8247   -1.195   0.3592   0   1.868e+08   2.045e+08   0
20   0.8274   -1.173   0.3769   0   2.335e+08   1.491e+08   0
20.1   0.8301   -1.148   0.3886   0   2.642e+08   8.368e+07   0
20.2   0.8328   -1.121   0.3934   0   2.77e+08   1.264e+07   0
20.3   0.8355   -1.094   0.391   0   2.71e+08   -5.917e+07   0
20.4   0.8368   -1.067   0.3825   0   2.615e+08   -9.248e+07   0
20.5   0.8368   -1.041   0.3733   0   2.615e+08   -9.248e+07   0
20.6   0.8368   -1.015   0.364   0   2.615e+08   -9.248e+07   0
20.7   0.8368   -0.9887   0.3548   0   2.615e+08   -9.248e+07   0
20.8   0.8368   -0.9625   0.3456   0   2.615e+08   -9.248e+07   0
20.9   0.8368   -0.9364   0.3363   0   2.615e+08   -9.248e+07   0
21   0.8368   -0.9102   0.3271   0   2.615e+08   -9.248e+07   0
21.1   0.8368   -0.8841   0.3178   0   2.615e+08   -9.248e+07   0
21.2   0.8368   -0.8579   0.3086   0   2.615e+08   -9.248e+07   0
21.3   0.8368   -0.8318   0.2993   0   2.615e+08   -9.248e+07   0
21.4   0.8368   -0.8056   0.2901   0   2.615e+08   -9.248e+07   0
21.5   0.8368   -0.7795   0.2808   0   2.615e+08   -9.248e+07   0
21.6   0.8368   -0.7533   0.2716   0   2.615e+08   -9.248e+07   0
21.7   0.8368   -0.7272   0.2623   0   2.615e+08   -9.248e+07   0
21.8   0.8384   -0.701   0.2531   0   2.616e+08   -9.25e+07   0
21.9   0.8443   -0.6748   0.2438   0   2.618e+08   -9.257e+07   0
22   0.8502   -0.6486   0.2346   0   2.62e+08   -9.265e+07   0
22.1   0.856   -0.6224   0.2253   0   2.621e+08   -9.272e+07   0
22.2   0.8618   -0.5962   0.216   0   2.623e+08   -9.28e+07   0
22.3   0.8674   -0.57   0.2067   0   2.625e+08   -9.287e+07   0
22.4   0.8729   -0.5437   0.1974   0   2.626e+08   -9.293e+07   0
22.5   0.8781   -0.5174   0.1881   0   2.628e+08   -9.3e+07   0
22.6   0.8832   -0.4912   0.1788   0   2.629e+08   -9.306e+07   0
22.7   0.8879   -0.4649   0.1695   0   2.631e+08   -9.312e+07   0
22.8   0.8922   -0.4385   0.1602   0   2.632e+08   -9.317e+07   0
22.9   0.8962   -0.4122   0.1509   0   2.633e+08   -9.322e+07   0
23   0.8996   -0.3859   0.1416   0   2.634e+08   -9.327e+07   0
23.1   0.9025   -0.3595   0.1322   0   2.635e+08   -9.33e+07   0
23.2   0.9046   -0.3332   0.1229   0   2.635e+08   -9.333e+07   0
23.3   0.906   -0.3068   0.1136   0   2.636e+08   -9.335e+07   0
23.4   0.9064   -0.2805   0.1042   0   2.636e+08   -9.335e+07   0
23.5   0.9056   -0.2541   0.09491   0   2.636e+08   -9.334e+07   0
23.6   0.9034   -0.2278   0.08558   0   2.635e+08   -9.331e+07   0
23.7   0.8995   -0.2014   0.07625   0   2.634e+08   -9.325e+07   0
23.8   0.8935   -0.1751   0.06693   0   2.632e+08   -9.316e+07   0
23.9   0.8935   -0.1487   0.05761   0   2.632e+08   -9.316e+07   0
24   0.8935   -0.1224   0.04829   0   2.632e+08   -9.316e+07   0
24.1   0.8935   -0.0961   0.03898   0   2.632e+08   -9.316e+07   0
24.2   0.8935   -0.06978   0.02966   0   2.632e+08   -9.316e+07   0
24.3   0.8935   -0.04345   0.02034   0   2.632e+08   -9.316e+07   0
24.4   0.8935   -0.01713   0.01103   0   2.632e+08   -9.316e+07   0
24.5   0.8935   0.009199   0.001712   0   2.632e+08   -9.316e+07   0
24.6   0.8935   0.03552   -0.007604   0   2.632e+08   -9.316e+07   0
24.7   0.8935   0.06185   -0.01692   0   2.632e+08   -9.316e+07   0
24.8   0.8935   0.08817   -0.02624   0   2.632e+08   -9.316e+07   0
24.9   0.8935   0.1145   -0.03555   0   2.632e+08   -9.316e+07   0
25   0.8935   0.1408   -0.04487   0   2.632e+08   -9.316e+07   0
25.1   0.8935   0.1671   -0.05419   0   2.632e+08   -9.316e+07   0
25.2   0.9067   0.1935   -0.0635   0   2.636e+08   -9.323e+07   0
25.3   0.9289   0.2199   -0.07283   0   2.643e+08   -9.334e+07   0
25.4   0.949   0.2463   -0.08217   0   2.648e+08   -9.345e+07   0
25.5   0.9672   0.2728   -0.09152   0   2.653e+08   -9.355e+07   0
25.6   0.984   0.2994   -0.1009   0   2.657e+08   -9.364e+07   0
25.7   0.9995   0.326   -0.1102   0   2.661e+08   -9.372e+07   0
25.8   1.014   0.3526   -0.1196   0   2.664e+08   -9.38e+07   0
25.9   1.027   0.3793   -0.129   0   2.667e+08   -9.387e+07   0
26   1.039   0.406   -0.1384   0   2.67e+08   -9.394e+07   0
26.1   1.05   0.4327   -0.1478   0   2.672e+08   -9.4e+07   0
26.2   1.061   0.4594   -0.1572   0   2.674e+08   -9.406e+07   0
26.3   1.07   0.4862   -0.1666   0   2.676e+08   -9.411e+07   0
26.4   1.079   0.5129   -0.176   0   2.678e+08   -9.416e+07   0
26.5   1.087   0.5397   -0.1854   0   2.68e+08   -9.42e+07   0
26.6   1.095   0.5665   -0.1949   0   2.681e+08   -9.424e+07   0
26.7   1.101   0.5933   -0.2043   0   2.683e+08   -9.428e+07   0
26.8   1.107   0.6202   -0.2137   0   2.684e+08   -9.431e+07   0
26.9   1.113   0.647   -0.2232   0   2.685e+08   -9.434e+07   0
27   1.118   0.6739   -0.2326   0   2.686e+08   -9.437e+07   0
27.1   1.122   0.7007   -0.242   0   2.686e+08   -9.439e+07   0
27.2   1.124   0.7276   -0.2515   0   2.687e+08   -9.44e+07   0
27.3   1.124   0.7545   -0.2609   0   2.687e+08   -9.44e+07   0
27.4   1.124   0.7813   -0.2703   0   2.687e+08   -9.44e+07   0
27.5   1.124   0.8082   -0.2798   0   2.687e+08   -9.44e+07   0
27.6   1.124   0.8351   -0.2892   0   2.687e+08   -9.44e+07   0
27.7   1.124   0.8619   -0.2987   0   2.687e+08   -9.44e+07   0
27.8   1.124   0.8888   -0.3081   0   2.687e+08   -9.44e+07   0
27.9   1.124   0.9157   -0.3175   0   2.687e+08   -9.44e+07   0
28   1.124   0.9425   -0.327   0   2.687e+08   -9.44e+07   0
28.1   1.124   0.9694   -0.3364   0   2.687e+08   -9.44e+07   0
28.2   1.124   0.9963   -0.3459   0   2.687e+08   -9.44e+07   0
28.3   1.124   1.023   -0.3553   0   2.687e+08   -9.44e+07   0
28.4   1.124   1.05   -0.3647   0   2.687e+08   -9.44e+07   0
28.5   1.124   1.077   -0.3742   0   2.687e+08   -9.44e+07   0
28.6   1.126   1.104   -0.3841   0   2.582e+08   -1.202e+08   0
28.7   1.133   1.127   -0.3997   0   2.12e+08   -1.904e+08   0
28.8   1.14   1.145   -0.4216   0   1.477e+08   -2.438e+08   0
28.9   1.146   1.156   -0.4479   0   7.085e+07   -2.762e+08   0
29   1.153   1.159   -0.4761   0   -1.175e+07   -2.851e+08   0
29.1   1.16   1.154   -0.5041   0   -9.31e+07   -2.698e+08   0
29.2   1.167   1.141   -0.5293   0   -1.664e+08   -2.321e+08   0
29.3   1.174   1.121   -0.5498   0   -2.257e+08   -1.751e+08   0
29.4   1.181   1.096   -0.5638   0   -2.662e+08   -1.04e+08   0
29.5   1.187   1.068   -0.5702   0   -2.848e+08   -2.46e+07   0
29.6   1.194   1.04   -0.5686   0   -2.804e+08   5.655e+07   0
29.7   1.201   1.013   -0.559   0   -2.534e+08   1.329e+08   0
29.8   1.202   0.988   -0.5453   0   -2.511e+08   1.372e+08   0
29.9   1.202   0.9629   -0.5316   0   -2.511e+08   1.372e+08   0
30   1.202   0.9378   -0.5179   0   -2.511e+08   1.372e+08   0
30.1   1.202   0.9127   -0.5041   0   -2.511e+08   1.372e+08   0
30.2   1.202   0.8876   -0.4904   0   -2.511e+08   1.372e+08   0
30.3   1.202   0.8625   -0.4767   0   -2.511e+08   1.372e+08   0
30.4   1.202   0.8374   -0.463   0   -2.511e+08   1.372e+08   0
30.5   1.202   0.8123   -0.4493   0   -2.511e+08   1.372e+08   0
30.6   1.202   0.7872   -0.4355   0   -2.511e+08   1.372e+08   0
30.7   1.202   0.762   -0.4218   0   -2.511e+08   1.372e+08   0
30.8   1.202   0.7369   -0.4081   0   -2.511e+08   1.372e+08   0
30.9   1.202   0.7118   -0.3944   0   -2.511e+08   1.372e+08   0
31   1.202   0.6867   -0.3807   0   -2.511e+08   1.372e+08   0
31.1   1.202   0.6616   -0.367   0   -2.511e+08   1.372e+08   0
31.2   1.207   0.6365   -0.3532   0   -2.512e+08   1.372e+08   0
31.3   1.213   0.6114   -0.3395   0   -2.513e+08   1.373e+08   0
31.4   1.219   0.5862   -0.3258   0   -2.513e+08   1.373e+08   0
31.5   1.225   0.5611   -0.312   0   -2.514e+08   1.374e+08   0
31.6   1.231   0.5359   -0.2983   0   -2.515e+08   1.374e+08   0
31.7   1.236   0.5108   -0.2846   0   -2.516e+08   1.375e+08   0
31.8   1.242   0.4856   -0.2708   0   -2.516e+08   1.375e+08   0
31.9   1.247   0.4605   -0.257   0   -2.517e+08   1.376e+08   0
32   1.252   0.4353   -0.2433   0   -2.518e+08   1.376e+08   0
32.1   1.256   0.4101   -0.2295   0   -2.518e+08   1.377e+08   0
32.2   1.26   0.3849   -0.2158   0   -2.519e+08   1.377e+08   0
32.3   1.264   0.3597   -0.202   0   -2.519e+08   1.377e+08   0
32.4   1.267   0.3346   -0.1882   0   -2.519e+08   1.377e+08   0
32.5   1.269   0.3094   -0.1744   0   -2.52e+08   1.378e+08   0
32.6   1.27   0.2842   -0.1607   0   -2.52e+08   1.378e+08   0
32.7   1.271   0.259   -0.1469   0   -2.52e+08   1.378e+08   0
32.8   1.27   0.2338   -0.1331   0   -2.52e+08   1.378e+08   0
32.9   1.268   0.2086   -0.1193   0   -2.52e+08   1.378e+08   0
33   1.263   0.1834   -0.1056   0   -2.519e+08   1.377e+08   0
33.1   1.258   0.1582   -0.09178   0   -2.519e+08   1.377e+08   0
33.2   1.258   0.133   -0.07802   0   -2.519e+08   1.377e+08   0
33.3   1.258   0.1078   -0.06425   0   -2.519e+08   1.377e+08   0
33.4   1.258   0.08263   -0.05049   0   -2.519e+08   1.377e+08   0
33.5   1.258   0.05744   -0.03672   0   -2.519e+08   1.377e+08   0
33.6   1.258   0.03226   -0.02295   0   -2.519e+08   1.377e+08   0
33.7   1.258   0.007074   -0.009187   0   -2.519e+08   1.377e+08   0
33.8   1.258   -0.01811   0.004579   0   -2.519e+08   1.377e+08   0
33.9   1.258   -0.0433   0.01834   0   -2.519e+08   1.377e+08   0
34   1.258   -0.06848   0.03211   0   -2.519e+08   1.377e+08   0
34.1   1.258   -0.09367   0.04588   0   -2.519e+08   1.377e+08   0
34.2   1.258   -0.1189   0.05964   0   -2.519e+08   1.377e+08   0
34.3   1.258   -0.144   0.07341   0   -2.519e+08   1.377e+08   0
34.4   1.26   -0.1692   0.08717   0   -2.519e+08   1.377e+08   0
34.5   1.284   -0.1944   0.1009   0   -2.522e+08   1.377e+08   0
34.6   1.305   -0.2197   0.1147   0   -2.525e+08   1.378e+08   0
34.7   1.324   -0.2449   0.1285   0   -2.528e+08   1.379e+08   0
34.8   1.342   -0.2702   0.1423   0   -2.53e+08   1.38e+08   0
34.9   1.358   -0.2955   0.1561   0   -2.532e+08   1.38e+08   0
35   1.373   -0.3209   0.1699   0   -2.534e+08   1.381e+08   0
35.1   1.387   -0.3462   0.1837   0   -2.535e+08   1.381e+08   0
35.2   1.4   -0.3716   0.1975   0   -2.537e+08   1.382e+08   0
35.3   1.412   -0.3969   0.2114   0   -2.538e+08   1.383e+08   0
35.4   1.422   -0.4223   0.2252   0   -2.539e+08   1.383e+08   0
35.5   1.433   -0.4477   0.239   0   -2.54e+08   1.383e+08   0
35.6   1.442   -0.4731   0.2529   0   -2.541e+08   1.384e+08   0
35.7   1.451   -0.4985   0.2667   0   -2.542e+08   1.384e+08   0
35.8   1.459   -0.524   0.2805   0   -2.543e+08   1.384e+08   0
35.9   1.466   -0.5494   0.2944   0   -2.544e+08   1.385e+08   0
36   1.472   -0.5748   0.3082   0   -2.544e+08   1.385e+08   0
36.1   1.478   -0.6003   0.3221   0   -2.545e+08   1.385e+08   0
36.2   1.484   -0.6257   0.3359   0   -2.545e+08   1.385e+08   0
36.3   1.489   -0.6512   0.3498   0   -2.546e+08   1.386e+08   0
36.4   1.491   -0.6766   0.3637   0   -2.546e+08   1.386e+08   0
36.5   1.491   -0.7021   0.3775   0   -2.546e+08   1.386e+08   0
36.6   1.491   -0.7276   0.3914   0   -2.546e+08   1.386e+08   0
36.7   1.491   -0.753   0.4052   0   -2.546e+08   1.386e+08   0
36.8   1.491   -0.7785   0.4191   0   -2.546e+08   1.386e+08   0
36.9   1.491   -0.8039   0.4329   0   -2.546e+08   1.386e+08   0
37   1.491   -0.8294   0.4468   0   -2.546e+08   1.386e+08   0
37.1   1.491   -0.8549   0.4607   0   -2.546e+08   1.386e+08   0
37.2   1.491   -0.8803   0.4745   0   -2.546e+08   1.386e+08   0
37.3   1.491   -0.9058   0.4884   0   -2.546e+08   1.386e+08   0
37.4   1.491   -0.9312   0.5022   0   -2.546e+08   1.386e+08   0
37.5   1.491   -0.9567   0.5161   0   -2.546e+08   1.386e+08   0
37.6   1.491   -0.9822   0.5299   0   -2.546e+08   1.386e+08   0
37.7   1.491   -1.008   0.5438   0   -2.546e+08   1.386e+08   0
37.8   1.491   -1.033   0.5577   0   -2.546e+08   1.386e+08   0
37.9   1.491   -1.059   0.5715   0   -2.546e+08   1.386e+08   0
38   1.491   -1.084   0.5854   0   -2.546e+08   1.386e+08   0
38.1   1.491   -1.109   0.5992   0   -2.546e+08   1.386e+08   0
38.2   1.491   -1.135   0.6131   0   -2.546e+08   1.386e+08   0
38.3   1.491   -1.16   0.6269   0   -2.546e+08   1.386e+08   0
38.4   1.491   -1.186   0.6408   0   -2.546e+08   1.386e+08   0
38.5   1.491   -1.211   0.6547   0   -2.546e+08   1.386e+08   0
38.6   1.491   -1.237   0.6685   0   -2.546e+08   1.386e+08   0
38.7   1.491   -1.262   0.6824   0   -2.546e+08   1.386e+08   0
38.8   1.491   -1.288   0.6962   0   -2.546e+08   1.386e+08   0
38.9   1.491   -1.313   0.7101   0   -2.546e+08   1.386e+08   0
39   1.491   -1.339   0.724   0   -2.546e+08   1.386e+08   0
39.1   1.491   -1.364   0.7378   0   -2.546e+08   1.386e+08   0
39.2   1.491   -1.389   0.7517   0   -2.546e+08   1.386e+08   0
39.3   1.491   -1.415   0.7655   0   -2.546e+08   1.386e+08   0
39.4   1.491   -1.44   0.7794   0   -2.546e+08   1.386e+08   0
39.5   1.491   -1.466   0.7932   0   -2.546e+08   1.386e+08   0
39.6   1.491   -1.491   0.8071   0   -2.546e+08   1.386e+08   0
39.7   1.491   -1.517   0.821   0   -2.546e+08   1.386e+08   0
39.8   1.491   -1.542   0.8348   0   -2.546e+08   1.386e+08   0
39.9   1.491   -1.568   0.8487   0   -2.546e+08   1.386e+08   0
40   1.491   -1.593   0.8625   0   -2.546e+08   1.386e+08   0
40.1   1.491   -1.619   0.8764   0   -2.546e+08   1.386e+08   0
40.2   1.491   -1.644   0.8902   0   -2.546e+08   1.386e+08   0
40.3   1.491   -1.67   0.9041   0   -2.546e+08   1.386e+08   0
40.4   1.491   -1.695   0.918   0   -2.546e+08   1.386e+08   0
40.5   1.491   -1.72   0.9318   0   -2.546e+08   1.386e+08   0
40.6   1.491   -1.746   0.9457   0   -2.546e+08   1.386e+08   0
40.7   1.491   -1.771   0.9595   0   -2.546e+08   1.386e+08   0
40.8   1.491   -1.797   0.9734   0   -2.546e+08   1.386e+08   0
40.9   1.491   -1.822   0.9872   0   -2.546e+08   1.386e+08   0
41   1.491   -1.848   1.001   0   -2.546e+08   1.386e+08   0
41.1   1.491   -1.873   1.015   0   -2.546e+08   1.386e+08   0
41.2   1.491   -1.899   1.029   0   -2.546e+08   1.386e+08   0
41.3   1.491   -1.924   1.043   0   -2.546e+08   1.386e+08   0
41.4   1.491   -1.95   1.057   0   -2.546e+08   1.386e+08   0
41.5   1.491   -1.975   1.07   0   -2.546e+08   1.386e+08   0
41.6   1.491   -2.001   1.084   0   -2.546e+08   1.386e+08   0
41.7   1.491   -2.026   1.098   0   -2.546e+08   1.386e+08   0
41.8   1.491   -2.051   1.112   0   -2.546e+08   1.386e+08   0
41.9   1.491   -2.077   1.126   0   -2.546e+08   1.386e+08   0
42   1.491   -2.102   1.14   0   -2.546e+08   1.386e+08   0
42.1   1.491   -2.128   1.154   0   -2.546e+08   1.386e+08   0
42.2   1.491   -2.153   1.167   0   -2.546e+08   1.386e+08   0
42.3   1.491   -2.179   1.181   0   -2.546e+08   1.386e+08   0
42.4   1.491   -2.204   1.195   0   -2.546e+08   1.386e+08   0
42.5   1.491   -2.23   1.209   0   -2.546e+08   1.386e+08   0
42.6   1.491   -2.255   1.223   0   -2.546e+08   1.386e+08   0
42.7   1.491   -2.281   1.237   0   -2.546e+08   1.386e+08   0
42.8   1.491   -2.306   1.251   0   -2.546e+08   1.386e+08   0
42.9   1.491   -2.331   1.264   0   -2.546e+08   1.386e+08   0
43   1.491   -2.357   1.278   0   -2.546e+08   1.386e+08   0
43.1   1.491   -2.382   1.292   0   -2.546e+08   1.386e+08   0
43.2   1.491   -2.408   1.306   0   -2.546e+08   1.386e+08   0
43.3   1.491   -2.433   1.32   0   -2.546e+08   1.386e+08   0
43.4   1.491   -2.459   1.334   0   -2.546e+08   1.386e+08   0
43.5   1.491   -2.484   1.348   0   -2.546e+08   1.386e+08   0
43.6   1.491   -2.51   1.361   0   -2.546e+08   1.386e+08   0
43.7   1.491   -2.535   1.375   0   -2.546e+08   1.386e+08   0
43.8   1.491   -2.561   1.389   0   -2.546e+08   1.386e+08   0
43.9   1.491   -2.586   1.403   0   -2.546e+08   1.386e+08   0
44   1.491   -2.612   1.417   0   -2.546e+08   1.386e+08   0
44.1   1.491   -2.637   1.431   0   -2.546e+08   1.386e+08   0
44.2   1.491   -2.662   1.445   0   -2.546e+08   1.386e+08   0
44.3   1.491   -2.688   1.458   0   -2.546e+08   1.386e+08   0
44.4   1.491   -2.713   1.472   0   -2.546e+08   1.386e+08   0
44.5   1.491   -2.739   1.486   0   -2.546e+08   1.386e+08   0
44.6   1.491   -2.764   1.5   0   -2.546e+08   1.386e+08   0
44.7   1.491   -2.79   1.514   0   -2.546e+08   1.386e+08   0
44.8   1.491   -2.815   1.528   0   -2.546e+08   1.386e+08   0
44.9   1.491   -2.841   1.542   0   -2.546e+08   1.386e+08   0
45   1.491   -2.866   1.555   0   -2.546e+08   1.386e+08   0
