0   0.04   -0.753   0   0   1.121e+08   0   0
0.1   0.04   -0.753   0   0   1.121e+08   0   0
0.2   0.04   -0.753   0   0   1.121e+08   0   0
0.3   0.04   -0.753   0   0   1.121e+08   0   0
0.4   0.04   -0.753   0   0   1.121e+08   0   0
0.5   0.04055   -0.7423   0   0   1.128e+08   0   0
0.6   0.04133   -0.731   0   0   1.138e+08   0   0
0.7   0.04231   -0.7195   0   0   1.15e+08   0   0
0.8   0.04351   -0.7079   0   0   1.164e+08   0   0
0.9   0.04492   -0.6962   0   0   1.181e+08   0   0
1   0.04655   -0.6843   0   0   1.199e+08   0   0
1.1   0.04843   -0.6722   0   0   1.22e+08   0   0
1.2   0.05056   -0.6599   0   0   1.243e+08   0   0
1.3   0.05294   -0.6474   0   0   1.268e+08   0   0
1.4   0.05559   -0.6345   0   0   1.295e+08   0   0
1.5   0.05852   -0.6215   0   0   1.324e+08   0   0
1.6   0.06175   -0.6081   0   0   1.354e+08   0   0
1.7   0.06527   -0.5944   0   0   1.386e+08   0   0
1.8   0.0691   -0.5803   0   0   1.419e+08   0   0
1.9   0.07326   -0.566   0   0   1.453e+08   0   0
2   0.07774   -0.5513   0   0   1.489e+08   0   0
2.1   0.08256   -0.5362   0   0   1.525e+08   0   0
2.2   0.08773   -0.5207   0   0   1.562e+08   0   0
2.3   0.09325   -0.5049   0   0   1.6e+08   0   0
2.4   0.09912   -0.4887   0   0   1.638e+08   0   0
2.5   0.1054   -0.4722   0   0   1.676e+08   0   0
2.6   0.1119   -0.4552   0   0   1.715e+08   0   0
2.7   0.1189   -0.4379   0   0   1.753e+08   0   0
2.8   0.1262   -0.4202   0   0   1.791e+08   0   0
2.9   0.1339   -0.4021   0   0   1.829e+08   0   0
3   0.1419   -0.3836   0   0   1.866e+08   0   0
3.1   0.1503   -0.3647   0   0   1.903e+08   0   0
3.2   0.159   -0.3455   0   0   1.939e+08   0   0
3.3   0.1681   -0.3259   0   0   1.974e+08   0   0
3.4   0.1774   -0.306   0   0   2.009e+08   0   0
3.5   0.1871   -0.2858   0   0   2.043e+08   0   0
3.6   0.1971   -0.2652   0   0   2.075e+08   0   0
3.7   0.2073   -0.2443   0   0   2.107e+08   0   0
3.8   0.2179   -0.223   0   0   2.138e+08   0   0
3.9   0.2286   -0.2015   0   0   2.167e+08   0   0
4   0.2353   -0.1797   0   0   2.185e+08   0   0
4.1   0.2353   -0.1579   0   0   2.185e+08   0   0
4.2   0.2353   -0.136   0   0   2.185e+08   0   0
4.3   0.2353   -0.1142   0   0   2.185e+08   0   0
4.4   0.2353   -0.09231   0   0   2.185e+08   0   0
4.5   0.2353   -0.07046   0   0   2.185e+08   0   0
4.6   0.2353   -0.04861   0   0   2.185e+08   0   0
4.7   0.2353   -0.02676   0   0   2.185e+08   0   0
4.8   0.2353   -0.004909   0   0   2.185e+08   0   0
4.9   0.2353   0.01694   0   0   2.185e+08   0   0
5   0.2353   0.03879   0   0   2.185e+08   0   0
5.1   0.2353   0.06064   0   0   2.185e+08   0   0
5.2   0.2353   0.08249   0   0   2.185e+08   0   0
5.3   0.2353   0.1043   0   0   2.185e+08   0   0
5.4   0.2353   0.1262   0   0   2.185e+08   0   0
5.5   0.2353   0.148   0   0   2.185e+08   0   0
5.6   0.2353   0.1699   0   0   2.185e+08   0   0
5.7   0.2373   0.1917   0   0   2.19e+08   0   0
5.8   0.2492   0.2138   0   0   2.22e+08   0   0
5.9   0.2611   0.2361   0   0   2.247e+08   0   0
6   0.2728   0.2587   0   0   2.273e+08   0   0
6.1   0.2844   0.2816   0   0   2.297e+08   0   0
6.2   0.2958   0.3047   0   0   2.32e+08   0   0
6.3   0.3069   0.328   0   0   2.341e+08   0   0
6.4   0.3178   0.3515   0   0   2.36e+08   0   0
6.5   0.3285   0.3752   0   0   2.379e+08   0   0
6.6   0.3389   0.3991   0   0   2.395e+08   0   0
6.7   0.3489   0.4231   0   0   2.411e+08   0   0
6.8   0.3587   0.4473   0   0   2.426e+08   0   0
6.9   0.3681   0.4716   0   0   2.439e+08   0   0
7   0.3772   0.4961   0   0   2.452e+08   0   0
7.1   0.3859   0.5207   0   0   2.464e+08   0   0
7.2   0.3943   0.5454   0   0   2.475e+08   0   0
7.3   0.4023   0.5702   0   0   2.485e+08   0   0
7.4   0.4099   0.595   0   0   2.494e+08   0   0
7.5   0.4172   0.62   0   0   2.503e+08   0   0
7.6   0.424   0.6451   0   0   2.511e+08   0   0
7.7   0.4305   0.6702   0   0   2.518e+08   0   0
7.8   0.4365   0.6955   0   0   2.525e+08   0   0
7.9   0.4422   0.7207   0   0   2.531e+08   0   0
8   0.4474   0.7461   0   0   2.536e+08   0   0
8.1   0.4488   0.7714   0   0   2.538e+08   0   0
8.2   0.4488   0.7968   0   0   2.538e+08   0   0
8.3   0.4488   0.8222   0   0   2.538e+08   0   0
8.4   0.4488   0.8476   0   0   2.538e+08   0   0
8.5   0.4488   0.873   0   0   2.538e+08   0   0
8.6   0.4488   0.8983   0   0   2.538e+08   0   0
8.7   0.4488   0.9237   0   0   2.538e+08   0   0
8.8   0.4488   0.9491   0   0   2.538e+08   0   0
8.9   0.4488   0.9745   0   0   2.538e+08   0   0
9   0.4488   0.9998   0   0   2.538e+08   0   0
9.1   0.4488   1.025   0   0   2.538e+08   0   0
9.2   0.4488   1.051   0   0   2.538e+08   0   0
9.3   0.4488   1.076   0   0   2.538e+08   0   0
9.4   0.4488   1.101   0   0   2.538e+08   0   0
9.5   0.4496   1.127   -0.002118   0   2.48e+08   -5.41e+07   0
9.6   0.4505   1.15   -0.01093   0   2.237e+08   -1.203e+08   0
9.7   0.4514   1.171   -0.02592   0   1.821e+08   -1.772e+08   0
9.8   0.4524   1.186   -0.04596   0   1.265e+08   -2.204e+08   0
9.9   0.4533   1.196   -0.06948   0   6.119e+07   -2.468e+08   0
10   0.4543   1.198   -0.0947   0   -8.775e+06   -2.542e+08   0
10.1   0.4553   1.194   -0.1197   0   -7.805e+07   -2.422e+08   0
10.2   0.4562   1.183   -0.1425   0   -1.414e+08   -2.117e+08   0
10.3   0.4572   1.166   -0.1614   0   -1.939e+08   -1.651e+08   0
10.4   0.4581   1.144   -0.175   0   -2.317e+08   -1.059e+08   0
10.5   0.4591   1.12   -0.1823   0   -2.519e+08   -3.874e+07   0
10.6   0.4601   1.095   -0.1826   0   -2.53e+08   3.136e+07   0
10.7   0.4602   1.069   -0.1786   0   -2.516e+08   4.11e+07   0
10.8   0.4602   1.044   -0.1745   0   -2.516e+08   4.11e+07   0
10.9   0.4602   1.019   -0.1703   0   -2.516e+08   4.11e+07   0
11   0.4602   0.994   -0.1662   0   -2.516e+08   4.11e+07   0
11.1   0.4602   0.9688   -0.1621   0   -2.516e+08   4.11e+07   0
11.2   0.4602   0.9437   -0.158   0   -2.516e+08   4.11e+07   0
11.3   0.4602   0.9185   -0.1539   0   -2.516e+08   4.11e+07   0
11.4   0.4602   0.8934   -0.1498   0   -2.516e+08   4.11e+07   0
11.5   0.4602   0.8682   -0.1457   0   -2.516e+08   4.11e+07   0
11.6   0.4602   0.843   -0.1416   0   -2.516e+08   4.11e+07   0
11.7   0.4602   0.8179   -0.1375   0   -2.516e+08   4.11e+07   0
11.8   0.4602   0.7927   -0.1334   0   -2.516e+08   4.11e+07   0
11.9   0.4602   0.7676   -0.1292   0   -2.516e+08   4.11e+07   0
12   0.4602   0.7424   -0.1251   0   -2.516e+08   4.11e+07   0
12.1   0.4663   0.7172   -0.121   0   -2.522e+08   4.121e+07   0
12.2   0.4725   0.692   -0.1169   0   -2.528e+08   4.132e+07   0
12.3   0.4789   0.6667   -0.1128   0   -2.534e+08   4.143e+07   0
12.4   0.4853   0.6413   -0.1086   0   -2.54e+08   4.154e+07   0
12.5   0.4919   0.6159   -0.1044   0   -2.546e+08   4.165e+07   0
12.6   0.4984   0.5904   -0.1003   0   -2.551e+08   4.176e+07   0
12.7   0.505   0.5648   -0.09609   0   -2.557e+08   4.186e+07   0
12.8   0.5116   0.5392   -0.0919   0   -2.563e+08   4.197e+07   0
12.9   0.5181   0.5136   -0.0877   0   -2.568e+08   4.207e+07   0
13   0.5245   0.4879   -0.08349   0   -2.573e+08   4.217e+07   0
13.1   0.5308   0.4621   -0.07927   0   -2.578e+08   4.227e+07   0
13.2   0.5369   0.4363   -0.07504   0   -2.583e+08   4.236e+07   0
13.3   0.5427   0.4105   -0.0708   0   -2.587e+08   4.245e+07   0
13.4   0.5483   0.3846   -0.06655   0   -2.591e+08   4.253e+07   0
13.5   0.5535   0.3586   -0.06229   0   -2.595e+08   4.261e+07   0
13.6   0.5583   0.3327   -0.05803   0   -2.599e+08   4.268e+07   0
13.7   0.5625   0.3067   -0.05375   0   -2.602e+08   4.274e+07   0
13.8   0.5661   0.2806   -0.04948   0   -2.604e+08   4.28e+07   0
13.9   0.5688   0.2546   -0.0452   0   -2.606e+08   4.284e+07   0
14   0.5706   0.2285   -0.04091   0   -2.607e+08   4.286e+07   0
14.1   0.5711   0.2024   -0.03662   0   -2.608e+08   4.287e+07   0
14.2   0.5705   0.1764   -0.03234   0   -2.607e+08   4.286e+07   0
14.3   0.5705   0.1503   -0.02805   0   -2.607e+08   4.286e+07   0
14.4   0.5705   0.1242   -0.02376   0   -2.607e+08   4.286e+07   0
14.5   0.5705   0.09814   -0.01948   0   -2.607e+08   4.286e+07   0
14.6   0.5705   0.07207   -0.01519   0   -2.607e+08   4.286e+07   0
14.7   0.5705   0.046   -0.01091   0   -2.607e+08   4.286e+07   0
14.8   0.5705   0.01993   -0.006619   0   -2.607e+08   4.286e+07   0
14.9   0.5705   -0.006145   -0.002332   0   -2.607e+08   4.286e+07   0
15   0.5705   -0.03222   0.001954   0   -2.607e+08   4.286e+07   0
15.1   0.5705   -0.05829   0.00624   0   -2.607e+08   4.286e+07   0
15.2   0.5705   -0.08436   0.01053   0   -2.607e+08   4.286e+07   0
15.3   0.5705   -0.1104   0.01481   0   -2.607e+08   4.286e+07   0
15.4   0.5705   -0.1365   0.0191   0   -2.607e+08   4.286e+07   0
15.5   0.5705   -0.1626   0.02339   0   -2.607e+08   4.286e+07   0
15.6   0.5724   -0.1886   0.02767   0   -2.609e+08   4.287e+07   0
15.7   0.5929   -0.2148   0.03197   0   -2.622e+08   4.3e+07   0
15.8   0.6118   -0.2411   0.03627   0   -2.634e+08   4.312e+07   0
15.9   0.6293   -0.2675   0.04059   0   -2.645e+08   4.322e+07   0
16   0.6456   -0.294   0.04492   0   -2.654e+08   4.333e+07   0
16.1   0.6608   -0.3206   0.04925   0   -2.663e+08   4.342e+07   0
16.2   0.6751   -0.3472   0.0536   0   -2.67e+08   4.351e+07   0
16.3   0.6884   -0.374   0.05795   0   -2.677e+08   4.359e+07   0
16.4   0.7009   -0.4008   0.06232   0   -2.683e+08   4.366e+07   0
16.5   0.7127   -0.4276   0.06669   0   -2.689e+08   4.373e+07   0
16.6   0.7237   -0.4545   0.07106   0   -2.694e+08   4.379e+07   0
16.7   0.7339   -0.4815   0.07545   0   -2.698e+08   4.385e+07   0
16.8   0.7435   -0.5085   0.07983   0   -2.703e+08   4.391e+07   0
16.9   0.7525   -0.5356   0.08423   0   -2.706e+08   4.395e+07   0
17   0.7608   -0.5626   0.08862   0   -2.71e+08   4.4e+07   0
17.1   0.7686   -0.5898   0.09303   0   -2.713e+08   4.404e+07   0
17.2   0.7757   -0.6169   0.09743   0   -2.716e+08   4.408e+07   0
17.3   0.7823   -0.6441   0.1018   0   -2.718e+08   4.412e+07   0
17.4   0.7883   -0.6713   0.1063   0   -2.721e+08   4.415e+07   0
17.5   0.7938   -0.6985   0.1107   0   -2.723e+08   4.418e+07   0
17.6   0.7987   -0.7257   0.1151   0   -2.725e+08   4.42e+07   0
17.7   0.8017   -0.753   0.1195   0   -2.726e+08   4.422e+07   0
17.8   0.8017   -0.7802   0.1239   0   -2.726e+08   4.422e+07   0
17.9   0.8017   -0.8075   0.1284   0   -2.726e+08   4.422e+07   0
18   0.8017   -0.8348   0.1328   0   -2.726e+08   4.422e+07   0
18.1   0.8017   -0.862   0.1372   0   -2.726e+08   4.422e+07   0
18.2   0.8017   -0.8893   0.1416   0   -2.726e+08   4.422e+07   0
18.3   0.8017   -0.9165   0.146   0   -2.726e+08   4.422e+07   0
18.4   0.8017   -0.9438   0.1505   0   -2.726e+08   4.422e+07   0
18.5   0.8017   -0.971   0.1549   0   -2.726e+08   4.422e+07   0
18.6   0.8017   -0.9983   0.1593   0   -2.726e+08   4.422e+07   0
18.7   0.8017   -1.026   0.1637   0   -2.726e+08   4.422e+07   0
18.8   0.8017   -1.053   0.1682   0   -2.726e+08   4.422e+07   0
18.9   0.8017   -1.08   0.1726   0   -2.726e+08   4.422e+07   0
19   0.8017   -1.107   0.177   0   -2.726e+08   4.422e+07   0
19.1   0.8017   -1.135   0.1814   0   -2.726e+08   4.422e+07   0
19.2   0.8042   -1.161   0.189   0   -2.532e+08   1.105e+08   0
19.3   0.8068   -1.185   0.2033   0   -2.153e+08   1.733e+08   0
19.4   0.8095   -1.204   0.2233   0   -1.622e+08   2.238e+08   0
19.5   0.8121   -1.217   0.2476   0   -9.796e+07   2.586e+08   0
19.6   0.8148   -1.223   0.2745   0   -2.691e+07   2.753e+08   0
19.7   0.8174   -1.222   0.302   0   4.591e+07   2.729e+08   0
19.8   0.8201   -1.214   0.3284   0   1.155e+08   2.516e+08   0
19.9   0.8228   -1.199   0.3518   0   1.77e+08   2.13e+08   0
20   0.8255   -1.179   0.3705   0   2.263e+08   1.598e+08   0
20.1   0.8281   -1.154   0.3833   0   2.6e+08   9.578e+07   0
20.2   0.8308   -1.127   0.3893   0   2.76e+08   2.531e+07   0
20.3   0.8335   -1.1   0.3882   0   2.733e+08   -4.679e+07   0
20.4   0.8353   -1.073   0.3804   0   2.613e+08   -9.288e+07   0
20.5   0.8353   -1.047   0.3711   0   2.613e+08   -9.288e+07   0
20.6   0.8353   -1.021   0.3619   0   2.613e+08   -9.288e+07   0
20.7   0.8353   -0.9946   0.3526   0   2.613e+08   -9.288e+07   0
20.8   0.8353   -0.9685   0.3433   0   2.613e+08   -9.288e+07   0
20.9   0.8353   -0.9424   0.334   0   2.613e+08   -9.288e+07   0
21   0.8353   -0.9162   0.3247   0   2.613e+08   -9.288e+07   0
21.1   0.8353   -0.8901   0.3154   0   2.613e+08   -9.288e+07   0
21.2   0.8353   -0.864   0.3061   0   2.613e+08   -9.288e+07   0
21.3   0.8353   -0.8378   0.2968   0   2.613e+08   -9.288e+07   0
21.4   0.8353   -0.8117   0.2875   0   2.613e+08   -9.288e+07   0
21.5   0.8353   -0.7856   0.2783   0   2.613e+08   -9.288e+07   0
21.6   0.8353   -0.7594   0.269   0   2.613e+08   -9.288e+07   0
21.7   0.8353   -0.7333   0.2597   0   2.613e+08   -9.288e+07   0
21.8   0.8359   -0.7072   0.2504   0   2.614e+08   -9.289e+07   0
21.9   0.8418   -0.681   0.2411   0   2.616e+08   -9.296e+07   0
22   0.8476   -0.6549   0.2318   0   2.617e+08   -9.302e+07   0
22.1   0.8534   -0.6287   0.2225   0   2.619e+08   -9.308e+07   0
22.2   0.8591   -0.6025   0.2132   0   2.621e+08   -9.314e+07   0
22.3   0.8647   -0.5762   0.2039   0   2.623e+08   -9.32e+07   0
22.4   0.8701   -0.55   0.1945   0   2.624e+08   -9.326e+07   0
22.5   0.8753   -0.5238   0.1852   0   2.626e+08   -9.331e+07   0
22.6   0.8803   -0.4975   0.1759   0   2.627e+08   -9.337e+07   0
22.7   0.885   -0.4712   0.1665   0   2.629e+08   -9.341e+07   0
22.8   0.8893   -0.4449   0.1572   0   2.63e+08   -9.345e+07   0
22.9   0.8932   -0.4186   0.1478   0   2.631e+08   -9.349e+07   0
23   0.8966   -0.3923   0.1385   0   2.632e+08   -9.353e+07   0
23.1   0.8994   -0.366   0.1291   0   2.633e+08   -9.355e+07   0
23.2   0.9015   -0.3396   0.1198   0   2.634e+08   -9.357e+07   0
23.3   0.9029   -0.3133   0.1104   0   2.634e+08   -9.359e+07   0
23.4   0.9032   -0.287   0.1011   0   2.634e+08   -9.359e+07   0
23.5   0.9025   -0.2606   0.09171   0   2.634e+08   -9.358e+07   0
23.6   0.9003   -0.2343   0.08235   0   2.633e+08   -9.356e+07   0
23.7   0.8965   -0.208   0.073   0   2.632e+08   -9.353e+07   0
23.8   0.8905   -0.1816   0.06365   0   2.63e+08   -9.347e+07   0
23.9   0.8893   -0.1553   0.0543   0   2.63e+08   -9.346e+07   0
24   0.8893   -0.129   0.04496   0   2.63e+08   -9.346e+07   0
24.1   0.8893   -0.1027   0.03561   0   2.63e+08   -9.346e+07   0
24.2   0.8893   -0.07644   0.02627   0   2.63e+08   -9.346e+07   0
24.3   0.8893   -0.05014   0.01692   0   2.63e+08   -9.346e+07   0
24.4   0.8893   -0.02384   0.007574   0   2.63e+08   -9.346e+07   0
24.5   0.8893   0.002463   -0.001772   0   2.63e+08   -9.346e+07   0
24.6   0.8893   0.02876   -0.01112   0   2.63e+08   -9.346e+07   0
24.7   0.8893   0.05506   -0.02046   0   2.63e+08   -9.346e+07   0
24.8   0.8893   0.08137   -0.02981   0   2.63e+08   -9.346e+07   0
24.9   0.8893   0.1077   -0.03916   0   2.63e+08   -9.346e+07   0
25   0.8893   0.134   -0.0485   0   2.63e+08   -9.346e+07   0
25.1   0.8893   0.1603   -0.05785   0   2.63e+08   -9.346e+07   0
25.2   0.8981   0.1866   -0.0672   0   2.633e+08   -9.356e+07   0
25.3   0.9208   0.2129   -0.07656   0   2.639e+08   -9.38e+07   0
25.4   0.9413   0.2393   -0.08596   0   2.644e+08   -9.401e+07   0
25.5   0.96   0.2658   -0.09537   0   2.649e+08   -9.418e+07   0
25.6   0.977   0.2923   -0.1048   0   2.653e+08   -9.434e+07   0
25.7   0.9927   0.3189   -0.1142   0   2.657e+08   -9.448e+07   0
25.8   1.007   0.3454   -0.1237   0   2.66e+08   -9.46e+07   0
25.9   1.021   0.3721   -0.1332   0   2.663e+08   -9.471e+07   0
26   1.033   0.3987   -0.1426   0   2.665e+08   -9.481e+07   0
26.1   1.044   0.4254   -0.1521   0   2.668e+08   -9.49e+07   0
26.2   1.055   0.4521   -0.1616   0   2.67e+08   -9.498e+07   0
26.3   1.064   0.4788   -0.1711   0   2.672e+08   -9.505e+07   0
26.4   1.073   0.5055   -0.1806   0   2.674e+08   -9.512e+07   0
26.5   1.082   0.5322   -0.1901   0   2.675e+08   -9.518e+07   0
26.6   1.089   0.559   -0.1997   0   2.677e+08   -9.523e+07   0
26.7   1.096   0.5858   -0.2092   0   2.678e+08   -9.528e+07   0
26.8   1.102   0.6125   -0.2187   0   2.679e+08   -9.532e+07   0
26.9   1.108   0.6393   -0.2282   0   2.68e+08   -9.536e+07   0
27   1.113   0.6661   -0.2378   0   2.681e+08   -9.539e+07   0
27.1   1.117   0.693   -0.2473   0   2.682e+08   -9.542e+07   0
27.2   1.119   0.7198   -0.2569   0   2.682e+08   -9.543e+07   0
27.3   1.119   0.7466   -0.2664   0   2.682e+08   -9.543e+07   0
27.4   1.119   0.7734   -0.276   0   2.682e+08   -9.543e+07   0
27.5   1.119   0.8002   -0.2855   0   2.682e+08   -9.543e+07   0
27.6   1.119   0.8271   -0.295   0   2.682e+08   -9.543e+07   0
27.7   1.119   0.8539   -0.3046   0   2.682e+08   -9.543e+07   0
27.8   1.119   0.8807   -0.3141   0   2.682e+08   -9.543e+07   0
27.9   1.119   0.9075   -0.3237   0   2.682e+08   -9.543e+07   0
28   1.119   0.9344   -0.3332   0   2.682e+08   -9.543e+07   0
28.1   1.119   0.9612   -0.3428   0   2.682e+08   -9.543e+07   0
28.2   1.119   0.988   -0.3523   0   2.682e+08   -9.543e+07   0
28.3   1.119   1.015   -0.3618   0   2.682e+08   -9.543e+07   0
28.4   1.119   1.042   -0.3714   0   2.682e+08   -9.543e+07   0
28.5   1.119   1.068   -0.3809   0   2.682e+08   -9.543e+07   0
28.6   1.12   1.095   -0.3906   0   2.634e+08   -1.081e+08   0
28.7   1.127   1.12   -0.4052   0   2.203e+08   -1.805e+08   0
28.8   1.134   1.139   -0.4262   0   1.582e+08   -2.37e+08   0
28.9   1.14   1.151   -0.4519   0   8.269e+07   -2.728e+08   0
29   1.147   1.155   -0.48   0   2.852e+05   -2.852e+08   0
29.1   1.154   1.151   -0.5081   0   -8.189e+07   -2.733e+08   0
29.2   1.161   1.139   -0.5339   0   -1.569e+08   -2.385e+08   0
29.3   1.168   1.12   -0.5551   0   -2.186e+08   -1.838e+08   0
29.4   1.175   1.095   -0.5701   0   -2.619e+08   -1.14e+08   0
29.5   1.181   1.068   -0.5775   0   -2.836e+08   -3.513e+07   0
29.6   1.188   1.04   -0.5769   0   -2.821e+08   4.638e+07   0
29.7   1.195   1.012   -0.5683   0   -2.578e+08   1.239e+08   0
29.8   1.197   0.9871   -0.5548   0   -2.515e+08   1.362e+08   0
29.9   1.197   0.962   -0.5412   0   -2.515e+08   1.362e+08   0
30   1.197   0.9368   -0.5276   0   -2.515e+08   1.362e+08   0
30.1   1.197   0.9117   -0.5139   0   -2.515e+08   1.362e+08   0
30.2   1.197   0.8865   -0.5003   0   -2.515e+08   1.362e+08   0
30.3   1.197   0.8614   -0.4867   0   -2.515e+08   1.362e+08   0
30.4   1.197   0.8362   -0.4731   0   -2.515e+08   1.362e+08   0
30.5   1.197   0.8111   -0.4595   0   -2.515e+08   1.362e+08   0
30.6   1.197   0.7859   -0.4458   0   -2.515e+08   1.362e+08   0
30.7   1.197   0.7607   -0.4322   0   -2.515e+08   1.362e+08   0
30.8   1.197   0.7356   -0.4186   0   -2.515e+08   1.362e+08   0
30.9   1.197   0.7104   -0.405   0   -2.515e+08   1.362e+08   0
31   1.197   0.6853   -0.3914   0   -2.515e+08   1.362e+08   0
31.1   1.197   0.6601   -0.3777   0   -2.515e+08   1.362e+08   0
31.2   1.201   0.635   -0.3641   0   -2.516e+08   1.363e+08   0
31.3   1.207   0.6098   -0.3505   0   -2.517e+08   1.363e+08   0
31.4   1.213   0.5846   -0.3368   0   -2.517e+08   1.364e+08   0
31.5   1.219   0.5595   -0.3232   0   -2.518e+08   1.365e+08   0
31.6   1.224   0.5343   -0.3096   0   -2.519e+08   1.365e+08   0
31.7   1.23   0.5091   -0.2959   0   -2.519e+08   1.366e+08   0
31.8   1.235   0.4839   -0.2822   0   -2.52e+08   1.367e+08   0
31.9   1.24   0.4587   -0.2686   0   -2.521e+08   1.367e+08   0
32   1.245   0.4335   -0.2549   0   -2.521e+08   1.368e+08   0
32.1   1.249   0.4083   -0.2412   0   -2.521e+08   1.368e+08   0
32.2   1.253   0.3831   -0.2275   0   -2.522e+08   1.369e+08   0
32.3   1.257   0.3578   -0.2138   0   -2.522e+08   1.369e+08   0
32.4   1.26   0.3326   -0.2001   0   -2.522e+08   1.37e+08   0
32.5   1.262   0.3074   -0.1864   0   -2.523e+08   1.37e+08   0
32.6   1.263   0.2822   -0.1727   0   -2.523e+08   1.37e+08   0
32.7   1.264   0.2569   -0.159   0   -2.523e+08   1.37e+08   0
32.8   1.263   0.2317   -0.1453   0   -2.523e+08   1.37e+08   0
32.9   1.261   0.2065   -0.1316   0   -2.523e+08   1.37e+08   0
33   1.257   0.1812   -0.1179   0   -2.522e+08   1.369e+08   0
33.1   1.251   0.156   -0.1042   0   -2.522e+08   1.368e+08   0
33.2   1.251   0.1308   -0.09056   0   -2.522e+08   1.368e+08   0
33.3   1.251   0.1056   -0.07688   0   -2.522e+08   1.368e+08   0
33.4   1.251   0.08037   -0.06321   0   -2.522e+08   1.368e+08   0
33.5   1.251   0.05515   -0.04953   0   -2.522e+08   1.368e+08   0
33.6   1.251   0.02993   -0.03585   0   -2.522e+08   1.368e+08   0
33.7   1.251   0.004706   -0.02217   0   -2.522e+08   1.368e+08   0
33.8   1.251   -0.02051   -0.008489   0   -2.522e+08   1.368e+08   0
33.9   1.251   -0.04573   0.00519   0   -2.522e+08   1.368e+08   0
34   1.251   -0.07095   0.01887   0   -2.522e+08   1.368e+08   0
34.1   1.251   -0.09617   0.03255   0   -2.522e+08   1.368e+08   0
34.2   1.251   -0.1214   0.04623   0   -2.522e+08   1.368e+08   0
34.3   1.251   -0.1466   0.05991   0   -2.522e+08   1.368e+08   0
34.4   1.251   -0.1718   0.07358   0   -2.522e+08   1.368e+08   0
34.5   1.274   -0.1971   0.08726   0   -2.527e+08   1.366e+08   0
34.6   1.295   -0.2224   0.1009   0   -2.531e+08   1.365e+08   0
34.7   1.314   -0.2477   0.1146   0   -2.534e+08   1.365e+08   0
34.8   1.332   -0.273   0.1282   0   -2.537e+08   1.364e+08   0
34.9   1.349   -0.2984   0.1419   0   -2.539e+08   1.364e+08   0
35   1.364   -0.3238   0.1555   0   -2.542e+08   1.364e+08   0
35.1   1.378   -0.3492   0.1691   0   -2.544e+08   1.364e+08   0
35.2   1.391   -0.3747   0.1828   0   -2.545e+08   1.364e+08   0
35.3   1.403   -0.4002   0.1964   0   -2.547e+08   1.364e+08   0
35.4   1.414   -0.4256   0.2101   0   -2.548e+08   1.364e+08   0
35.5   1.424   -0.4511   0.2237   0   -2.55e+08   1.364e+08   0
35.6   1.433   -0.4766   0.2373   0   -2.551e+08   1.364e+08   0
35.7   1.442   -0.5021   0.251   0   -2.552e+08   1.364e+08   0
35.8   1.45   -0.5277   0.2646   0   -2.553e+08   1.364e+08   0
35.9   1.457   -0.5532   0.2783   0   -2.553e+08   1.364e+08   0
36   1.464   -0.5787   0.2919   0   -2.554e+08   1.365e+08   0
36.1   1.47   -0.6043   0.3056   0   -2.555e+08   1.365e+08   0
36.2   1.475   -0.6298   0.3192   0   -2.555e+08   1.365e+08   0
36.3   1.48   -0.6554   0.3329   0   -2.556e+08   1.365e+08   0
36.4   1.483   -0.6809   0.3465   0   -2.556e+08   1.365e+08   0
36.5   1.483   -0.7065   0.3602   0   -2.556e+08   1.365e+08   0
36.6   1.483   -0.7321   0.3738   0   -2.556e+08   1.365e+08   0
36.7   1.483   -0.7576   0.3875   0   -2.556e+08   1.365e+08   0
36.8   1.483   -0.7832   0.4011   0   -2.556e+08   1.365e+08   0
36.9   1.483   -0.8087   0.4147   0   -2.556e+08   1.365e+08   0
37   1.483   -0.8343   0.4284   0   -2.556e+08   1.365e+08   0
37.1   1.483   -0.8599   0.442   0   -2.556e+08   1.365e+08   0
37.2   1.483   -0.8854   0.4557   0   -2.556e+08   1.365e+08   0
37.3   1.483   -0.911   0.4693   0   -2.556e+08   1.365e+08   0
37.4   1.483   -0.9366   0.483   0   -2.556e+08   1.365e+08   0
37.5   1.483   -0.9621   0.4966   0   -2.556e+08   1.365e+08   0
37.6   1.483   -0.9877   0.5103   0   -2.556e+08   1.365e+08   0
37.7   1.483   -1.013   0.5239   0   -2.556e+08   1.365e+08   0
37.8   1.483   -1.039   0.5376   0   -2.556e+08   1.365e+08   0
37.9   1.483   -1.064   0.5512   0   -2.556e+08   1.365e+08   0
38   1.483   -1.09   0.5649   0   -2.556e+08   1.365e+08   0
38.1   1.483   -1.115   0.5785   0   -2.556e+08   1.365e+08   0
38.2   1.483   -1.141   0.5922   0   -2.556e+08   1.365e+08   0
38.3   1.483   -1.167   0.6058   0   -2.556e+08   1.365e+08   0
38.4   1.483   -1.192   0.6195   0   -2.556e+08   1.365e+08   0
38.5   1.483   -1.218   0.6331   0   -2.556e+08   1.365e+08   0
38.6   1.483   -1.243   0.6468   0   -2.556e+08   1.365e+08   0
38.7   1.483   -1.269   0.6604   0   -2.556e+08   1.365e+08   0
38.8   1.483   -1.294   0.6741   0   -2.556e+08   1.365e+08   0
38.9   1.483   -1.32   0.6877   0   -2.556e+08   1.365e+08   0
39   1.483   -1.346   0.7014   0   -2.556e+08   1.365e+08   0
39.1   1.483   -1.371   0.715   0   -2.556e+08   1.365e+08   0
39.2   1.483   -1.397   0.7287   0   -2.556e+08   1.365e+08   0
39.3   1.483   -1.422   0.7423   0   -2.556e+08   1.365e+08   0
39.4   1.483   -1.448   0.756   0   -2.556e+08   1.365e+08   0
39.5   1.483   -1.473   0.7696   0   -2.556e+08   1.365e+08   0
39.6   1.483   -1.499   0.7833   0   -2.556e+08   1.365e+08   0
39.7   1.483   -1.524   0.7969   0   -2.556e+08   1.365e+08   0
39.8   1.483   -1.55   0.8106   0   -2.556e+08   1.365e+08   0
39.9   1.483   -1.576   0.8242   0   -2.556e+08   1.365e+08   0
40   1.483   -1.601   0.8379   0   -2.556e+08   1.365e+08   0
40.1   1.483   -1.627   0.8515   0   -2.556e+08   1.365e+08   0
40.2   1.483   -1.652   0.8652   0   -2.556e+08   1.365e+08   0
40.3   1.483   -1.678   0.8788   0   -2.556e+08   1.365e+08   0
40.4   1.483   -1.703   0.8925   0   -2.556e+08   1.365e+08   0
40.5   1.483   -1.729   0.9061   0   -2.556e+08   1.365e+08   0
40.6   1.483   -1.755   0.9198   0   -2.556e+08   1.365e+08   0
40.7   1.483   -1.78   0.9334   0   -2.556e+08   1.365e+08   0
40.8   1.483   -1.806   0.9471   0   -2.556e+08   1.365e+08   0
40.9   1.483   -1.831   0.9607   0   -2.556e+08   1.365e+08   0
41   1.483   -1.857   0.9744   0   -2.556e+08   1.365e+08   0
41.1   1.483   -1.882   0.988   0   -2.556e+08   1.365e+08   0
41.2   1.483   -1.908   1.002   0   -2.556e+08   1.365e+08   0
41.3   1.483   -1.933   1.015   0   -2.556e+08   1.365e+08   0
41.4   1.483   -1.959   1.029   0   -2.556e+08   1.365e+08   0
41.5   1.483   -1.985   1.043   0   -2.556e+08   1.365e+08   0
41.6   1.483   -2.01   1.056   0   -2.556e+08   1.365e+08   0
41.7   1.483   -2.036   1.07   0   -2.556e+08   1.365e+08   0
41.8   1.483   -2.061   1.084   0   -2.556e+08   1.365e+08   0
41.9   1.483   -2.087   1.097   0   -2.556e+08   1.365e+08   0
42   1.483   -2.112   1.111   0   -2.556e+08   1.365e+08   0
42.1   1.483   -2.138   1.125   0   -2.556e+08   1.365e+08   0
42.2   1.483   -2.164   1.138   0   -2.556e+08   1.365e+08   0
42.3   1.483   -2.189   1.152   0   -2.556e+08   1.365e+08   0
42.4   1.483   -2.215   1.165   0   -2.556e+08   1.365e+08   0
42.5   1.483   -2.24   1.179   0   -2.556e+08   1.365e+08   0
42.6   1.483   -2.266   1.193   0   -2.556e+08   1.365e+08   0
42.7   1.483   -2.291   1.206   0   -2.556e+08   1.365e+08   0
42.8   1.483   -2.317   1.22   0   -2.556e+08   1.365e+08   0
42.9   1.483   -2.342   1.234   0   -2.556e+08   1.365e+08   0
43   1.483   -2.368   1.247   0   -2.556e+08   1.365e+08   0
43.1   1.483   -2.394   1.261   0   -2.556e+08   1.365e+08   0
43.2   1.483   -2.419   1.275   0   -2.556e+08   1.365e+08   0
43.3   1.483   -2.445   1.288   0   -2.556e+08   1.365e+08   0
43.4   1.483   -2.47   1.302   0   -2.556e+08   1.365e+08   0
43.5   1.483   -2.496   1.316   0   -2.556e+08   1.365e+08   0
43.6   1.483   -2.521   1.329   0   -2.556e+08   1.365e+08   0
43.7   1.483   -2.547   1.343   0   -2.556e+08   1.365e+08   0
43.8   1.483   -2.573   1.357   0   -2.556e+08   1.365e+08   0
43.9   1.483   -2.598   1.37   0   -2.556e+08   1.365e+08   0
44   1.483   -2.624   1.384   0   -2.556e+08   1.365e+08   0
44.1   1.483   -2.649   1.398   0   -2.556e+08   1.365e+08   0
44.2   1.483   -2.675   1.411   0   -2.556e+08   1.365e+08   0
44.3   1.483   -2.7   1.425   0   -2.556e+08   1.365e+08   0
44.4   1.483   -2.726   1.438   0   -2.556e+08   1.365e+08   0
44.5   1.483   -2.751   1.452   0   -2.556e+08   1.365e+08   0
44.6   1.483   -2.777   1.466   0   -2.556e+08   1.365e+08   0
44.7   1.483   -2.803   1.479   0   -2.556e+08   1.365e+08   0
44.8   1.483   -2.828   1.493   0   -2.556e+08   1.365e+08   0
44.9   1.483   -2.854   1.507   0   -2.556e+08   1.365e+08   0
45   1.483   -2.879   1.52   0   -2.556e+08   1.365e+08   0
