0   0.04   -0.753   0   0   1.121e+08   0   0
0.1   0.04   -0.753   0   0   1.121e+08   0   0
0.2   0.04   -0.753   0   0   1.121e+08   0   0
0.3   0.04   -0.753   0   0   1.121e+08   0   0
0.4   0.04   -0.753   0   0   1.121e+08   0   0
0.5   0.04045   -0.7445   0   0   1.127e+08   0   0
0.6   0.04122   -0.7332   0   0   1.137e+08   0   0
0.7   0.0422   -0.7218   0   0   1.148e+08   0   0
0.8   0.04339   -0.7102   0   0   1.163e+08   0   0
0.9   0.04479   -0.6985   0   0   1.179e+08   0   0
1   0.04642   -0.6867   0   0   1.198e+08   0   0
1.1   0.04829   -0.6746   0   0   1.219e+08   0   0
1.2   0.05041   -0.6623   0   0   1.242e+08   0   0
1.3   0.05278   -0.6497   0   0   1.266e+08   0   0
1.4   0.05542   -0.6369   0   0   1.293e+08   0   0
1.5   0.05833   -0.6239   0   0   1.322e+08   0   0
1.6   0.06154   -0.6105   0   0   1.352e+08   0   0
1.7   0.06504   -0.5968   0   0   1.384e+08   0   0
1.8   0.06885   -0.5828   0   0   1.417e+08   0   0
1.9   0.07298   -0.5685   0   0   1.451e+08   0   0
2   0.07744   -0.5538   0   0   1.487e+08   0   0
2.1   0.08223   -0.5387   0   0   1.523e+08   0   0
2.2   0.08737   -0.5233   0   0   1.56e+08   0   0
2.3   0.09285   -0.5075   0   0   1.597e+08   0   0
2.4   0.09868   -0.4914   0   0   1.635e+08   0   0
2.5   0.1049   -0.4748   0   0   1.673e+08   0   0
2.6   0.1114   -0.4579   0   0   1.712e+08   0   0
2.7   0.1183   -0.4406   0   0   1.75e+08   0   0
2.8   0.1256   -0.4229   0   0   1.788e+08   0   0
2.9   0.1332   -0.4048   0   0   1.825e+08   0   0
3   0.1411   -0.3864   0   0   1.863e+08   0   0
3.1   0.1494   -0.3676   0   0   1.899e+08   0   0
3.2   0.1581   -0.3484   0   0   1.935e+08   0   0
3.3   0.167   -0.3289   0   0   1.97e+08   0   0
3.4   0.1763   -0.309   0   0   2.005e+08   0   0
3.5   0.1858   -0.2888   0   0   2.038e+08   0   0
3.6   0.1957   -0.2682   0   0   2.071e+08   0   0
3.7   0.2058   -0.2473   0   0   2.102e+08   0   0
3.8   0.2162   -0.2262   0   0   2.133e+08   0   0
3.9   0.2268   -0.2047   0   0   2.162e+08   0   0
4   0.2349   -0.1829   0   0   2.184e+08   0   0
4.1   0.2349   -0.1611   0   0   2.184e+08   0   0
4.2   0.2349   -0.1392   0   0   2.184e+08   0   0
4.3   0.2349   -0.1174   0   0   2.184e+08   0   0
4.4   0.2349   -0.09557   0   0   2.184e+08   0   0
4.5   0.2349   -0.07373   0   0   2.184e+08   0   0
4.6   0.2349   -0.05189   0   0   2.184e+08   0   0
4.7   0.2349   -0.03005   0   0   2.184e+08   0   0
4.8   0.2349   -0.008208   0   0   2.184e+08   0   0
4.9   0.2349   0.01363   0   0   2.184e+08   0   0
5   0.2349   0.03547   0   0   2.184e+08   0   0
5.1   0.2349   0.05731   0   0   2.184e+08   0   0
5.2   0.2349   0.07915   0   0   2.184e+08   0   0
5.3   0.2349   0.101   0   0   2.184e+08   0   0
5.4   0.2349   0.1228   0   0   2.184e+08   0   0
5.5   0.2349   0.1447   0   0   2.184e+08   0   0
5.6   0.2349   0.1665   0   0   2.184e+08   0   0
5.7   0.2349   0.1884   0   0   2.184e+08   0   0
5.8   0.2471   0.2104   0   0   2.215e+08   0   0
5.9   0.2591   0.2326   0   0   2.243e+08   0   0
6   0.271   0.2552   0   0   2.269e+08   0   0
6.1   0.2827   0.278   0   0   2.294e+08   0   0
6.2   0.2942   0.3011   0   0   2.317e+08   0   0
6.3   0.3055   0.3244   0   0   2.338e+08   0   0
6.4   0.3165   0.3478   0   0   2.358e+08   0   0
6.5   0.3272   0.3715   0   0   2.376e+08   0   0
6.6   0.3377   0.3954   0   0   2.394e+08   0   0
6.7   0.3479   0.4194   0   0   2.41e+08   0   0
6.8   0.3577   0.4436   0   0   2.424e+08   0   0
6.9   0.3672   0.4679   0   0   2.438e+08   0   0
7   0.3764   0.4923   0   0   2.451e+08   0   0
7.1   0.3851   0.5169   0   0   2.463e+08   0   0
7.2   0.3936   0.5416   0   0   2.474e+08   0   0
7.3   0.4016   0.5664   0   0   2.484e+08   0   0
7.4   0.4093   0.5912   0   0   2.493e+08   0   0
7.5   0.4166   0.6162   0   0   2.502e+08   0   0
7.6   0.4235   0.6413   0   0   2.51e+08   0   0
7.7   0.4299   0.6664   0   0   2.517e+08   0   0
7.8   0.436   0.6916   0   0   2.524e+08   0   0
7.9   0.4417   0.7169   0   0   2.53e+08   0   0
8   0.447   0.7422   0   0   2.536e+08   0   0
8.1   0.4491   0.7676   0   0   2.538e+08   0   0
8.2   0.4491   0.793   0   0   2.538e+08   0   0
8.3   0.4491   0.8184   0   0   2.538e+08   0   0
8.4   0.4491   0.8438   0   0   2.538e+08   0   0
8.5   0.4491   0.8691   0   0   2.538e+08   0   0
8.6   0.4491   0.8945   0   0   2.538e+08   0   0
8.7   0.4491   0.9199   0   0   2.538e+08   0   0
8.8   0.4491   0.9453   0   0   2.538e+08   0   0
8.9   0.4491   0.9707   0   0   2.538e+08   0   0
9   0.4491   0.996   0   0   2.538e+08   0   0
9.1   0.4491   1.021   0   0   2.538e+08   0   0
9.2   0.4491   1.047   0   0   2.538e+08   0   0
9.3   0.4491   1.072   0   0   2.538e+08   0   0
9.4   0.4491   1.098   0   0   2.538e+08   0   0
9.5   0.4497   1.123   -0.001379   0   2.501e+08   -4.367e+07   0
9.6   0.4507   1.147   -0.009187   0   2.285e+08   -1.108e+08   0
9.7   0.4516   1.168   -0.02332   0   1.894e+08   -1.694e+08   0
9.8   0.4526   1.184   -0.04268   0   1.356e+08   -2.149e+08   0
9.9   0.4535   1.195   -0.06579   0   7.152e+07   -2.44e+08   0
10   0.4545   1.198   -0.09088   0   1.944e+06   -2.544e+08   0
10.1   0.4554   1.195   -0.116   0   -6.777e+07   -2.453e+08   0
10.2   0.4564   1.185   -0.1393   0   -1.323e+08   -2.175e+08   0
10.3   0.4574   1.169   -0.1589   0   -1.867e+08   -1.731e+08   0
10.4   0.4583   1.148   -0.1734   0   -2.27e+08   -1.156e+08   0
10.5   0.4593   1.124   -0.1817   0   -2.5e+08   -4.938e+07   0
10.6   0.4602   1.099   -0.1831   0   -2.541e+08   2.059e+07   0
10.7   0.4605   1.073   -0.1793   0   -2.516e+08   4.152e+07   0
10.8   0.4605   1.048   -0.1751   0   -2.516e+08   4.152e+07   0
10.9   0.4605   1.023   -0.171   0   -2.516e+08   4.152e+07   0
11   0.4605   0.9979   -0.1668   0   -2.516e+08   4.152e+07   0
11.1   0.4605   0.9728   -0.1626   0   -2.516e+08   4.152e+07   0
11.2   0.4605   0.9476   -0.1585   0   -2.516e+08   4.152e+07   0
11.3   0.4605   0.9224   -0.1543   0   -2.516e+08   4.152e+07   0
11.4   0.4605   0.8973   -0.1502   0   -2.516e+08   4.152e+07   0
11.5   0.4605   0.8721   -0.146   0   -2.516e+08   4.152e+07   0
11.6   0.4605   0.847   -0.1419   0   -2.516e+08   4.152e+07   0
11.7   0.4605   0.8218   -0.1377   0   -2.516e+08   4.152e+07   0
11.8   0.4605   0.7967   -0.1336   0   -2.516e+08   4.152e+07   0
11.9   0.4605   0.7715   -0.1294   0   -2.516e+08   4.152e+07   0
12   0.4605   0.7463   -0.1253   0   -2.516e+08   4.152e+07   0
12.1   0.4657   0.7212   -0.1211   0   -2.521e+08   4.161e+07   0
12.2   0.4719   0.6959   -0.117   0   -2.527e+08   4.171e+07   0
12.3   0.4782   0.6706   -0.1128   0   -2.533e+08   4.181e+07   0
12.4   0.4846   0.6453   -0.1086   0   -2.539e+08   4.192e+07   0
12.5   0.4911   0.6199   -0.1044   0   -2.544e+08   4.202e+07   0
12.6   0.4976   0.5944   -0.1002   0   -2.55e+08   4.212e+07   0
12.7   0.5042   0.5688   -0.09598   0   -2.556e+08   4.223e+07   0
12.8   0.5107   0.5433   -0.09175   0   -2.561e+08   4.232e+07   0
12.9   0.5171   0.5176   -0.08751   0   -2.567e+08   4.242e+07   0
13   0.5235   0.4919   -0.08327   0   -2.572e+08   4.251e+07   0
13.1   0.5297   0.4662   -0.07901   0   -2.577e+08   4.26e+07   0
13.2   0.5358   0.4404   -0.07475   0   -2.581e+08   4.269e+07   0
13.3   0.5416   0.4146   -0.07047   0   -2.586e+08   4.277e+07   0
13.4   0.5471   0.3887   -0.06619   0   -2.59e+08   4.285e+07   0
13.5   0.5523   0.3628   -0.0619   0   -2.594e+08   4.292e+07   0
13.6   0.557   0.3368   -0.05761   0   -2.597e+08   4.298e+07   0
13.7   0.5612   0.3108   -0.05331   0   -2.6e+08   4.304e+07   0
13.8   0.5647   0.2848   -0.049   0   -2.603e+08   4.309e+07   0
13.9   0.5674   0.2588   -0.04469   0   -2.605e+08   4.313e+07   0
14   0.5691   0.2327   -0.04038   0   -2.606e+08   4.315e+07   0
14.1   0.5696   0.2067   -0.03606   0   -2.606e+08   4.316e+07   0
14.2   0.5688   0.1806   -0.03175   0   -2.605e+08   4.314e+07   0
14.3   0.5688   0.1545   -0.02743   0   -2.605e+08   4.314e+07   0
14.4   0.5688   0.1285   -0.02312   0   -2.605e+08   4.314e+07   0
14.5   0.5688   0.1024   -0.0188   0   -2.605e+08   4.314e+07   0
14.6   0.5688   0.07638   -0.01449   0   -2.605e+08   4.314e+07   0
14.7   0.5688   0.05033   -0.01017   0   -2.605e+08   4.314e+07   0
14.8   0.5688   0.02427   -0.00586   0   -2.605e+08   4.314e+07   0
14.9   0.5688   -0.001785   -0.001546   0   -2.605e+08   4.314e+07   0
15   0.5688   -0.02784   0.002769   0   -2.605e+08   4.314e+07   0
15.1   0.5688   -0.05389   0.007083   0   -2.605e+08   4.314e+07   0
15.2   0.5688   -0.07995   0.0114   0   -2.605e+08   4.314e+07   0
15.3   0.5688   -0.106   0.01571   0   -2.605e+08   4.314e+07   0
15.4   0.5688   -0.1321   0.02003   0   -2.605e+08   4.314e+07   0
15.5   0.5688   -0.1581   0.02434   0   -2.605e+08   4.314e+07   0
15.6   0.5688   -0.1842   0.02866   0   -2.605e+08   4.314e+07   0
15.7   0.588   -0.2103   0.03298   0   -2.619e+08   4.331e+07   0
15.8   0.6072   -0.2365   0.03732   0   -2.631e+08   4.346e+07   0
15.9   0.625   -0.2629   0.04167   0   -2.642e+08   4.361e+07   0
16   0.6415   -0.2894   0.04604   0   -2.651e+08   4.373e+07   0
16.1   0.6569   -0.3159   0.05042   0   -2.66e+08   4.385e+07   0
16.2   0.6713   -0.3426   0.05481   0   -2.667e+08   4.396e+07   0
16.3   0.6848   -0.3693   0.05921   0   -2.674e+08   4.405e+07   0
16.4   0.6975   -0.396   0.06362   0   -2.681e+08   4.414e+07   0
16.5   0.7093   -0.4229   0.06804   0   -2.686e+08   4.422e+07   0
16.6   0.7204   -0.4498   0.07246   0   -2.691e+08   4.43e+07   0
16.7   0.7308   -0.4767   0.07689   0   -2.696e+08   4.436e+07   0
16.8   0.7405   -0.5037   0.08133   0   -2.7e+08   4.443e+07   0
16.9   0.7495   -0.5307   0.08578   0   -2.704e+08   4.448e+07   0
17   0.7579   -0.5578   0.09023   0   -2.708e+08   4.453e+07   0
17.1   0.7657   -0.5849   0.09469   0   -2.711e+08   4.458e+07   0
17.2   0.7729   -0.612   0.09915   0   -2.714e+08   4.462e+07   0
17.3   0.7795   -0.6391   0.1036   0   -2.716e+08   4.466e+07   0
17.4   0.7856   -0.6663   0.1081   0   -2.719e+08   4.47e+07   0
17.5   0.7911   -0.6935   0.1126   0   -2.721e+08   4.473e+07   0
17.6   0.7961   -0.7207   0.117   0   -2.723e+08   4.476e+07   0
17.7   0.7999   -0.748   0.1215   0   -2.724e+08   4.478e+07   0
17.8   0.7999   -0.7752   0.126   0   -2.724e+08   4.478e+07   0
17.9   0.7999   -0.8025   0.1305   0   -2.724e+08   4.478e+07   0
18   0.7999   -0.8297   0.1349   0   -2.724e+08   4.478e+07   0
18.1   0.7999   -0.8569   0.1394   0   -2.724e+08   4.478e+07   0
18.2   0.7999   -0.8842   0.1439   0   -2.724e+08   4.478e+07   0
18.3   0.7999   -0.9114   0.1484   0   -2.724e+08   4.478e+07   0
18.4   0.7999   -0.9387   0.1528   0   -2.724e+08   4.478e+07   0
18.5   0.7999   -0.9659   0.1573   0   -2.724e+08   4.478e+07   0
18.6   0.7999   -0.9932   0.1618   0   -2.724e+08   4.478e+07   0
18.7   0.7999   -1.02   0.1663   0   -2.724e+08   4.478e+07   0
18.8   0.7999   -1.048   0.1708   0   -2.724e+08   4.478e+07   0
18.9   0.7999   -1.075   0.1752   0   -2.724e+08   4.478e+07   0
19   0.7999   -1.102   0.1797   0   -2.724e+08   4.478e+07   0
19.1   0.7999   -1.129   0.1842   0   -2.724e+08   4.478e+07   0
19.2   0.8019   -1.156   0.1909   0   -2.573e+08   1.002e+08   0
19.3   0.8045   -1.18   0.2042   0   -2.219e+08   1.645e+08   0
19.4   0.8072   -1.2   0.2235   0   -1.709e+08   2.172e+08   0
19.5   0.8098   -1.214   0.2472   0   -1.079e+08   2.545e+08   0
19.6   0.8124   -1.221   0.2738   0   -3.744e+07   2.74e+08   0
19.7   0.8151   -1.221   0.3014   0   3.553e+07   2.744e+08   0
19.8   0.8178   -1.214   0.328   0   1.059e+08   2.557e+08   0
19.9   0.8204   -1.2   0.3519   0   1.689e+08   2.193e+08   0
20   0.8231   -1.181   0.3713   0   2.202e+08   1.679e+08   0
20.1   0.8258   -1.157   0.385   0   2.563e+08   1.051e+08   0
20.2   0.8285   -1.13   0.392   0   2.749e+08   3.511e+07   0
20.3   0.8312   -1.102   0.3919   0   2.747e+08   -3.715e+07   0
20.4   0.8333   -1.076   0.3848   0   2.614e+08   -9.262e+07   0
20.5   0.8333   -1.049   0.3755   0   2.614e+08   -9.262e+07   0
20.6   0.8333   -1.023   0.3663   0   2.614e+08   -9.262e+07   0
20.7   0.8333   -0.9971   0.357   0   2.614e+08   -9.262e+07   0
20.8   0.8333   -0.971   0.3477   0   2.614e+08   -9.262e+07   0
20.9   0.8333   -0.9449   0.3385   0   2.614e+08   -9.262e+07   0
21   0.8333   -0.9187   0.3292   0   2.614e+08   -9.262e+07   0
21.1   0.8333   -0.8926   0.32   0   2.614e+08   -9.262e+07   0
21.2   0.8333   -0.8665   0.3107   0   2.614e+08   -9.262e+07   0
21.3   0.8333   -0.8403   0.3014   0   2.614e+08   -9.262e+07   0
21.4   0.8333   -0.8142   0.2922   0   2.614e+08   -9.262e+07   0
21.5   0.8333   -0.788   0.2829   0   2.614e+08   -9.262e+07   0
21.6   0.8333   -0.7619   0.2736   0   2.614e+08   -9.262e+07   0
21.7   0.8333   -0.7358   0.2644   0   2.614e+08   -9.262e+07   0
21.8   0.8333   -0.7096   0.2551   0   2.614e+08   -9.262e+07   0
21.9   0.8388   -0.6835   0.2459   0   2.615e+08   -9.269e+07   0
22   0.8446   -0.6573   0.2366   0   2.617e+08   -9.276e+07   0
22.1   0.8504   -0.6311   0.2273   0   2.619e+08   -9.283e+07   0
22.2   0.8561   -0.6049   0.218   0   2.621e+08   -9.29e+07   0
22.3   0.8616   -0.5787   0.2087   0   2.623e+08   -9.297e+07   0
22.4   0.867   -0.5525   0.1994   0   2.624e+08   -9.303e+07   0
22.5   0.8722   -0.5262   0.1901   0   2.626e+08   -9.309e+07   0
22.6   0.8771   -0.5   0.1808   0   2.627e+08   -9.315e+07   0
22.7   0.8817   -0.4737   0.1715   0   2.628e+08   -9.321e+07   0
22.8   0.886   -0.4474   0.1622   0   2.63e+08   -9.326e+07   0
22.9   0.8899   -0.4211   0.1528   0   2.631e+08   -9.33e+07   0
23   0.8932   -0.3948   0.1435   0   2.632e+08   -9.334e+07   0
23.1   0.896   -0.3685   0.1342   0   2.633e+08   -9.338e+07   0
23.2   0.8981   -0.3421   0.1248   0   2.633e+08   -9.34e+07   0
23.3   0.8994   -0.3158   0.1155   0   2.633e+08   -9.342e+07   0
23.4   0.8998   -0.2895   0.1062   0   2.634e+08   -9.342e+07   0
23.5   0.8991   -0.2631   0.09681   0   2.633e+08   -9.341e+07   0
23.6   0.8969   -0.2368   0.08747   0   2.633e+08   -9.339e+07   0
23.7   0.8932   -0.2105   0.07813   0   2.632e+08   -9.334e+07   0
23.8   0.8873   -0.1842   0.0688   0   2.63e+08   -9.326e+07   0
23.9   0.8851   -0.1579   0.05948   0   2.63e+08   -9.322e+07   0
24   0.8851   -0.1316   0.05016   0   2.63e+08   -9.322e+07   0
24.1   0.8851   -0.1053   0.04084   0   2.63e+08   -9.322e+07   0
24.2   0.8851   -0.07899   0.03151   0   2.63e+08   -9.322e+07   0
24.3   0.8851   -0.0527   0.02219   0   2.63e+08   -9.322e+07   0
24.4   0.8851   -0.0264   0.01287   0   2.63e+08   -9.322e+07   0
24.5   0.8851   -0.0001082   0.003545   0   2.63e+08   -9.322e+07   0
24.6   0.8851   0.02619   -0.005777   0   2.63e+08   -9.322e+07   0
24.7   0.8851   0.05248   -0.0151   0   2.63e+08   -9.322e+07   0
24.8   0.8851   0.07878   -0.02442   0   2.63e+08   -9.322e+07   0
24.9   0.8851   0.1051   -0.03374   0   2.63e+08   -9.322e+07   0
25   0.8851   0.1314   -0.04307   0   2.63e+08   -9.322e+07   0
25.1   0.8851   0.1577   -0.05239   0   2.63e+08   -9.322e+07   0
25.2   0.89   0.184   -0.06171   0   2.631e+08   -9.326e+07   0
25.3   0.9132   0.2103   -0.07105   0   2.638e+08   -9.341e+07   0
25.4   0.934   0.2367   -0.08039   0   2.644e+08   -9.355e+07   0
25.5   0.953   0.2632   -0.08975   0   2.649e+08   -9.367e+07   0
25.6   0.9703   0.2897   -0.09913   0   2.653e+08   -9.378e+07   0
25.7   0.9862   0.3162   -0.1085   0   2.657e+08   -9.389e+07   0
25.8   1.001   0.3428   -0.1179   0   2.66e+08   -9.398e+07   0
25.9   1.014   0.3694   -0.1273   0   2.663e+08   -9.407e+07   0
26   1.027   0.3961   -0.1367   0   2.666e+08   -9.414e+07   0
26.1   1.038   0.4228   -0.1461   0   2.669e+08   -9.422e+07   0
26.2   1.049   0.4495   -0.1556   0   2.671e+08   -9.428e+07   0
26.3   1.059   0.4762   -0.165   0   2.673e+08   -9.434e+07   0
26.4   1.068   0.5029   -0.1744   0   2.675e+08   -9.439e+07   0
26.5   1.076   0.5297   -0.1839   0   2.676e+08   -9.444e+07   0
26.6   1.083   0.5565   -0.1933   0   2.678e+08   -9.449e+07   0
26.7   1.09   0.5832   -0.2028   0   2.679e+08   -9.453e+07   0
26.8   1.096   0.61   -0.2122   0   2.681e+08   -9.456e+07   0
26.9   1.102   0.6368   -0.2217   0   2.682e+08   -9.46e+07   0
27   1.107   0.6637   -0.2311   0   2.682e+08   -9.462e+07   0
27.1   1.112   0.6905   -0.2406   0   2.683e+08   -9.465e+07   0
27.2   1.115   0.7173   -0.2501   0   2.684e+08   -9.467e+07   0
27.3   1.115   0.7442   -0.2595   0   2.684e+08   -9.467e+07   0
27.4   1.115   0.771   -0.269   0   2.684e+08   -9.467e+07   0
27.5   1.115   0.7979   -0.2785   0   2.684e+08   -9.467e+07   0
27.6   1.115   0.8247   -0.2879   0   2.684e+08   -9.467e+07   0
27.7   1.115   0.8515   -0.2974   0   2.684e+08   -9.467e+07   0
27.8   1.115   0.8784   -0.3069   0   2.684e+08   -9.467e+07   0
27.9   1.115   0.9052   -0.3163   0   2.684e+08   -9.467e+07   0
28   1.115   0.932   -0.3258   0   2.684e+08   -9.467e+07   0
28.1   1.115   0.9589   -0.3353   0   2.684e+08   -9.467e+07   0
28.2   1.115   0.9857   -0.3447   0   2.684e+08   -9.467e+07   0
28.3   1.115   1.013   -0.3542   0   2.684e+08   -9.467e+07   0
28.4   1.115   1.039   -0.3637   0   2.684e+08   -9.467e+07   0
28.5   1.115   1.066   -0.3731   0   2.684e+08   -9.467e+07   0
28.6   1.115   1.093   -0.3826   0   2.684e+08   -9.467e+07   0
28.7   1.121   1.118   -0.3957   0   2.304e+08   -1.673e+08   0
28.8   1.128   1.138   -0.4156   0   1.714e+08   -2.275e+08   0
28.9   1.134   1.152   -0.4406   0   9.779e+07   -2.677e+08   0
29   1.141   1.158   -0.4684   0   1.593e+07   -2.846e+08   0
29.1   1.148   1.155   -0.4967   0   -6.704e+07   -2.772e+08   0
29.2   1.155   1.144   -0.5231   0   -1.441e+08   -2.463e+08   0
29.3   1.161   1.127   -0.5452   0   -2.087e+08   -1.947e+08   0
29.4   1.168   1.103   -0.5614   0   -2.557e+08   -1.271e+08   0
29.5   1.175   1.076   -0.5702   0   -2.814e+08   -4.909e+07   0
29.6   1.182   1.048   -0.571   0   -2.839e+08   3.267e+07   0
29.7   1.189   1.02   -0.5637   0   -2.633e+08   1.115e+08   0
29.8   1.191   0.9948   -0.5504   0   -2.509e+08   1.372e+08   0
29.9   1.191   0.9697   -0.5367   0   -2.509e+08   1.372e+08   0
30   1.191   0.9446   -0.523   0   -2.509e+08   1.372e+08   0
30.1   1.191   0.9195   -0.5093   0   -2.509e+08   1.372e+08   0
30.2   1.191   0.8944   -0.4955   0   -2.509e+08   1.372e+08   0
30.3   1.191   0.8693   -0.4818   0   -2.509e+08   1.372e+08   0
30.4   1.191   0.8442   -0.4681   0   -2.509e+08   1.372e+08   0
30.5   1.191   0.8191   -0.4544   0   -2.509e+08   1.372e+08   0
30.6   1.191   0.794   -0.4407   0   -2.509e+08   1.372e+08   0
30.7   1.191   0.769   -0.4269   0   -2.509e+08   1.372e+08   0
30.8   1.191   0.7439   -0.4132   0   -2.509e+08   1.372e+08   0
30.9   1.191   0.7188   -0.3995   0   -2.509e+08   1.372e+08   0
31   1.191   0.6937   -0.3858   0   -2.509e+08   1.372e+08   0
31.1   1.191   0.6686   -0.372   0   -2.509e+08   1.372e+08   0
31.2   1.195   0.6435   -0.3583   0   -2.509e+08   1.373e+08   0
31.3   1.201   0.6184   -0.3446   0   -2.51e+08   1.373e+08   0
31.4   1.207   0.5933   -0.3309   0   -2.511e+08   1.374e+08   0
31.5   1.212   0.5682   -0.3171   0   -2.512e+08   1.374e+08   0
31.6   1.218   0.5431   -0.3034   0   -2.513e+08   1.375e+08   0
31.7   1.224   0.5179   -0.2896   0   -2.513e+08   1.375e+08   0
31.8   1.229   0.4928   -0.2759   0   -2.514e+08   1.376e+08   0
31.9   1.234   0.4677   -0.2621   0   -2.515e+08   1.376e+08   0
32   1.239   0.4425   -0.2484   0   -2.515e+08   1.376e+08   0
32.1   1.243   0.4174   -0.2346   0   -2.516e+08   1.377e+08   0
32.2   1.247   0.3922   -0.2208   0   -2.516e+08   1.377e+08   0
32.3   1.25   0.367   -0.207   0   -2.517e+08   1.378e+08   0
32.4   1.253   0.3419   -0.1933   0   -2.517e+08   1.378e+08   0
32.5   1.255   0.3167   -0.1795   0   -2.517e+08   1.378e+08   0
32.6   1.257   0.2915   -0.1657   0   -2.517e+08   1.378e+08   0
32.7   1.257   0.2663   -0.1519   0   -2.517e+08   1.378e+08   0
32.8   1.256   0.2412   -0.1381   0   -2.517e+08   1.378e+08   0
32.9   1.254   0.216   -0.1244   0   -2.517e+08   1.378e+08   0
33   1.25   0.1908   -0.1106   0   -2.517e+08   1.377e+08   0
33.1   1.244   0.1657   -0.09682   0   -2.516e+08   1.377e+08   0
33.2   1.243   0.1405   -0.08305   0   -2.516e+08   1.377e+08   0
33.3   1.243   0.1153   -0.06929   0   -2.516e+08   1.377e+08   0
33.4   1.243   0.09018   -0.05552   0   -2.516e+08   1.377e+08   0
33.5   1.243   0.06503   -0.04175   0   -2.516e+08   1.377e+08   0
33.6   1.243   0.03987   -0.02799   0   -2.516e+08   1.377e+08   0
33.7   1.243   0.01471   -0.01422   0   -2.516e+08   1.377e+08   0
33.8   1.243   -0.01045   -0.0004538   0   -2.516e+08   1.377e+08   0
33.9   1.243   -0.03561   0.01331   0   -2.516e+08   1.377e+08   0
34   1.243   -0.06077   0.02708   0   -2.516e+08   1.377e+08   0
34.1   1.243   -0.08593   0.04085   0   -2.516e+08   1.377e+08   0
34.2   1.243   -0.1111   0.05461   0   -2.516e+08   1.377e+08   0
34.3   1.243   -0.1362   0.06838   0   -2.516e+08   1.377e+08   0
34.4   1.243   -0.1614   0.08215   0   -2.516e+08   1.377e+08   0
34.5   1.262   -0.1866   0.09591   0   -2.519e+08   1.377e+08   0
34.6   1.284   -0.2118   0.1097   0   -2.522e+08   1.378e+08   0
34.7   1.304   -0.237   0.1235   0   -2.525e+08   1.379e+08   0
34.8   1.322   -0.2623   0.1373   0   -2.527e+08   1.379e+08   0
34.9   1.338   -0.2876   0.1511   0   -2.529e+08   1.38e+08   0
35   1.354   -0.3129   0.1649   0   -2.531e+08   1.38e+08   0
35.1   1.368   -0.3382   0.1787   0   -2.533e+08   1.381e+08   0
35.2   1.381   -0.3635   0.1925   0   -2.534e+08   1.382e+08   0
35.3   1.393   -0.3889   0.2063   0   -2.536e+08   1.382e+08   0
35.4   1.404   -0.4142   0.2201   0   -2.537e+08   1.383e+08   0
35.5   1.415   -0.4396   0.2339   0   -2.538e+08   1.383e+08   0
35.6   1.424   -0.465   0.2478   0   -2.539e+08   1.383e+08   0
35.7   1.433   -0.4904   0.2616   0   -2.54e+08   1.384e+08   0
35.8   1.441   -0.5158   0.2755   0   -2.541e+08   1.384e+08   0
35.9   1.448   -0.5412   0.2893   0   -2.542e+08   1.384e+08   0
36   1.455   -0.5666   0.3031   0   -2.542e+08   1.385e+08   0
36.1   1.461   -0.5921   0.317   0   -2.543e+08   1.385e+08   0
36.2   1.467   -0.6175   0.3308   0   -2.543e+08   1.385e+08   0
36.3   1.472   -0.6429   0.3447   0   -2.544e+08   1.385e+08   0
36.4   1.475   -0.6684   0.3585   0   -2.544e+08   1.385e+08   0
36.5   1.475   -0.6938   0.3724   0   -2.544e+08   1.385e+08   0
36.6   1.475   -0.7193   0.3862   0   -2.544e+08   1.385e+08   0
36.7   1.475   -0.7447   0.4001   0   -2.544e+08   1.385e+08   0
36.8   1.475   -0.7701   0.414   0   -2.544e+08   1.385e+08   0
36.9   1.475   -0.7956   0.4278   0   -2.544e+08   1.385e+08   0
37   1.475   -0.821   0.4417   0   -2.544e+08   1.385e+08   0
37.1   1.475   -0.8465   0.4555   0   -2.544e+08   1.385e+08   0
37.2   1.475   -0.8719   0.4694   0   -2.544e+08   1.385e+08   0
37.3   1.475   -0.8974   0.4832   0   -2.544e+08   1.385e+08   0
37.4   1.475   -0.9228   0.4971   0   -2.544e+08   1.385e+08   0
37.5   1.475   -0.9482   0.5109   0   -2.544e+08   1.385e+08   0
37.6   1.475   -0.9737   0.5248   0   -2.544e+08   1.385e+08   0
37.7   1.475   -0.9991   0.5386   0   -2.544e+08   1.385e+08   0
37.8   1.475   -1.025   0.5525   0   -2.544e+08   1.385e+08   0
37.9   1.475   -1.05   0.5663   0   -2.544e+08   1.385e+08   0
38   1.475   -1.075   0.5802   0   -2.544e+08   1.385e+08   0
38.1   1.475   -1.101   0.5941   0   -2.544e+08   1.385e+08   0
38.2   1.475   -1.126   0.6079   0   -2.544e+08   1.385e+08   0
38.3   1.475   -1.152   0.6218   0   -2.544e+08   1.385e+08   0
38.4   1.475   -1.177   0.6356   0   -2.544e+08   1.385e+08   0
38.5   1.475   -1.203   0.6495   0   -2.544e+08   1.385e+08   0
38.6   1.475   -1.228   0.6633   0   -2.544e+08   1.385e+08   0
38.7   1.475   -1.254   0.6772   0   -2.544e+08   1.385e+08   0
38.8   1.475   -1.279   0.691   0   -2.544e+08   1.385e+08   0
38.9   1.475   -1.304   0.7049   0   -2.544e+08   1.385e+08   0
39   1.475   -1.33   0.7187   0   -2.544e+08   1.385e+08   0
39.1   1.475   -1.355   0.7326   0   -2.544e+08   1.385e+08   0
39.2   1.475   -1.381   0.7464   0   -2.544e+08   1.385e+08   0
39.3   1.475   -1.406   0.7603   0   -2.544e+08   1.385e+08   0
39.4   1.475   -1.432   0.7742   0   -2.544e+08   1.385e+08   0
39.5   1.475   -1.457   0.788   0   -2.544e+08   1.385e+08   0
39.6   1.475   -1.483   0.8019   0   -2.544e+08   1.385e+08   0
39.7   1.475   -1.508   0.8157   0   -2.544e+08   1.385e+08   0
39.8   1.475   -1.533   0.8296   0   -2.544e+08   1.385e+08   0
39.9   1.475   -1.559   0.8434   0   -2.544e+08   1.385e+08   0
40   1.475   -1.584   0.8573   0   -2.544e+08   1.385e+08   0
40.1   1.475   -1.61   0.8711   0   -2.544e+08   1.385e+08   0
40.2   1.475   -1.635   0.885   0   -2.544e+08   1.385e+08   0
40.3   1.475   -1.661   0.8988   0   -2.544e+08   1.385e+08   0
40.4   1.475   -1.686   0.9127   0   -2.544e+08   1.385e+08   0
40.5   1.475   -1.712   0.9265   0   -2.544e+08   1.385e+08   0
40.6   1.475   -1.737   0.9404   0   -2.544e+08   1.385e+08   0
40.7   1.475   -1.762   0.9543   0   -2.544e+08   1.385e+08   0
40.8   1.475   -1.788   0.9681   0   -2.544e+08   1.385e+08   0
40.9   1.475   -1.813   0.982   0   -2.544e+08   1.385e+08   0
41   1.475   -1.839   0.9958   0   -2.544e+08   1.385e+08   0
41.1   1.475   -1.864   1.01   0   -2.544e+08   1.385e+08   0
41.2   1.475   -1.89   1.024   0   -2.544e+08   1.385e+08   0
41.3   1.475   -1.915   1.037   0   -2.544e+08   1.385e+08   0
41.4   1.475   -1.941   1.051   0   -2.544e+08   1.385e+08   0
41.5   1.475   -1.966   1.065   0   -2.544e+08   1.385e+08   0
41.6   1.475   -1.991   1.079   0   -2.544e+08   1.385e+08   0
41.7   1.475   -2.017   1.093   0   -2.544e+08   1.385e+08   0
41.8   1.475   -2.042   1.107   0   -2.544e+08   1.385e+08   0
41.9   1.475   -2.068   1.121   0   -2.544e+08   1.385e+08   0
42   1.475   -2.093   1.134   0   -2.544e+08   1.385e+08   0
42.1   1.475   -2.119   1.148   0   -2.544e+08   1.385e+08   0
42.2   1.475   -2.144   1.162   0   -2.544e+08   1.385e+08   0
42.3   1.475   -2.169   1.176   0   -2.544e+08   1.385e+08   0
42.4   1.475   -2.195   1.19   0   -2.544e+08   1.385e+08   0
42.5   1.475   -2.22   1.204   0   -2.544e+08   1.385e+08   0
42.6   1.475   -2.246   1.217   0   -2.544e+08   1.385e+08   0
42.7   1.475   -2.271   1.231   0   -2.544e+08   1.385e+08   0
42.8   1.475   -2.297   1.245   0   -2.544e+08   1.385e+08   0
42.9   1.475   -2.322   1.259   0   -2.544e+08   1.385e+08   0
43   1.475   -2.348   1.273   0   -2.544e+08   1.385e+08   0
43.1   1.475   -2.373   1.287   0   -2.544e+08   1.385e+08   0
43.2   1.475   -2.398   1.301   0   -2.544e+08   1.385e+08   0
43.3   1.475   -2.424   1.314   0   -2.544e+08   1.385e+08   0
43.4   1.475   -2.449   1.328   0   -2.544e+08   1.385e+08   0
43.5   1.475   -2.475   1.342   0   -2.544e+08   1.385e+08   0
43.6   1.475   -2.5   1.356   0   -2.544e+08   1.385e+08   0
43.7   1.475   -2.526   1.37   0   -2.544e+08   1.385e+08   0
43.8   1.475   -2.551   1.384   0   -2.544e+08   1.385e+08   0
43.9   1.475   -2.577   1.398   0   -2.544e+08   1.385e+08   0
44   1.475   -2.602   1.411   0   -2.544e+08   1.385e+08   0
44.1   1.475   -2.627   1.425   0   -2.544e+08   1.385e+08   0
44.2   1.475   -2.653   1.439   0   -2.544e+08   1.385e+08   0
44.3   1.475   -2.678   1.453   0   -2.544e+08   1.385e+08   0
44.4   1.475   -2.704   1.467   0   -2.544e+08   1.385e+08   0
44.5   1.475   -2.729   1.481   0   -2.544e+08   1.385e+08   0
44.6   1.475   -2.755   1.495   0   -2.544e+08   1.385e+08   0
44.7   1.475   -2.78   1.508   0   -2.544e+08   1.385e+08   0
44.8   1.475   -2.806   1.522   0   -2.544e+08   1.385e+08   0
44.9   1.475   -2.831   1.536   0   -2.544e+08   1.385e+08   0
45   1.475   -2.856   1.55   0   -2.544e+08   1.385e+08   0
