0   0.04   -0.753   0   0   1.121e+08   0   0
0.1   0.04   -0.753   0   0   1.121e+08   0   0
0.2   0.04   -0.753   0   0   1.121e+08   0   0
0.3   0.04   -0.753   0   0   1.121e+08   0   0
0.4   0.04   -0.753   0   0   1.121e+08   0   0
0.5   0.04034   -0.7468   0   0   1.126e+08   0   0
0.6   0.04111   -0.7355   0   0   1.135e+08   0   0
0.7   0.04208   -0.7241   0   0   1.147e+08   0   0
0.8   0.04326   -0.7125   0   0   1.161e+08   0   0
0.9   0.04466   -0.7008   0   0   1.178e+08   0   0
1   0.04628   -0.689   0   0   1.196e+08   0   0
1.1   0.04814   -0.6769   0   0   1.217e+08   0   0
1.2   0.05025   -0.6646   0   0   1.24e+08   0   0
1.3   0.05261   -0.6521   0   0   1.265e+08   0   0
1.4   0.05523   -0.6393   0   0   1.291e+08   0   0
1.5   0.05813   -0.6263   0   0   1.32e+08   0   0
1.6   0.06132   -0.6129   0   0   1.35e+08   0   0
1.7   0.06481   -0.5993   0   0   1.382e+08   0   0
1.8   0.0686   -0.5853   0   0   1.415e+08   0   0
1.9   0.0727   -0.571   0   0   1.449e+08   0   0
2   0.07713   -0.5563   0   0   1.484e+08   0   0
2.1   0.0819   -0.5413   0   0   1.52e+08   0   0
2.2   0.087   -0.5259   0   0   1.557e+08   0   0
2.3   0.09244   -0.5101   0   0   1.595e+08   0   0
2.4   0.09823   -0.494   0   0   1.632e+08   0   0
2.5   0.1044   -0.4775   0   0   1.67e+08   0   0
2.6   0.1109   -0.4606   0   0   1.709e+08   0   0
2.7   0.1177   -0.4433   0   0   1.747e+08   0   0
2.8   0.1249   -0.4256   0   0   1.784e+08   0   0
2.9   0.1325   -0.4076   0   0   1.822e+08   0   0
3   0.1403   -0.3892   0   0   1.859e+08   0   0
3.1   0.1486   -0.3704   0   0   1.895e+08   0   0
3.2   0.1571   -0.3513   0   0   1.931e+08   0   0
3.3   0.166   -0.3318   0   0   1.966e+08   0   0
3.4   0.1751   -0.312   0   0   2.001e+08   0   0
3.5   0.1846   -0.2918   0   0   2.034e+08   0   0
3.6   0.1943   -0.2713   0   0   2.066e+08   0   0
3.7   0.2043   -0.2504   0   0   2.098e+08   0   0
3.8   0.2145   -0.2293   0   0   2.128e+08   0   0
3.9   0.2249   -0.2079   0   0   2.157e+08   0   0
4   0.2345   -0.1862   0   0   2.183e+08   0   0
4.1   0.2345   -0.1643   0   0   2.183e+08   0   0
4.2   0.2345   -0.1425   0   0   2.183e+08   0   0
4.3   0.2345   -0.1207   0   0   2.183e+08   0   0
4.4   0.2345   -0.09886   0   0   2.183e+08   0   0
4.5   0.2345   -0.07703   0   0   2.183e+08   0   0
4.6   0.2345   -0.0552   0   0   2.183e+08   0   0
4.7   0.2345   -0.03337   0   0   2.183e+08   0   0
4.8   0.2345   -0.01154   0   0   2.183e+08   0   0
4.9   0.2345   0.01029   0   0   2.183e+08   0   0
5   0.2345   0.03212   0   0   2.183e+08   0   0
5.1   0.2345   0.05395   0   0   2.183e+08   0   0
5.2   0.2345   0.07578   0   0   2.183e+08   0   0
5.3   0.2345   0.0976   0   0   2.183e+08   0   0
5.4   0.2345   0.1194   0   0   2.183e+08   0   0
5.5   0.2345   0.1413   0   0   2.183e+08   0   0
5.6   0.2345   0.1631   0   0   2.183e+08   0   0
5.7   0.2345   0.1849   0   0   2.183e+08   0   0
5.8   0.2449   0.2069   0   0   2.209e+08   0   0
5.9   0.2571   0.2291   0   0   2.238e+08   0   0
6   0.2691   0.2516   0   0   2.265e+08   0   0
6.1   0.2809   0.2744   0   0   2.29e+08   0   0
6.2   0.2926   0.2974   0   0   2.314e+08   0   0
6.3   0.304   0.3207   0   0   2.335e+08   0   0
6.4   0.3151   0.3441   0   0   2.356e+08   0   0
6.5   0.3259   0.3678   0   0   2.374e+08   0   0
6.6   0.3365   0.3916   0   0   2.392e+08   0   0
6.7   0.3467   0.4156   0   0   2.408e+08   0   0
6.8   0.3567   0.4398   0   0   2.423e+08   0   0
6.9   0.3662   0.4641   0   0   2.437e+08   0   0
7   0.3755   0.4885   0   0   2.45e+08   0   0
7.1   0.3843   0.5131   0   0   2.462e+08   0   0
7.2   0.3928   0.5377   0   0   2.473e+08   0   0
7.3   0.4009   0.5625   0   0   2.483e+08   0   0
7.4   0.4086   0.5874   0   0   2.492e+08   0   0
7.5   0.4159   0.6124   0   0   2.501e+08   0   0
7.6   0.4229   0.6374   0   0   2.509e+08   0   0
7.7   0.4294   0.6625   0   0   2.517e+08   0   0
7.8   0.4355   0.6877   0   0   2.523e+08   0   0
7.9   0.4412   0.713   0   0   2.53e+08   0   0
8   0.4465   0.7383   0   0   2.535e+08   0   0
8.1   0.4494   0.7637   0   0   2.538e+08   0   0
8.2   0.4494   0.7891   0   0   2.538e+08   0   0
8.3   0.4494   0.8145   0   0   2.538e+08   0   0
8.4   0.4494   0.8399   0   0   2.538e+08   0   0
8.5   0.4494   0.8652   0   0   2.538e+08   0   0
8.6   0.4494   0.8906   0   0   2.538e+08   0   0
8.7   0.4494   0.916   0   0   2.538e+08   0   0
8.8   0.4494   0.9414   0   0   2.538e+08   0   0
8.9   0.4494   0.9668   0   0   2.538e+08   0   0
9   0.4494   0.9922   0   0   2.538e+08   0   0
9.1   0.4494   1.018   0   0   2.538e+08   0   0
9.2   0.4494   1.043   0   0   2.538e+08   0   0
9.3   0.4494   1.068   0   0   2.538e+08   0   0
9.4   0.4494   1.094   0   0   2.538e+08   0   0
9.5   0.4499   1.119   -0.000764   0   2.518e+08   -3.247e+07   0
9.6   0.4508   1.143   -0.007489   0   2.333e+08   -1.005e+08   0
9.7   0.4518   1.165   -0.02067   0   1.968e+08   -1.608e+08   0
9.8   0.4527   1.182   -0.03928   0   1.451e+08   -2.087e+08   0
9.9   0.4537   1.194   -0.06191   0   8.238e+07   -2.406e+08   0
10   0.4546   1.198   -0.0868   0   1.334e+07   -2.54e+08   0
10.1   0.4556   1.196   -0.1121   0   -5.67e+07   -2.481e+08   0
10.2   0.4565   1.187   -0.1358   0   -1.224e+08   -2.232e+08   0
10.3   0.4575   1.172   -0.1561   0   -1.788e+08   -1.814e+08   0
10.4   0.4585   1.152   -0.1715   0   -2.216e+08   -1.257e+08   0
10.5   0.4594   1.128   -0.1809   0   -2.476e+08   -6.059e+07   0
10.6   0.4604   1.103   -0.1834   0   -2.548e+08   9.122e+06   0
10.7   0.4608   1.078   -0.18   0   -2.515e+08   4.197e+07   0
10.8   0.4608   1.053   -0.1758   0   -2.515e+08   4.197e+07   0
10.9   0.4608   1.027   -0.1716   0   -2.515e+08   4.197e+07   0
11   0.4608   1.002   -0.1674   0   -2.515e+08   4.197e+07   0
11.1   0.4608   0.9771   -0.1632   0   -2.515e+08   4.197e+07   0
11.2   0.4608   0.9519   -0.159   0   -2.515e+08   4.197e+07   0
11.3   0.4608   0.9268   -0.1548   0   -2.515e+08   4.197e+07   0
11.4   0.4608   0.9016   -0.1506   0   -2.515e+08   4.197e+07   0
11.5   0.4608   0.8765   -0.1464   0   -2.515e+08   4.197e+07   0
11.6   0.4608   0.8513   -0.1422   0   -2.515e+08   4.197e+07   0
11.7   0.4608   0.8262   -0.138   0   -2.515e+08   4.197e+07   0
11.8   0.4608   0.801   -0.1338   0   -2.515e+08   4.197e+07   0
11.9   0.4608   0.7759   -0.1296   0   -2.515e+08   4.197e+07   0
12   0.4608   0.7507   -0.1254   0   -2.515e+08   4.197e+07   0
12.1   0.465   0.7255   -0.1212   0   -2.519e+08   4.204e+07   0
12.2   0.4711   0.7003   -0.117   0   -2.525e+08   4.214e+07   0
12.3   0.4774   0.675   -0.1128   0   -2.531e+08   4.223e+07   0
12.4   0.4838   0.6497   -0.1086   0   -2.537e+08   4.233e+07   0
12.5   0.4902   0.6243   -0.1043   0   -2.543e+08   4.243e+07   0
12.6   0.4967   0.5988   -0.1001   0   -2.549e+08   4.253e+07   0
12.7   0.5031   0.5733   -0.09583   0   -2.554e+08   4.262e+07   0
12.8   0.5096   0.5478   -0.09156   0   -2.56e+08   4.271e+07   0
12.9   0.516   0.5221   -0.08729   0   -2.565e+08   4.28e+07   0
13   0.5223   0.4965   -0.083   0   -2.57e+08   4.289e+07   0
13.1   0.5285   0.4707   -0.07871   0   -2.575e+08   4.297e+07   0
13.2   0.5345   0.445   -0.07441   0   -2.58e+08   4.305e+07   0
13.3   0.5402   0.4191   -0.0701   0   -2.584e+08   4.312e+07   0
13.4   0.5457   0.3933   -0.06578   0   -2.588e+08   4.319e+07   0
13.5   0.5508   0.3674   -0.06146   0   -2.592e+08   4.326e+07   0
13.6   0.5555   0.3414   -0.05713   0   -2.595e+08   4.332e+07   0
13.7   0.5596   0.3155   -0.0528   0   -2.598e+08   4.337e+07   0
13.8   0.563   0.2895   -0.04846   0   -2.601e+08   4.341e+07   0
13.9   0.5657   0.2634   -0.04412   0   -2.603e+08   4.344e+07   0
14   0.5674   0.2374   -0.03977   0   -2.604e+08   4.346e+07   0
14.1   0.5678   0.2114   -0.03543   0   -2.604e+08   4.346e+07   0
14.2   0.5668   0.1853   -0.03108   0   -2.604e+08   4.345e+07   0
14.3   0.5668   0.1593   -0.02673   0   -2.604e+08   4.345e+07   0
14.4   0.5668   0.1333   -0.02239   0   -2.604e+08   4.345e+07   0
14.5   0.5668   0.1072   -0.01804   0   -2.604e+08   4.345e+07   0
14.6   0.5668   0.08119   -0.0137   0   -2.604e+08   4.345e+07   0
14.7   0.5668   0.05515   -0.009354   0   -2.604e+08   4.345e+07   0
14.8   0.5668   0.02912   -0.005009   0   -2.604e+08   4.345e+07   0
14.9   0.5668   0.00308   -0.0006639   0   -2.604e+08   4.345e+07   0
15   0.5668   -0.02295   0.003681   0   -2.604e+08   4.345e+07   0
15.1   0.5668   -0.04899   0.008026   0   -2.604e+08   4.345e+07   0
15.2   0.5668   -0.07503   0.01237   0   -2.604e+08   4.345e+07   0
15.3   0.5668   -0.1011   0.01672   0   -2.604e+08   4.345e+07   0
15.4   0.5668   -0.1271   0.02106   0   -2.604e+08   4.345e+07   0
15.5   0.5668   -0.1531   0.02541   0   -2.604e+08   4.345e+07   0
15.6   0.5668   -0.1792   0.02975   0   -2.604e+08   4.345e+07   0
15.7   0.5824   -0.2052   0.0341   0   -2.614e+08   4.363e+07   0
15.8   0.602   -0.2315   0.03848   0   -2.627e+08   4.384e+07   0
15.9   0.6201   -0.2578   0.04287   0   -2.638e+08   4.402e+07   0
16   0.6369   -0.2842   0.04728   0   -2.648e+08   4.418e+07   0
16.1   0.6526   -0.3107   0.05171   0   -2.657e+08   4.432e+07   0
16.2   0.6672   -0.3373   0.05614   0   -2.664e+08   4.445e+07   0
16.3   0.6809   -0.364   0.0606   0   -2.672e+08   4.457e+07   0
16.4   0.6937   -0.3908   0.06506   0   -2.678e+08   4.467e+07   0
16.5   0.7057   -0.4176   0.06953   0   -2.684e+08   4.477e+07   0
16.6   0.7169   -0.4444   0.07401   0   -2.689e+08   4.485e+07   0
16.7   0.7274   -0.4714   0.0785   0   -2.694e+08   4.493e+07   0
16.8   0.7372   -0.4983   0.083   0   -2.698e+08   4.5e+07   0
16.9   0.7463   -0.5253   0.0875   0   -2.702e+08   4.507e+07   0
17   0.7548   -0.5523   0.09201   0   -2.705e+08   4.513e+07   0
17.1   0.7626   -0.5794   0.09653   0   -2.709e+08   4.518e+07   0
17.2   0.7699   -0.6065   0.101   0   -2.712e+08   4.523e+07   0
17.3   0.7765   -0.6336   0.1056   0   -2.714e+08   4.527e+07   0
17.4   0.7826   -0.6608   0.1101   0   -2.717e+08   4.531e+07   0
17.5   0.7882   -0.688   0.1146   0   -2.719e+08   4.535e+07   0
17.6   0.7932   -0.7152   0.1192   0   -2.721e+08   4.538e+07   0
17.7   0.7977   -0.7424   0.1237   0   -2.722e+08   4.541e+07   0
17.8   0.7978   -0.7696   0.1283   0   -2.722e+08   4.541e+07   0
17.9   0.7978   -0.7968   0.1328   0   -2.722e+08   4.541e+07   0
18   0.7978   -0.8241   0.1373   0   -2.722e+08   4.541e+07   0
18.1   0.7978   -0.8513   0.1419   0   -2.722e+08   4.541e+07   0
18.2   0.7978   -0.8785   0.1464   0   -2.722e+08   4.541e+07   0
18.3   0.7978   -0.9057   0.151   0   -2.722e+08   4.541e+07   0
18.4   0.7978   -0.933   0.1555   0   -2.722e+08   4.541e+07   0
18.5   0.7978   -0.9602   0.16   0   -2.722e+08   4.541e+07   0
18.6   0.7978   -0.9874   0.1646   0   -2.722e+08   4.541e+07   0
18.7   0.7978   -1.015   0.1691   0   -2.722e+08   4.541e+07   0
18.8   0.7978   -1.042   0.1737   0   -2.722e+08   4.541e+07   0
18.9   0.7978   -1.069   0.1782   0   -2.722e+08   4.541e+07   0
19   0.7978   -1.096   0.1827   0   -2.722e+08   4.541e+07   0
19.1   0.7978   -1.124   0.1873   0   -2.722e+08   4.541e+07   0
19.2   0.7994   -1.15   0.1932   0   -2.613e+08   8.907e+07   0
19.3   0.802   -1.175   0.2055   0   -2.286e+08   1.55e+08   0
19.4   0.8047   -1.196   0.2239   0   -1.797e+08   2.098e+08   0
19.5   0.8073   -1.211   0.247   0   -1.183e+08   2.498e+08   0
19.6   0.8099   -1.219   0.2733   0   -4.856e+07   2.722e+08   0
19.7   0.8126   -1.22   0.3008   0   2.445e+07   2.755e+08   0
19.8   0.8152   -1.214   0.3277   0   9.566e+07   2.596e+08   0
19.9   0.8179   -1.201   0.3521   0   1.601e+08   2.257e+08   0
20   0.8206   -1.182   0.3723   0   2.135e+08   1.763e+08   0
20.1   0.8232   -1.159   0.3869   0   2.52e+08   1.147e+08   0
20.2   0.8259   -1.132   0.3949   0   2.733e+08   4.544e+07   0
20.3   0.8286   -1.105   0.3958   0   2.758e+08   -2.688e+07   0
20.4   0.8311   -1.078   0.3896   0   2.616e+08   -9.183e+07   0
20.5   0.8311   -1.052   0.3804   0   2.616e+08   -9.183e+07   0
20.6   0.8311   -1.026   0.3712   0   2.616e+08   -9.183e+07   0
20.7   0.8311   -0.9994   0.362   0   2.616e+08   -9.183e+07   0
20.8   0.8311   -0.9733   0.3528   0   2.616e+08   -9.183e+07   0
20.9   0.8311   -0.9471   0.3436   0   2.616e+08   -9.183e+07   0
21   0.8311   -0.9209   0.3345   0   2.616e+08   -9.183e+07   0
21.1   0.8311   -0.8948   0.3253   0   2.616e+08   -9.183e+07   0
21.2   0.8311   -0.8686   0.3161   0   2.616e+08   -9.183e+07   0
21.3   0.8311   -0.8425   0.3069   0   2.616e+08   -9.183e+07   0
21.4   0.8311   -0.8163   0.2977   0   2.616e+08   -9.183e+07   0
21.5   0.8311   -0.7902   0.2885   0   2.616e+08   -9.183e+07   0
21.6   0.8311   -0.764   0.2794   0   2.616e+08   -9.183e+07   0
21.7   0.8311   -0.7379   0.2702   0   2.616e+08   -9.183e+07   0
21.8   0.8311   -0.7117   0.261   0   2.616e+08   -9.183e+07   0
21.9   0.8358   -0.6855   0.2518   0   2.617e+08   -9.19e+07   0
22   0.8415   -0.6594   0.2426   0   2.619e+08   -9.199e+07   0
22.1   0.8473   -0.6332   0.2334   0   2.621e+08   -9.207e+07   0
22.2   0.8529   -0.6069   0.2242   0   2.622e+08   -9.215e+07   0
22.3   0.8584   -0.5807   0.215   0   2.624e+08   -9.223e+07   0
22.4   0.8637   -0.5545   0.2057   0   2.626e+08   -9.231e+07   0
22.5   0.8689   -0.5282   0.1965   0   2.627e+08   -9.239e+07   0
22.6   0.8738   -0.5019   0.1873   0   2.628e+08   -9.246e+07   0
22.7   0.8784   -0.4756   0.178   0   2.63e+08   -9.253e+07   0
22.8   0.8826   -0.4493   0.1688   0   2.631e+08   -9.259e+07   0
22.9   0.8864   -0.423   0.1595   0   2.632e+08   -9.265e+07   0
23   0.8898   -0.3967   0.1502   0   2.633e+08   -9.27e+07   0
23.1   0.8925   -0.3704   0.141   0   2.634e+08   -9.274e+07   0
23.2   0.8946   -0.344   0.1317   0   2.634e+08   -9.277e+07   0
23.3   0.8959   -0.3177   0.1224   0   2.635e+08   -9.279e+07   0
23.4   0.8963   -0.2913   0.1131   0   2.635e+08   -9.28e+07   0
23.5   0.8955   -0.265   0.1038   0   2.634e+08   -9.279e+07   0
23.6   0.8934   -0.2386   0.09457   0   2.634e+08   -9.275e+07   0
23.7   0.8897   -0.2123   0.0853   0   2.633e+08   -9.268e+07   0
23.8   0.884   -0.186   0.07604   0   2.632e+08   -9.256e+07   0
23.9   0.8805   -0.1597   0.06679   0   2.631e+08   -9.249e+07   0
24   0.8805   -0.1334   0.05754   0   2.631e+08   -9.249e+07   0
24.1   0.8805   -0.1071   0.04829   0   2.631e+08   -9.249e+07   0
24.2   0.8805   -0.08075   0.03904   0   2.631e+08   -9.249e+07   0
24.3   0.8805   -0.05444   0.02979   0   2.631e+08   -9.249e+07   0
24.4   0.8805   -0.02814   0.02054   0   2.631e+08   -9.249e+07   0
24.5   0.8805   -0.001832   0.01129   0   2.631e+08   -9.249e+07   0
24.6   0.8805   0.02447   0.002045   0   2.631e+08   -9.249e+07   0
24.7   0.8805   0.05078   -0.007203   0   2.631e+08   -9.249e+07   0
24.8   0.8805   0.07709   -0.01645   0   2.631e+08   -9.249e+07   0
24.9   0.8805   0.1034   -0.0257   0   2.631e+08   -9.249e+07   0
25   0.8805   0.1297   -0.03495   0   2.631e+08   -9.249e+07   0
25.1   0.8805   0.156   -0.0442   0   2.631e+08   -9.249e+07   0
25.2   0.882   0.1823   -0.05345   0   2.631e+08   -9.248e+07   0
25.3   0.9056   0.2087   -0.06269   0   2.639e+08   -9.247e+07   0
25.4   0.9268   0.2351   -0.07194   0   2.645e+08   -9.248e+07   0
25.5   0.946   0.2616   -0.08119   0   2.651e+08   -9.251e+07   0
25.6   0.9636   0.2881   -0.09044   0   2.656e+08   -9.254e+07   0
25.7   0.9797   0.3147   -0.0997   0   2.66e+08   -9.258e+07   0
25.8   0.9945   0.3413   -0.109   0   2.663e+08   -9.262e+07   0
25.9   1.008   0.3679   -0.1182   0   2.667e+08   -9.266e+07   0
26   1.021   0.3946   -0.1275   0   2.67e+08   -9.27e+07   0
26.1   1.032   0.4213   -0.1368   0   2.672e+08   -9.274e+07   0
26.2   1.043   0.4481   -0.146   0   2.675e+08   -9.278e+07   0
26.3   1.053   0.4748   -0.1553   0   2.677e+08   -9.282e+07   0
26.4   1.062   0.5016   -0.1646   0   2.679e+08   -9.285e+07   0
26.5   1.07   0.5284   -0.1739   0   2.681e+08   -9.288e+07   0
26.6   1.078   0.5552   -0.1832   0   2.682e+08   -9.291e+07   0
26.7   1.085   0.5821   -0.1925   0   2.684e+08   -9.294e+07   0
26.8   1.091   0.6089   -0.2018   0   2.685e+08   -9.297e+07   0
26.9   1.097   0.6358   -0.2111   0   2.686e+08   -9.299e+07   0
27   1.102   0.6626   -0.2204   0   2.687e+08   -9.301e+07   0
27.1   1.106   0.6895   -0.2297   0   2.688e+08   -9.303e+07   0
27.2   1.11   0.7164   -0.239   0   2.689e+08   -9.304e+07   0
27.3   1.11   0.7433   -0.2483   0   2.689e+08   -9.304e+07   0
27.4   1.11   0.7702   -0.2576   0   2.689e+08   -9.304e+07   0
27.5   1.11   0.797   -0.2669   0   2.689e+08   -9.304e+07   0
27.6   1.11   0.8239   -0.2762   0   2.689e+08   -9.304e+07   0
27.7   1.11   0.8508   -0.2855   0   2.689e+08   -9.304e+07   0
27.8   1.11   0.8777   -0.2948   0   2.689e+08   -9.304e+07   0
27.9   1.11   0.9046   -0.3041   0   2.689e+08   -9.304e+07   0
28   1.11   0.9315   -0.3134   0   2.689e+08   -9.304e+07   0
28.1   1.11   0.9584   -0.3227   0   2.689e+08   -9.304e+07   0
28.2   1.11   0.9852   -0.332   0   2.689e+08   -9.304e+07   0
28.3   1.11   1.012   -0.3413   0   2.689e+08   -9.304e+07   0
28.4   1.11   1.039   -0.3506   0   2.689e+08   -9.304e+07   0
28.5   1.11   1.066   -0.3599   0   2.689e+08   -9.304e+07   0
28.6   1.11   1.093   -0.3692   0   2.689e+08   -9.304e+07   0
28.7   1.115   1.119   -0.3808   0   2.411e+08   -1.513e+08   0
28.8   1.121   1.14   -0.3993   0   1.861e+08   -2.155e+08   0
28.9   1.128   1.155   -0.4233   0   1.15e+08   -2.606e+08   0
29   1.135   1.163   -0.4507   0   3.418e+07   -2.829e+08   0
29.1   1.141   1.162   -0.4791   0   -4.938e+07   -2.808e+08   0
29.2   1.148   1.153   -0.5061   0   -1.285e+08   -2.547e+08   0
29.3   1.155   1.137   -0.5293   0   -1.964e+08   -2.07e+08   0
29.4   1.162   1.114   -0.5468   0   -2.476e+08   -1.421e+08   0
29.5   1.169   1.088   -0.5572   0   -2.78e+08   -6.551e+07   0
29.6   1.176   1.059   -0.5597   0   -2.852e+08   1.625e+07   0
29.7   1.182   1.031   -0.554   0   -2.691e+08   9.642e+07   0
29.8   1.186   1.006   -0.5413   0   -2.503e+08   1.382e+08   0
29.9   1.186   0.9808   -0.5275   0   -2.503e+08   1.382e+08   0
30   1.186   0.9558   -0.5136   0   -2.503e+08   1.382e+08   0
30.1   1.186   0.9308   -0.4998   0   -2.503e+08   1.382e+08   0
30.2   1.186   0.9058   -0.486   0   -2.503e+08   1.382e+08   0
30.3   1.186   0.8807   -0.4722   0   -2.503e+08   1.382e+08   0
30.4   1.186   0.8557   -0.4584   0   -2.503e+08   1.382e+08   0
30.5   1.186   0.8307   -0.4446   0   -2.503e+08   1.382e+08   0
30.6   1.186   0.8056   -0.4308   0   -2.503e+08   1.382e+08   0
30.7   1.186   0.7806   -0.4169   0   -2.503e+08   1.382e+08   0
30.8   1.186   0.7556   -0.4031   0   -2.503e+08   1.382e+08   0
30.9   1.186   0.7306   -0.3893   0   -2.503e+08   1.382e+08   0
31   1.186   0.7055   -0.3755   0   -2.503e+08   1.382e+08   0
31.1   1.186   0.6805   -0.3617   0   -2.503e+08   1.382e+08   0
31.2   1.189   0.6555   -0.3479   0   -2.503e+08   1.382e+08   0
31.3   1.194   0.6304   -0.334   0   -2.504e+08   1.382e+08   0
31.4   1.2   0.6054   -0.3202   0   -2.505e+08   1.382e+08   0
31.5   1.206   0.5803   -0.3064   0   -2.506e+08   1.383e+08   0
31.6   1.212   0.5553   -0.2926   0   -2.507e+08   1.383e+08   0
31.7   1.217   0.5302   -0.2787   0   -2.508e+08   1.383e+08   0
31.8   1.222   0.5051   -0.2649   0   -2.509e+08   1.383e+08   0
31.9   1.227   0.48   -0.2511   0   -2.509e+08   1.384e+08   0
32   1.232   0.4549   -0.2372   0   -2.51e+08   1.384e+08   0
32.1   1.236   0.4298   -0.2234   0   -2.511e+08   1.384e+08   0
32.2   1.24   0.4047   -0.2095   0   -2.511e+08   1.384e+08   0
32.3   1.244   0.3796   -0.1957   0   -2.512e+08   1.384e+08   0
32.4   1.246   0.3545   -0.1819   0   -2.512e+08   1.384e+08   0
32.5   1.249   0.3294   -0.168   0   -2.513e+08   1.384e+08   0
32.6   1.25   0.3042   -0.1542   0   -2.513e+08   1.384e+08   0
32.7   1.25   0.2791   -0.1403   0   -2.513e+08   1.384e+08   0
32.8   1.25   0.254   -0.1265   0   -2.513e+08   1.384e+08   0
32.9   1.247   0.2289   -0.1126   0   -2.512e+08   1.384e+08   0
33   1.244   0.2037   -0.09881   0   -2.512e+08   1.384e+08   0
33.1   1.238   0.1786   -0.08496   0   -2.511e+08   1.384e+08   0
33.2   1.235   0.1535   -0.07112   0   -2.51e+08   1.384e+08   0
33.3   1.235   0.1284   -0.05727   0   -2.51e+08   1.384e+08   0
33.4   1.235   0.1033   -0.04343   0   -2.51e+08   1.384e+08   0
33.5   1.235   0.07821   -0.02958   0   -2.51e+08   1.384e+08   0
33.6   1.235   0.05311   -0.01574   0   -2.51e+08   1.384e+08   0
33.7   1.235   0.028   -0.001894   0   -2.51e+08   1.384e+08   0
33.8   1.235   0.002902   0.01195   0   -2.51e+08   1.384e+08   0
33.9   1.235   -0.0222   0.0258   0   -2.51e+08   1.384e+08   0
34   1.235   -0.0473   0.03964   0   -2.51e+08   1.384e+08   0
34.1   1.235   -0.0724   0.05349   0   -2.51e+08   1.384e+08   0
34.2   1.235   -0.09751   0.06733   0   -2.51e+08   1.384e+08   0
34.3   1.235   -0.1226   0.08118   0   -2.51e+08   1.384e+08   0
34.4   1.235   -0.1477   0.09502   0   -2.51e+08   1.384e+08   0
34.5   1.249   -0.1728   0.1089   0   -2.511e+08   1.387e+08   0
34.6   1.271   -0.1979   0.1228   0   -2.513e+08   1.39e+08   0
34.7   1.292   -0.2231   0.1367   0   -2.515e+08   1.393e+08   0
34.8   1.31   -0.2482   0.1506   0   -2.516e+08   1.395e+08   0
34.9   1.327   -0.2734   0.1646   0   -2.518e+08   1.398e+08   0
35   1.343   -0.2986   0.1786   0   -2.519e+08   1.399e+08   0
35.1   1.357   -0.3238   0.1926   0   -2.52e+08   1.401e+08   0
35.2   1.37   -0.349   0.2066   0   -2.522e+08   1.402e+08   0
35.3   1.383   -0.3742   0.2206   0   -2.523e+08   1.403e+08   0
35.4   1.394   -0.3995   0.2346   0   -2.524e+08   1.404e+08   0
35.5   1.405   -0.4247   0.2487   0   -2.524e+08   1.405e+08   0
35.6   1.414   -0.4499   0.2628   0   -2.525e+08   1.406e+08   0
35.7   1.423   -0.4752   0.2768   0   -2.526e+08   1.407e+08   0
35.8   1.431   -0.5005   0.2909   0   -2.527e+08   1.408e+08   0
35.9   1.439   -0.5257   0.305   0   -2.527e+08   1.408e+08   0
36   1.445   -0.551   0.3191   0   -2.528e+08   1.409e+08   0
36.1   1.452   -0.5763   0.3331   0   -2.528e+08   1.409e+08   0
36.2   1.457   -0.6016   0.3472   0   -2.529e+08   1.409e+08   0
36.3   1.462   -0.6269   0.3613   0   -2.529e+08   1.41e+08   0
36.4   1.466   -0.6522   0.3754   0   -2.53e+08   1.41e+08   0
36.5   1.466   -0.6775   0.3895   0   -2.53e+08   1.41e+08   0
36.6   1.466   -0.7028   0.4036   0   -2.53e+08   1.41e+08   0
36.7   1.466   -0.7281   0.4177   0   -2.53e+08   1.41e+08   0
36.8   1.466   -0.7533   0.4318   0   -2.53e+08   1.41e+08   0
36.9   1.466   -0.7786   0.4459   0   -2.53e+08   1.41e+08   0
37   1.466   -0.8039   0.46   0   -2.53e+08   1.41e+08   0
37.1   1.466   -0.8292   0.4741   0   -2.53e+08   1.41e+08   0
37.2   1.466   -0.8545   0.4882   0   -2.53e+08   1.41e+08   0
37.3   1.466   -0.8798   0.5023   0   -2.53e+08   1.41e+08   0
37.4   1.466   -0.9051   0.5164   0   -2.53e+08   1.41e+08   0
37.5   1.466   -0.9304   0.5305   0   -2.53e+08   1.41e+08   0
37.6   1.466   -0.9557   0.5447   0   -2.53e+08   1.41e+08   0
37.7   1.466   -0.981   0.5588   0   -2.53e+08   1.41e+08   0
37.8   1.466   -1.006   0.5729   0   -2.53e+08   1.41e+08   0
37.9   1.466   -1.032   0.587   0   -2.53e+08   1.41e+08   0
38   1.466   -1.057   0.6011   0   -2.53e+08   1.41e+08   0
38.1   1.466   -1.082   0.6152   0   -2.53e+08   1.41e+08   0
38.2   1.466   -1.107   0.6293   0   -2.53e+08   1.41e+08   0
38.3   1.466   -1.133   0.6434   0   -2.53e+08   1.41e+08   0
38.4   1.466   -1.158   0.6575   0   -2.53e+08   1.41e+08   0
38.5   1.466   -1.183   0.6716   0   -2.53e+08   1.41e+08   0
38.6   1.466   -1.209   0.6857   0   -2.53e+08   1.41e+08   0
38.7   1.466   -1.234   0.6998   0   -2.53e+08   1.41e+08   0
38.8   1.466   -1.259   0.7139   0   -2.53e+08   1.41e+08   0
38.9   1.466   -1.285   0.728   0   -2.53e+08   1.41e+08   0
39   1.466   -1.31   0.7421   0   -2.53e+08   1.41e+08   0
39.1   1.466   -1.335   0.7562   0   -2.53e+08   1.41e+08   0
39.2   1.466   -1.36   0.7703   0   -2.53e+08   1.41e+08   0
39.3   1.466   -1.386   0.7844   0   -2.53e+08   1.41e+08   0
39.4   1.466   -1.411   0.7985   0   -2.53e+08   1.41e+08   0
39.5   1.466   -1.436   0.8126   0   -2.53e+08   1.41e+08   0
39.6   1.466   -1.462   0.8267   0   -2.53e+08   1.41e+08   0
39.7   1.466   -1.487   0.8408   0   -2.53e+08   1.41e+08   0
39.8   1.466   -1.512   0.8549   0   -2.53e+08   1.41e+08   0
39.9   1.466   -1.538   0.869   0   -2.53e+08   1.41e+08   0
40   1.466   -1.563   0.8831   0   -2.53e+08   1.41e+08   0
40.1   1.466   -1.588   0.8972   0   -2.53e+08   1.41e+08   0
40.2   1.466   -1.613   0.9113   0   -2.53e+08   1.41e+08   0
40.3   1.466   -1.639   0.9254   0   -2.53e+08   1.41e+08   0
40.4   1.466   -1.664   0.9395   0   -2.53e+08   1.41e+08   0
40.5   1.466   -1.689   0.9536   0   -2.53e+08   1.41e+08   0
40.6   1.466   -1.715   0.9677   0   -2.53e+08   1.41e+08   0
40.7   1.466   -1.74   0.9818   0   -2.53e+08   1.41e+08   0
40.8   1.466   -1.765   0.9959   0   -2.53e+08   1.41e+08   0
40.9   1.466   -1.79   1.01   0   -2.53e+08   1.41e+08   0
41   1.466   -1.816   1.024   0   -2.53e+08   1.41e+08   0
41.1   1.466   -1.841   1.038   0   -2.53e+08   1.41e+08   0
41.2   1.466   -1.866   1.052   0   -2.53e+08   1.41e+08   0
41.3   1.466   -1.892   1.066   0   -2.53e+08   1.41e+08   0
41.4   1.466   -1.917   1.081   0   -2.53e+08   1.41e+08   0
41.5   1.466   -1.942   1.095   0   -2.53e+08   1.41e+08   0
41.6   1.466   -1.968   1.109   0   -2.53e+08   1.41e+08   0
41.7   1.466   -1.993   1.123   0   -2.53e+08   1.41e+08   0
41.8   1.466   -2.018   1.137   0   -2.53e+08   1.41e+08   0
41.9   1.466   -2.043   1.151   0   -2.53e+08   1.41e+08   0
42   1.466   -2.069   1.165   0   -2.53e+08   1.41e+08   0
42.1   1.466   -2.094   1.179   0   -2.53e+08   1.41e+08   0
42.2   1.466   -2.119   1.193   0   -2.53e+08   1.41e+08   0
42.3   1.466   -2.145   1.207   0   -2.53e+08   1.41e+08   0
42.4   1.466   -2.17   1.222   0   -2.53e+08   1.41e+08   0
42.5   1.466   -2.195   1.236   0   -2.53e+08   1.41e+08   0
42.6   1.466   -2.221   1.25   0   -2.53e+08   1.41e+08   0
42.7   1.466   -2.246   1.264   0   -2.53e+08   1.41e+08   0
42.8   1.466   -2.271   1.278   0   -2.53e+08   1.41e+08   0
42.9   1.466   -2.296   1.292   0   -2.53e+08   1.41e+08   0
43   1.466   -2.322   1.306   0   -2.53e+08   1.41e+08   0
43.1   1.466   -2.347   1.32   0   -2.53e+08   1.41e+08   0
43.2   1.466   -2.372   1.334   0   -2.53e+08   1.41e+08   0
43.3   1.466   -2.398   1.348   0   -2.53e+08   1.41e+08   0
43.4   1.466   -2.423   1.363   0   -2.53e+08   1.41e+08   0
43.5   1.466   -2.448   1.377   0   -2.53e+08   1.41e+08   0
43.6   1.466   -2.473   1.391   0   -2.53e+08   1.41e+08   0
43.7   1.466   -2.499   1.405   0   -2.53e+08   1.41e+08   0
43.8   1.466   -2.524   1.419   0   -2.53e+08   1.41e+08   0
43.9   1.466   -2.549   1.433   0   -2.53e+08   1.41e+08   0
44   1.466   -2.575   1.447   0   -2.53e+08   1.41e+08   0
44.1   1.466   -2.6   1.461   0   -2.53e+08   1.41e+08   0
44.2   1.466   -2.625   1.475   0   -2.53e+08   1.41e+08   0
44.3   1.466   -2.651   1.489   0   -2.53e+08   1.41e+08   0
44.4   1.466   -2.676   1.504   0   -2.53e+08   1.41e+08   0
44.5   1.466   -2.701   1.518   0   -2.53e+08   1.41e+08   0
44.6   1.466   -2.726   1.532   0   -2.53e+08   1.41e+08   0
44.7   1.466   -2.752   1.546   0   -2.53e+08   1.41e+08   0
44.8   1.466   -2.777   1.56   0   -2.53e+08   1.41e+08   0
44.9   1.466   -2.802   1.574   0   -2.53e+08   1.41e+08   0
45   1.466   -2.828   1.588   0   -2.53e+08   1.41e+08   0
