0   0.04   -0.753   0   0   1.121e+08   0   0
0.1   0.04   -0.753   0   0   1.121e+08   0   0
0.2   0.04   -0.753   0   0   1.121e+08   0   0
0.3   0.04   -0.753   0   0   1.121e+08   0   0
0.4   0.04   -0.753   0   0   1.121e+08   0   0
0.5   0.04022   -0.749   0   0   1.124e+08   0   0
0.6   0.04099   -0.7378   0   0   1.134e+08   0   0
0.7   0.04195   -0.7264   0   0   1.145e+08   0   0
0.8   0.04313   -0.7148   0   0   1.16e+08   0   0
0.9   0.04452   -0.7032   0   0   1.176e+08   0   0
1   0.04614   -0.6913   0   0   1.195e+08   0   0
1.1   0.04799   -0.6793   0   0   1.215e+08   0   0
1.2   0.05008   -0.667   0   0   1.238e+08   0   0
1.3   0.05243   -0.6545   0   0   1.263e+08   0   0
1.4   0.05504   -0.6417   0   0   1.29e+08   0   0
1.5   0.05793   -0.6287   0   0   1.318e+08   0   0
1.6   0.0611   -0.6154   0   0   1.348e+08   0   0
1.7   0.06456   -0.6017   0   0   1.38e+08   0   0
1.8   0.06833   -0.5878   0   0   1.412e+08   0   0
1.9   0.07241   -0.5735   0   0   1.447e+08   0   0
2   0.07682   -0.5588   0   0   1.482e+08   0   0
2.1   0.08155   -0.5438   0   0   1.518e+08   0   0
2.2   0.08662   -0.5285   0   0   1.555e+08   0   0
2.3   0.09203   -0.5127   0   0   1.592e+08   0   0
2.4   0.09778   -0.4966   0   0   1.629e+08   0   0
2.5   0.1039   -0.4801   0   0   1.667e+08   0   0
2.6   0.1103   -0.4633   0   0   1.705e+08   0   0
2.7   0.1171   -0.446   0   0   1.743e+08   0   0
2.8   0.1243   -0.4284   0   0   1.781e+08   0   0
2.9   0.1317   -0.4104   0   0   1.818e+08   0   0
3   0.1396   -0.392   0   0   1.855e+08   0   0
3.1   0.1477   -0.3733   0   0   1.892e+08   0   0
3.2   0.1562   -0.3542   0   0   1.927e+08   0   0
3.3   0.1649   -0.3347   0   0   1.962e+08   0   0
3.4   0.174   -0.3149   0   0   1.996e+08   0   0
3.5   0.1833   -0.2948   0   0   2.03e+08   0   0
3.6   0.1929   -0.2743   0   0   2.062e+08   0   0
3.7   0.2027   -0.2536   0   0   2.093e+08   0   0
3.8   0.2128   -0.2325   0   0   2.123e+08   0   0
3.9   0.223   -0.2111   0   0   2.152e+08   0   0
4   0.2334   -0.1894   0   0   2.18e+08   0   0
4.1   0.2341   -0.1676   0   0   2.182e+08   0   0
4.2   0.2341   -0.1458   0   0   2.182e+08   0   0
4.3   0.2341   -0.124   0   0   2.182e+08   0   0
4.4   0.2341   -0.1022   0   0   2.182e+08   0   0
4.5   0.2341   -0.08036   0   0   2.182e+08   0   0
4.6   0.2341   -0.05854   0   0   2.182e+08   0   0
4.7   0.2341   -0.03673   0   0   2.182e+08   0   0
4.8   0.2341   -0.01491   0   0   2.182e+08   0   0
4.9   0.2341   0.006908   0   0   2.182e+08   0   0
5   0.2341   0.02873   0   0   2.182e+08   0   0
5.1   0.2341   0.05054   0   0   2.182e+08   0   0
5.2   0.2341   0.07236   0   0   2.182e+08   0   0
5.3   0.2341   0.09418   0   0   2.182e+08   0   0
5.4   0.2341   0.116   0   0   2.182e+08   0   0
5.5   0.2341   0.1378   0   0   2.182e+08   0   0
5.6   0.2341   0.1596   0   0   2.182e+08   0   0
5.7   0.2341   0.1814   0   0   2.182e+08   0   0
5.8   0.2426   0.2033   0   0   2.203e+08   0   0
5.9   0.2549   0.2255   0   0   2.233e+08   0   0
6   0.2671   0.248   0   0   2.261e+08   0   0
6.1   0.2791   0.2707   0   0   2.287e+08   0   0
6.2   0.2909   0.2937   0   0   2.31e+08   0   0
6.3   0.3024   0.3169   0   0   2.332e+08   0   0
6.4   0.3136   0.3404   0   0   2.353e+08   0   0
6.5   0.3246   0.364   0   0   2.372e+08   0   0
6.6   0.3352   0.3878   0   0   2.39e+08   0   0
6.7   0.3456   0.4118   0   0   2.406e+08   0   0
6.8   0.3556   0.4359   0   0   2.421e+08   0   0
6.9   0.3652   0.4602   0   0   2.435e+08   0   0
7   0.3745   0.4846   0   0   2.448e+08   0   0
7.1   0.3834   0.5092   0   0   2.46e+08   0   0
7.2   0.392   0.5338   0   0   2.472e+08   0   0
7.3   0.4001   0.5586   0   0   2.482e+08   0   0
7.4   0.4079   0.5835   0   0   2.492e+08   0   0
7.5   0.4153   0.6084   0   0   2.5e+08   0   0
7.6   0.4222   0.6335   0   0   2.509e+08   0   0
7.7   0.4288   0.6586   0   0   2.516e+08   0   0
7.8   0.4349   0.6838   0   0   2.523e+08   0   0
7.9   0.4407   0.7091   0   0   2.529e+08   0   0
8   0.446   0.7344   0   0   2.535e+08   0   0
8.1   0.4497   0.7598   0   0   2.539e+08   0   0
8.2   0.4497   0.7851   0   0   2.539e+08   0   0
8.3   0.4497   0.8105   0   0   2.539e+08   0   0
8.4   0.4497   0.8359   0   0   2.539e+08   0   0
8.5   0.4497   0.8613   0   0   2.539e+08   0   0
8.6   0.4497   0.8867   0   0   2.539e+08   0   0
8.7   0.4497   0.9121   0   0   2.539e+08   0   0
8.8   0.4497   0.9375   0   0   2.539e+08   0   0
8.9   0.4497   0.9628   0   0   2.539e+08   0   0
9   0.4497   0.9882   0   0   2.539e+08   0   0
9.1   0.4497   1.014   0   0   2.539e+08   0   0
9.2   0.4497   1.039   0   0   2.539e+08   0   0
9.3   0.4497   1.064   0   0   2.539e+08   0   0
9.4   0.4497   1.09   0   0   2.539e+08   0   0
9.5   0.45   1.115   -0.0003508   0   2.53e+08   -2.191e+07   0
9.6   0.451   1.14   -0.00605   0   2.373e+08   -9.065e+07   0
9.7   0.4519   1.162   -0.01831   0   2.033e+08   -1.524e+08   0
9.8   0.4529   1.18   -0.03619   0   1.538e+08   -2.024e+08   0
9.9   0.4538   1.192   -0.05832   0   9.242e+07   -2.369e+08   0
10   0.4548   1.198   -0.08299   0   2.401e+07   -2.533e+08   0
10.1   0.4557   1.197   -0.1083   0   -4.622e+07   -2.503e+08   0
10.2   0.4567   1.189   -0.1324   0   -1.129e+08   -2.282e+08   0
10.3   0.4576   1.175   -0.1534   0   -1.71e+08   -1.887e+08   0
10.4   0.4586   1.155   -0.1696   0   -2.161e+08   -1.35e+08   0
10.5   0.4596   1.132   -0.1799   0   -2.448e+08   -7.1e+07   0
10.6   0.4605   1.107   -0.1836   0   -2.55e+08   -1.663e+06   0
10.7   0.4611   1.081   -0.1807   0   -2.516e+08   4.172e+07   0
10.8   0.4611   1.056   -0.1765   0   -2.516e+08   4.172e+07   0
10.9   0.4611   1.031   -0.1724   0   -2.516e+08   4.172e+07   0
11   0.4611   1.006   -0.1682   0   -2.516e+08   4.172e+07   0
11.1   0.4611   0.9808   -0.164   0   -2.516e+08   4.172e+07   0
11.2   0.4611   0.9556   -0.1599   0   -2.516e+08   4.172e+07   0
11.3   0.4611   0.9305   -0.1557   0   -2.516e+08   4.172e+07   0
11.4   0.4611   0.9053   -0.1515   0   -2.516e+08   4.172e+07   0
11.5   0.4611   0.8802   -0.1473   0   -2.516e+08   4.172e+07   0
11.6   0.4611   0.855   -0.1432   0   -2.516e+08   4.172e+07   0
11.7   0.4611   0.8298   -0.139   0   -2.516e+08   4.172e+07   0
11.8   0.4611   0.8047   -0.1348   0   -2.516e+08   4.172e+07   0
11.9   0.4611   0.7795   -0.1307   0   -2.516e+08   4.172e+07   0
12   0.4611   0.7544   -0.1265   0   -2.516e+08   4.172e+07   0
12.1   0.4643   0.7292   -0.1223   0   -2.519e+08   4.177e+07   0
12.2   0.4705   0.704   -0.1181   0   -2.525e+08   4.188e+07   0
12.3   0.4767   0.6787   -0.1139   0   -2.531e+08   4.198e+07   0
12.4   0.483   0.6534   -0.1097   0   -2.537e+08   4.208e+07   0
12.5   0.4894   0.628   -0.1055   0   -2.543e+08   4.218e+07   0
12.6   0.4959   0.6025   -0.1013   0   -2.548e+08   4.228e+07   0
12.7   0.5023   0.577   -0.09706   0   -2.554e+08   4.238e+07   0
12.8   0.5087   0.5514   -0.09282   0   -2.559e+08   4.247e+07   0
12.9   0.5151   0.5258   -0.08857   0   -2.565e+08   4.257e+07   0
13   0.5213   0.5001   -0.0843   0   -2.57e+08   4.266e+07   0
13.1   0.5274   0.4744   -0.08003   0   -2.575e+08   4.274e+07   0
13.2   0.5334   0.4486   -0.07576   0   -2.579e+08   4.283e+07   0
13.3   0.5391   0.4228   -0.07147   0   -2.584e+08   4.29e+07   0
13.4   0.5445   0.397   -0.06717   0   -2.588e+08   4.298e+07   0
13.5   0.5495   0.3711   -0.06287   0   -2.591e+08   4.304e+07   0
13.6   0.5541   0.3451   -0.05857   0   -2.595e+08   4.311e+07   0
13.7   0.5582   0.3192   -0.05425   0   -2.598e+08   4.316e+07   0
13.8   0.5616   0.2932   -0.04993   0   -2.6e+08   4.32e+07   0
13.9   0.5642   0.2672   -0.04561   0   -2.602e+08   4.324e+07   0
14   0.5659   0.2411   -0.04129   0   -2.603e+08   4.326e+07   0
14.1   0.5663   0.2151   -0.03696   0   -2.604e+08   4.327e+07   0
14.2   0.5653   0.1891   -0.03263   0   -2.603e+08   4.325e+07   0
14.3   0.565   0.1631   -0.02831   0   -2.603e+08   4.325e+07   0
14.4   0.565   0.137   -0.02399   0   -2.603e+08   4.325e+07   0
14.5   0.565   0.111   -0.01966   0   -2.603e+08   4.325e+07   0
14.6   0.565   0.08497   -0.01534   0   -2.603e+08   4.325e+07   0
14.7   0.565   0.05895   -0.01101   0   -2.603e+08   4.325e+07   0
14.8   0.565   0.03292   -0.006686   0   -2.603e+08   4.325e+07   0
14.9   0.565   0.006896   -0.002362   0   -2.603e+08   4.325e+07   0
15   0.565   -0.01913   0.001963   0   -2.603e+08   4.325e+07   0
15.1   0.565   -0.04516   0.006288   0   -2.603e+08   4.325e+07   0
15.2   0.565   -0.07118   0.01061   0   -2.603e+08   4.325e+07   0
15.3   0.565   -0.09721   0.01494   0   -2.603e+08   4.325e+07   0
15.4   0.565   -0.1232   0.01926   0   -2.603e+08   4.325e+07   0
15.5   0.565   -0.1493   0.02359   0   -2.603e+08   4.325e+07   0
15.6   0.565   -0.1753   0.02791   0   -2.603e+08   4.325e+07   0
15.7   0.5776   -0.2013   0.03224   0   -2.611e+08   4.337e+07   0
15.8   0.5976   -0.2275   0.03659   0   -2.625e+08   4.355e+07   0
15.9   0.616   -0.2538   0.04095   0   -2.636e+08   4.372e+07   0
16   0.633   -0.2802   0.04533   0   -2.646e+08   4.386e+07   0
16.1   0.6489   -0.3067   0.04972   0   -2.655e+08   4.4e+07   0
16.2   0.6637   -0.3333   0.05413   0   -2.663e+08   4.411e+07   0
16.3   0.6776   -0.36   0.05855   0   -2.67e+08   4.422e+07   0
16.4   0.6905   -0.3867   0.06297   0   -2.677e+08   4.432e+07   0
16.5   0.7026   -0.4135   0.06741   0   -2.683e+08   4.441e+07   0
16.6   0.7139   -0.4404   0.07185   0   -2.688e+08   4.449e+07   0
16.7   0.7245   -0.4673   0.07631   0   -2.693e+08   4.456e+07   0
16.8   0.7344   -0.4943   0.08077   0   -2.697e+08   4.463e+07   0
16.9   0.7436   -0.5212   0.08523   0   -2.701e+08   4.469e+07   0
17   0.7521   -0.5483   0.0897   0   -2.705e+08   4.475e+07   0
17.1   0.76   -0.5753   0.09418   0   -2.708e+08   4.48e+07   0
17.2   0.7673   -0.6024   0.09866   0   -2.711e+08   4.484e+07   0
17.3   0.774   -0.6296   0.1032   0   -2.714e+08   4.489e+07   0
17.4   0.7802   -0.6567   0.1076   0   -2.716e+08   4.492e+07   0
17.5   0.7858   -0.6839   0.1121   0   -2.718e+08   4.496e+07   0
17.6   0.7908   -0.7111   0.1166   0   -2.72e+08   4.499e+07   0
17.7   0.7954   -0.7383   0.1211   0   -2.722e+08   4.501e+07   0
17.8   0.7961   -0.7655   0.1256   0   -2.722e+08   4.502e+07   0
17.9   0.7961   -0.7927   0.1301   0   -2.722e+08   4.502e+07   0
18   0.7961   -0.82   0.1346   0   -2.722e+08   4.502e+07   0
18.1   0.7961   -0.8472   0.1391   0   -2.722e+08   4.502e+07   0
18.2   0.7961   -0.8744   0.1436   0   -2.722e+08   4.502e+07   0
18.3   0.7961   -0.9016   0.1481   0   -2.722e+08   4.502e+07   0
18.4   0.7961   -0.9289   0.1526   0   -2.722e+08   4.502e+07   0
18.5   0.7961   -0.9561   0.1571   0   -2.722e+08   4.502e+07   0
18.6   0.7961   -0.9833   0.1616   0   -2.722e+08   4.502e+07   0
18.7   0.7961   -1.011   0.1662   0   -2.722e+08   4.502e+07   0
18.8   0.7961   -1.038   0.1707   0   -2.722e+08   4.502e+07   0
18.9   0.7961   -1.065   0.1752   0   -2.722e+08   4.502e+07   0
19   0.7961   -1.092   0.1797   0   -2.722e+08   4.502e+07   0
19.1   0.7961   -1.119   0.1842   0   -2.722e+08   4.502e+07   0
19.2   0.7973   -1.147   0.1893   0   -2.653e+08   7.604e+07   0
19.3   0.7999   -1.172   0.2004   0   -2.358e+08   1.435e+08   0
19.4   0.8025   -1.193   0.2178   0   -1.896e+08   2.008e+08   0
19.5   0.8051   -1.209   0.2402   0   -1.301e+08   2.437e+08   0
19.6   0.8077   -1.219   0.266   0   -6.145e+07   2.695e+08   0
19.7   0.8104   -1.221   0.2934   0   1.142e+07   2.762e+08   0
19.8   0.813   -1.216   0.3206   0   8.34e+07   2.637e+08   0
19.9   0.8157   -1.205   0.3455   0   1.495e+08   2.328e+08   0
20   0.8184   -1.187   0.3666   0   2.051e+08   1.858e+08   0
20.1   0.821   -1.164   0.3822   0   2.465e+08   1.26e+08   0
20.2   0.8237   -1.138   0.3914   0   2.709e+08   5.767e+07   0
20.3   0.8264   -1.11   0.3935   0   2.767e+08   -1.456e+07   0
20.4   0.8291   -1.083   0.3885   0   2.636e+08   -8.571e+07   0
20.5   0.8293   -1.057   0.3792   0   2.612e+08   -9.257e+07   0
20.6   0.8293   -1.031   0.37   0   2.612e+08   -9.257e+07   0
20.7   0.8293   -1.005   0.3607   0   2.612e+08   -9.257e+07   0
20.8   0.8293   -0.9788   0.3515   0   2.612e+08   -9.257e+07   0
20.9   0.8293   -0.9527   0.3422   0   2.612e+08   -9.257e+07   0
21   0.8293   -0.9266   0.333   0   2.612e+08   -9.257e+07   0
21.1   0.8293   -0.9005   0.3237   0   2.612e+08   -9.257e+07   0
21.2   0.8293   -0.8743   0.3144   0   2.612e+08   -9.257e+07   0
21.3   0.8293   -0.8482   0.3052   0   2.612e+08   -9.257e+07   0
21.4   0.8293   -0.8221   0.2959   0   2.612e+08   -9.257e+07   0
21.5   0.8293   -0.796   0.2867   0   2.612e+08   -9.257e+07   0
21.6   0.8293   -0.7698   0.2774   0   2.612e+08   -9.257e+07   0
21.7   0.8293   -0.7437   0.2682   0   2.612e+08   -9.257e+07   0
21.8   0.8293   -0.7176   0.2589   0   2.612e+08   -9.257e+07   0
21.9   0.833   -0.6915   0.2496   0   2.614e+08   -9.262e+07   0
22   0.8388   -0.6653   0.2404   0   2.615e+08   -9.269e+07   0
22.1   0.8444   -0.6392   0.2311   0   2.617e+08   -9.277e+07   0
22.2   0.85   -0.613   0.2218   0   2.619e+08   -9.284e+07   0
22.3   0.8555   -0.5868   0.2125   0   2.621e+08   -9.291e+07   0
22.4   0.8608   -0.5606   0.2032   0   2.622e+08   -9.297e+07   0
22.5   0.8659   -0.5343   0.1939   0   2.624e+08   -9.304e+07   0
22.6   0.8707   -0.5081   0.1846   0   2.625e+08   -9.31e+07   0
22.7   0.8753   -0.4818   0.1753   0   2.627e+08   -9.315e+07   0
22.8   0.8795   -0.4556   0.166   0   2.628e+08   -9.32e+07   0
22.9   0.8833   -0.4293   0.1567   0   2.629e+08   -9.325e+07   0
23   0.8865   -0.403   0.1474   0   2.63e+08   -9.329e+07   0
23.1   0.8893   -0.3767   0.138   0   2.631e+08   -9.333e+07   0
23.2   0.8913   -0.3504   0.1287   0   2.631e+08   -9.335e+07   0
23.3   0.8926   -0.3241   0.1194   0   2.631e+08   -9.337e+07   0
23.4   0.893   -0.2978   0.11   0   2.632e+08   -9.337e+07   0
23.5   0.8922   -0.2714   0.1007   0   2.631e+08   -9.336e+07   0
23.6   0.8902   -0.2451   0.09134   0   2.631e+08   -9.334e+07   0
23.7   0.8866   -0.2188   0.08201   0   2.63e+08   -9.329e+07   0
23.8   0.881   -0.1925   0.07269   0   2.628e+08   -9.32e+07   0
23.9   0.8762   -0.1663   0.06337   0   2.627e+08   -9.313e+07   0
24   0.8762   -0.14   0.05406   0   2.627e+08   -9.313e+07   0
24.1   0.8762   -0.1137   0.04474   0   2.627e+08   -9.313e+07   0
24.2   0.8762   -0.08745   0.03543   0   2.627e+08   -9.313e+07   0
24.3   0.8762   -0.06118   0.02612   0   2.627e+08   -9.313e+07   0
24.4   0.8762   -0.03491   0.01681   0   2.627e+08   -9.313e+07   0
24.5   0.8762   -0.008645   0.007492   0   2.627e+08   -9.313e+07   0
24.6   0.8762   0.01762   -0.001821   0   2.627e+08   -9.313e+07   0
24.7   0.8762   0.04389   -0.01113   0   2.627e+08   -9.313e+07   0
24.8   0.8762   0.07016   -0.02045   0   2.627e+08   -9.313e+07   0
24.9   0.8762   0.09643   -0.02976   0   2.627e+08   -9.313e+07   0
25   0.8762   0.1227   -0.03907   0   2.627e+08   -9.313e+07   0
25.1   0.8762   0.149   -0.04839   0   2.627e+08   -9.313e+07   0
25.2   0.8762   0.1752   -0.0577   0   2.627e+08   -9.313e+07   0
25.3   0.8968   0.2015   -0.06702   0   2.633e+08   -9.325e+07   0
25.4   0.9185   0.2279   -0.07635   0   2.64e+08   -9.338e+07   0
25.5   0.9382   0.2543   -0.08569   0   2.645e+08   -9.35e+07   0
25.6   0.956   0.2808   -0.09505   0   2.65e+08   -9.361e+07   0
25.7   0.9724   0.3073   -0.1044   0   2.654e+08   -9.371e+07   0
25.8   0.9875   0.3339   -0.1138   0   2.658e+08   -9.38e+07   0
25.9   1.001   0.3605   -0.1232   0   2.661e+08   -9.388e+07   0
26   1.014   0.3871   -0.1326   0   2.664e+08   -9.396e+07   0
26.1   1.026   0.4137   -0.142   0   2.666e+08   -9.403e+07   0
26.2   1.037   0.4404   -0.1514   0   2.669e+08   -9.409e+07   0
26.3   1.047   0.4671   -0.1608   0   2.671e+08   -9.415e+07   0
26.4   1.056   0.4938   -0.1702   0   2.673e+08   -9.421e+07   0
26.5   1.064   0.5206   -0.1796   0   2.675e+08   -9.426e+07   0
26.6   1.072   0.5473   -0.1891   0   2.676e+08   -9.43e+07   0
26.7   1.079   0.5741   -0.1985   0   2.677e+08   -9.434e+07   0
26.8   1.085   0.6009   -0.2079   0   2.679e+08   -9.438e+07   0
26.9   1.091   0.6277   -0.2174   0   2.68e+08   -9.441e+07   0
27   1.096   0.6545   -0.2268   0   2.681e+08   -9.444e+07   0
27.1   1.1   0.6813   -0.2362   0   2.682e+08   -9.446e+07   0
27.2   1.104   0.7081   -0.2457   0   2.682e+08   -9.448e+07   0
27.3   1.105   0.7349   -0.2551   0   2.683e+08   -9.449e+07   0
27.4   1.105   0.7618   -0.2646   0   2.683e+08   -9.449e+07   0
27.5   1.105   0.7886   -0.274   0   2.683e+08   -9.449e+07   0
27.6   1.105   0.8154   -0.2835   0   2.683e+08   -9.449e+07   0
27.7   1.105   0.8422   -0.2929   0   2.683e+08   -9.449e+07   0
27.8   1.105   0.8691   -0.3024   0   2.683e+08   -9.449e+07   0
27.9   1.105   0.8959   -0.3118   0   2.683e+08   -9.449e+07   0
28   1.105   0.9227   -0.3213   0   2.683e+08   -9.449e+07   0
28.1   1.105   0.9495   -0.3307   0   2.683e+08   -9.449e+07   0
28.2   1.105   0.9764   -0.3402   0   2.683e+08   -9.449e+07   0
28.3   1.105   1.003   -0.3496   0   2.683e+08   -9.449e+07   0
28.4   1.105   1.03   -0.3591   0   2.683e+08   -9.449e+07   0
28.5   1.105   1.057   -0.3685   0   2.683e+08   -9.449e+07   0
28.6   1.105   1.084   -0.378   0   2.683e+08   -9.449e+07   0
28.7   1.109   1.11   -0.3889   0   2.471e+08   -1.41e+08   0
28.8   1.115   1.132   -0.4065   0   1.946e+08   -2.076e+08   0
28.9   1.122   1.148   -0.4298   0   1.252e+08   -2.557e+08   0
29   1.129   1.157   -0.4569   0   4.5e+07   -2.813e+08   0
29.1   1.135   1.157   -0.4853   0   -3.886e+07   -2.823e+08   0
29.2   1.142   1.149   -0.5125   0   -1.191e+08   -2.59e+08   0
29.3   1.149   1.133   -0.5363   0   -1.889e+08   -2.137e+08   0
29.4   1.156   1.112   -0.5546   0   -2.425e+08   -1.504e+08   0
29.5   1.162   1.086   -0.5659   0   -2.756e+08   -7.459e+07   0
29.6   1.169   1.057   -0.5693   0   -2.855e+08   7.165e+06   0
29.7   1.176   1.029   -0.5644   0   -2.718e+08   8.807e+07   0
29.8   1.181   1.003   -0.5523   0   -2.508e+08   1.37e+08   0
29.9   1.181   0.9784   -0.5386   0   -2.508e+08   1.37e+08   0
30   1.181   0.9533   -0.5249   0   -2.508e+08   1.37e+08   0
30.1   1.181   0.9282   -0.5111   0   -2.508e+08   1.37e+08   0
30.2   1.181   0.9031   -0.4974   0   -2.508e+08   1.37e+08   0
30.3   1.181   0.8781   -0.4837   0   -2.508e+08   1.37e+08   0
30.4   1.181   0.853   -0.47   0   -2.508e+08   1.37e+08   0
30.5   1.181   0.8279   -0.4563   0   -2.508e+08   1.37e+08   0
30.6   1.181   0.8028   -0.4426   0   -2.508e+08   1.37e+08   0
30.7   1.181   0.7777   -0.4289   0   -2.508e+08   1.37e+08   0
30.8   1.181   0.7527   -0.4152   0   -2.508e+08   1.37e+08   0
30.9   1.181   0.7276   -0.4015   0   -2.508e+08   1.37e+08   0
31   1.181   0.7025   -0.3878   0   -2.508e+08   1.37e+08   0
31.1   1.181   0.6774   -0.3741   0   -2.508e+08   1.37e+08   0
31.2   1.182   0.6523   -0.3604   0   -2.508e+08   1.37e+08   0
31.3   1.188   0.6273   -0.3467   0   -2.509e+08   1.371e+08   0
31.4   1.194   0.6022   -0.333   0   -2.51e+08   1.372e+08   0
31.5   1.199   0.5771   -0.3193   0   -2.511e+08   1.372e+08   0
31.6   1.205   0.552   -0.3055   0   -2.511e+08   1.373e+08   0
31.7   1.21   0.5268   -0.2918   0   -2.512e+08   1.373e+08   0
31.8   1.216   0.5017   -0.2781   0   -2.513e+08   1.373e+08   0
31.9   1.221   0.4766   -0.2644   0   -2.513e+08   1.374e+08   0
32   1.225   0.4514   -0.2506   0   -2.514e+08   1.374e+08   0
32.1   1.23   0.4263   -0.2369   0   -2.515e+08   1.375e+08   0
32.2   1.233   0.4012   -0.2231   0   -2.515e+08   1.375e+08   0
32.3   1.237   0.376   -0.2094   0   -2.516e+08   1.375e+08   0
32.4   1.24   0.3508   -0.1956   0   -2.516e+08   1.375e+08   0
32.5   1.242   0.3257   -0.1819   0   -2.516e+08   1.376e+08   0
32.6   1.243   0.3005   -0.1681   0   -2.516e+08   1.376e+08   0
32.7   1.244   0.2754   -0.1543   0   -2.516e+08   1.376e+08   0
32.8   1.243   0.2502   -0.1406   0   -2.516e+08   1.376e+08   0
32.9   1.241   0.225   -0.1268   0   -2.516e+08   1.376e+08   0
33   1.237   0.1999   -0.1131   0   -2.516e+08   1.375e+08   0
33.1   1.231   0.1747   -0.09933   0   -2.515e+08   1.375e+08   0
33.2   1.228   0.1496   -0.08558   0   -2.514e+08   1.374e+08   0
33.3   1.228   0.1244   -0.07184   0   -2.514e+08   1.374e+08   0
33.4   1.228   0.09928   -0.0581   0   -2.514e+08   1.374e+08   0
33.5   1.228   0.07414   -0.04436   0   -2.514e+08   1.374e+08   0
33.6   1.228   0.04899   -0.03061   0   -2.514e+08   1.374e+08   0
33.7   1.228   0.02385   -0.01687   0   -2.514e+08   1.374e+08   0
33.8   1.228   -0.001296   -0.003129   0   -2.514e+08   1.374e+08   0
33.9   1.228   -0.02644   0.01061   0   -2.514e+08   1.374e+08   0
34   1.228   -0.05159   0.02436   0   -2.514e+08   1.374e+08   0
34.1   1.228   -0.07673   0.0381   0   -2.514e+08   1.374e+08   0
34.2   1.228   -0.1019   0.05184   0   -2.514e+08   1.374e+08   0
34.3   1.228   -0.127   0.06558   0   -2.514e+08   1.374e+08   0
34.4   1.228   -0.1522   0.07933   0   -2.514e+08   1.374e+08   0
34.5   1.238   -0.1773   0.09307   0   -2.516e+08   1.375e+08   0
34.6   1.261   -0.2025   0.1068   0   -2.519e+08   1.376e+08   0
34.7   1.282   -0.2277   0.1206   0   -2.522e+08   1.377e+08   0
34.8   1.3   -0.2529   0.1344   0   -2.525e+08   1.378e+08   0
34.9   1.318   -0.2782   0.1481   0   -2.527e+08   1.379e+08   0
35   1.333   -0.3035   0.1619   0   -2.529e+08   1.379e+08   0
35.1   1.348   -0.3288   0.1757   0   -2.531e+08   1.38e+08   0
35.2   1.361   -0.3541   0.1895   0   -2.532e+08   1.381e+08   0
35.3   1.374   -0.3794   0.2033   0   -2.534e+08   1.381e+08   0
35.4   1.385   -0.4048   0.2172   0   -2.535e+08   1.382e+08   0
35.5   1.396   -0.4301   0.231   0   -2.536e+08   1.382e+08   0
35.6   1.405   -0.4555   0.2448   0   -2.537e+08   1.383e+08   0
35.7   1.414   -0.4808   0.2586   0   -2.538e+08   1.383e+08   0
35.8   1.423   -0.5062   0.2725   0   -2.539e+08   1.384e+08   0
35.9   1.43   -0.5316   0.2863   0   -2.54e+08   1.384e+08   0
36   1.437   -0.557   0.3001   0   -2.54e+08   1.384e+08   0
36.1   1.443   -0.5824   0.314   0   -2.541e+08   1.385e+08   0
36.2   1.449   -0.6078   0.3278   0   -2.541e+08   1.385e+08   0
36.3   1.454   -0.6333   0.3417   0   -2.542e+08   1.385e+08   0
36.4   1.458   -0.6587   0.3555   0   -2.542e+08   1.385e+08   0
36.5   1.459   -0.6841   0.3694   0   -2.542e+08   1.385e+08   0
36.6   1.459   -0.7095   0.3832   0   -2.542e+08   1.385e+08   0
36.7   1.459   -0.7349   0.3971   0   -2.542e+08   1.385e+08   0
36.8   1.459   -0.7604   0.411   0   -2.542e+08   1.385e+08   0
36.9   1.459   -0.7858   0.4248   0   -2.542e+08   1.385e+08   0
37   1.459   -0.8112   0.4387   0   -2.542e+08   1.385e+08   0
37.1   1.459   -0.8366   0.4525   0   -2.542e+08   1.385e+08   0
37.2   1.459   -0.8621   0.4664   0   -2.542e+08   1.385e+08   0
37.3   1.459   -0.8875   0.4802   0   -2.542e+08   1.385e+08   0
37.4   1.459   -0.9129   0.4941   0   -2.542e+08   1.385e+08   0
37.5   1.459   -0.9383   0.5079   0   -2.542e+08   1.385e+08   0
37.6   1.459   -0.9638   0.5218   0   -2.542e+08   1.385e+08   0
37.7   1.459   -0.9892   0.5356   0   -2.542e+08   1.385e+08   0
37.8   1.459   -1.015   0.5495   0   -2.542e+08   1.385e+08   0
37.9   1.459   -1.04   0.5633   0   -2.542e+08   1.385e+08   0
38   1.459   -1.065   0.5772   0   -2.542e+08   1.385e+08   0
38.1   1.459   -1.091   0.591   0   -2.542e+08   1.385e+08   0
38.2   1.459   -1.116   0.6049   0   -2.542e+08   1.385e+08   0
38.3   1.459   -1.142   0.6187   0   -2.542e+08   1.385e+08   0
38.4   1.459   -1.167   0.6326   0   -2.542e+08   1.385e+08   0
38.5   1.459   -1.193   0.6464   0   -2.542e+08   1.385e+08   0
38.6   1.459   -1.218   0.6603   0   -2.542e+08   1.385e+08   0
38.7   1.459   -1.243   0.6741   0   -2.542e+08   1.385e+08   0
38.8   1.459   -1.269   0.688   0   -2.542e+08   1.385e+08   0
38.9   1.459   -1.294   0.7019   0   -2.542e+08   1.385e+08   0
39   1.459   -1.32   0.7157   0   -2.542e+08   1.385e+08   0
39.1   1.459   -1.345   0.7296   0   -2.542e+08   1.385e+08   0
39.2   1.459   -1.371   0.7434   0   -2.542e+08   1.385e+08   0
39.3   1.459   -1.396   0.7573   0   -2.542e+08   1.385e+08   0
39.4   1.459   -1.421   0.7711   0   -2.542e+08   1.385e+08   0
39.5   1.459   -1.447   0.785   0   -2.542e+08   1.385e+08   0
39.6   1.459   -1.472   0.7988   0   -2.542e+08   1.385e+08   0
39.7   1.459   -1.498   0.8127   0   -2.542e+08   1.385e+08   0
39.8   1.459   -1.523   0.8265   0   -2.542e+08   1.385e+08   0
39.9   1.459   -1.549   0.8404   0   -2.542e+08   1.385e+08   0
40   1.459   -1.574   0.8542   0   -2.542e+08   1.385e+08   0
40.1   1.459   -1.599   0.8681   0   -2.542e+08   1.385e+08   0
40.2   1.459   -1.625   0.8819   0   -2.542e+08   1.385e+08   0
40.3   1.459   -1.65   0.8958   0   -2.542e+08   1.385e+08   0
40.4   1.459   -1.676   0.9096   0   -2.542e+08   1.385e+08   0
40.5   1.459   -1.701   0.9235   0   -2.542e+08   1.385e+08   0
40.6   1.459   -1.726   0.9373   0   -2.542e+08   1.385e+08   0
40.7   1.459   -1.752   0.9512   0   -2.542e+08   1.385e+08   0
40.8   1.459   -1.777   0.9651   0   -2.542e+08   1.385e+08   0
40.9   1.459   -1.803   0.9789   0   -2.542e+08   1.385e+08   0
41   1.459   -1.828   0.9928   0   -2.542e+08   1.385e+08   0
41.1   1.459   -1.854   1.007   0   -2.542e+08   1.385e+08   0
41.2   1.459   -1.879   1.02   0   -2.542e+08   1.385e+08   0
41.3   1.459   -1.904   1.034   0   -2.542e+08   1.385e+08   0
41.4   1.459   -1.93   1.048   0   -2.542e+08   1.385e+08   0
41.5   1.459   -1.955   1.062   0   -2.542e+08   1.385e+08   0
41.6   1.459   -1.981   1.076   0   -2.542e+08   1.385e+08   0
41.7   1.459   -2.006   1.09   0   -2.542e+08   1.385e+08   0
41.8   1.459   -2.032   1.104   0   -2.542e+08   1.385e+08   0
41.9   1.459   -2.057   1.117   0   -2.542e+08   1.385e+08   0
42   1.459   -2.082   1.131   0   -2.542e+08   1.385e+08   0
42.1   1.459   -2.108   1.145   0   -2.542e+08   1.385e+08   0
42.2   1.459   -2.133   1.159   0   -2.542e+08   1.385e+08   0
42.3   1.459   -2.159   1.173   0   -2.542e+08   1.385e+08   0
42.4   1.459   -2.184   1.187   0   -2.542e+08   1.385e+08   0
42.5   1.459   -2.21   1.201   0   -2.542e+08   1.385e+08   0
42.6   1.459   -2.235   1.214   0   -2.542e+08   1.385e+08   0
42.7   1.459   -2.26   1.228   0   -2.542e+08   1.385e+08   0
42.8   1.459   -2.286   1.242   0   -2.542e+08   1.385e+08   0
42.9   1.459   -2.311   1.256   0   -2.542e+08   1.385e+08   0
43   1.459   -2.337   1.27   0   -2.542e+08   1.385e+08   0
43.1   1.459   -2.362   1.284   0   -2.542e+08   1.385e+08   0
43.2   1.459   -2.387   1.298   0   -2.542e+08   1.385e+08   0
43.3   1.459   -2.413   1.311   0   -2.542e+08   1.385e+08   0
43.4   1.459   -2.438   1.325   0   -2.542e+08   1.385e+08   0
43.5   1.459   -2.464   1.339   0   -2.542e+08   1.385e+08   0
43.6   1.459   -2.489   1.353   0   -2.542e+08   1.385e+08   0
43.7   1.459   -2.515   1.367   0   -2.542e+08   1.385e+08   0
43.8   1.459   -2.54   1.381   0   -2.542e+08   1.385e+08   0
43.9   1.459   -2.565   1.394   0   -2.542e+08   1.385e+08   0
44   1.459   -2.591   1.408   0   -2.542e+08   1.385e+08   0
44.1   1.459   -2.616   1.422   0   -2.542e+08   1.385e+08   0
44.2   1.459   -2.642   1.436   0   -2.542e+08   1.385e+08   0
44.3   1.459   -2.667   1.45   0   -2.542e+08   1.385e+08   0
44.4   1.459   -2.693   1.464   0   -2.542e+08   1.385e+08   0
44.5   1.459   -2.718   1.478   0   -2.542e+08   1.385e+08   0
44.6   1.459   -2.743   1.491   0   -2.542e+08   1.385e+08   0
44.7   1.459   -2.769   1.505   0   -2.542e+08   1.385e+08   0
44.8   1.459   -2.794   1.519   0   -2.542e+08   1.385e+08   0
44.9   1.459   -2.82   1.533   0   -2.542e+08   1.385e+08   0
45   1.459   -2.845   1.547   0   -2.542e+08   1.385e+08   0
