0   0.04   -0.753   0   0   1.121e+08   0   0
0.1   0.04   -0.753   0   0   1.121e+08   0   0
0.2   0.04   -0.753   0   0   1.121e+08   0   0
0.3   0.04   -0.753   0   0   1.121e+08   0   0
0.4   0.04   -0.753   0   0   1.121e+08   0   0
0.5   0.04009   -0.7513   0   0   1.123e+08   0   0
0.6   0.04086   -0.74   0   0   1.132e+08   0   0
0.7   0.04182   -0.7286   0   0   1.144e+08   0   0
0.8   0.04299   -0.7171   0   0   1.158e+08   0   0
0.9   0.04438   -0.7055   0   0   1.174e+08   0   0
1   0.04599   -0.6936   0   0   1.193e+08   0   0
1.1   0.04783   -0.6816   0   0   1.213e+08   0   0
1.2   0.04991   -0.6694   0   0   1.236e+08   0   0
1.3   0.05225   -0.6569   0   0   1.261e+08   0   0
1.4   0.05484   -0.6441   0   0   1.288e+08   0   0
1.5   0.05771   -0.6311   0   0   1.316e+08   0   0
1.6   0.06087   -0.6178   0   0   1.346e+08   0   0
1.7   0.06431   -0.6042   0   0   1.377e+08   0   0
1.8   0.06806   -0.5902   0   0   1.41e+08   0   0
1.9   0.07212   -0.576   0   0   1.444e+08   0   0
2   0.0765   -0.5614   0   0   1.479e+08   0   0
2.1   0.0812   -0.5464   0   0   1.515e+08   0   0
2.2   0.08623   -0.531   0   0   1.552e+08   0   0
2.3   0.0916   -0.5153   0   0   1.589e+08   0   0
2.4   0.09732   -0.4993   0   0   1.627e+08   0   0
2.5   0.1034   -0.4828   0   0   1.664e+08   0   0
2.6   0.1098   -0.466   0   0   1.702e+08   0   0
2.7   0.1165   -0.4488   0   0   1.74e+08   0   0
2.8   0.1236   -0.4312   0   0   1.778e+08   0   0
2.9   0.131   -0.4132   0   0   1.815e+08   0   0
3   0.1388   -0.3949   0   0   1.852e+08   0   0
3.1   0.1468   -0.3762   0   0   1.888e+08   0   0
3.2   0.1552   -0.3571   0   0   1.923e+08   0   0
3.3   0.1639   -0.3377   0   0   1.958e+08   0   0
3.4   0.1728   -0.3179   0   0   1.992e+08   0   0
3.5   0.182   -0.2979   0   0   2.025e+08   0   0
3.6   0.1915   -0.2774   0   0   2.057e+08   0   0
3.7   0.2012   -0.2567   0   0   2.088e+08   0   0
3.8   0.2111   -0.2357   0   0   2.118e+08   0   0
3.9   0.2212   -0.2143   0   0   2.147e+08   0   0
4   0.2314   -0.1927   0   0   2.175e+08   0   0
4.1   0.2335   -0.1709   0   0   2.18e+08   0   0
4.2   0.2335   -0.1491   0   0   2.18e+08   0   0
4.3   0.2335   -0.1273   0   0   2.18e+08   0   0
4.4   0.2335   -0.1055   0   0   2.18e+08   0   0
4.5   0.2335   -0.08372   0   0   2.18e+08   0   0
4.6   0.2335   -0.06192   0   0   2.18e+08   0   0
4.7   0.2335   -0.04011   0   0   2.18e+08   0   0
4.8   0.2335   -0.01831   0   0   2.18e+08   0   0
4.9   0.2335   0.003495   0   0   2.18e+08   0   0
5   0.2335   0.0253   0   0   2.18e+08   0   0
5.1   0.2335   0.0471   0   0   2.18e+08   0   0
5.2   0.2335   0.06891   0   0   2.18e+08   0   0
5.3   0.2335   0.09071   0   0   2.18e+08   0   0
5.4   0.2335   0.1125   0   0   2.18e+08   0   0
5.5   0.2335   0.1343   0   0   2.18e+08   0   0
5.6   0.2335   0.1561   0   0   2.18e+08   0   0
5.7   0.2335   0.1779   0   0   2.18e+08   0   0
5.8   0.2401   0.1998   0   0   2.197e+08   0   0
5.9   0.2527   0.2219   0   0   2.228e+08   0   0
6   0.265   0.2443   0   0   2.256e+08   0   0
6.1   0.2772   0.267   0   0   2.282e+08   0   0
6.2   0.2891   0.29   0   0   2.307e+08   0   0
6.3   0.3007   0.3132   0   0   2.329e+08   0   0
6.4   0.3121   0.3366   0   0   2.35e+08   0   0
6.5   0.3231   0.3602   0   0   2.37e+08   0   0
6.6   0.3339   0.3839   0   0   2.387e+08   0   0
6.7   0.3443   0.4079   0   0   2.404e+08   0   0
6.8   0.3544   0.432   0   0   2.419e+08   0   0
6.9   0.3641   0.4563   0   0   2.434e+08   0   0
7   0.3735   0.4807   0   0   2.447e+08   0   0
7.1   0.3825   0.5052   0   0   2.459e+08   0   0
7.2   0.3911   0.5299   0   0   2.471e+08   0   0
7.3   0.3993   0.5546   0   0   2.481e+08   0   0
7.4   0.4071   0.5795   0   0   2.491e+08   0   0
7.5   0.4145   0.6044   0   0   2.5e+08   0   0
7.6   0.4216   0.6295   0   0   2.508e+08   0   0
7.7   0.4282   0.6546   0   0   2.515e+08   0   0
7.8   0.4343   0.6798   0   0   2.522e+08   0   0
7.9   0.4401   0.705   0   0   2.528e+08   0   0
8   0.4455   0.7304   0   0   2.534e+08   0   0
8.1   0.45   0.7557   0   0   2.539e+08   0   0
8.2   0.45   0.7811   0   0   2.539e+08   0   0
8.3   0.45   0.8065   0   0   2.539e+08   0   0
8.4   0.45   0.8319   0   0   2.539e+08   0   0
8.5   0.45   0.8573   0   0   2.539e+08   0   0
8.6   0.45   0.8827   0   0   2.539e+08   0   0
8.7   0.45   0.9081   0   0   2.539e+08   0   0
8.8   0.45   0.9335   0   0   2.539e+08   0   0
8.9   0.45   0.9588   0   0   2.539e+08   0   0
9   0.45   0.9842   0   0   2.539e+08   0   0
9.1   0.45   1.01   0   0   2.539e+08   0   0
9.2   0.45   1.035   0   0   2.539e+08   0   0
9.3   0.45   1.06   0   0   2.539e+08   0   0
9.4   0.45   1.086   0   0   2.539e+08   0   0
9.5   0.4501   1.111   -8.489e-05   0   2.537e+08   -1.061e+07   0
9.6   0.4511   1.136   -0.004678   0   2.411e+08   -7.997e+07   0
9.7   0.452   1.159   -0.01594   0   2.099e+08   -1.432e+08   0
9.8   0.453   1.177   -0.033   0   1.627e+08   -1.954e+08   0
9.9   0.4539   1.191   -0.05455   0   1.029e+08   -2.325e+08   0
10   0.4549   1.198   -0.07894   0   3.531e+07   -2.519e+08   0
10.1   0.4558   1.198   -0.1043   0   -3.497e+07   -2.521e+08   0
10.2   0.4568   1.191   -0.1287   0   -1.026e+08   -2.33e+08   0
10.3   0.4577   1.177   -0.1503   0   -1.624e+08   -1.962e+08   0
10.4   0.4587   1.159   -0.1674   0   -2.098e+08   -1.445e+08   0
10.5   0.4597   1.136   -0.1788   0   -2.414e+08   -8.191e+07   0
10.6   0.4606   1.111   -0.1835   0   -2.546e+08   -1.311e+07   0
10.7   0.4614   1.086   -0.1815   0   -2.517e+08   4.151e+07   0
10.8   0.4614   1.06   -0.1773   0   -2.517e+08   4.151e+07   0
10.9   0.4614   1.035   -0.1732   0   -2.517e+08   4.151e+07   0
11   0.4614   1.01   -0.169   0   -2.517e+08   4.151e+07   0
11.1   0.4614   0.9849   -0.1649   0   -2.517e+08   4.151e+07   0
11.2   0.4614   0.9598   -0.1607   0   -2.517e+08   4.151e+07   0
11.3   0.4614   0.9346   -0.1566   0   -2.517e+08   4.151e+07   0
11.4   0.4614   0.9094   -0.1524   0   -2.517e+08   4.151e+07   0
11.5   0.4614   0.8843   -0.1483   0   -2.517e+08   4.151e+07   0
11.6   0.4614   0.8591   -0.1441   0   -2.517e+08   4.151e+07   0
11.7   0.4614   0.8339   -0.14   0   -2.517e+08   4.151e+07   0
11.8   0.4614   0.8088   -0.1358   0   -2.517e+08   4.151e+07   0
11.9   0.4614   0.7836   -0.1317   0   -2.517e+08   4.151e+07   0
12   0.4614   0.7585   -0.1275   0   -2.517e+08   4.151e+07   0
12.1   0.4635   0.7333   -0.1234   0   -2.519e+08   4.155e+07   0
12.2   0.4696   0.7081   -0.1192   0   -2.525e+08   4.165e+07   0
12.3   0.4758   0.6828   -0.115   0   -2.53e+08   4.176e+07   0
12.4   0.4821   0.6575   -0.1108   0   -2.536e+08   4.186e+07   0
12.5   0.4885   0.6321   -0.1067   0   -2.542e+08   4.196e+07   0
12.6   0.4949   0.6066   -0.1025   0   -2.548e+08   4.206e+07   0
12.7   0.5013   0.5811   -0.09824   0   -2.553e+08   4.216e+07   0
12.8   0.5076   0.5555   -0.09402   0   -2.559e+08   4.226e+07   0
12.9   0.5139   0.5299   -0.08979   0   -2.564e+08   4.236e+07   0
13   0.5201   0.5043   -0.08555   0   -2.569e+08   4.245e+07   0
13.1   0.5262   0.4786   -0.0813   0   -2.574e+08   4.254e+07   0
13.2   0.5321   0.4528   -0.07704   0   -2.579e+08   4.263e+07   0
13.3   0.5377   0.427   -0.07277   0   -2.583e+08   4.271e+07   0
13.4   0.5431   0.4011   -0.0685   0   -2.587e+08   4.278e+07   0
13.5   0.5481   0.3752   -0.06421   0   -2.591e+08   4.285e+07   0
13.6   0.5526   0.3493   -0.05993   0   -2.594e+08   4.292e+07   0
13.7   0.5566   0.3234   -0.05563   0   -2.597e+08   4.297e+07   0
13.8   0.56   0.2974   -0.05133   0   -2.599e+08   4.302e+07   0
13.9   0.5626   0.2714   -0.04703   0   -2.601e+08   4.306e+07   0
14   0.5642   0.2454   -0.04272   0   -2.602e+08   4.308e+07   0
14.1   0.5646   0.2193   -0.03841   0   -2.603e+08   4.309e+07   0
14.2   0.5636   0.1933   -0.0341   0   -2.602e+08   4.307e+07   0
14.3   0.5629   0.1673   -0.0298   0   -2.601e+08   4.306e+07   0
14.4   0.5629   0.1413   -0.02549   0   -2.601e+08   4.306e+07   0
14.5   0.5629   0.1153   -0.02119   0   -2.601e+08   4.306e+07   0
14.6   0.5629   0.08926   -0.01688   0   -2.601e+08   4.306e+07   0
14.7   0.5629   0.06324   -0.01257   0   -2.601e+08   4.306e+07   0
14.8   0.5629   0.03723   -0.008268   0   -2.601e+08   4.306e+07   0
14.9   0.5629   0.01121   -0.003962   0   -2.601e+08   4.306e+07   0
15   0.5629   -0.0148   0.0003438   0   -2.601e+08   4.306e+07   0
15.1   0.5629   -0.04081   0.00465   0   -2.601e+08   4.306e+07   0
15.2   0.5629   -0.06683   0.008956   0   -2.601e+08   4.306e+07   0
15.3   0.5629   -0.09284   0.01326   0   -2.601e+08   4.306e+07   0
15.4   0.5629   -0.1189   0.01757   0   -2.601e+08   4.306e+07   0
15.5   0.5629   -0.1449   0.02187   0   -2.601e+08   4.306e+07   0
15.6   0.5629   -0.1709   0.02618   0   -2.601e+08   4.306e+07   0
15.7   0.5718   -0.1969   0.03049   0   -2.608e+08   4.313e+07   0
15.8   0.5922   -0.2231   0.03481   0   -2.621e+08   4.33e+07   0
15.9   0.6109   -0.2493   0.03915   0   -2.633e+08   4.345e+07   0
16   0.6283   -0.2757   0.0435   0   -2.644e+08   4.358e+07   0
16.1   0.6444   -0.3022   0.04786   0   -2.653e+08   4.37e+07   0
16.2   0.6594   -0.3288   0.05224   0   -2.661e+08   4.381e+07   0
16.3   0.6734   -0.3554   0.05663   0   -2.669e+08   4.391e+07   0
16.4   0.6865   -0.3821   0.06102   0   -2.675e+08   4.401e+07   0
16.5   0.6988   -0.4089   0.06543   0   -2.681e+08   4.409e+07   0
16.6   0.7102   -0.4358   0.06984   0   -2.687e+08   4.417e+07   0
16.7   0.7209   -0.4627   0.07426   0   -2.692e+08   4.423e+07   0
16.8   0.7309   -0.4896   0.07869   0   -2.696e+08   4.43e+07   0
16.9   0.7401   -0.5166   0.08312   0   -2.7e+08   4.436e+07   0
17   0.7488   -0.5436   0.08756   0   -2.704e+08   4.441e+07   0
17.1   0.7567   -0.5707   0.092   0   -2.707e+08   4.446e+07   0
17.2   0.7641   -0.5978   0.09645   0   -2.71e+08   4.45e+07   0
17.3   0.7708   -0.6249   0.1009   0   -2.713e+08   4.454e+07   0
17.4   0.777   -0.652   0.1054   0   -2.716e+08   4.458e+07   0
17.5   0.7827   -0.6792   0.1098   0   -2.718e+08   4.461e+07   0
17.6   0.7878   -0.7064   0.1143   0   -2.72e+08   4.464e+07   0
17.7   0.7923   -0.7336   0.1187   0   -2.721e+08   4.467e+07   0
17.8   0.7938   -0.7608   0.1232   0   -2.722e+08   4.468e+07   0
17.9   0.7938   -0.788   0.1277   0   -2.722e+08   4.468e+07   0
18   0.7938   -0.8152   0.1321   0   -2.722e+08   4.468e+07   0
18.1   0.7938   -0.8425   0.1366   0   -2.722e+08   4.468e+07   0
18.2   0.7938   -0.8697   0.1411   0   -2.722e+08   4.468e+07   0
18.3   0.7938   -0.8969   0.1456   0   -2.722e+08   4.468e+07   0
18.4   0.7938   -0.9241   0.15   0   -2.722e+08   4.468e+07   0
18.5   0.7938   -0.9513   0.1545   0   -2.722e+08   4.468e+07   0
18.6   0.7938   -0.9786   0.159   0   -2.722e+08   4.468e+07   0
18.7   0.7938   -1.006   0.1634   0   -2.722e+08   4.468e+07   0
18.8   0.7938   -1.033   0.1679   0   -2.722e+08   4.468e+07   0
18.9   0.7938   -1.06   0.1724   0   -2.722e+08   4.468e+07   0
19   0.7938   -1.087   0.1768   0   -2.722e+08   4.468e+07   0
19.1   0.7938   -1.115   0.1813   0   -2.722e+08   4.468e+07   0
19.2   0.7945   -1.142   0.186   0   -2.688e+08   6.212e+07   0
19.3   0.7971   -1.168   0.1957   0   -2.428e+08   1.312e+08   0
19.4   0.7997   -1.19   0.212   0   -1.995e+08   1.908e+08   0
19.5   0.8023   -1.207   0.2335   0   -1.421e+08   2.368e+08   0
19.6   0.8049   -1.218   0.2588   0   -7.474e+07   2.66e+08   0
19.7   0.8076   -1.222   0.2861   0   -2.165e+06   2.764e+08   0
19.8   0.8102   -1.218   0.3134   0   7.047e+07   2.673e+08   0
19.9   0.8128   -1.208   0.3389   0   1.381e+08   2.396e+08   0
20   0.8155   -1.191   0.3608   0   1.96e+08   1.953e+08   0
20.1   0.8182   -1.169   0.3775   0   2.402e+08   1.374e+08   0
20.2   0.8208   -1.143   0.3879   0   2.678e+08   7.013e+07   0
20.3   0.8235   -1.116   0.3913   0   2.769e+08   -1.892e+06   0
20.4   0.8262   -1.089   0.3874   0   2.671e+08   -7.369e+07   0
20.5   0.8269   -1.062   0.3784   0   2.612e+08   -9.239e+07   0
20.6   0.8269   -1.036   0.3692   0   2.612e+08   -9.239e+07   0
20.7   0.8269   -1.01   0.3599   0   2.612e+08   -9.239e+07   0
20.8   0.8269   -0.984   0.3507   0   2.612e+08   -9.239e+07   0
20.9   0.8269   -0.9579   0.3415   0   2.612e+08   -9.239e+07   0
21   0.8269   -0.9317   0.3322   0   2.612e+08   -9.239e+07   0
21.1   0.8269   -0.9056   0.323   0   2.612e+08   -9.239e+07   0
21.2   0.8269   -0.8795   0.3137   0   2.612e+08   -9.239e+07   0
21.3   0.8269   -0.8534   0.3045   0   2.612e+08   -9.239e+07   0
21.4   0.8269   -0.8273   0.2953   0   2.612e+08   -9.239e+07   0
21.5   0.8269   -0.8011   0.286   0   2.612e+08   -9.239e+07   0
21.6   0.8269   -0.775   0.2768   0   2.612e+08   -9.239e+07   0
21.7   0.8269   -0.7489   0.2675   0   2.612e+08   -9.239e+07   0
21.8   0.8269   -0.7228   0.2583   0   2.612e+08   -9.239e+07   0
21.9   0.8296   -0.6967   0.2491   0   2.613e+08   -9.243e+07   0
22   0.8353   -0.6705   0.2398   0   2.615e+08   -9.25e+07   0
22.1   0.8409   -0.6444   0.2306   0   2.617e+08   -9.257e+07   0
22.2   0.8465   -0.6182   0.2213   0   2.618e+08   -9.263e+07   0
22.3   0.8519   -0.592   0.212   0   2.62e+08   -9.27e+07   0
22.4   0.8571   -0.5658   0.2028   0   2.622e+08   -9.276e+07   0
22.5   0.8622   -0.5396   0.1935   0   2.623e+08   -9.282e+07   0
22.6   0.867   -0.5133   0.1842   0   2.625e+08   -9.288e+07   0
22.7   0.8715   -0.4871   0.1749   0   2.626e+08   -9.293e+07   0
22.8   0.8757   -0.4608   0.1656   0   2.627e+08   -9.298e+07   0
22.9   0.8794   -0.4345   0.1563   0   2.628e+08   -9.302e+07   0
23   0.8827   -0.4082   0.147   0   2.629e+08   -9.306e+07   0
23.1   0.8854   -0.3819   0.1377   0   2.63e+08   -9.309e+07   0
23.2   0.8874   -0.3556   0.1284   0   2.631e+08   -9.311e+07   0
23.3   0.8887   -0.3293   0.1191   0   2.631e+08   -9.313e+07   0
23.4   0.889   -0.303   0.1098   0   2.631e+08   -9.313e+07   0
23.5   0.8883   -0.2767   0.1005   0   2.631e+08   -9.313e+07   0
23.6   0.8863   -0.2504   0.09114   0   2.63e+08   -9.31e+07   0
23.7   0.8827   -0.2241   0.08184   0   2.629e+08   -9.306e+07   0
23.8   0.8772   -0.1978   0.07253   0   2.628e+08   -9.299e+07   0
23.9   0.871   -0.1715   0.06324   0   2.626e+08   -9.29e+07   0
24   0.871   -0.1453   0.05395   0   2.626e+08   -9.29e+07   0
24.1   0.871   -0.119   0.04466   0   2.626e+08   -9.29e+07   0
24.2   0.871   -0.09276   0.03537   0   2.626e+08   -9.29e+07   0
24.3   0.871   -0.06651   0.02608   0   2.626e+08   -9.29e+07   0
24.4   0.871   -0.04025   0.01679   0   2.626e+08   -9.29e+07   0
24.5   0.871   -0.01399   0.007497   0   2.626e+08   -9.29e+07   0
24.6   0.871   0.01227   -0.001793   0   2.626e+08   -9.29e+07   0
24.7   0.871   0.03853   -0.01108   0   2.626e+08   -9.29e+07   0
24.8   0.871   0.06479   -0.02037   0   2.626e+08   -9.29e+07   0
24.9   0.871   0.09105   -0.02966   0   2.626e+08   -9.29e+07   0
25   0.871   0.1173   -0.03896   0   2.626e+08   -9.29e+07   0
25.1   0.871   0.1436   -0.04825   0   2.626e+08   -9.29e+07   0
25.2   0.871   0.1698   -0.05754   0   2.626e+08   -9.29e+07   0
25.3   0.8874   0.1961   -0.06683   0   2.631e+08   -9.303e+07   0
25.4   0.9096   0.2225   -0.07614   0   2.637e+08   -9.32e+07   0
25.5   0.9296   0.2489   -0.08547   0   2.643e+08   -9.335e+07   0
25.6   0.9478   0.2753   -0.09481   0   2.648e+08   -9.349e+07   0
25.7   0.9644   0.3018   -0.1042   0   2.652e+08   -9.361e+07   0
25.8   0.9797   0.3283   -0.1135   0   2.656e+08   -9.372e+07   0
25.9   0.9937   0.3549   -0.1229   0   2.659e+08   -9.382e+07   0
26   1.007   0.3815   -0.1323   0   2.662e+08   -9.391e+07   0
26.1   1.019   0.4082   -0.1417   0   2.665e+08   -9.399e+07   0
26.2   1.03   0.4348   -0.1511   0   2.667e+08   -9.406e+07   0
26.3   1.04   0.4615   -0.1605   0   2.669e+08   -9.413e+07   0
26.4   1.049   0.4882   -0.1699   0   2.671e+08   -9.419e+07   0
26.5   1.057   0.5149   -0.1793   0   2.673e+08   -9.424e+07   0
26.6   1.065   0.5417   -0.1888   0   2.675e+08   -9.429e+07   0
26.7   1.072   0.5684   -0.1982   0   2.676e+08   -9.434e+07   0
26.8   1.078   0.5952   -0.2076   0   2.677e+08   -9.438e+07   0
26.9   1.084   0.622   -0.2171   0   2.678e+08   -9.441e+07   0
27   1.089   0.6488   -0.2265   0   2.679e+08   -9.445e+07   0
27.1   1.094   0.6756   -0.236   0   2.68e+08   -9.447e+07   0
27.2   1.098   0.7024   -0.2454   0   2.681e+08   -9.45e+07   0
27.3   1.099   0.7292   -0.2549   0   2.681e+08   -9.45e+07   0
27.4   1.099   0.756   -0.2643   0   2.681e+08   -9.45e+07   0
27.5   1.099   0.7828   -0.2738   0   2.681e+08   -9.45e+07   0
27.6   1.099   0.8096   -0.2832   0   2.681e+08   -9.45e+07   0
27.7   1.099   0.8364   -0.2927   0   2.681e+08   -9.45e+07   0
27.8   1.099   0.8632   -0.3021   0   2.681e+08   -9.45e+07   0
27.9   1.099   0.8901   -0.3116   0   2.681e+08   -9.45e+07   0
28   1.099   0.9169   -0.321   0   2.681e+08   -9.45e+07   0
28.1   1.099   0.9437   -0.3305   0   2.681e+08   -9.45e+07   0
28.2   1.099   0.9705   -0.3399   0   2.681e+08   -9.45e+07   0
28.3   1.099   0.9973   -0.3494   0   2.681e+08   -9.45e+07   0
28.4   1.099   1.024   -0.3588   0   2.681e+08   -9.45e+07   0
28.5   1.099   1.051   -0.3683   0   2.681e+08   -9.45e+07   0
28.6   1.099   1.078   -0.3777   0   2.681e+08   -9.45e+07   0
28.7   1.102   1.104   -0.3879   0   2.545e+08   -1.268e+08   0
28.8   1.108   1.127   -0.4042   0   2.057e+08   -1.965e+08   0
28.9   1.115   1.145   -0.4266   0   1.387e+08   -2.485e+08   0
29   1.121   1.155   -0.4532   0   5.963e+07   -2.784e+08   0
29.1   1.128   1.156   -0.4815   0   -2.438e+07   -2.838e+08   0
29.2   1.135   1.15   -0.5091   0   -1.06e+08   -2.645e+08   0
29.3   1.141   1.135   -0.5336   0   -1.783e+08   -2.225e+08   0
29.4   1.148   1.115   -0.5529   0   -2.351e+08   -1.616e+08   0
29.5   1.155   1.089   -0.5654   0   -2.717e+08   -8.711e+07   0
29.6   1.162   1.061   -0.57   0   -2.854e+08   -5.573e+06   0
29.7   1.169   1.033   -0.5664   0   -2.752e+08   7.618e+07   0
29.8   1.174   1.007   -0.5551   0   -2.51e+08   1.364e+08   0
29.9   1.174   0.9815   -0.5415   0   -2.51e+08   1.364e+08   0
30   1.174   0.9565   -0.5278   0   -2.51e+08   1.364e+08   0
30.1   1.174   0.9314   -0.5142   0   -2.51e+08   1.364e+08   0
30.2   1.174   0.9063   -0.5005   0   -2.51e+08   1.364e+08   0
30.3   1.174   0.8812   -0.4869   0   -2.51e+08   1.364e+08   0
30.4   1.174   0.8561   -0.4733   0   -2.51e+08   1.364e+08   0
30.5   1.174   0.831   -0.4596   0   -2.51e+08   1.364e+08   0
30.6   1.174   0.8059   -0.446   0   -2.51e+08   1.364e+08   0
30.7   1.174   0.7808   -0.4323   0   -2.51e+08   1.364e+08   0
30.8   1.174   0.7557   -0.4187   0   -2.51e+08   1.364e+08   0
30.9   1.174   0.7306   -0.405   0   -2.51e+08   1.364e+08   0
31   1.174   0.7055   -0.3914   0   -2.51e+08   1.364e+08   0
31.1   1.174   0.6804   -0.3777   0   -2.51e+08   1.364e+08   0
31.2   1.175   0.6553   -0.3641   0   -2.51e+08   1.364e+08   0
31.3   1.181   0.6302   -0.3505   0   -2.511e+08   1.365e+08   0
31.4   1.186   0.605   -0.3368   0   -2.512e+08   1.366e+08   0
31.5   1.192   0.5799   -0.3231   0   -2.512e+08   1.366e+08   0
31.6   1.197   0.5548   -0.3095   0   -2.513e+08   1.367e+08   0
31.7   1.203   0.5297   -0.2958   0   -2.514e+08   1.367e+08   0
31.8   1.208   0.5045   -0.2821   0   -2.515e+08   1.368e+08   0
31.9   1.213   0.4794   -0.2685   0   -2.515e+08   1.368e+08   0
32   1.218   0.4542   -0.2548   0   -2.516e+08   1.369e+08   0
32.1   1.222   0.4291   -0.2411   0   -2.516e+08   1.369e+08   0
32.2   1.226   0.4039   -0.2274   0   -2.517e+08   1.369e+08   0
32.3   1.229   0.3787   -0.2137   0   -2.517e+08   1.37e+08   0
32.4   1.232   0.3535   -0.2   0   -2.518e+08   1.37e+08   0
32.5   1.234   0.3284   -0.1863   0   -2.518e+08   1.37e+08   0
32.6   1.235   0.3032   -0.1726   0   -2.518e+08   1.37e+08   0
32.7   1.236   0.278   -0.1589   0   -2.518e+08   1.37e+08   0
32.8   1.235   0.2528   -0.1452   0   -2.518e+08   1.37e+08   0
32.9   1.233   0.2277   -0.1315   0   -2.518e+08   1.37e+08   0
33   1.229   0.2025   -0.1178   0   -2.517e+08   1.37e+08   0
33.1   1.223   0.1773   -0.1041   0   -2.517e+08   1.369e+08   0
33.2   1.219   0.1521   -0.09042   0   -2.516e+08   1.368e+08   0
33.3   1.219   0.127   -0.07673   0   -2.516e+08   1.368e+08   0
33.4   1.219   0.1018   -0.06305   0   -2.516e+08   1.368e+08   0
33.5   1.219   0.07666   -0.04937   0   -2.516e+08   1.368e+08   0
33.6   1.219   0.0515   -0.03569   0   -2.516e+08   1.368e+08   0
33.7   1.219   0.02634   -0.022   0   -2.516e+08   1.368e+08   0
33.8   1.219   0.001176   -0.008321   0   -2.516e+08   1.368e+08   0
33.9   1.219   -0.02399   0.005362   0   -2.516e+08   1.368e+08   0
34   1.219   -0.04915   0.01904   0   -2.516e+08   1.368e+08   0
34.1   1.219   -0.07431   0.03273   0   -2.516e+08   1.368e+08   0
34.2   1.219   -0.09947   0.04641   0   -2.516e+08   1.368e+08   0
34.3   1.219   -0.1246   0.06009   0   -2.516e+08   1.368e+08   0
34.4   1.219   -0.1498   0.07378   0   -2.516e+08   1.368e+08   0
34.5   1.225   -0.175   0.08746   0   -2.517e+08   1.368e+08   0
34.6   1.249   -0.2001   0.1011   0   -2.521e+08   1.369e+08   0
34.7   1.27   -0.2254   0.1148   0   -2.524e+08   1.37e+08   0
34.8   1.289   -0.2506   0.1285   0   -2.527e+08   1.37e+08   0
34.9   1.306   -0.2759   0.1422   0   -2.529e+08   1.371e+08   0
35   1.322   -0.3012   0.1559   0   -2.532e+08   1.371e+08   0
35.1   1.337   -0.3265   0.1697   0   -2.534e+08   1.372e+08   0
35.2   1.351   -0.3519   0.1834   0   -2.535e+08   1.372e+08   0
35.3   1.363   -0.3772   0.1971   0   -2.537e+08   1.373e+08   0
35.4   1.375   -0.4026   0.2108   0   -2.538e+08   1.373e+08   0
35.5   1.385   -0.428   0.2246   0   -2.539e+08   1.374e+08   0
35.6   1.395   -0.4534   0.2383   0   -2.54e+08   1.374e+08   0
35.7   1.404   -0.4788   0.252   0   -2.541e+08   1.374e+08   0
35.8   1.412   -0.5042   0.2658   0   -2.542e+08   1.375e+08   0
35.9   1.42   -0.5297   0.2795   0   -2.543e+08   1.375e+08   0
36   1.427   -0.5551   0.2933   0   -2.544e+08   1.375e+08   0
36.1   1.433   -0.5805   0.307   0   -2.545e+08   1.375e+08   0
36.2   1.439   -0.606   0.3208   0   -2.545e+08   1.376e+08   0
36.3   1.444   -0.6314   0.3346   0   -2.546e+08   1.376e+08   0
36.4   1.448   -0.6569   0.3483   0   -2.546e+08   1.376e+08   0
36.5   1.449   -0.6824   0.3621   0   -2.546e+08   1.376e+08   0
36.6   1.449   -0.7078   0.3758   0   -2.546e+08   1.376e+08   0
36.7   1.449   -0.7333   0.3896   0   -2.546e+08   1.376e+08   0
36.8   1.449   -0.7588   0.4034   0   -2.546e+08   1.376e+08   0
36.9   1.449   -0.7842   0.4171   0   -2.546e+08   1.376e+08   0
37   1.449   -0.8097   0.4309   0   -2.546e+08   1.376e+08   0
37.1   1.449   -0.8351   0.4446   0   -2.546e+08   1.376e+08   0
37.2   1.449   -0.8606   0.4584   0   -2.546e+08   1.376e+08   0
37.3   1.449   -0.8861   0.4722   0   -2.546e+08   1.376e+08   0
37.4   1.449   -0.9115   0.4859   0   -2.546e+08   1.376e+08   0
37.5   1.449   -0.937   0.4997   0   -2.546e+08   1.376e+08   0
37.6   1.449   -0.9625   0.5134   0   -2.546e+08   1.376e+08   0
37.7   1.449   -0.9879   0.5272   0   -2.546e+08   1.376e+08   0
37.8   1.449   -1.013   0.541   0   -2.546e+08   1.376e+08   0
37.9   1.449   -1.039   0.5547   0   -2.546e+08   1.376e+08   0
38   1.449   -1.064   0.5685   0   -2.546e+08   1.376e+08   0
38.1   1.449   -1.09   0.5822   0   -2.546e+08   1.376e+08   0
38.2   1.449   -1.115   0.596   0   -2.546e+08   1.376e+08   0
38.3   1.449   -1.141   0.6098   0   -2.546e+08   1.376e+08   0
38.4   1.449   -1.166   0.6235   0   -2.546e+08   1.376e+08   0
38.5   1.449   -1.192   0.6373   0   -2.546e+08   1.376e+08   0
38.6   1.449   -1.217   0.6511   0   -2.546e+08   1.376e+08   0
38.7   1.449   -1.243   0.6648   0   -2.546e+08   1.376e+08   0
38.8   1.449   -1.268   0.6786   0   -2.546e+08   1.376e+08   0
38.9   1.449   -1.293   0.6923   0   -2.546e+08   1.376e+08   0
39   1.449   -1.319   0.7061   0   -2.546e+08   1.376e+08   0
39.1   1.449   -1.344   0.7199   0   -2.546e+08   1.376e+08   0
39.2   1.449   -1.37   0.7336   0   -2.546e+08   1.376e+08   0
39.3   1.449   -1.395   0.7474   0   -2.546e+08   1.376e+08   0
39.4   1.449   -1.421   0.7611   0   -2.546e+08   1.376e+08   0
39.5   1.449   -1.446   0.7749   0   -2.546e+08   1.376e+08   0
39.6   1.449   -1.472   0.7887   0   -2.546e+08   1.376e+08   0
39.7   1.449   -1.497   0.8024   0   -2.546e+08   1.376e+08   0
39.8   1.449   -1.523   0.8162   0   -2.546e+08   1.376e+08   0
39.9   1.449   -1.548   0.8299   0   -2.546e+08   1.376e+08   0
40   1.449   -1.574   0.8437   0   -2.546e+08   1.376e+08   0
40.1   1.449   -1.599   0.8575   0   -2.546e+08   1.376e+08   0
40.2   1.449   -1.624   0.8712   0   -2.546e+08   1.376e+08   0
40.3   1.449   -1.65   0.885   0   -2.546e+08   1.376e+08   0
40.4   1.449   -1.675   0.8987   0   -2.546e+08   1.376e+08   0
40.5   1.449   -1.701   0.9125   0   -2.546e+08   1.376e+08   0
40.6   1.449   -1.726   0.9263   0   -2.546e+08   1.376e+08   0
40.7   1.449   -1.752   0.94   0   -2.546e+08   1.376e+08   0
40.8   1.449   -1.777   0.9538   0   -2.546e+08   1.376e+08   0
40.9   1.449   -1.803   0.9675   0   -2.546e+08   1.376e+08   0
41   1.449   -1.828   0.9813   0   -2.546e+08   1.376e+08   0
41.1   1.449   -1.854   0.9951   0   -2.546e+08   1.376e+08   0
41.2   1.449   -1.879   1.009   0   -2.546e+08   1.376e+08   0
41.3   1.449   -1.905   1.023   0   -2.546e+08   1.376e+08   0
41.4   1.449   -1.93   1.036   0   -2.546e+08   1.376e+08   0
41.5   1.449   -1.955   1.05   0   -2.546e+08   1.376e+08   0
41.6   1.449   -1.981   1.064   0   -2.546e+08   1.376e+08   0
41.7   1.449   -2.006   1.078   0   -2.546e+08   1.376e+08   0
41.8   1.449   -2.032   1.091   0   -2.546e+08   1.376e+08   0
41.9   1.449   -2.057   1.105   0   -2.546e+08   1.376e+08   0
42   1.449   -2.083   1.119   0   -2.546e+08   1.376e+08   0
42.1   1.449   -2.108   1.133   0   -2.546e+08   1.376e+08   0
42.2   1.449   -2.134   1.146   0   -2.546e+08   1.376e+08   0
42.3   1.449   -2.159   1.16   0   -2.546e+08   1.376e+08   0
42.4   1.449   -2.185   1.174   0   -2.546e+08   1.376e+08   0
42.5   1.449   -2.21   1.188   0   -2.546e+08   1.376e+08   0
42.6   1.449   -2.236   1.201   0   -2.546e+08   1.376e+08   0
42.7   1.449   -2.261   1.215   0   -2.546e+08   1.376e+08   0
42.8   1.449   -2.287   1.229   0   -2.546e+08   1.376e+08   0
42.9   1.449   -2.312   1.243   0   -2.546e+08   1.376e+08   0
43   1.449   -2.337   1.257   0   -2.546e+08   1.376e+08   0
43.1   1.449   -2.363   1.27   0   -2.546e+08   1.376e+08   0
43.2   1.449   -2.388   1.284   0   -2.546e+08   1.376e+08   0
43.3   1.449   -2.414   1.298   0   -2.546e+08   1.376e+08   0
43.4   1.449   -2.439   1.312   0   -2.546e+08   1.376e+08   0
43.5   1.449   -2.465   1.325   0   -2.546e+08   1.376e+08   0
43.6   1.449   -2.49   1.339   0   -2.546e+08   1.376e+08   0
43.7   1.449   -2.516   1.353   0   -2.546e+08   1.376e+08   0
43.8   1.449   -2.541   1.367   0   -2.546e+08   1.376e+08   0
43.9   1.449   -2.567   1.38   0   -2.546e+08   1.376e+08   0
44   1.449   -2.592   1.394   0   -2.546e+08   1.376e+08   0
44.1   1.449   -2.618   1.408   0   -2.546e+08   1.376e+08   0
44.2   1.449   -2.643   1.422   0   -2.546e+08   1.376e+08   0
44.3   1.449   -2.668   1.435   0   -2.546e+08   1.376e+08   0
44.4   1.449   -2.694   1.449   0   -2.546e+08   1.376e+08   0
44.5   1.449   -2.719   1.463   0   -2.546e+08   1.376e+08   0
44.6   1.449   -2.745   1.477   0   -2.546e+08   1.376e+08   0
44.7   1.449   -2.77   1.49   0   -2.546e+08   1.376e+08   0
44.8   1.449   -2.796   1.504   0   -2.546e+08   1.376e+08   0
44.9   1.449   -2.821   1.518   0   -2.546e+08   1.376e+08   0
45   1.449   -2.847   1.532   0   -2.546e+08   1.376e+08   0
