0   0.04   -0.753   0   0   1.121e+08   0   0
0.1   0.04   -0.753   0   0   1.121e+08   0   0
0.2   0.04   -0.753   0   0   1.121e+08   0   0
0.3   0.04   -0.753   0   0   1.121e+08   0   0
0.4   0.04   -0.753   0   0   1.121e+08   0   0
0.5   0.04   -0.753   0   0   1.121e+08   0   0
0.6   0.04071   -0.7424   0   0   1.13e+08   0   0
0.7   0.04167   -0.731   0   0   1.142e+08   0   0
0.8   0.04284   -0.7195   0   0   1.156e+08   0   0
0.9   0.04422   -0.7079   0   0   1.172e+08   0   0
1   0.04582   -0.6961   0   0   1.191e+08   0   0
1.1   0.04765   -0.6841   0   0   1.212e+08   0   0
1.2   0.04972   -0.6718   0   0   1.234e+08   0   0
1.3   0.05204   -0.6594   0   0   1.259e+08   0   0
1.4   0.05463   -0.6467   0   0   1.285e+08   0   0
1.5   0.05748   -0.6337   0   0   1.314e+08   0   0
1.6   0.06062   -0.6204   0   0   1.344e+08   0   0
1.7   0.06404   -0.6068   0   0   1.375e+08   0   0
1.8   0.06777   -0.5929   0   0   1.408e+08   0   0
1.9   0.0718   -0.5786   0   0   1.442e+08   0   0
2   0.07615   -0.564   0   0   1.477e+08   0   0
2.1   0.08082   -0.5491   0   0   1.512e+08   0   0
2.2   0.08582   -0.5338   0   0   1.549e+08   0   0
2.3   0.09115   -0.5181   0   0   1.586e+08   0   0
2.4   0.09682   -0.5021   0   0   1.623e+08   0   0
2.5   0.1028   -0.4856   0   0   1.661e+08   0   0
2.6   0.1092   -0.4688   0   0   1.699e+08   0   0
2.7   0.1159   -0.4516   0   0   1.736e+08   0   0
2.8   0.1229   -0.4341   0   0   1.774e+08   0   0
2.9   0.1302   -0.4162   0   0   1.811e+08   0   0
3   0.1379   -0.3979   0   0   1.848e+08   0   0
3.1   0.1459   -0.3792   0   0   1.884e+08   0   0
3.2   0.1542   -0.3602   0   0   1.919e+08   0   0
3.3   0.1628   -0.3408   0   0   1.954e+08   0   0
3.4   0.1716   -0.3211   0   0   1.988e+08   0   0
3.5   0.1807   -0.3011   0   0   2.021e+08   0   0
3.6   0.1901   -0.2807   0   0   2.052e+08   0   0
3.7   0.1996   -0.26   0   0   2.083e+08   0   0
3.8   0.2094   -0.239   0   0   2.113e+08   0   0
3.9   0.2193   -0.2178   0   0   2.142e+08   0   0
4   0.2293   -0.1962   0   0   2.169e+08   0   0
4.1   0.233   -0.1744   0   0   2.179e+08   0   0
4.2   0.233   -0.1526   0   0   2.179e+08   0   0
4.3   0.233   -0.1309   0   0   2.179e+08   0   0
4.4   0.233   -0.1091   0   0   2.179e+08   0   0
4.5   0.233   -0.08728   0   0   2.179e+08   0   0
4.6   0.233   -0.06549   0   0   2.179e+08   0   0
4.7   0.233   -0.0437   0   0   2.179e+08   0   0
4.8   0.233   -0.02191   0   0   2.179e+08   0   0
4.9   0.233   -0.0001203   0   0   2.179e+08   0   0
5   0.233   0.02167   0   0   2.179e+08   0   0
5.1   0.233   0.04346   0   0   2.179e+08   0   0
5.2   0.233   0.06525   0   0   2.179e+08   0   0
5.3   0.233   0.08704   0   0   2.179e+08   0   0
5.4   0.233   0.1088   0   0   2.179e+08   0   0
5.5   0.233   0.1306   0   0   2.179e+08   0   0
5.6   0.233   0.1524   0   0   2.179e+08   0   0
5.7   0.233   0.1742   0   0   2.179e+08   0   0
5.8   0.2375   0.196   0   0   2.191e+08   0   0
5.9   0.2502   0.2181   0   0   2.222e+08   0   0
6   0.2628   0.2404   0   0   2.251e+08   0   0
6.1   0.2751   0.2631   0   0   2.278e+08   0   0
6.2   0.2871   0.286   0   0   2.303e+08   0   0
6.3   0.2989   0.3091   0   0   2.326e+08   0   0
6.4   0.3104   0.3325   0   0   2.347e+08   0   0
6.5   0.3216   0.3561   0   0   2.367e+08   0   0
6.6   0.3324   0.3798   0   0   2.385e+08   0   0
6.7   0.3429   0.4038   0   0   2.402e+08   0   0
6.8   0.3531   0.4279   0   0   2.418e+08   0   0
6.9   0.3629   0.4521   0   0   2.432e+08   0   0
7   0.3724   0.4765   0   0   2.445e+08   0   0
7.1   0.3814   0.501   0   0   2.458e+08   0   0
7.2   0.3901   0.5257   0   0   2.469e+08   0   0
7.3   0.3984   0.5504   0   0   2.48e+08   0   0
7.4   0.4063   0.5753   0   0   2.49e+08   0   0
7.5   0.4137   0.6002   0   0   2.499e+08   0   0
7.6   0.4208   0.6252   0   0   2.507e+08   0   0
7.7   0.4274   0.6503   0   0   2.514e+08   0   0
7.8   0.4337   0.6755   0   0   2.521e+08   0   0
7.9   0.4395   0.7008   0   0   2.528e+08   0   0
8   0.4449   0.7261   0   0   2.534e+08   0   0
8.1   0.4499   0.7514   0   0   2.539e+08   0   0
8.2   0.4501   0.7768   0   0   2.539e+08   0   0
8.3   0.4501   0.8022   0   0   2.539e+08   0   0
8.4   0.4501   0.8276   0   0   2.539e+08   0   0
8.5   0.4501   0.853   0   0   2.539e+08   0   0
8.6   0.4501   0.8784   0   0   2.539e+08   0   0
8.7   0.4501   0.9038   0   0   2.539e+08   0   0
8.8   0.4501   0.9292   0   0   2.539e+08   0   0
8.9   0.4501   0.9546   0   0   2.539e+08   0   0
9   0.4501   0.98   0   0   2.539e+08   0   0
9.1   0.4501   1.005   0   0   2.539e+08   0   0
9.2   0.4501   1.031   0   0   2.539e+08   0   0
9.3   0.4501   1.056   0   0   2.539e+08   0   0
9.4   0.4501   1.082   0   0   2.539e+08   0   0
9.5   0.4501   1.107   0   0   2.539e+08   0   0
9.6   0.4511   1.132   -0.00341   0   2.446e+08   -6.847e+07   0
9.7   0.452   1.155   -0.01358   0   2.165e+08   -1.331e+08   0
9.8   0.453   1.175   -0.02974   0   1.717e+08   -1.874e+08   0
9.9   0.4539   1.189   -0.05064   0   1.138e+08   -2.274e+08   0
10   0.4549   1.197   -0.07467   0   4.721e+07   -2.5e+08   0
10.1   0.4558   1.198   -0.1   0   -2.299e+07   -2.535e+08   0
10.2   0.4568   1.193   -0.1247   0   -9.143e+07   -2.376e+08   0
10.3   0.4577   1.18   -0.1469   0   -1.529e+08   -2.037e+08   0
10.4   0.4587   1.162   -0.1649   0   -2.027e+08   -1.543e+08   0
10.5   0.4597   1.14   -0.1773   0   -2.372e+08   -9.326e+07   0
10.6   0.4606   1.115   -0.1832   0   -2.537e+08   -2.516e+07   0
10.7   0.4616   1.09   -0.1822   0   -2.516e+08   4.206e+07   0
10.8   0.4616   1.065   -0.178   0   -2.516e+08   4.206e+07   0
10.9   0.4616   1.04   -0.1738   0   -2.516e+08   4.206e+07   0
11   0.4616   1.015   -0.1696   0   -2.516e+08   4.206e+07   0
11.1   0.4616   0.9894   -0.1654   0   -2.516e+08   4.206e+07   0
11.2   0.4616   0.9642   -0.1612   0   -2.516e+08   4.206e+07   0
11.3   0.4616   0.939   -0.157   0   -2.516e+08   4.206e+07   0
11.4   0.4616   0.9139   -0.1528   0   -2.516e+08   4.206e+07   0
11.5   0.4616   0.8887   -0.1486   0   -2.516e+08   4.206e+07   0
11.6   0.4616   0.8636   -0.1444   0   -2.516e+08   4.206e+07   0
11.7   0.4616   0.8384   -0.1402   0   -2.516e+08   4.206e+07   0
11.8   0.4616   0.8132   -0.136   0   -2.516e+08   4.206e+07   0
11.9   0.4616   0.7881   -0.1318   0   -2.516e+08   4.206e+07   0
12   0.4616   0.7629   -0.1275   0   -2.516e+08   4.206e+07   0
12.1   0.4627   0.7378   -0.1233   0   -2.517e+08   4.208e+07   0
12.2   0.4688   0.7126   -0.1191   0   -2.523e+08   4.218e+07   0
12.3   0.4749   0.6873   -0.1149   0   -2.529e+08   4.227e+07   0
12.4   0.4812   0.662   -0.1107   0   -2.535e+08   4.237e+07   0
12.5   0.4875   0.6366   -0.1064   0   -2.54e+08   4.247e+07   0
12.6   0.4938   0.6112   -0.1022   0   -2.546e+08   4.256e+07   0
12.7   0.5001   0.5857   -0.09792   0   -2.552e+08   4.265e+07   0
12.8   0.5065   0.5602   -0.09365   0   -2.557e+08   4.275e+07   0
12.9   0.5127   0.5346   -0.08937   0   -2.562e+08   4.283e+07   0
13   0.5189   0.5089   -0.08508   0   -2.567e+08   4.292e+07   0
13.1   0.5249   0.4832   -0.08079   0   -2.572e+08   4.3e+07   0
13.2   0.5307   0.4575   -0.07648   0   -2.577e+08   4.308e+07   0
13.3   0.5363   0.4317   -0.07217   0   -2.581e+08   4.315e+07   0
13.4   0.5416   0.4059   -0.06786   0   -2.585e+08   4.322e+07   0
13.5   0.5465   0.38   -0.06353   0   -2.589e+08   4.328e+07   0
13.6   0.551   0.3541   -0.0592   0   -2.592e+08   4.333e+07   0
13.7   0.555   0.3281   -0.05486   0   -2.595e+08   4.338e+07   0
13.8   0.5583   0.3022   -0.05052   0   -2.597e+08   4.342e+07   0
13.9   0.5608   0.2762   -0.04618   0   -2.599e+08   4.345e+07   0
14   0.5624   0.2502   -0.04183   0   -2.6e+08   4.347e+07   0
14.1   0.5628   0.2242   -0.03749   0   -2.601e+08   4.348e+07   0
14.2   0.5618   0.1982   -0.03314   0   -2.6e+08   4.346e+07   0
14.3   0.5607   0.1722   -0.02879   0   -2.599e+08   4.345e+07   0
14.4   0.5607   0.1462   -0.02445   0   -2.599e+08   4.345e+07   0
14.5   0.5607   0.1202   -0.0201   0   -2.599e+08   4.345e+07   0
14.6   0.5607   0.09423   -0.01576   0   -2.599e+08   4.345e+07   0
14.7   0.5607   0.06823   -0.01141   0   -2.599e+08   4.345e+07   0
14.8   0.5607   0.04224   -0.007068   0   -2.599e+08   4.345e+07   0
14.9   0.5607   0.01625   -0.002723   0   -2.599e+08   4.345e+07   0
15   0.5607   -0.009738   0.001622   0   -2.599e+08   4.345e+07   0
15.1   0.5607   -0.03573   0.005967   0   -2.599e+08   4.345e+07   0
15.2   0.5607   -0.06172   0.01031   0   -2.599e+08   4.345e+07   0
15.3   0.5607   -0.08771   0.01466   0   -2.599e+08   4.345e+07   0
15.4   0.5607   -0.1137   0.019   0   -2.599e+08   4.345e+07   0
15.5   0.5607   -0.1397   0.02335   0   -2.599e+08   4.345e+07   0
15.6   0.5607   -0.1657   0.02769   0   -2.599e+08   4.345e+07   0
15.7   0.5657   -0.1917   0.03204   0   -2.603e+08   4.351e+07   0
15.8   0.5866   -0.2178   0.0364   0   -2.617e+08   4.375e+07   0
15.9   0.6057   -0.244   0.04079   0   -2.629e+08   4.395e+07   0
16   0.6233   -0.2704   0.04519   0   -2.64e+08   4.413e+07   0
16.1   0.6397   -0.2968   0.04961   0   -2.649e+08   4.429e+07   0
16.2   0.655   -0.3233   0.05405   0   -2.658e+08   4.443e+07   0
16.3   0.6692   -0.35   0.0585   0   -2.665e+08   4.456e+07   0
16.4   0.6824   -0.3766   0.06296   0   -2.672e+08   4.467e+07   0
16.5   0.6948   -0.4034   0.06743   0   -2.678e+08   4.477e+07   0
16.6   0.7064   -0.4302   0.07192   0   -2.684e+08   4.487e+07   0
16.7   0.7172   -0.4571   0.07641   0   -2.689e+08   4.495e+07   0
16.8   0.7273   -0.484   0.0809   0   -2.693e+08   4.503e+07   0
16.9   0.7367   -0.5109   0.08541   0   -2.698e+08   4.51e+07   0
17   0.7454   -0.5379   0.08992   0   -2.701e+08   4.516e+07   0
17.1   0.7534   -0.565   0.09444   0   -2.705e+08   4.521e+07   0
17.2   0.7608   -0.592   0.09897   0   -2.708e+08   4.527e+07   0
17.3   0.7676   -0.6191   0.1035   0   -2.71e+08   4.531e+07   0
17.4   0.7739   -0.6462   0.108   0   -2.713e+08   4.535e+07   0
17.5   0.7795   -0.6734   0.1126   0   -2.715e+08   4.539e+07   0
17.6   0.7847   -0.7005   0.1171   0   -2.717e+08   4.542e+07   0
17.7   0.7893   -0.7277   0.1217   0   -2.719e+08   4.545e+07   0
17.8   0.7916   -0.7549   0.1262   0   -2.72e+08   4.547e+07   0
17.9   0.7916   -0.7821   0.1307   0   -2.72e+08   4.547e+07   0
18   0.7916   -0.8093   0.1353   0   -2.72e+08   4.547e+07   0
18.1   0.7916   -0.8365   0.1398   0   -2.72e+08   4.547e+07   0
18.2   0.7916   -0.8637   0.1444   0   -2.72e+08   4.547e+07   0
18.3   0.7916   -0.8909   0.1489   0   -2.72e+08   4.547e+07   0
18.4   0.7916   -0.9181   0.1535   0   -2.72e+08   4.547e+07   0
18.5   0.7916   -0.9453   0.158   0   -2.72e+08   4.547e+07   0
18.6   0.7916   -0.9725   0.1626   0   -2.72e+08   4.547e+07   0
18.7   0.7916   -0.9997   0.1671   0   -2.72e+08   4.547e+07   0
18.8   0.7916   -1.027   0.1717   0   -2.72e+08   4.547e+07   0
18.9   0.7916   -1.054   0.1762   0   -2.72e+08   4.547e+07   0
19   0.7916   -1.081   0.1808   0   -2.72e+08   4.547e+07   0
19.1   0.7916   -1.109   0.1853   0   -2.72e+08   4.547e+07   0
19.2   0.7917   -1.136   0.1899   0   -2.712e+08   4.985e+07   0
19.3   0.7943   -1.162   0.1985   0   -2.483e+08   1.201e+08   0
19.4   0.7969   -1.185   0.2137   0   -2.077e+08   1.817e+08   0
19.5   0.7996   -1.203   0.2344   0   -1.523e+08   2.303e+08   0
19.6   0.8022   -1.215   0.2592   0   -8.61e+07   2.624e+08   0
19.7   0.8048   -1.22   0.2863   0   -1.391e+07   2.759e+08   0
19.8   0.8074   -1.217   0.3138   0   5.916e+07   2.7e+08   0
19.9   0.8101   -1.208   0.3396   0   1.28e+08   2.45e+08   0
20   0.8127   -1.192   0.3622   0   1.878e+08   2.03e+08   0
20.1   0.8154   -1.171   0.3797   0   2.344e+08   1.469e+08   0
20.2   0.818   -1.146   0.3911   0   2.647e+08   8.069e+07   0
20.3   0.8207   -1.118   0.3956   0   2.767e+08   8.963e+06   0
20.4   0.8234   -1.091   0.3928   0   2.696e+08   -6.329e+07   0
20.5   0.8245   -1.065   0.3842   0   2.613e+08   -9.19e+07   0
20.6   0.8245   -1.039   0.375   0   2.613e+08   -9.19e+07   0
20.7   0.8245   -1.012   0.3658   0   2.613e+08   -9.19e+07   0
20.8   0.8245   -0.9863   0.3567   0   2.613e+08   -9.19e+07   0
20.9   0.8245   -0.9602   0.3475   0   2.613e+08   -9.19e+07   0
21   0.8245   -0.9341   0.3383   0   2.613e+08   -9.19e+07   0
21.1   0.8245   -0.9079   0.3291   0   2.613e+08   -9.19e+07   0
21.2   0.8245   -0.8818   0.3199   0   2.613e+08   -9.19e+07   0
21.3   0.8245   -0.8557   0.3107   0   2.613e+08   -9.19e+07   0
21.4   0.8245   -0.8295   0.3015   0   2.613e+08   -9.19e+07   0
21.5   0.8245   -0.8034   0.2923   0   2.613e+08   -9.19e+07   0
21.6   0.8245   -0.7773   0.2831   0   2.613e+08   -9.19e+07   0
21.7   0.8245   -0.7512   0.2739   0   2.613e+08   -9.19e+07   0
21.8   0.8245   -0.725   0.2647   0   2.613e+08   -9.19e+07   0
21.9   0.8262   -0.6989   0.2556   0   2.613e+08   -9.193e+07   0
22   0.8319   -0.6728   0.2464   0   2.615e+08   -9.201e+07   0
22.1   0.8375   -0.6466   0.2372   0   2.617e+08   -9.209e+07   0
22.2   0.843   -0.6204   0.2279   0   2.619e+08   -9.217e+07   0
22.3   0.8484   -0.5942   0.2187   0   2.62e+08   -9.225e+07   0
22.4   0.8536   -0.568   0.2095   0   2.622e+08   -9.232e+07   0
22.5   0.8586   -0.5418   0.2003   0   2.623e+08   -9.24e+07   0
22.6   0.8634   -0.5155   0.191   0   2.625e+08   -9.246e+07   0
22.7   0.8678   -0.4893   0.1818   0   2.626e+08   -9.253e+07   0
22.8   0.8719   -0.463   0.1725   0   2.627e+08   -9.259e+07   0
22.9   0.8757   -0.4367   0.1632   0   2.628e+08   -9.264e+07   0
23   0.8789   -0.4105   0.154   0   2.629e+08   -9.269e+07   0
23.1   0.8815   -0.3842   0.1447   0   2.63e+08   -9.273e+07   0
23.2   0.8835   -0.3578   0.1354   0   2.631e+08   -9.276e+07   0
23.3   0.8848   -0.3315   0.1262   0   2.631e+08   -9.278e+07   0
23.4   0.8851   -0.3052   0.1169   0   2.631e+08   -9.278e+07   0
23.5   0.8844   -0.2789   0.1076   0   2.631e+08   -9.277e+07   0
23.6   0.8825   -0.2526   0.09832   0   2.63e+08   -9.274e+07   0
23.7   0.879   -0.2263   0.08905   0   2.629e+08   -9.268e+07   0
23.8   0.8736   -0.2   0.07979   0   2.628e+08   -9.258e+07   0
23.9   0.8661   -0.1738   0.07054   0   2.626e+08   -9.242e+07   0
24   0.8661   -0.1475   0.0613   0   2.626e+08   -9.242e+07   0
24.1   0.8661   -0.1212   0.05205   0   2.626e+08   -9.242e+07   0
24.2   0.8661   -0.09498   0.04281   0   2.626e+08   -9.242e+07   0
24.3   0.8661   -0.06872   0.03357   0   2.626e+08   -9.242e+07   0
24.4   0.8661   -0.04246   0.02433   0   2.626e+08   -9.242e+07   0
24.5   0.8661   -0.0162   0.01509   0   2.626e+08   -9.242e+07   0
24.6   0.8661   0.01006   0.005843   0   2.626e+08   -9.242e+07   0
24.7   0.8661   0.03632   -0.003399   0   2.626e+08   -9.242e+07   0
24.8   0.8661   0.06258   -0.01264   0   2.626e+08   -9.242e+07   0
24.9   0.8661   0.08884   -0.02188   0   2.626e+08   -9.242e+07   0
25   0.8661   0.1151   -0.03113   0   2.626e+08   -9.242e+07   0
25.1   0.8661   0.1414   -0.04037   0   2.626e+08   -9.242e+07   0
25.2   0.8661   0.1676   -0.04961   0   2.626e+08   -9.242e+07   0
25.3   0.8786   0.1939   -0.05885   0   2.63e+08   -9.243e+07   0
25.4   0.9013   0.2202   -0.0681   0   2.637e+08   -9.246e+07   0
25.5   0.9216   0.2466   -0.07735   0   2.644e+08   -9.251e+07   0
25.6   0.9401   0.2731   -0.0866   0   2.649e+08   -9.256e+07   0
25.7   0.957   0.2996   -0.09586   0   2.653e+08   -9.261e+07   0
25.8   0.9725   0.3262   -0.1051   0   2.658e+08   -9.266e+07   0
25.9   0.9867   0.3528   -0.1144   0   2.661e+08   -9.272e+07   0
26   0.9998   0.3794   -0.1237   0   2.664e+08   -9.277e+07   0
26.1   1.012   0.406   -0.1329   0   2.667e+08   -9.282e+07   0
26.2   1.023   0.4327   -0.1422   0   2.67e+08   -9.286e+07   0
26.3   1.033   0.4594   -0.1515   0   2.672e+08   -9.29e+07   0
26.4   1.042   0.4862   -0.1608   0   2.674e+08   -9.294e+07   0
26.5   1.051   0.5129   -0.1701   0   2.676e+08   -9.298e+07   0
26.6   1.059   0.5397   -0.1794   0   2.678e+08   -9.302e+07   0
26.7   1.066   0.5665   -0.1887   0   2.679e+08   -9.305e+07   0
26.8   1.072   0.5933   -0.198   0   2.68e+08   -9.308e+07   0
26.9   1.078   0.6201   -0.2073   0   2.682e+08   -9.31e+07   0
27   1.083   0.6469   -0.2166   0   2.683e+08   -9.313e+07   0
27.1   1.088   0.6737   -0.2259   0   2.684e+08   -9.315e+07   0
27.2   1.092   0.7006   -0.2353   0   2.684e+08   -9.317e+07   0
27.3   1.093   0.7274   -0.2446   0   2.685e+08   -9.318e+07   0
27.4   1.093   0.7543   -0.2539   0   2.685e+08   -9.318e+07   0
27.5   1.093   0.7811   -0.2632   0   2.685e+08   -9.318e+07   0
27.6   1.093   0.808   -0.2725   0   2.685e+08   -9.318e+07   0
27.7   1.093   0.8348   -0.2819   0   2.685e+08   -9.318e+07   0
27.8   1.093   0.8617   -0.2912   0   2.685e+08   -9.318e+07   0
27.9   1.093   0.8885   -0.3005   0   2.685e+08   -9.318e+07   0
28   1.093   0.9154   -0.3098   0   2.685e+08   -9.318e+07   0
28.1   1.093   0.9422   -0.3191   0   2.685e+08   -9.318e+07   0
28.2   1.093   0.9691   -0.3284   0   2.685e+08   -9.318e+07   0
28.3   1.093   0.9959   -0.3378   0   2.685e+08   -9.318e+07   0
28.4   1.093   1.023   -0.3471   0   2.685e+08   -9.318e+07   0
28.5   1.093   1.05   -0.3564   0   2.685e+08   -9.318e+07   0
28.6   1.093   1.076   -0.3657   0   2.685e+08   -9.318e+07   0
28.7   1.095   1.103   -0.3752   0   2.627e+08   -1.084e+08   0
28.8   1.101   1.127   -0.3898   0   2.187e+08   -1.817e+08   0
28.9   1.108   1.146   -0.411   0   1.552e+08   -2.384e+08   0
29   1.114   1.158   -0.4368   0   7.81e+07   -2.737e+08   0
29.1   1.121   1.162   -0.465   0   -5.689e+06   -2.847e+08   0
29.2   1.128   1.157   -0.4929   0   -8.873e+07   -2.707e+08   0
29.3   1.134   1.144   -0.5183   0   -1.638e+08   -2.332e+08   0
29.4   1.141   1.124   -0.5389   0   -2.245e+08   -1.757e+08   0
29.5   1.148   1.1   -0.5529   0   -2.658e+08   -1.034e+08   0
29.6   1.155   1.072   -0.5592   0   -2.844e+08   -2.249e+07   0
29.7   1.161   1.044   -0.5572   0   -2.791e+08   6.003e+07   0
29.8   1.168   1.017   -0.5473   0   -2.504e+08   1.373e+08   0
29.9   1.168   0.992   -0.5335   0   -2.5e+08   1.38e+08   0
30   1.168   0.967   -0.5197   0   -2.5e+08   1.38e+08   0
30.1   1.168   0.942   -0.5059   0   -2.5e+08   1.38e+08   0
30.2   1.168   0.917   -0.4921   0   -2.5e+08   1.38e+08   0
30.3   1.168   0.892   -0.4783   0   -2.5e+08   1.38e+08   0
30.4   1.168   0.867   -0.4645   0   -2.5e+08   1.38e+08   0
30.5   1.168   0.842   -0.4507   0   -2.5e+08   1.38e+08   0
30.6   1.168   0.817   -0.4369   0   -2.5e+08   1.38e+08   0
30.7   1.168   0.792   -0.4231   0   -2.5e+08   1.38e+08   0
30.8   1.168   0.767   -0.4093   0   -2.5e+08   1.38e+08   0
30.9   1.168   0.742   -0.3955   0   -2.5e+08   1.38e+08   0
31   1.168   0.717   -0.3817   0   -2.5e+08   1.38e+08   0
31.1   1.168   0.692   -0.3679   0   -2.5e+08   1.38e+08   0
31.2   1.168   0.667   -0.354   0   -2.5e+08   1.38e+08   0
31.3   1.174   0.642   -0.3402   0   -2.501e+08   1.38e+08   0
31.4   1.179   0.6169   -0.3264   0   -2.502e+08   1.381e+08   0
31.5   1.185   0.5919   -0.3126   0   -2.503e+08   1.381e+08   0
31.6   1.19   0.5669   -0.2988   0   -2.504e+08   1.381e+08   0
31.7   1.196   0.5418   -0.285   0   -2.505e+08   1.382e+08   0
31.8   1.201   0.5168   -0.2712   0   -2.505e+08   1.382e+08   0
31.9   1.206   0.4917   -0.2574   0   -2.506e+08   1.382e+08   0
32   1.21   0.4667   -0.2436   0   -2.507e+08   1.382e+08   0
32.1   1.214   0.4416   -0.2297   0   -2.508e+08   1.382e+08   0
32.2   1.218   0.4165   -0.2159   0   -2.508e+08   1.382e+08   0
32.3   1.222   0.3914   -0.2021   0   -2.509e+08   1.383e+08   0
32.4   1.224   0.3663   -0.1883   0   -2.509e+08   1.383e+08   0
32.5   1.226   0.3412   -0.1744   0   -2.51e+08   1.383e+08   0
32.6   1.228   0.3161   -0.1606   0   -2.51e+08   1.383e+08   0
32.7   1.228   0.2911   -0.1468   0   -2.51e+08   1.383e+08   0
32.8   1.227   0.266   -0.1329   0   -2.51e+08   1.383e+08   0
32.9   1.225   0.2409   -0.1191   0   -2.509e+08   1.383e+08   0
33   1.222   0.2158   -0.1053   0   -2.509e+08   1.383e+08   0
33.1   1.216   0.1907   -0.09146   0   -2.508e+08   1.383e+08   0
33.2   1.21   0.1656   -0.07763   0   -2.507e+08   1.383e+08   0
33.3   1.21   0.1405   -0.0638   0   -2.507e+08   1.383e+08   0
33.4   1.21   0.1155   -0.04997   0   -2.507e+08   1.383e+08   0
33.5   1.21   0.09042   -0.03614   0   -2.507e+08   1.383e+08   0
33.6   1.21   0.06535   -0.02231   0   -2.507e+08   1.383e+08   0
33.7   1.21   0.04029   -0.008484   0   -2.507e+08   1.383e+08   0
33.8   1.21   0.01522   0.005345   0   -2.507e+08   1.383e+08   0
33.9   1.21   -0.009844   0.01917   0   -2.507e+08   1.383e+08   0
34   1.21   -0.03491   0.033   0   -2.507e+08   1.383e+08   0
34.1   1.21   -0.05997   0.04683   0   -2.507e+08   1.383e+08   0
34.2   1.21   -0.08504   0.06066   0   -2.507e+08   1.383e+08   0
34.3   1.21   -0.1101   0.07449   0   -2.507e+08   1.383e+08   0
34.4   1.21   -0.1352   0.08832   0   -2.507e+08   1.383e+08   0
34.5   1.211   -0.1602   0.1021   0   -2.507e+08   1.383e+08   0
34.6   1.235   -0.1853   0.116   0   -2.509e+08   1.387e+08   0
34.7   1.257   -0.2104   0.1299   0   -2.511e+08   1.391e+08   0
34.8   1.277   -0.2355   0.1438   0   -2.512e+08   1.393e+08   0
34.9   1.294   -0.2607   0.1578   0   -2.514e+08   1.396e+08   0
35   1.311   -0.2858   0.1717   0   -2.515e+08   1.398e+08   0
35.1   1.326   -0.311   0.1857   0   -2.517e+08   1.399e+08   0
35.2   1.339   -0.3361   0.1997   0   -2.518e+08   1.401e+08   0
35.3   1.352   -0.3613   0.2137   0   -2.519e+08   1.402e+08   0
35.4   1.364   -0.3865   0.2277   0   -2.52e+08   1.403e+08   0
35.5   1.375   -0.4117   0.2418   0   -2.521e+08   1.404e+08   0
35.6   1.384   -0.4369   0.2558   0   -2.522e+08   1.405e+08   0
35.7   1.394   -0.4622   0.2699   0   -2.523e+08   1.406e+08   0
35.8   1.402   -0.4874   0.2839   0   -2.523e+08   1.407e+08   0
35.9   1.41   -0.5126   0.298   0   -2.524e+08   1.407e+08   0
36   1.417   -0.5379   0.3121   0   -2.525e+08   1.408e+08   0
36.1   1.423   -0.5631   0.3262   0   -2.525e+08   1.408e+08   0
36.2   1.428   -0.5884   0.3403   0   -2.526e+08   1.409e+08   0
36.3   1.433   -0.6136   0.3543   0   -2.526e+08   1.409e+08   0
36.4   1.438   -0.6389   0.3684   0   -2.527e+08   1.409e+08   0
36.5   1.44   -0.6642   0.3825   0   -2.527e+08   1.41e+08   0
36.6   1.44   -0.6894   0.3966   0   -2.527e+08   1.41e+08   0
36.7   1.44   -0.7147   0.4107   0   -2.527e+08   1.41e+08   0
36.8   1.44   -0.74   0.4248   0   -2.527e+08   1.41e+08   0
36.9   1.44   -0.7652   0.4389   0   -2.527e+08   1.41e+08   0
37   1.44   -0.7905   0.453   0   -2.527e+08   1.41e+08   0
37.1   1.44   -0.8158   0.4671   0   -2.527e+08   1.41e+08   0
37.2   1.44   -0.841   0.4812   0   -2.527e+08   1.41e+08   0
37.3   1.44   -0.8663   0.4953   0   -2.527e+08   1.41e+08   0
37.4   1.44   -0.8916   0.5094   0   -2.527e+08   1.41e+08   0
37.5   1.44   -0.9168   0.5235   0   -2.527e+08   1.41e+08   0
37.6   1.44   -0.9421   0.5376   0   -2.527e+08   1.41e+08   0
37.7   1.44   -0.9674   0.5517   0   -2.527e+08   1.41e+08   0
37.8   1.44   -0.9926   0.5658   0   -2.527e+08   1.41e+08   0
37.9   1.44   -1.018   0.5799   0   -2.527e+08   1.41e+08   0
38   1.44   -1.043   0.594   0   -2.527e+08   1.41e+08   0
38.1   1.44   -1.068   0.6081   0   -2.527e+08   1.41e+08   0
38.2   1.44   -1.094   0.6221   0   -2.527e+08   1.41e+08   0
38.3   1.44   -1.119   0.6362   0   -2.527e+08   1.41e+08   0
38.4   1.44   -1.144   0.6503   0   -2.527e+08   1.41e+08   0
38.5   1.44   -1.17   0.6644   0   -2.527e+08   1.41e+08   0
38.6   1.44   -1.195   0.6785   0   -2.527e+08   1.41e+08   0
38.7   1.44   -1.22   0.6926   0   -2.527e+08   1.41e+08   0
38.8   1.44   -1.245   0.7067   0   -2.527e+08   1.41e+08   0
38.9   1.44   -1.271   0.7208   0   -2.527e+08   1.41e+08   0
39   1.44   -1.296   0.7349   0   -2.527e+08   1.41e+08   0
39.1   1.44   -1.321   0.749   0   -2.527e+08   1.41e+08   0
39.2   1.44   -1.346   0.7631   0   -2.527e+08   1.41e+08   0
39.3   1.44   -1.372   0.7772   0   -2.527e+08   1.41e+08   0
39.4   1.44   -1.397   0.7913   0   -2.527e+08   1.41e+08   0
39.5   1.44   -1.422   0.8054   0   -2.527e+08   1.41e+08   0
39.6   1.44   -1.447   0.8195   0   -2.527e+08   1.41e+08   0
39.7   1.44   -1.473   0.8336   0   -2.527e+08   1.41e+08   0
39.8   1.44   -1.498   0.8477   0   -2.527e+08   1.41e+08   0
39.9   1.44   -1.523   0.8618   0   -2.527e+08   1.41e+08   0
40   1.44   -1.549   0.8759   0   -2.527e+08   1.41e+08   0
40.1   1.44   -1.574   0.89   0   -2.527e+08   1.41e+08   0
40.2   1.44   -1.599   0.904   0   -2.527e+08   1.41e+08   0
40.3   1.44   -1.624   0.9181   0   -2.527e+08   1.41e+08   0
40.4   1.44   -1.65   0.9322   0   -2.527e+08   1.41e+08   0
40.5   1.44   -1.675   0.9463   0   -2.527e+08   1.41e+08   0
40.6   1.44   -1.7   0.9604   0   -2.527e+08   1.41e+08   0
40.7   1.44   -1.725   0.9745   0   -2.527e+08   1.41e+08   0
40.8   1.44   -1.751   0.9886   0   -2.527e+08   1.41e+08   0
40.9   1.44   -1.776   1.003   0   -2.527e+08   1.41e+08   0
41   1.44   -1.801   1.017   0   -2.527e+08   1.41e+08   0
41.1   1.44   -1.826   1.031   0   -2.527e+08   1.41e+08   0
41.2   1.44   -1.852   1.045   0   -2.527e+08   1.41e+08   0
41.3   1.44   -1.877   1.059   0   -2.527e+08   1.41e+08   0
41.4   1.44   -1.902   1.073   0   -2.527e+08   1.41e+08   0
41.5   1.44   -1.928   1.087   0   -2.527e+08   1.41e+08   0
41.6   1.44   -1.953   1.101   0   -2.527e+08   1.41e+08   0
41.7   1.44   -1.978   1.115   0   -2.527e+08   1.41e+08   0
41.8   1.44   -2.003   1.13   0   -2.527e+08   1.41e+08   0
41.9   1.44   -2.029   1.144   0   -2.527e+08   1.41e+08   0
42   1.44   -2.054   1.158   0   -2.527e+08   1.41e+08   0
42.1   1.44   -2.079   1.172   0   -2.527e+08   1.41e+08   0
42.2   1.44   -2.104   1.186   0   -2.527e+08   1.41e+08   0
42.3   1.44   -2.13   1.2   0   -2.527e+08   1.41e+08   0
42.4   1.44   -2.155   1.214   0   -2.527e+08   1.41e+08   0
42.5   1.44   -2.18   1.228   0   -2.527e+08   1.41e+08   0
42.6   1.44   -2.205   1.242   0   -2.527e+08   1.41e+08   0
42.7   1.44   -2.231   1.256   0   -2.527e+08   1.41e+08   0
42.8   1.44   -2.256   1.271   0   -2.527e+08   1.41e+08   0
42.9   1.44   -2.281   1.285   0   -2.527e+08   1.41e+08   0
43   1.44   -2.307   1.299   0   -2.527e+08   1.41e+08   0
43.1   1.44   -2.332   1.313   0   -2.527e+08   1.41e+08   0
43.2   1.44   -2.357   1.327   0   -2.527e+08   1.41e+08   0
43.3   1.44   -2.382   1.341   0   -2.527e+08   1.41e+08   0
43.4   1.44   -2.408   1.355   0   -2.527e+08   1.41e+08   0
43.5   1.44   -2.433   1.369   0   -2.527e+08   1.41e+08   0
43.6   1.44   -2.458   1.383   0   -2.527e+08   1.41e+08   0
43.7   1.44   -2.483   1.397   0   -2.527e+08   1.41e+08   0
43.8   1.44   -2.509   1.411   0   -2.527e+08   1.41e+08   0
43.9   1.44   -2.534   1.426   0   -2.527e+08   1.41e+08   0
44   1.44   -2.559   1.44   0   -2.527e+08   1.41e+08   0
44.1   1.44   -2.584   1.454   0   -2.527e+08   1.41e+08   0
44.2   1.44   -2.61   1.468   0   -2.527e+08   1.41e+08   0
44.3   1.44   -2.635   1.482   0   -2.527e+08   1.41e+08   0
44.4   1.44   -2.66   1.496   0   -2.527e+08   1.41e+08   0
44.5   1.44   -2.686   1.51   0   -2.527e+08   1.41e+08   0
44.6   1.44   -2.711   1.524   0   -2.527e+08   1.41e+08   0
44.7   1.44   -2.736   1.538   0   -2.527e+08   1.41e+08   0
44.8   1.44   -2.761   1.552   0   -2.527e+08   1.41e+08   0
44.9   1.44   -2.787   1.567   0   -2.527e+08   1.41e+08   0
45   1.44   -2.812   1.581   0   -2.527e+08   1.41e+08   0
