0   0.04   -0.753   0   0   1.121e+08   0   0
0.1   0.04   -0.753   0   0   1.121e+08   0   0
0.2   0.04   -0.753   0   0   1.121e+08   0   0
0.3   0.04   -0.753   0   0   1.121e+08   0   0
0.4   0.04   -0.753   0   0   1.121e+08   0   0
0.5   0.04   -0.753   0   0   1.121e+08   0   0
0.6   0.04057   -0.7446   0   0   1.129e+08   0   0
0.7   0.04153   -0.7333   0   0   1.14e+08   0   0
0.8   0.04269   -0.7218   0   0   1.154e+08   0   0
0.9   0.04406   -0.7102   0   0   1.171e+08   0   0
1   0.04565   -0.6984   0   0   1.189e+08   0   0
1.1   0.04747   -0.6864   0   0   1.21e+08   0   0
1.2   0.04954   -0.6742   0   0   1.232e+08   0   0
1.3   0.05185   -0.6618   0   0   1.257e+08   0   0
1.4   0.05442   -0.6491   0   0   1.283e+08   0   0
1.5   0.05726   -0.6361   0   0   1.311e+08   0   0
1.6   0.06037   -0.6228   0   0   1.341e+08   0   0
1.7   0.06378   -0.6093   0   0   1.373e+08   0   0
1.8   0.06748   -0.5954   0   0   1.405e+08   0   0
1.9   0.07149   -0.5811   0   0   1.439e+08   0   0
2   0.07581   -0.5666   0   0   1.474e+08   0   0
2.1   0.08045   -0.5517   0   0   1.51e+08   0   0
2.2   0.08542   -0.5364   0   0   1.546e+08   0   0
2.3   0.09072   -0.5207   0   0   1.583e+08   0   0
2.4   0.09635   -0.5047   0   0   1.62e+08   0   0
2.5   0.1023   -0.4883   0   0   1.658e+08   0   0
2.6   0.1086   -0.4716   0   0   1.695e+08   0   0
2.7   0.1152   -0.4544   0   0   1.733e+08   0   0
2.8   0.1222   -0.4369   0   0   1.77e+08   0   0
2.9   0.1295   -0.419   0   0   1.807e+08   0   0
3   0.1371   -0.4007   0   0   1.844e+08   0   0
3.1   0.145   -0.3821   0   0   1.88e+08   0   0
3.2   0.1532   -0.3631   0   0   1.915e+08   0   0
3.3   0.1617   -0.3438   0   0   1.95e+08   0   0
3.4   0.1705   -0.3242   0   0   1.983e+08   0   0
3.5   0.1795   -0.3042   0   0   2.016e+08   0   0
3.6   0.1887   -0.2838   0   0   2.048e+08   0   0
3.7   0.1981   -0.2632   0   0   2.079e+08   0   0
3.8   0.2077   -0.2423   0   0   2.108e+08   0   0
3.9   0.2174   -0.221   0   0   2.137e+08   0   0
4   0.2273   -0.1995   0   0   2.164e+08   0   0
4.1   0.2325   -0.1778   0   0   2.178e+08   0   0
4.2   0.2325   -0.156   0   0   2.178e+08   0   0
4.3   0.2325   -0.1342   0   0   2.178e+08   0   0
4.4   0.2325   -0.1125   0   0   2.178e+08   0   0
4.5   0.2325   -0.09068   0   0   2.178e+08   0   0
4.6   0.2325   -0.06891   0   0   2.178e+08   0   0
4.7   0.2325   -0.04713   0   0   2.178e+08   0   0
4.8   0.2325   -0.02536   0   0   2.178e+08   0   0
4.9   0.2325   -0.00358   0   0   2.178e+08   0   0
5   0.2325   0.0182   0   0   2.178e+08   0   0
5.1   0.2325   0.03997   0   0   2.178e+08   0   0
5.2   0.2325   0.06175   0   0   2.178e+08   0   0
5.3   0.2325   0.08352   0   0   2.178e+08   0   0
5.4   0.2325   0.1053   0   0   2.178e+08   0   0
5.5   0.2325   0.1271   0   0   2.178e+08   0   0
5.6   0.2325   0.1489   0   0   2.178e+08   0   0
5.7   0.2325   0.1706   0   0   2.178e+08   0   0
5.8   0.235   0.1924   0   0   2.184e+08   0   0
5.9   0.2479   0.2144   0   0   2.216e+08   0   0
6   0.2606   0.2367   0   0   2.246e+08   0   0
6.1   0.2731   0.2593   0   0   2.274e+08   0   0
6.2   0.2853   0.2822   0   0   2.299e+08   0   0
6.3   0.2972   0.3053   0   0   2.323e+08   0   0
6.4   0.3088   0.3287   0   0   2.344e+08   0   0
6.5   0.3201   0.3522   0   0   2.364e+08   0   0
6.6   0.3311   0.3759   0   0   2.383e+08   0   0
6.7   0.3417   0.3999   0   0   2.4e+08   0   0
6.8   0.3519   0.4239   0   0   2.416e+08   0   0
6.9   0.3618   0.4482   0   0   2.43e+08   0   0
7   0.3714   0.4725   0   0   2.444e+08   0   0
7.1   0.3805   0.497   0   0   2.457e+08   0   0
7.2   0.3892   0.5217   0   0   2.468e+08   0   0
7.3   0.3976   0.5464   0   0   2.479e+08   0   0
7.4   0.4055   0.5712   0   0   2.489e+08   0   0
7.5   0.413   0.5962   0   0   2.498e+08   0   0
7.6   0.4201   0.6212   0   0   2.506e+08   0   0
7.7   0.4268   0.6463   0   0   2.514e+08   0   0
7.8   0.433   0.6715   0   0   2.521e+08   0   0
7.9   0.4389   0.6967   0   0   2.527e+08   0   0
8   0.4443   0.722   0   0   2.533e+08   0   0
8.1   0.4493   0.7474   0   0   2.538e+08   0   0
8.2   0.4504   0.7728   0   0   2.539e+08   0   0
8.3   0.4504   0.7982   0   0   2.539e+08   0   0
8.4   0.4504   0.8236   0   0   2.539e+08   0   0
8.5   0.4504   0.8489   0   0   2.539e+08   0   0
8.6   0.4504   0.8743   0   0   2.539e+08   0   0
8.7   0.4504   0.8997   0   0   2.539e+08   0   0
8.8   0.4504   0.9251   0   0   2.539e+08   0   0
8.9   0.4504   0.9505   0   0   2.539e+08   0   0
9   0.4504   0.9759   0   0   2.539e+08   0   0
9.1   0.4504   1.001   0   0   2.539e+08   0   0
9.2   0.4504   1.027   0   0   2.539e+08   0   0
9.3   0.4504   1.052   0   0   2.539e+08   0   0
9.4   0.4504   1.077   0   0   2.539e+08   0   0
9.5   0.4504   1.103   0   0   2.539e+08   0   0
9.6   0.4512   1.128   -0.002455   0   2.473e+08   -5.818e+07   0
9.7   0.4522   1.152   -0.01165   0   2.219e+08   -1.239e+08   0
9.8   0.4531   1.172   -0.02698   0   1.794e+08   -1.801e+08   0
9.9   0.4541   1.187   -0.04725   0   1.233e+08   -2.224e+08   0
10   0.455   1.196   -0.07093   0   5.766e+07   -2.478e+08   0
10.1   0.456   1.198   -0.0962   0   -1.232e+07   -2.542e+08   0
10.2   0.4569   1.194   -0.1211   0   -8.136e+07   -2.413e+08   0
10.3   0.4579   1.182   -0.1438   0   -1.442e+08   -2.1e+08   0
10.4   0.4589   1.165   -0.1625   0   -1.961e+08   -1.627e+08   0
10.5   0.4598   1.143   -0.1759   0   -2.331e+08   -1.032e+08   0
10.6   0.4608   1.119   -0.1829   0   -2.525e+08   -3.585e+07   0
10.7   0.4617   1.094   -0.1829   0   -2.528e+08   3.417e+07   0
10.8   0.4618   1.068   -0.1788   0   -2.518e+08   4.112e+07   0
10.9   0.4618   1.043   -0.1747   0   -2.518e+08   4.112e+07   0
11   0.4618   1.018   -0.1706   0   -2.518e+08   4.112e+07   0
11.1   0.4618   0.9929   -0.1665   0   -2.518e+08   4.112e+07   0
11.2   0.4618   0.9677   -0.1624   0   -2.518e+08   4.112e+07   0
11.3   0.4618   0.9426   -0.1583   0   -2.518e+08   4.112e+07   0
11.4   0.4618   0.9174   -0.1542   0   -2.518e+08   4.112e+07   0
11.5   0.4618   0.8922   -0.15   0   -2.518e+08   4.112e+07   0
11.6   0.4618   0.867   -0.1459   0   -2.518e+08   4.112e+07   0
11.7   0.4618   0.8419   -0.1418   0   -2.518e+08   4.112e+07   0
11.8   0.4618   0.8167   -0.1377   0   -2.518e+08   4.112e+07   0
11.9   0.4618   0.7915   -0.1336   0   -2.518e+08   4.112e+07   0
12   0.4618   0.7663   -0.1295   0   -2.518e+08   4.112e+07   0
12.1   0.4621   0.7411   -0.1254   0   -2.518e+08   4.113e+07   0
12.2   0.4682   0.7159   -0.1213   0   -2.524e+08   4.123e+07   0
12.3   0.4743   0.6907   -0.1171   0   -2.53e+08   4.134e+07   0
12.4   0.4805   0.6653   -0.113   0   -2.535e+08   4.145e+07   0
12.5   0.4868   0.64   -0.1088   0   -2.541e+08   4.156e+07   0
12.6   0.4931   0.6145   -0.1047   0   -2.547e+08   4.166e+07   0
12.7   0.4994   0.589   -0.1005   0   -2.552e+08   4.177e+07   0
12.8   0.5056   0.5635   -0.09632   0   -2.558e+08   4.187e+07   0
12.9   0.5118   0.5379   -0.09212   0   -2.563e+08   4.197e+07   0
13   0.518   0.5122   -0.08792   0   -2.568e+08   4.207e+07   0
13.1   0.5239   0.4865   -0.08371   0   -2.573e+08   4.216e+07   0
13.2   0.5297   0.4608   -0.07949   0   -2.577e+08   4.226e+07   0
13.3   0.5352   0.435   -0.07526   0   -2.582e+08   4.234e+07   0
13.4   0.5405   0.4091   -0.07102   0   -2.586e+08   4.242e+07   0
13.5   0.5454   0.3833   -0.06677   0   -2.589e+08   4.25e+07   0
13.6   0.5498   0.3574   -0.06252   0   -2.592e+08   4.257e+07   0
13.7   0.5537   0.3314   -0.05826   0   -2.595e+08   4.263e+07   0
13.8   0.557   0.3054   -0.054   0   -2.598e+08   4.268e+07   0
13.9   0.5595   0.2795   -0.04973   0   -2.599e+08   4.272e+07   0
14   0.5611   0.2535   -0.04545   0   -2.601e+08   4.274e+07   0
14.1   0.5615   0.2275   -0.04118   0   -2.601e+08   4.275e+07   0
14.2   0.5605   0.2014   -0.0369   0   -2.6e+08   4.273e+07   0
14.3   0.559   0.1755   -0.03263   0   -2.599e+08   4.271e+07   0
14.4   0.559   0.1495   -0.02836   0   -2.599e+08   4.271e+07   0
14.5   0.559   0.1235   -0.02409   0   -2.599e+08   4.271e+07   0
14.6   0.559   0.09748   -0.01982   0   -2.599e+08   4.271e+07   0
14.7   0.559   0.07149   -0.01555   0   -2.599e+08   4.271e+07   0
14.8   0.559   0.0455   -0.01128   0   -2.599e+08   4.271e+07   0
14.9   0.559   0.01951   -0.007008   0   -2.599e+08   4.271e+07   0
15   0.559   -0.006484   -0.002738   0   -2.599e+08   4.271e+07   0
15.1   0.559   -0.03247   0.001533   0   -2.599e+08   4.271e+07   0
15.2   0.559   -0.05847   0.005803   0   -2.599e+08   4.271e+07   0
15.3   0.559   -0.08446   0.01007   0   -2.599e+08   4.271e+07   0
15.4   0.559   -0.1104   0.01434   0   -2.599e+08   4.271e+07   0
15.5   0.559   -0.1364   0.01862   0   -2.599e+08   4.271e+07   0
15.6   0.559   -0.1624   0.02289   0   -2.599e+08   4.271e+07   0
15.7   0.5607   -0.1884   0.02716   0   -2.6e+08   4.272e+07   0
15.8   0.582   -0.2145   0.03143   0   -2.615e+08   4.284e+07   0
15.9   0.6014   -0.2407   0.03572   0   -2.628e+08   4.295e+07   0
16   0.6193   -0.2671   0.04002   0   -2.639e+08   4.306e+07   0
16.1   0.6359   -0.2935   0.04433   0   -2.649e+08   4.316e+07   0
16.2   0.6513   -0.32   0.04866   0   -2.658e+08   4.325e+07   0
16.3   0.6657   -0.3467   0.05298   0   -2.665e+08   4.333e+07   0
16.4   0.6791   -0.3733   0.05732   0   -2.672e+08   4.341e+07   0
16.5   0.6917   -0.4001   0.06167   0   -2.679e+08   4.349e+07   0
16.6   0.7033   -0.4269   0.06602   0   -2.684e+08   4.355e+07   0
16.7   0.7142   -0.4538   0.07038   0   -2.69e+08   4.362e+07   0
16.8   0.7244   -0.4807   0.07474   0   -2.694e+08   4.367e+07   0
16.9   0.7338   -0.5077   0.07911   0   -2.698e+08   4.372e+07   0
17   0.7426   -0.5347   0.08349   0   -2.702e+08   4.377e+07   0
17.1   0.7507   -0.5617   0.08787   0   -2.706e+08   4.382e+07   0
17.2   0.7582   -0.5888   0.09225   0   -2.709e+08   4.386e+07   0
17.3   0.765   -0.6159   0.09664   0   -2.712e+08   4.389e+07   0
17.4   0.7713   -0.643   0.101   0   -2.714e+08   4.393e+07   0
17.5   0.777   -0.6702   0.1054   0   -2.717e+08   4.396e+07   0
17.6   0.7822   -0.6974   0.1098   0   -2.719e+08   4.399e+07   0
17.7   0.7868   -0.7246   0.1142   0   -2.72e+08   4.401e+07   0
17.8   0.7898   -0.7518   0.1186   0   -2.722e+08   4.403e+07   0
17.9   0.7898   -0.779   0.123   0   -2.722e+08   4.403e+07   0
18   0.7898   -0.8062   0.1274   0   -2.722e+08   4.403e+07   0
18.1   0.7898   -0.8334   0.1318   0   -2.722e+08   4.403e+07   0
18.2   0.7898   -0.8606   0.1362   0   -2.722e+08   4.403e+07   0
18.3   0.7898   -0.8878   0.1406   0   -2.722e+08   4.403e+07   0
18.4   0.7898   -0.9151   0.145   0   -2.722e+08   4.403e+07   0
18.5   0.7898   -0.9423   0.1494   0   -2.722e+08   4.403e+07   0
18.6   0.7898   -0.9695   0.1538   0   -2.722e+08   4.403e+07   0
18.7   0.7898   -0.9967   0.1582   0   -2.722e+08   4.403e+07   0
18.8   0.7898   -1.024   0.1626   0   -2.722e+08   4.403e+07   0
18.9   0.7898   -1.051   0.1671   0   -2.722e+08   4.403e+07   0
19   0.7898   -1.078   0.1715   0   -2.722e+08   4.403e+07   0
19.1   0.7898   -1.106   0.1759   0   -2.722e+08   4.403e+07   0
19.2   0.7898   -1.133   0.1803   0   -2.722e+08   4.403e+07   0
19.3   0.792   -1.159   0.1874   0   -2.549e+08   1.053e+08   0
19.4   0.7946   -1.183   0.2012   0   -2.178e+08   1.693e+08   0
19.5   0.7972   -1.202   0.2209   0   -1.652e+08   2.21e+08   0
19.6   0.7998   -1.216   0.2449   0   -1.009e+08   2.57e+08   0
19.7   0.8024   -1.222   0.2717   0   -2.952e+07   2.746e+08   0
19.8   0.8051   -1.221   0.2992   0   4.388e+07   2.728e+08   0
19.9   0.8077   -1.213   0.3256   0   1.141e+08   2.517e+08   0
20   0.8103   -1.199   0.3489   0   1.762e+08   2.13e+08   0
20.1   0.813   -1.179   0.3676   0   2.259e+08   1.595e+08   0
20.2   0.8156   -1.154   0.3804   0   2.599e+08   9.492e+07   0
20.3   0.8183   -1.127   0.3863   0   2.757e+08   2.384e+07   0
20.4   0.821   -1.1   0.385   0   2.725e+08   -4.88e+07   0
20.5   0.8226   -1.073   0.3771   0   2.608e+08   -9.31e+07   0
20.6   0.8226   -1.047   0.3678   0   2.608e+08   -9.31e+07   0
20.7   0.8226   -1.021   0.3585   0   2.608e+08   -9.31e+07   0
20.8   0.8226   -0.9949   0.3492   0   2.608e+08   -9.31e+07   0
20.9   0.8226   -0.9688   0.3399   0   2.608e+08   -9.31e+07   0
21   0.8226   -0.9428   0.3305   0   2.608e+08   -9.31e+07   0
21.1   0.8226   -0.9167   0.3212   0   2.608e+08   -9.31e+07   0
21.2   0.8226   -0.8906   0.3119   0   2.608e+08   -9.31e+07   0
21.3   0.8226   -0.8645   0.3026   0   2.608e+08   -9.31e+07   0
21.4   0.8226   -0.8384   0.2933   0   2.608e+08   -9.31e+07   0
21.5   0.8226   -0.8124   0.284   0   2.608e+08   -9.31e+07   0
21.6   0.8226   -0.7863   0.2747   0   2.608e+08   -9.31e+07   0
21.7   0.8226   -0.7602   0.2654   0   2.608e+08   -9.31e+07   0
21.8   0.8226   -0.7341   0.2561   0   2.608e+08   -9.31e+07   0
21.9   0.8233   -0.708   0.2468   0   2.608e+08   -9.31e+07   0
22   0.8289   -0.6819   0.2374   0   2.61e+08   -9.316e+07   0
22.1   0.8344   -0.6558   0.2281   0   2.612e+08   -9.322e+07   0
22.2   0.8399   -0.6297   0.2188   0   2.614e+08   -9.327e+07   0
22.3   0.8452   -0.6036   0.2095   0   2.615e+08   -9.332e+07   0
22.4   0.8504   -0.5774   0.2001   0   2.617e+08   -9.337e+07   0
22.5   0.8553   -0.5512   0.1908   0   2.619e+08   -9.341e+07   0
22.6   0.8601   -0.525   0.1815   0   2.62e+08   -9.346e+07   0
22.7   0.8645   -0.4988   0.1721   0   2.622e+08   -9.349e+07   0
22.8   0.8685   -0.4726   0.1628   0   2.623e+08   -9.353e+07   0
22.9   0.8722   -0.4464   0.1534   0   2.624e+08   -9.356e+07   0
23   0.8754   -0.4201   0.144   0   2.625e+08   -9.358e+07   0
23.1   0.878   -0.3939   0.1347   0   2.626e+08   -9.361e+07   0
23.2   0.88   -0.3676   0.1253   0   2.626e+08   -9.362e+07   0
23.3   0.8812   -0.3413   0.116   0   2.627e+08   -9.363e+07   0
23.4   0.8816   -0.3151   0.1066   0   2.627e+08   -9.363e+07   0
23.5   0.8809   -0.2888   0.09724   0   2.627e+08   -9.363e+07   0
23.6   0.8789   -0.2625   0.08787   0   2.626e+08   -9.361e+07   0
23.7   0.8755   -0.2363   0.07851   0   2.625e+08   -9.359e+07   0
23.8   0.8703   -0.21   0.06915   0   2.623e+08   -9.356e+07   0
23.9   0.8628   -0.1838   0.0598   0   2.621e+08   -9.353e+07   0
24   0.861   -0.1576   0.05045   0   2.62e+08   -9.352e+07   0
24.1   0.861   -0.1314   0.0411   0   2.62e+08   -9.352e+07   0
24.2   0.861   -0.1052   0.03174   0   2.62e+08   -9.352e+07   0
24.3   0.861   -0.07899   0.02239   0   2.62e+08   -9.352e+07   0
24.4   0.861   -0.05279   0.01304   0   2.62e+08   -9.352e+07   0
24.5   0.861   -0.02658   0.003689   0   2.62e+08   -9.352e+07   0
24.6   0.861   -0.0003798   -0.005663   0   2.62e+08   -9.352e+07   0
24.7   0.861   0.02582   -0.01501   0   2.62e+08   -9.352e+07   0
24.8   0.861   0.05203   -0.02437   0   2.62e+08   -9.352e+07   0
24.9   0.861   0.07823   -0.03372   0   2.62e+08   -9.352e+07   0
25   0.861   0.1044   -0.04307   0   2.62e+08   -9.352e+07   0
25.1   0.861   0.1306   -0.05242   0   2.62e+08   -9.352e+07   0
25.2   0.861   0.1568   -0.06177   0   2.62e+08   -9.352e+07   0
25.3   0.8683   0.183   -0.07113   0   2.622e+08   -9.364e+07   0
25.4   0.8916   0.2093   -0.08051   0   2.629e+08   -9.402e+07   0
25.5   0.9125   0.2356   -0.08993   0   2.634e+08   -9.433e+07   0
25.6   0.9314   0.262   -0.09938   0   2.639e+08   -9.459e+07   0
25.7   0.9487   0.2884   -0.1088   0   2.643e+08   -9.481e+07   0
25.8   0.9644   0.3149   -0.1183   0   2.647e+08   -9.5e+07   0
25.9   0.9789   0.3413   -0.1278   0   2.65e+08   -9.517e+07   0
26   0.9922   0.3679   -0.1374   0   2.653e+08   -9.531e+07   0
26.1   1.004   0.3944   -0.1469   0   2.656e+08   -9.544e+07   0
26.2   1.016   0.421   -0.1565   0   2.658e+08   -9.556e+07   0
26.3   1.026   0.4476   -0.166   0   2.661e+08   -9.566e+07   0
26.4   1.035   0.4742   -0.1756   0   2.663e+08   -9.575e+07   0
26.5   1.044   0.5008   -0.1852   0   2.664e+08   -9.583e+07   0
26.6   1.052   0.5275   -0.1948   0   2.666e+08   -9.59e+07   0
26.7   1.059   0.5541   -0.2043   0   2.667e+08   -9.597e+07   0
26.8   1.066   0.5808   -0.2139   0   2.669e+08   -9.602e+07   0
26.9   1.071   0.6075   -0.2236   0   2.67e+08   -9.607e+07   0
27   1.077   0.6342   -0.2332   0   2.671e+08   -9.611e+07   0
27.1   1.081   0.6609   -0.2428   0   2.672e+08   -9.615e+07   0
27.2   1.085   0.6877   -0.2524   0   2.672e+08   -9.618e+07   0
27.3   1.088   0.7144   -0.262   0   2.673e+08   -9.621e+07   0
27.4   1.088   0.7411   -0.2716   0   2.673e+08   -9.621e+07   0
27.5   1.088   0.7678   -0.2813   0   2.673e+08   -9.621e+07   0
27.6   1.088   0.7946   -0.2909   0   2.673e+08   -9.621e+07   0
27.7   1.088   0.8213   -0.3005   0   2.673e+08   -9.621e+07   0
27.8   1.088   0.848   -0.3101   0   2.673e+08   -9.621e+07   0
27.9   1.088   0.8747   -0.3197   0   2.673e+08   -9.621e+07   0
28   1.088   0.9015   -0.3294   0   2.673e+08   -9.621e+07   0
28.1   1.088   0.9282   -0.339   0   2.673e+08   -9.621e+07   0
28.2   1.088   0.9549   -0.3486   0   2.673e+08   -9.621e+07   0
28.3   1.088   0.9817   -0.3582   0   2.673e+08   -9.621e+07   0
28.4   1.088   1.008   -0.3678   0   2.673e+08   -9.621e+07   0
28.5   1.088   1.035   -0.3775   0   2.673e+08   -9.621e+07   0
28.6   1.088   1.062   -0.3871   0   2.673e+08   -9.621e+07   0
28.7   1.088   1.089   -0.3967   0   2.661e+08   -9.945e+07   0
28.8   1.095   1.113   -0.4105   0   2.244e+08   -1.744e+08   0
28.9   1.101   1.133   -0.4311   0   1.626e+08   -2.333e+08   0
29   1.108   1.145   -0.4565   0   8.627e+07   -2.711e+08   0
29.1   1.114   1.15   -0.4845   0   2.525e+06   -2.846e+08   0
29.2   1.121   1.146   -0.5126   0   -8.118e+07   -2.729e+08   0
29.3   1.127   1.134   -0.5383   0   -1.575e+08   -2.373e+08   0
29.4   1.134   1.115   -0.5593   0   -2.199e+08   -1.812e+08   0
29.5   1.141   1.09   -0.574   0   -2.632e+08   -1.097e+08   0
29.6   1.148   1.063   -0.5809   0   -2.837e+08   -2.893e+07   0
29.7   1.154   1.034   -0.5796   0   -2.802e+08   5.4e+07   0
29.8   1.161   1.007   -0.5702   0   -2.53e+08   1.321e+08   0
29.9   1.162   0.9822   -0.5567   0   -2.515e+08   1.351e+08   0
30   1.162   0.9571   -0.5432   0   -2.515e+08   1.351e+08   0
30.1   1.162   0.932   -0.5297   0   -2.515e+08   1.351e+08   0
30.2   1.162   0.9068   -0.5162   0   -2.515e+08   1.351e+08   0
30.3   1.162   0.8817   -0.5027   0   -2.515e+08   1.351e+08   0
30.4   1.162   0.8565   -0.4891   0   -2.515e+08   1.351e+08   0
30.5   1.162   0.8314   -0.4756   0   -2.515e+08   1.351e+08   0
30.6   1.162   0.8062   -0.4621   0   -2.515e+08   1.351e+08   0
30.7   1.162   0.7811   -0.4486   0   -2.515e+08   1.351e+08   0
30.8   1.162   0.7559   -0.4351   0   -2.515e+08   1.351e+08   0
30.9   1.162   0.7308   -0.4216   0   -2.515e+08   1.351e+08   0
31   1.162   0.7056   -0.4081   0   -2.515e+08   1.351e+08   0
31.1   1.162   0.6805   -0.3946   0   -2.515e+08   1.351e+08   0
31.2   1.162   0.6553   -0.3811   0   -2.515e+08   1.351e+08   0
31.3   1.166   0.6302   -0.3676   0   -2.515e+08   1.351e+08   0
31.4   1.172   0.605   -0.3541   0   -2.516e+08   1.352e+08   0
31.5   1.177   0.5798   -0.3405   0   -2.517e+08   1.353e+08   0
31.6   1.183   0.5547   -0.327   0   -2.517e+08   1.354e+08   0
31.7   1.188   0.5295   -0.3135   0   -2.518e+08   1.354e+08   0
31.8   1.193   0.5043   -0.2999   0   -2.519e+08   1.355e+08   0
31.9   1.198   0.4791   -0.2864   0   -2.519e+08   1.356e+08   0
32   1.203   0.4539   -0.2728   0   -2.52e+08   1.357e+08   0
32.1   1.207   0.4287   -0.2592   0   -2.52e+08   1.357e+08   0
32.2   1.211   0.4035   -0.2457   0   -2.52e+08   1.358e+08   0
32.3   1.214   0.3783   -0.2321   0   -2.521e+08   1.358e+08   0
32.4   1.217   0.3531   -0.2185   0   -2.521e+08   1.359e+08   0
32.5   1.219   0.3279   -0.2049   0   -2.521e+08   1.359e+08   0
32.6   1.22   0.3027   -0.1913   0   -2.521e+08   1.359e+08   0
32.7   1.22   0.2775   -0.1777   0   -2.521e+08   1.359e+08   0
32.8   1.22   0.2523   -0.1641   0   -2.521e+08   1.359e+08   0
32.9   1.218   0.2271   -0.1505   0   -2.521e+08   1.359e+08   0
33   1.214   0.2019   -0.137   0   -2.521e+08   1.358e+08   0
33.1   1.209   0.1766   -0.1234   0   -2.521e+08   1.357e+08   0
33.2   1.201   0.1514   -0.1098   0   -2.52e+08   1.355e+08   0
33.3   1.201   0.1262   -0.09627   0   -2.52e+08   1.355e+08   0
33.4   1.201   0.101   -0.08273   0   -2.52e+08   1.355e+08   0
33.5   1.201   0.07583   -0.06918   0   -2.52e+08   1.355e+08   0
33.6   1.201   0.05063   -0.05564   0   -2.52e+08   1.355e+08   0
33.7   1.201   0.02543   -0.04209   0   -2.52e+08   1.355e+08   0
33.8   1.201   0.0002249   -0.02854   0   -2.52e+08   1.355e+08   0
33.9   1.201   -0.02498   -0.015   0   -2.52e+08   1.355e+08   0
34   1.201   -0.05018   -0.00145   0   -2.52e+08   1.355e+08   0
34.1   1.201   -0.07538   0.0121   0   -2.52e+08   1.355e+08   0
34.2   1.201   -0.1006   0.02564   0   -2.52e+08   1.355e+08   0
34.3   1.201   -0.1258   0.03919   0   -2.52e+08   1.355e+08   0
34.4   1.201   -0.151   0.05273   0   -2.52e+08   1.355e+08   0
34.5   1.201   -0.1762   0.06628   0   -2.52e+08   1.355e+08   0
34.6   1.225   -0.2014   0.07981   0   -2.526e+08   1.352e+08   0
34.7   1.247   -0.2267   0.09332   0   -2.531e+08   1.35e+08   0
34.8   1.267   -0.2521   0.1068   0   -2.535e+08   1.348e+08   0
34.9   1.285   -0.2774   0.1203   0   -2.539e+08   1.347e+08   0
35   1.301   -0.3028   0.1337   0   -2.542e+08   1.346e+08   0
35.1   1.316   -0.3283   0.1472   0   -2.544e+08   1.345e+08   0
35.2   1.33   -0.3537   0.1607   0   -2.547e+08   1.345e+08   0
35.3   1.342   -0.3792   0.1741   0   -2.549e+08   1.345e+08   0
35.4   1.354   -0.4047   0.1875   0   -2.551e+08   1.344e+08   0
35.5   1.365   -0.4302   0.201   0   -2.552e+08   1.344e+08   0
35.6   1.375   -0.4557   0.2144   0   -2.554e+08   1.344e+08   0
35.7   1.384   -0.4813   0.2279   0   -2.555e+08   1.344e+08   0
35.8   1.393   -0.5068   0.2413   0   -2.556e+08   1.344e+08   0
35.9   1.4   -0.5324   0.2548   0   -2.557e+08   1.344e+08   0
36   1.407   -0.558   0.2682   0   -2.558e+08   1.344e+08   0
36.1   1.413   -0.5836   0.2816   0   -2.559e+08   1.344e+08   0
36.2   1.419   -0.6091   0.2951   0   -2.559e+08   1.344e+08   0
36.3   1.424   -0.6347   0.3085   0   -2.56e+08   1.344e+08   0
36.4   1.429   -0.6603   0.322   0   -2.561e+08   1.344e+08   0
36.5   1.431   -0.686   0.3354   0   -2.561e+08   1.344e+08   0
36.6   1.431   -0.7116   0.3489   0   -2.561e+08   1.344e+08   0
36.7   1.431   -0.7372   0.3623   0   -2.561e+08   1.344e+08   0
36.8   1.431   -0.7628   0.3757   0   -2.561e+08   1.344e+08   0
36.9   1.431   -0.7884   0.3892   0   -2.561e+08   1.344e+08   0
37   1.431   -0.814   0.4026   0   -2.561e+08   1.344e+08   0
37.1   1.431   -0.8396   0.4161   0   -2.561e+08   1.344e+08   0
37.2   1.431   -0.8652   0.4295   0   -2.561e+08   1.344e+08   0
37.3   1.431   -0.8908   0.443   0   -2.561e+08   1.344e+08   0
37.4   1.431   -0.9164   0.4564   0   -2.561e+08   1.344e+08   0
37.5   1.431   -0.942   0.4698   0   -2.561e+08   1.344e+08   0
37.6   1.431   -0.9677   0.4833   0   -2.561e+08   1.344e+08   0
37.7   1.431   -0.9933   0.4967   0   -2.561e+08   1.344e+08   0
37.8   1.431   -1.019   0.5102   0   -2.561e+08   1.344e+08   0
37.9   1.431   -1.044   0.5236   0   -2.561e+08   1.344e+08   0
38   1.431   -1.07   0.5371   0   -2.561e+08   1.344e+08   0
38.1   1.431   -1.096   0.5505   0   -2.561e+08   1.344e+08   0
38.2   1.431   -1.121   0.5639   0   -2.561e+08   1.344e+08   0
38.3   1.431   -1.147   0.5774   0   -2.561e+08   1.344e+08   0
38.4   1.431   -1.173   0.5908   0   -2.561e+08   1.344e+08   0
38.5   1.431   -1.198   0.6043   0   -2.561e+08   1.344e+08   0
38.6   1.431   -1.224   0.6177   0   -2.561e+08   1.344e+08   0
38.7   1.431   -1.249   0.6312   0   -2.561e+08   1.344e+08   0
38.8   1.431   -1.275   0.6446   0   -2.561e+08   1.344e+08   0
38.9   1.431   -1.301   0.658   0   -2.561e+08   1.344e+08   0
39   1.431   -1.326   0.6715   0   -2.561e+08   1.344e+08   0
39.1   1.431   -1.352   0.6849   0   -2.561e+08   1.344e+08   0
39.2   1.431   -1.377   0.6984   0   -2.561e+08   1.344e+08   0
39.3   1.431   -1.403   0.7118   0   -2.561e+08   1.344e+08   0
39.4   1.431   -1.429   0.7252   0   -2.561e+08   1.344e+08   0
39.5   1.431   -1.454   0.7387   0   -2.561e+08   1.344e+08   0
39.6   1.431   -1.48   0.7521   0   -2.561e+08   1.344e+08   0
39.7   1.431   -1.505   0.7656   0   -2.561e+08   1.344e+08   0
39.8   1.431   -1.531   0.779   0   -2.561e+08   1.344e+08   0
39.9   1.431   -1.557   0.7925   0   -2.561e+08   1.344e+08   0
40   1.431   -1.582   0.8059   0   -2.561e+08   1.344e+08   0
40.1   1.431   -1.608   0.8193   0   -2.561e+08   1.344e+08   0
40.2   1.431   -1.634   0.8328   0   -2.561e+08   1.344e+08   0
40.3   1.431   -1.659   0.8462   0   -2.561e+08   1.344e+08   0
40.4   1.431   -1.685   0.8597   0   -2.561e+08   1.344e+08   0
40.5   1.431   -1.71   0.8731   0   -2.561e+08   1.344e+08   0
40.6   1.431   -1.736   0.8866   0   -2.561e+08   1.344e+08   0
40.7   1.431   -1.762   0.9   0   -2.561e+08   1.344e+08   0
40.8   1.431   -1.787   0.9134   0   -2.561e+08   1.344e+08   0
40.9   1.431   -1.813   0.9269   0   -2.561e+08   1.344e+08   0
41   1.431   -1.838   0.9403   0   -2.561e+08   1.344e+08   0
41.1   1.431   -1.864   0.9538   0   -2.561e+08   1.344e+08   0
41.2   1.431   -1.89   0.9672   0   -2.561e+08   1.344e+08   0
41.3   1.431   -1.915   0.9807   0   -2.561e+08   1.344e+08   0
41.4   1.431   -1.941   0.9941   0   -2.561e+08   1.344e+08   0
41.5   1.431   -1.966   1.008   0   -2.561e+08   1.344e+08   0
41.6   1.431   -1.992   1.021   0   -2.561e+08   1.344e+08   0
41.7   1.431   -2.018   1.034   0   -2.561e+08   1.344e+08   0
41.8   1.431   -2.043   1.048   0   -2.561e+08   1.344e+08   0
41.9   1.431   -2.069   1.061   0   -2.561e+08   1.344e+08   0
42   1.431   -2.094   1.075   0   -2.561e+08   1.344e+08   0
42.1   1.431   -2.12   1.088   0   -2.561e+08   1.344e+08   0
42.2   1.431   -2.146   1.102   0   -2.561e+08   1.344e+08   0
42.3   1.431   -2.171   1.115   0   -2.561e+08   1.344e+08   0
42.4   1.431   -2.197   1.129   0   -2.561e+08   1.344e+08   0
42.5   1.431   -2.223   1.142   0   -2.561e+08   1.344e+08   0
42.6   1.431   -2.248   1.155   0   -2.561e+08   1.344e+08   0
42.7   1.431   -2.274   1.169   0   -2.561e+08   1.344e+08   0
42.8   1.431   -2.299   1.182   0   -2.561e+08   1.344e+08   0
42.9   1.431   -2.325   1.196   0   -2.561e+08   1.344e+08   0
43   1.431   -2.351   1.209   0   -2.561e+08   1.344e+08   0
43.1   1.431   -2.376   1.223   0   -2.561e+08   1.344e+08   0
43.2   1.431   -2.402   1.236   0   -2.561e+08   1.344e+08   0
43.3   1.431   -2.427   1.25   0   -2.561e+08   1.344e+08   0
43.4   1.431   -2.453   1.263   0   -2.561e+08   1.344e+08   0
43.5   1.431   -2.479   1.276   0   -2.561e+08   1.344e+08   0
43.6   1.431   -2.504   1.29   0   -2.561e+08   1.344e+08   0
43.7   1.431   -2.53   1.303   0   -2.561e+08   1.344e+08   0
43.8   1.431   -2.555   1.317   0   -2.561e+08   1.344e+08   0
43.9   1.431   -2.581   1.33   0   -2.561e+08   1.344e+08   0
44   1.431   -2.607   1.344   0   -2.561e+08   1.344e+08   0
44.1   1.431   -2.632   1.357   0   -2.561e+08   1.344e+08   0
44.2   1.431   -2.658   1.371   0   -2.561e+08   1.344e+08   0
44.3   1.431   -2.683   1.384   0   -2.561e+08   1.344e+08   0
44.4   1.431   -2.709   1.397   0   -2.561e+08   1.344e+08   0
44.5   1.431   -2.735   1.411   0   -2.561e+08   1.344e+08   0
44.6   1.431   -2.76   1.424   0   -2.561e+08   1.344e+08   0
44.7   1.431   -2.786   1.438   0   -2.561e+08   1.344e+08   0
44.8   1.431   -2.812   1.451   0   -2.561e+08   1.344e+08   0
44.9   1.431   -2.837   1.465   0   -2.561e+08   1.344e+08   0
45   1.431   -2.863   1.478   0   -2.561e+08   1.344e+08   0
