0   0.04   -0.753   0   0   1.121e+08   0   0
0.1   0.04   -0.753   0   0   1.121e+08   0   0
0.2   0.04   -0.753   0   0   1.121e+08   0   0
0.3   0.04   -0.753   0   0   1.121e+08   0   0
0.4   0.04   -0.753   0   0   1.121e+08   0   0
0.5   0.04   -0.753   0   0   1.121e+08   0   0
0.6   0.04042   -0.7469   0   0   1.127e+08   0   0
0.7   0.04137   -0.7356   0   0   1.138e+08   0   0
0.8   0.04253   -0.7241   0   0   1.152e+08   0   0
0.9   0.04389   -0.7125   0   0   1.169e+08   0   0
1   0.04548   -0.7007   0   0   1.187e+08   0   0
1.1   0.04729   -0.6888   0   0   1.208e+08   0   0
1.2   0.04934   -0.6766   0   0   1.23e+08   0   0
1.3   0.05164   -0.6642   0   0   1.255e+08   0   0
1.4   0.0542   -0.6515   0   0   1.281e+08   0   0
1.5   0.05702   -0.6385   0   0   1.309e+08   0   0
1.6   0.06012   -0.6253   0   0   1.339e+08   0   0
1.7   0.06351   -0.6117   0   0   1.37e+08   0   0
1.8   0.06719   -0.5979   0   0   1.403e+08   0   0
1.9   0.07117   -0.5837   0   0   1.436e+08   0   0
2   0.07547   -0.5691   0   0   1.471e+08   0   0
2.1   0.08008   -0.5543   0   0   1.507e+08   0   0
2.2   0.08501   -0.539   0   0   1.543e+08   0   0
2.3   0.09027   -0.5234   0   0   1.58e+08   0   0
2.4   0.09586   -0.5074   0   0   1.617e+08   0   0
2.5   0.1018   -0.491   0   0   1.655e+08   0   0
2.6   0.108   -0.4743   0   0   1.692e+08   0   0
2.7   0.1146   -0.4572   0   0   1.73e+08   0   0
2.8   0.1215   -0.4397   0   0   1.767e+08   0   0
2.9   0.1287   -0.4219   0   0   1.804e+08   0   0
3   0.1363   -0.4036   0   0   1.84e+08   0   0
3.1   0.1441   -0.385   0   0   1.876e+08   0   0
3.2   0.1522   -0.3661   0   0   1.911e+08   0   0
3.3   0.1606   -0.3468   0   0   1.946e+08   0   0
3.4   0.1693   -0.3272   0   0   1.979e+08   0   0
3.5   0.1782   -0.3072   0   0   2.012e+08   0   0
3.6   0.1873   -0.287   0   0   2.043e+08   0   0
3.7   0.1966   -0.2664   0   0   2.074e+08   0   0
3.8   0.206   -0.2455   0   0   2.103e+08   0   0
3.9   0.2156   -0.2243   0   0   2.131e+08   0   0
4   0.2253   -0.2029   0   0   2.158e+08   0   0
4.1   0.2318   -0.1812   0   0   2.176e+08   0   0
4.2   0.2318   -0.1594   0   0   2.176e+08   0   0
4.3   0.2318   -0.1377   0   0   2.176e+08   0   0
4.4   0.2318   -0.1159   0   0   2.176e+08   0   0
4.5   0.2318   -0.09413   0   0   2.176e+08   0   0
4.6   0.2318   -0.07237   0   0   2.176e+08   0   0
4.7   0.2318   -0.05061   0   0   2.176e+08   0   0
4.8   0.2318   -0.02885   0   0   2.176e+08   0   0
4.9   0.2318   -0.007095   0   0   2.176e+08   0   0
5   0.2318   0.01466   0   0   2.176e+08   0   0
5.1   0.2318   0.03642   0   0   2.176e+08   0   0
5.2   0.2318   0.05818   0   0   2.176e+08   0   0
5.3   0.2318   0.07994   0   0   2.176e+08   0   0
5.4   0.2318   0.1017   0   0   2.176e+08   0   0
5.5   0.2318   0.1235   0   0   2.176e+08   0   0
5.6   0.2318   0.1452   0   0   2.176e+08   0   0
5.7   0.2318   0.167   0   0   2.176e+08   0   0
5.8   0.2321   0.1887   0   0   2.177e+08   0   0
5.9   0.2452   0.2107   0   0   2.21e+08   0   0
6   0.2581   0.2329   0   0   2.241e+08   0   0
6.1   0.2708   0.2555   0   0   2.269e+08   0   0
6.2   0.2831   0.2783   0   0   2.295e+08   0   0
6.3   0.2952   0.3014   0   0   2.319e+08   0   0
6.4   0.3069   0.3247   0   0   2.341e+08   0   0
6.5   0.3183   0.3482   0   0   2.361e+08   0   0
6.6   0.3294   0.3719   0   0   2.38e+08   0   0
6.7   0.3401   0.3958   0   0   2.397e+08   0   0
6.8   0.3505   0.4198   0   0   2.414e+08   0   0
6.9   0.3605   0.4441   0   0   2.428e+08   0   0
7   0.37   0.4684   0   0   2.442e+08   0   0
7.1   0.3793   0.4929   0   0   2.455e+08   0   0
7.2   0.3881   0.5175   0   0   2.467e+08   0   0
7.3   0.3964   0.5422   0   0   2.477e+08   0   0
7.4   0.4044   0.5671   0   0   2.487e+08   0   0
7.5   0.412   0.592   0   0   2.497e+08   0   0
7.6   0.4191   0.617   0   0   2.505e+08   0   0
7.7   0.4259   0.6421   0   0   2.513e+08   0   0
7.8   0.4322   0.6672   0   0   2.52e+08   0   0
7.9   0.438   0.6925   0   0   2.526e+08   0   0
8   0.4435   0.7178   0   0   2.532e+08   0   0
8.1   0.4486   0.7431   0   0   2.537e+08   0   0
8.2   0.4504   0.7685   0   0   2.539e+08   0   0
8.3   0.4504   0.7939   0   0   2.539e+08   0   0
8.4   0.4504   0.8193   0   0   2.539e+08   0   0
8.5   0.4504   0.8447   0   0   2.539e+08   0   0
8.6   0.4504   0.8701   0   0   2.539e+08   0   0
8.7   0.4504   0.8955   0   0   2.539e+08   0   0
8.8   0.4504   0.9209   0   0   2.539e+08   0   0
8.9   0.4504   0.9463   0   0   2.539e+08   0   0
9   0.4504   0.9716   0   0   2.539e+08   0   0
9.1   0.4504   0.997   0   0   2.539e+08   0   0
9.2   0.4504   1.022   0   0   2.539e+08   0   0
9.3   0.4504   1.048   0   0   2.539e+08   0   0
9.4   0.4504   1.073   0   0   2.539e+08   0   0
9.5   0.4504   1.099   0   0   2.539e+08   0   0
9.6   0.451   1.124   -0.001559   0   2.497e+08   -4.642e+07   0
9.7   0.452   1.148   -0.009629   0   2.275e+08   -1.133e+08   0
9.8   0.4529   1.169   -0.02398   0   1.877e+08   -1.714e+08   0
9.9   0.4539   1.185   -0.04352   0   1.336e+08   -2.164e+08   0
10   0.4548   1.195   -0.06674   0   6.926e+07   -2.448e+08   0
10.1   0.4558   1.199   -0.09187   0   -3.546e+05   -2.545e+08   0
10.2   0.4567   1.195   -0.117   0   -6.993e+07   -2.448e+08   0
10.3   0.4577   1.185   -0.1402   0   -1.342e+08   -2.165e+08   0
10.4   0.4587   1.168   -0.1597   0   -1.882e+08   -1.717e+08   0
10.5   0.4596   1.147   -0.1741   0   -2.28e+08   -1.14e+08   0
10.6   0.4606   1.123   -0.1821   0   -2.505e+08   -4.762e+07   0
10.7   0.4616   1.098   -0.1834   0   -2.541e+08   2.233e+07   0
10.8   0.4618   1.073   -0.1795   0   -2.518e+08   4.114e+07   0
10.9   0.4618   1.048   -0.1754   0   -2.518e+08   4.114e+07   0
11   0.4618   1.022   -0.1713   0   -2.518e+08   4.114e+07   0
11.1   0.4618   0.9972   -0.1672   0   -2.518e+08   4.114e+07   0
11.2   0.4618   0.9721   -0.1631   0   -2.518e+08   4.114e+07   0
11.3   0.4618   0.9469   -0.1589   0   -2.518e+08   4.114e+07   0
11.4   0.4618   0.9217   -0.1548   0   -2.518e+08   4.114e+07   0
11.5   0.4618   0.8965   -0.1507   0   -2.518e+08   4.114e+07   0
11.6   0.4618   0.8714   -0.1466   0   -2.518e+08   4.114e+07   0
11.7   0.4618   0.8462   -0.1425   0   -2.518e+08   4.114e+07   0
11.8   0.4618   0.821   -0.1384   0   -2.518e+08   4.114e+07   0
11.9   0.4618   0.7958   -0.1343   0   -2.518e+08   4.114e+07   0
12   0.4618   0.7707   -0.1301   0   -2.518e+08   4.114e+07   0
12.1   0.4618   0.7455   -0.126   0   -2.518e+08   4.114e+07   0
12.2   0.467   0.7203   -0.1219   0   -2.523e+08   4.123e+07   0
12.3   0.4731   0.695   -0.1178   0   -2.529e+08   4.134e+07   0
12.4   0.4793   0.6697   -0.1136   0   -2.534e+08   4.145e+07   0
12.5   0.4855   0.6443   -0.1095   0   -2.54e+08   4.156e+07   0
12.6   0.4918   0.6189   -0.1053   0   -2.546e+08   4.166e+07   0
12.7   0.498   0.5934   -0.1012   0   -2.551e+08   4.177e+07   0
12.8   0.5042   0.5679   -0.09698   0   -2.556e+08   4.187e+07   0
12.9   0.5104   0.5423   -0.09279   0   -2.562e+08   4.197e+07   0
13   0.5164   0.5167   -0.08859   0   -2.567e+08   4.206e+07   0
13.1   0.5224   0.491   -0.08438   0   -2.571e+08   4.216e+07   0
13.2   0.5281   0.4652   -0.08016   0   -2.576e+08   4.225e+07   0
13.3   0.5336   0.4394   -0.07593   0   -2.58e+08   4.233e+07   0
13.4   0.5387   0.4136   -0.07169   0   -2.584e+08   4.241e+07   0
13.5   0.5436   0.3878   -0.06745   0   -2.588e+08   4.249e+07   0
13.6   0.548   0.3619   -0.0632   0   -2.591e+08   4.255e+07   0
13.7   0.5518   0.3359   -0.05894   0   -2.594e+08   4.261e+07   0
13.8   0.555   0.31   -0.05467   0   -2.596e+08   4.266e+07   0
13.9   0.5575   0.284   -0.0504   0   -2.598e+08   4.27e+07   0
14   0.5591   0.258   -0.04613   0   -2.599e+08   4.273e+07   0
14.1   0.5595   0.232   -0.04186   0   -2.599e+08   4.273e+07   0
14.2   0.5585   0.206   -0.03759   0   -2.599e+08   4.272e+07   0
14.3   0.5564   0.1801   -0.03332   0   -2.597e+08   4.268e+07   0
14.4   0.5564   0.1541   -0.02905   0   -2.597e+08   4.268e+07   0
14.5   0.5564   0.1281   -0.02478   0   -2.597e+08   4.268e+07   0
14.6   0.5564   0.1021   -0.02051   0   -2.597e+08   4.268e+07   0
14.7   0.5564   0.07618   -0.01624   0   -2.597e+08   4.268e+07   0
14.8   0.5564   0.0502   -0.01198   0   -2.597e+08   4.268e+07   0
14.9   0.5564   0.02423   -0.007708   0   -2.597e+08   4.268e+07   0
15   0.5564   -0.001741   -0.00344   0   -2.597e+08   4.268e+07   0
15.1   0.5564   -0.02771   0.0008278   0   -2.597e+08   4.268e+07   0
15.2   0.5564   -0.05369   0.005096   0   -2.597e+08   4.268e+07   0
15.3   0.5564   -0.07966   0.009364   0   -2.597e+08   4.268e+07   0
15.4   0.5564   -0.1056   0.01363   0   -2.597e+08   4.268e+07   0
15.5   0.5564   -0.1316   0.0179   0   -2.597e+08   4.268e+07   0
15.6   0.5564   -0.1576   0.02217   0   -2.597e+08   4.268e+07   0
15.7   0.5564   -0.1835   0.02644   0   -2.597e+08   4.268e+07   0
15.8   0.5756   -0.2096   0.03071   0   -2.611e+08   4.279e+07   0
15.9   0.5955   -0.2358   0.035   0   -2.624e+08   4.291e+07   0
16   0.6137   -0.2621   0.03929   0   -2.636e+08   4.302e+07   0
16.1   0.6306   -0.2885   0.0436   0   -2.646e+08   4.313e+07   0
16.2   0.6463   -0.315   0.04792   0   -2.655e+08   4.322e+07   0
16.3   0.6609   -0.3416   0.05224   0   -2.663e+08   4.331e+07   0
16.4   0.6745   -0.3682   0.05658   0   -2.67e+08   4.339e+07   0
16.5   0.6871   -0.395   0.06092   0   -2.677e+08   4.347e+07   0
16.6   0.699   -0.4218   0.06527   0   -2.682e+08   4.354e+07   0
16.7   0.71   -0.4486   0.06963   0   -2.688e+08   4.36e+07   0
16.8   0.7202   -0.4755   0.07399   0   -2.692e+08   4.366e+07   0
16.9   0.7298   -0.5025   0.07836   0   -2.697e+08   4.371e+07   0
17   0.7386   -0.5294   0.08274   0   -2.701e+08   4.376e+07   0
17.1   0.7468   -0.5565   0.08711   0   -2.704e+08   4.381e+07   0
17.2   0.7543   -0.5835   0.0915   0   -2.707e+08   4.385e+07   0
17.3   0.7612   -0.6106   0.09588   0   -2.71e+08   4.389e+07   0
17.4   0.7676   -0.6377   0.1003   0   -2.713e+08   4.392e+07   0
17.5   0.7733   -0.6649   0.1047   0   -2.715e+08   4.395e+07   0
17.6   0.7785   -0.692   0.1091   0   -2.717e+08   4.398e+07   0
17.7   0.7832   -0.7192   0.1135   0   -2.719e+08   4.4e+07   0
17.8   0.787   -0.7464   0.1179   0   -2.72e+08   4.402e+07   0
17.9   0.787   -0.7736   0.1223   0   -2.72e+08   4.402e+07   0
18   0.787   -0.8008   0.1267   0   -2.72e+08   4.402e+07   0
18.1   0.787   -0.828   0.1311   0   -2.72e+08   4.402e+07   0
18.2   0.787   -0.8552   0.1355   0   -2.72e+08   4.402e+07   0
18.3   0.787   -0.8824   0.1399   0   -2.72e+08   4.402e+07   0
18.4   0.787   -0.9096   0.1443   0   -2.72e+08   4.402e+07   0
18.5   0.787   -0.9368   0.1487   0   -2.72e+08   4.402e+07   0
18.6   0.787   -0.964   0.1531   0   -2.72e+08   4.402e+07   0
18.7   0.787   -0.9912   0.1575   0   -2.72e+08   4.402e+07   0
18.8   0.787   -1.018   0.1619   0   -2.72e+08   4.402e+07   0
18.9   0.787   -1.046   0.1663   0   -2.72e+08   4.402e+07   0
19   0.787   -1.073   0.1707   0   -2.72e+08   4.402e+07   0
19.1   0.787   -1.1   0.1751   0   -2.72e+08   4.402e+07   0
19.2   0.787   -1.127   0.1795   0   -2.72e+08   4.402e+07   0
19.3   0.7887   -1.154   0.1855   0   -2.6e+08   9.155e+07   0
19.4   0.7913   -1.179   0.1981   0   -2.263e+08   1.575e+08   0
19.5   0.7939   -1.199   0.2167   0   -1.764e+08   2.121e+08   0
19.6   0.7965   -1.213   0.24   0   -1.139e+08   2.513e+08   0
19.7   0.7991   -1.221   0.2664   0   -4.336e+07   2.726e+08   0
19.8   0.8017   -1.222   0.2939   0   3.019e+07   2.745e+08   0
19.9   0.8043   -1.215   0.3206   0   1.015e+08   2.569e+08   0
20   0.8069   -1.202   0.3447   0   1.656e+08   2.212e+08   0
20.1   0.8096   -1.182   0.3643   0   2.179e+08   1.7e+08   0
20.2   0.8122   -1.159   0.3782   0   2.55e+08   1.07e+08   0
20.3   0.8149   -1.132   0.3854   0   2.742e+08   3.662e+07   0
20.4   0.8175   -1.104   0.3854   0   2.743e+08   -3.624e+07   0
20.5   0.8197   -1.078   0.3783   0   2.605e+08   -9.358e+07   0
20.6   0.8197   -1.052   0.3689   0   2.605e+08   -9.358e+07   0
20.7   0.8197   -1.026   0.3596   0   2.605e+08   -9.358e+07   0
20.8   0.8197   -0.9996   0.3502   0   2.605e+08   -9.358e+07   0
20.9   0.8197   -0.9735   0.3409   0   2.605e+08   -9.358e+07   0
21   0.8197   -0.9475   0.3315   0   2.605e+08   -9.358e+07   0
21.1   0.8197   -0.9214   0.3221   0   2.605e+08   -9.358e+07   0
21.2   0.8197   -0.8954   0.3128   0   2.605e+08   -9.358e+07   0
21.3   0.8197   -0.8693   0.3034   0   2.605e+08   -9.358e+07   0
21.4   0.8197   -0.8433   0.2941   0   2.605e+08   -9.358e+07   0
21.5   0.8197   -0.8172   0.2847   0   2.605e+08   -9.358e+07   0
21.6   0.8197   -0.7912   0.2754   0   2.605e+08   -9.358e+07   0
21.7   0.8197   -0.7651   0.266   0   2.605e+08   -9.358e+07   0
21.8   0.8197   -0.7391   0.2566   0   2.605e+08   -9.358e+07   0
21.9   0.8197   -0.713   0.2473   0   2.605e+08   -9.358e+07   0
22   0.8249   -0.687   0.2379   0   2.607e+08   -9.363e+07   0
22.1   0.8304   -0.6609   0.2286   0   2.609e+08   -9.368e+07   0
22.2   0.8358   -0.6348   0.2192   0   2.611e+08   -9.373e+07   0
22.3   0.8411   -0.6087   0.2098   0   2.612e+08   -9.378e+07   0
22.4   0.8462   -0.5825   0.2004   0   2.614e+08   -9.382e+07   0
22.5   0.8511   -0.5564   0.191   0   2.616e+08   -9.386e+07   0
22.6   0.8558   -0.5302   0.1817   0   2.617e+08   -9.39e+07   0
22.7   0.8602   -0.504   0.1723   0   2.619e+08   -9.394e+07   0
22.8   0.8642   -0.4778   0.1629   0   2.62e+08   -9.397e+07   0
22.9   0.8678   -0.4516   0.1535   0   2.621e+08   -9.399e+07   0
23   0.871   -0.4254   0.1441   0   2.622e+08   -9.401e+07   0
23.1   0.8736   -0.3992   0.1347   0   2.623e+08   -9.403e+07   0
23.2   0.8755   -0.373   0.1253   0   2.623e+08   -9.404e+07   0
23.3   0.8767   -0.3467   0.1159   0   2.624e+08   -9.405e+07   0
23.4   0.8771   -0.3205   0.1065   0   2.624e+08   -9.405e+07   0
23.5   0.8764   -0.2943   0.09705   0   2.624e+08   -9.405e+07   0
23.6   0.8745   -0.268   0.08765   0   2.623e+08   -9.404e+07   0
23.7   0.8711   -0.2418   0.07824   0   2.622e+08   -9.403e+07   0
23.8   0.866   -0.2156   0.06884   0   2.62e+08   -9.401e+07   0
23.9   0.8587   -0.1894   0.05944   0   2.618e+08   -9.399e+07   0
24   0.8553   -0.1632   0.05004   0   2.617e+08   -9.398e+07   0
24.1   0.8553   -0.1371   0.04064   0   2.617e+08   -9.398e+07   0
24.2   0.8553   -0.1109   0.03125   0   2.617e+08   -9.398e+07   0
24.3   0.8553   -0.08472   0.02185   0   2.617e+08   -9.398e+07   0
24.4   0.8553   -0.05855   0.01245   0   2.617e+08   -9.398e+07   0
24.5   0.8553   -0.03239   0.00305   0   2.617e+08   -9.398e+07   0
24.6   0.8553   -0.00622   -0.006348   0   2.617e+08   -9.398e+07   0
24.7   0.8553   0.01995   -0.01575   0   2.617e+08   -9.398e+07   0
24.8   0.8553   0.04611   -0.02514   0   2.617e+08   -9.398e+07   0
24.9   0.8553   0.07228   -0.03454   0   2.617e+08   -9.398e+07   0
25   0.8553   0.09845   -0.04394   0   2.617e+08   -9.398e+07   0
25.1   0.8553   0.1246   -0.05334   0   2.617e+08   -9.398e+07   0
25.2   0.8553   0.1508   -0.06274   0   2.617e+08   -9.398e+07   0
25.3   0.8579   0.1769   -0.07214   0   2.617e+08   -9.404e+07   0
25.4   0.8817   0.2032   -0.08156   0   2.624e+08   -9.45e+07   0
25.5   0.9031   0.2294   -0.09103   0   2.629e+08   -9.488e+07   0
25.6   0.9224   0.2557   -0.1005   0   2.634e+08   -9.519e+07   0
25.7   0.9399   0.2821   -0.1101   0   2.638e+08   -9.545e+07   0
25.8   0.9559   0.3085   -0.1196   0   2.642e+08   -9.568e+07   0
25.9   0.9706   0.335   -0.1292   0   2.646e+08   -9.587e+07   0
26   0.9841   0.3614   -0.1388   0   2.649e+08   -9.604e+07   0
26.1   0.9965   0.3879   -0.1484   0   2.651e+08   -9.619e+07   0
26.2   1.008   0.4144   -0.158   0   2.654e+08   -9.632e+07   0
26.3   1.018   0.441   -0.1677   0   2.656e+08   -9.643e+07   0
26.4   1.028   0.4676   -0.1773   0   2.658e+08   -9.654e+07   0
26.5   1.037   0.4942   -0.187   0   2.66e+08   -9.663e+07   0
26.6   1.044   0.5208   -0.1966   0   2.661e+08   -9.671e+07   0
26.7   1.052   0.5474   -0.2063   0   2.663e+08   -9.678e+07   0
26.8   1.058   0.574   -0.216   0   2.664e+08   -9.684e+07   0
26.9   1.064   0.6007   -0.2257   0   2.665e+08   -9.69e+07   0
27   1.069   0.6273   -0.2354   0   2.666e+08   -9.694e+07   0
27.1   1.074   0.654   -0.2451   0   2.667e+08   -9.699e+07   0
27.2   1.078   0.6807   -0.2548   0   2.668e+08   -9.702e+07   0
27.3   1.081   0.7073   -0.2645   0   2.668e+08   -9.705e+07   0
27.4   1.081   0.734   -0.2742   0   2.668e+08   -9.705e+07   0
27.5   1.081   0.7607   -0.2839   0   2.668e+08   -9.705e+07   0
27.6   1.081   0.7874   -0.2936   0   2.668e+08   -9.705e+07   0
27.7   1.081   0.8141   -0.3033   0   2.668e+08   -9.705e+07   0
27.8   1.081   0.8408   -0.313   0   2.668e+08   -9.705e+07   0
27.9   1.081   0.8674   -0.3227   0   2.668e+08   -9.705e+07   0
28   1.081   0.8941   -0.3324   0   2.668e+08   -9.705e+07   0
28.1   1.081   0.9208   -0.3421   0   2.668e+08   -9.705e+07   0
28.2   1.081   0.9475   -0.3518   0   2.668e+08   -9.705e+07   0
28.3   1.081   0.9742   -0.3615   0   2.668e+08   -9.705e+07   0
28.4   1.081   1.001   -0.3712   0   2.668e+08   -9.705e+07   0
28.5   1.081   1.028   -0.3809   0   2.668e+08   -9.705e+07   0
28.6   1.081   1.054   -0.3906   0   2.668e+08   -9.705e+07   0
28.7   1.081   1.081   -0.4004   0   2.668e+08   -9.705e+07   0
28.8   1.087   1.106   -0.4129   0   2.332e+08   -1.621e+08   0
28.9   1.093   1.127   -0.4324   0   1.743e+08   -2.245e+08   0
29   1.1   1.141   -0.4572   0   9.97e+07   -2.663e+08   0
29.1   1.106   1.146   -0.4849   0   1.637e+07   -2.84e+08   0
29.2   1.113   1.144   -0.5131   0   -6.816e+07   -2.763e+08   0
29.3   1.12   1.133   -0.5393   0   -1.464e+08   -2.442e+08   0
29.4   1.126   1.115   -0.5612   0   -2.115e+08   -1.907e+08   0
29.5   1.133   1.091   -0.5769   0   -2.581e+08   -1.208e+08   0
29.6   1.14   1.064   -0.5849   0   -2.821e+08   -4.067e+07   0
29.7   1.146   1.035   -0.5848   0   -2.82e+08   4.27e+07   0
29.8   1.153   1.008   -0.5765   0   -2.578e+08   1.222e+08   0
29.9   1.154   0.9831   -0.5631   0   -2.519e+08   1.341e+08   0
30   1.154   0.9579   -0.5497   0   -2.519e+08   1.341e+08   0
30.1   1.154   0.9327   -0.5363   0   -2.519e+08   1.341e+08   0
30.2   1.154   0.9075   -0.5229   0   -2.519e+08   1.341e+08   0
30.3   1.154   0.8823   -0.5095   0   -2.519e+08   1.341e+08   0
30.4   1.154   0.8571   -0.4961   0   -2.519e+08   1.341e+08   0
30.5   1.154   0.8319   -0.4827   0   -2.519e+08   1.341e+08   0
30.6   1.154   0.8067   -0.4693   0   -2.519e+08   1.341e+08   0
30.7   1.154   0.7816   -0.4559   0   -2.519e+08   1.341e+08   0
30.8   1.154   0.7564   -0.4425   0   -2.519e+08   1.341e+08   0
30.9   1.154   0.7312   -0.4291   0   -2.519e+08   1.341e+08   0
31   1.154   0.706   -0.4157   0   -2.519e+08   1.341e+08   0
31.1   1.154   0.6808   -0.4022   0   -2.519e+08   1.341e+08   0
31.2   1.154   0.6556   -0.3888   0   -2.519e+08   1.341e+08   0
31.3   1.158   0.6304   -0.3754   0   -2.519e+08   1.341e+08   0
31.4   1.164   0.6052   -0.362   0   -2.52e+08   1.342e+08   0
31.5   1.169   0.58   -0.3486   0   -2.52e+08   1.343e+08   0
31.6   1.175   0.5548   -0.3352   0   -2.521e+08   1.344e+08   0
31.7   1.18   0.5296   -0.3217   0   -2.521e+08   1.345e+08   0
31.8   1.185   0.5044   -0.3083   0   -2.522e+08   1.346e+08   0
31.9   1.19   0.4792   -0.2948   0   -2.522e+08   1.347e+08   0
32   1.194   0.454   -0.2813   0   -2.523e+08   1.348e+08   0
32.1   1.198   0.4287   -0.2678   0   -2.523e+08   1.348e+08   0
32.2   1.202   0.4035   -0.2544   0   -2.523e+08   1.349e+08   0
32.3   1.205   0.3783   -0.2409   0   -2.524e+08   1.35e+08   0
32.4   1.208   0.353   -0.2274   0   -2.524e+08   1.35e+08   0
32.5   1.21   0.3278   -0.2139   0   -2.524e+08   1.351e+08   0
32.6   1.211   0.3025   -0.2003   0   -2.524e+08   1.351e+08   0
32.7   1.212   0.2773   -0.1868   0   -2.524e+08   1.351e+08   0
32.8   1.211   0.2521   -0.1733   0   -2.524e+08   1.351e+08   0
32.9   1.209   0.2268   -0.1598   0   -2.524e+08   1.35e+08   0
33   1.206   0.2016   -0.1463   0   -2.524e+08   1.349e+08   0
33.1   1.2   0.1763   -0.1328   0   -2.524e+08   1.348e+08   0
33.2   1.193   0.1511   -0.1194   0   -2.524e+08   1.345e+08   0
33.3   1.191   0.1259   -0.1059   0   -2.524e+08   1.344e+08   0
33.4   1.191   0.1006   -0.09249   0   -2.524e+08   1.344e+08   0
33.5   1.191   0.07538   -0.07904   0   -2.524e+08   1.344e+08   0
33.6   1.191   0.05014   -0.0656   0   -2.524e+08   1.344e+08   0
33.7   1.191   0.0249   -0.05216   0   -2.524e+08   1.344e+08   0
33.8   1.191   -0.0003375   -0.03871   0   -2.524e+08   1.344e+08   0
33.9   1.191   -0.02558   -0.02527   0   -2.524e+08   1.344e+08   0
34   1.191   -0.05082   -0.01182   0   -2.524e+08   1.344e+08   0
34.1   1.191   -0.07606   0.00162   0   -2.524e+08   1.344e+08   0
34.2   1.191   -0.1013   0.01506   0   -2.524e+08   1.344e+08   0
34.3   1.191   -0.1265   0.02851   0   -2.524e+08   1.344e+08   0
34.4   1.191   -0.1518   0.04195   0   -2.524e+08   1.344e+08   0
34.5   1.191   -0.177   0.0554   0   -2.524e+08   1.344e+08   0
34.6   1.213   -0.2023   0.06882   0   -2.53e+08   1.34e+08   0
34.7   1.235   -0.2276   0.0822   0   -2.536e+08   1.336e+08   0
34.8   1.255   -0.253   0.09555   0   -2.541e+08   1.334e+08   0
34.9   1.273   -0.2784   0.1089   0   -2.545e+08   1.332e+08   0
35   1.289   -0.3039   0.1222   0   -2.548e+08   1.33e+08   0
35.1   1.304   -0.3294   0.1355   0   -2.551e+08   1.329e+08   0
35.2   1.318   -0.3549   0.1488   0   -2.554e+08   1.328e+08   0
35.3   1.331   -0.3805   0.162   0   -2.556e+08   1.327e+08   0
35.4   1.343   -0.4061   0.1753   0   -2.558e+08   1.326e+08   0
35.5   1.354   -0.4316   0.1886   0   -2.56e+08   1.326e+08   0
35.6   1.364   -0.4573   0.2018   0   -2.562e+08   1.326e+08   0
35.7   1.373   -0.4829   0.2151   0   -2.563e+08   1.325e+08   0
35.8   1.381   -0.5085   0.2283   0   -2.564e+08   1.325e+08   0
35.9   1.389   -0.5342   0.2416   0   -2.566e+08   1.325e+08   0
36   1.396   -0.5598   0.2548   0   -2.567e+08   1.325e+08   0
36.1   1.402   -0.5855   0.2681   0   -2.567e+08   1.325e+08   0
36.2   1.408   -0.6112   0.2813   0   -2.568e+08   1.325e+08   0
36.3   1.413   -0.6369   0.2946   0   -2.569e+08   1.325e+08   0
36.4   1.418   -0.6626   0.3078   0   -2.57e+08   1.324e+08   0
36.5   1.421   -0.6883   0.3211   0   -2.57e+08   1.324e+08   0
36.6   1.421   -0.714   0.3343   0   -2.57e+08   1.324e+08   0
36.7   1.421   -0.7396   0.3475   0   -2.57e+08   1.324e+08   0
36.8   1.421   -0.7653   0.3608   0   -2.57e+08   1.324e+08   0
36.9   1.421   -0.791   0.374   0   -2.57e+08   1.324e+08   0
37   1.421   -0.8167   0.3873   0   -2.57e+08   1.324e+08   0
37.1   1.421   -0.8424   0.4005   0   -2.57e+08   1.324e+08   0
37.2   1.421   -0.8681   0.4138   0   -2.57e+08   1.324e+08   0
37.3   1.421   -0.8938   0.427   0   -2.57e+08   1.324e+08   0
37.4   1.421   -0.9195   0.4403   0   -2.57e+08   1.324e+08   0
37.5   1.421   -0.9452   0.4535   0   -2.57e+08   1.324e+08   0
37.6   1.421   -0.9709   0.4667   0   -2.57e+08   1.324e+08   0
37.7   1.421   -0.9966   0.48   0   -2.57e+08   1.324e+08   0
37.8   1.421   -1.022   0.4932   0   -2.57e+08   1.324e+08   0
37.9   1.421   -1.048   0.5065   0   -2.57e+08   1.324e+08   0
38   1.421   -1.074   0.5197   0   -2.57e+08   1.324e+08   0
38.1   1.421   -1.099   0.533   0   -2.57e+08   1.324e+08   0
38.2   1.421   -1.125   0.5462   0   -2.57e+08   1.324e+08   0
38.3   1.421   -1.151   0.5595   0   -2.57e+08   1.324e+08   0
38.4   1.421   -1.177   0.5727   0   -2.57e+08   1.324e+08   0
38.5   1.421   -1.202   0.5859   0   -2.57e+08   1.324e+08   0
38.6   1.421   -1.228   0.5992   0   -2.57e+08   1.324e+08   0
38.7   1.421   -1.254   0.6124   0   -2.57e+08   1.324e+08   0
38.8   1.421   -1.279   0.6257   0   -2.57e+08   1.324e+08   0
38.9   1.421   -1.305   0.6389   0   -2.57e+08   1.324e+08   0
39   1.421   -1.331   0.6522   0   -2.57e+08   1.324e+08   0
39.1   1.421   -1.356   0.6654   0   -2.57e+08   1.324e+08   0
39.2   1.421   -1.382   0.6787   0   -2.57e+08   1.324e+08   0
39.3   1.421   -1.408   0.6919   0   -2.57e+08   1.324e+08   0
39.4   1.421   -1.434   0.7052   0   -2.57e+08   1.324e+08   0
39.5   1.421   -1.459   0.7184   0   -2.57e+08   1.324e+08   0
39.6   1.421   -1.485   0.7316   0   -2.57e+08   1.324e+08   0
39.7   1.421   -1.511   0.7449   0   -2.57e+08   1.324e+08   0
39.8   1.421   -1.536   0.7581   0   -2.57e+08   1.324e+08   0
39.9   1.421   -1.562   0.7714   0   -2.57e+08   1.324e+08   0
40   1.421   -1.588   0.7846   0   -2.57e+08   1.324e+08   0
40.1   1.421   -1.613   0.7979   0   -2.57e+08   1.324e+08   0
40.2   1.421   -1.639   0.8111   0   -2.57e+08   1.324e+08   0
40.3   1.421   -1.665   0.8244   0   -2.57e+08   1.324e+08   0
40.4   1.421   -1.691   0.8376   0   -2.57e+08   1.324e+08   0
40.5   1.421   -1.716   0.8508   0   -2.57e+08   1.324e+08   0
40.6   1.421   -1.742   0.8641   0   -2.57e+08   1.324e+08   0
40.7   1.421   -1.768   0.8773   0   -2.57e+08   1.324e+08   0
40.8   1.421   -1.793   0.8906   0   -2.57e+08   1.324e+08   0
40.9   1.421   -1.819   0.9038   0   -2.57e+08   1.324e+08   0
41   1.421   -1.845   0.9171   0   -2.57e+08   1.324e+08   0
41.1   1.421   -1.87   0.9303   0   -2.57e+08   1.324e+08   0
41.2   1.421   -1.896   0.9436   0   -2.57e+08   1.324e+08   0
41.3   1.421   -1.922   0.9568   0   -2.57e+08   1.324e+08   0
41.4   1.421   -1.948   0.97   0   -2.57e+08   1.324e+08   0
41.5   1.421   -1.973   0.9833   0   -2.57e+08   1.324e+08   0
41.6   1.421   -1.999   0.9965   0   -2.57e+08   1.324e+08   0
41.7   1.421   -2.025   1.01   0   -2.57e+08   1.324e+08   0
41.8   1.421   -2.05   1.023   0   -2.57e+08   1.324e+08   0
41.9   1.421   -2.076   1.036   0   -2.57e+08   1.324e+08   0
42   1.421   -2.102   1.05   0   -2.57e+08   1.324e+08   0
42.1   1.421   -2.127   1.063   0   -2.57e+08   1.324e+08   0
42.2   1.421   -2.153   1.076   0   -2.57e+08   1.324e+08   0
42.3   1.421   -2.179   1.089   0   -2.57e+08   1.324e+08   0
42.4   1.421   -2.205   1.102   0   -2.57e+08   1.324e+08   0
42.5   1.421   -2.23   1.116   0   -2.57e+08   1.324e+08   0
42.6   1.421   -2.256   1.129   0   -2.57e+08   1.324e+08   0
42.7   1.421   -2.282   1.142   0   -2.57e+08   1.324e+08   0
42.8   1.421   -2.307   1.155   0   -2.57e+08   1.324e+08   0
42.9   1.421   -2.333   1.169   0   -2.57e+08   1.324e+08   0
43   1.421   -2.359   1.182   0   -2.57e+08   1.324e+08   0
43.1   1.421   -2.384   1.195   0   -2.57e+08   1.324e+08   0
43.2   1.421   -2.41   1.208   0   -2.57e+08   1.324e+08   0
43.3   1.421   -2.436   1.222   0   -2.57e+08   1.324e+08   0
43.4   1.421   -2.461   1.235   0   -2.57e+08   1.324e+08   0
43.5   1.421   -2.487   1.248   0   -2.57e+08   1.324e+08   0
43.6   1.421   -2.513   1.261   0   -2.57e+08   1.324e+08   0
43.7   1.421   -2.539   1.275   0   -2.57e+08   1.324e+08   0
43.8   1.421   -2.564   1.288   0   -2.57e+08   1.324e+08   0
43.9   1.421   -2.59   1.301   0   -2.57e+08   1.324e+08   0
44   1.421   -2.616   1.314   0   -2.57e+08   1.324e+08   0
44.1   1.421   -2.641   1.328   0   -2.57e+08   1.324e+08   0
44.2   1.421   -2.667   1.341   0   -2.57e+08   1.324e+08   0
44.3   1.421   -2.693   1.354   0   -2.57e+08   1.324e+08   0
44.4   1.421   -2.718   1.367   0   -2.57e+08   1.324e+08   0
44.5   1.421   -2.744   1.381   0   -2.57e+08   1.324e+08   0
44.6   1.421   -2.77   1.394   0   -2.57e+08   1.324e+08   0
44.7   1.421   -2.796   1.407   0   -2.57e+08   1.324e+08   0
44.8   1.421   -2.821   1.42   0   -2.57e+08   1.324e+08   0
44.9   1.421   -2.847   1.434   0   -2.57e+08   1.324e+08   0
45   1.421   -2.873   1.447   0   -2.57e+08   1.324e+08   0
