0   0.04   -0.753   0   0   1.121e+08   0   0
0.1   0.04   -0.753   0   0   1.121e+08   0   0
0.2   0.04   -0.753   0   0   1.121e+08   0   0
0.3   0.04   -0.753   0   0   1.121e+08   0   0
0.4   0.04   -0.753   0   0   1.121e+08   0   0
0.5   0.04   -0.753   0   0   1.121e+08   0   0
0.6   0.04027   -0.7491   0   0   1.125e+08   0   0
0.7   0.04122   -0.7378   0   0   1.136e+08   0   0
0.8   0.04236   -0.7264   0   0   1.15e+08   0   0
0.9   0.04372   -0.7148   0   0   1.167e+08   0   0
1   0.0453   -0.7031   0   0   1.185e+08   0   0
1.1   0.0471   -0.6911   0   0   1.205e+08   0   0
1.2   0.04914   -0.679   0   0   1.228e+08   0   0
1.3   0.05143   -0.6666   0   0   1.252e+08   0   0
1.4   0.05397   -0.6539   0   0   1.279e+08   0   0
1.5   0.05678   -0.641   0   0   1.307e+08   0   0
1.6   0.05986   -0.6278   0   0   1.336e+08   0   0
1.7   0.06323   -0.6142   0   0   1.368e+08   0   0
1.8   0.06689   -0.6004   0   0   1.4e+08   0   0
1.9   0.07085   -0.5862   0   0   1.434e+08   0   0
2   0.07511   -0.5717   0   0   1.468e+08   0   0
2.1   0.0797   -0.5568   0   0   1.504e+08   0   0
2.2   0.0846   -0.5416   0   0   1.54e+08   0   0
2.3   0.08982   -0.526   0   0   1.577e+08   0   0
2.4   0.09537   -0.5101   0   0   1.614e+08   0   0
2.5   0.1012   -0.4938   0   0   1.651e+08   0   0
2.6   0.1075   -0.4771   0   0   1.689e+08   0   0
2.7   0.114   -0.46   0   0   1.726e+08   0   0
2.8   0.1208   -0.4425   0   0   1.763e+08   0   0
2.9   0.128   -0.4247   0   0   1.8e+08   0   0
3   0.1355   -0.4065   0   0   1.836e+08   0   0
3.1   0.1432   -0.388   0   0   1.872e+08   0   0
3.2   0.1513   -0.3691   0   0   1.907e+08   0   0
3.3   0.1596   -0.3498   0   0   1.941e+08   0   0
3.4   0.1681   -0.3303   0   0   1.975e+08   0   0
3.5   0.1769   -0.3104   0   0   2.007e+08   0   0
3.6   0.1859   -0.2901   0   0   2.039e+08   0   0
3.7   0.1951   -0.2696   0   0   2.069e+08   0   0
3.8   0.2044   -0.2487   0   0   2.098e+08   0   0
3.9   0.2138   -0.2276   0   0   2.126e+08   0   0
4   0.2233   -0.2062   0   0   2.153e+08   0   0
4.1   0.2313   -0.1846   0   0   2.174e+08   0   0
4.2   0.2313   -0.1628   0   0   2.174e+08   0   0
4.3   0.2313   -0.1411   0   0   2.174e+08   0   0
4.4   0.2313   -0.1193   0   0   2.174e+08   0   0
4.5   0.2313   -0.0976   0   0   2.174e+08   0   0
4.6   0.2313   -0.07585   0   0   2.174e+08   0   0
4.7   0.2313   -0.05411   0   0   2.174e+08   0   0
4.8   0.2313   -0.03236   0   0   2.174e+08   0   0
4.9   0.2313   -0.01062   0   0   2.174e+08   0   0
5   0.2313   0.01112   0   0   2.174e+08   0   0
5.1   0.2313   0.03287   0   0   2.174e+08   0   0
5.2   0.2313   0.05461   0   0   2.174e+08   0   0
5.3   0.2313   0.07636   0   0   2.174e+08   0   0
5.4   0.2313   0.0981   0   0   2.174e+08   0   0
5.5   0.2313   0.1198   0   0   2.174e+08   0   0
5.6   0.2313   0.1416   0   0   2.174e+08   0   0
5.7   0.2313   0.1633   0   0   2.174e+08   0   0
5.8   0.2313   0.1851   0   0   2.174e+08   0   0
5.9   0.2426   0.2069   0   0   2.203e+08   0   0
6   0.2557   0.2291   0   0   2.235e+08   0   0
6.1   0.2685   0.2516   0   0   2.264e+08   0   0
6.2   0.281   0.2744   0   0   2.29e+08   0   0
6.3   0.2932   0.2974   0   0   2.315e+08   0   0
6.4   0.305   0.3207   0   0   2.337e+08   0   0
6.5   0.3166   0.3442   0   0   2.358e+08   0   0
6.6   0.3277   0.3679   0   0   2.377e+08   0   0
6.7   0.3386   0.3917   0   0   2.395e+08   0   0
6.8   0.349   0.4158   0   0   2.411e+08   0   0
6.9   0.3591   0.44   0   0   2.426e+08   0   0
7   0.3688   0.4643   0   0   2.44e+08   0   0
7.1   0.378   0.4888   0   0   2.453e+08   0   0
7.2   0.3869   0.5133   0   0   2.465e+08   0   0
7.3   0.3954   0.5381   0   0   2.476e+08   0   0
7.4   0.4034   0.5629   0   0   2.486e+08   0   0
7.5   0.411   0.5878   0   0   2.495e+08   0   0
7.6   0.4182   0.6128   0   0   2.504e+08   0   0
7.7   0.425   0.6379   0   0   2.512e+08   0   0
7.8   0.4313   0.663   0   0   2.519e+08   0   0
7.9   0.4372   0.6882   0   0   2.525e+08   0   0
8   0.4427   0.7135   0   0   2.531e+08   0   0
8.1   0.4478   0.7389   0   0   2.537e+08   0   0
8.2   0.4505   0.7642   0   0   2.539e+08   0   0
8.3   0.4505   0.7896   0   0   2.539e+08   0   0
8.4   0.4505   0.815   0   0   2.539e+08   0   0
8.5   0.4505   0.8404   0   0   2.539e+08   0   0
8.6   0.4505   0.8658   0   0   2.539e+08   0   0
8.7   0.4505   0.8912   0   0   2.539e+08   0   0
8.8   0.4505   0.9166   0   0   2.539e+08   0   0
8.9   0.4505   0.942   0   0   2.539e+08   0   0
9   0.4505   0.9674   0   0   2.539e+08   0   0
9.1   0.4505   0.9928   0   0   2.539e+08   0   0
9.2   0.4505   1.018   0   0   2.539e+08   0   0
9.3   0.4505   1.044   0   0   2.539e+08   0   0
9.4   0.4505   1.069   0   0   2.539e+08   0   0
9.5   0.4505   1.094   0   0   2.539e+08   0   0
9.6   0.4509   1.12   -0.0008651   0   2.516e+08   -3.455e+07   0
9.7   0.4519   1.144   -0.00779   0   2.326e+08   -1.024e+08   0
9.8   0.4528   1.166   -0.02114   0   1.956e+08   -1.623e+08   0
9.9   0.4538   1.183   -0.03989   0   1.437e+08   -2.098e+08   0
10   0.4547   1.194   -0.06261   0   8.073e+07   -2.412e+08   0
10.1   0.4557   1.199   -0.08755   0   1.165e+07   -2.542e+08   0
10.2   0.4566   1.196   -0.1128   0   -5.831e+07   -2.478e+08   0
10.3   0.4576   1.187   -0.1365   0   -1.238e+08   -2.226e+08   0
10.4   0.4586   1.172   -0.1567   0   -1.799e+08   -1.804e+08   0
10.5   0.4595   1.151   -0.172   0   -2.224e+08   -1.246e+08   0
10.6   0.4605   1.128   -0.1813   0   -2.48e+08   -5.934e+07   0
10.7   0.4615   1.102   -0.1837   0   -2.549e+08   1.036e+07   0
10.8   0.4619   1.077   -0.1802   0   -2.517e+08   4.179e+07   0
10.9   0.4619   1.052   -0.176   0   -2.517e+08   4.179e+07   0
11   0.4619   1.027   -0.1718   0   -2.517e+08   4.179e+07   0
11.1   0.4619   1.002   -0.1677   0   -2.517e+08   4.179e+07   0
11.2   0.4619   0.9765   -0.1635   0   -2.517e+08   4.179e+07   0
11.3   0.4619   0.9513   -0.1593   0   -2.517e+08   4.179e+07   0
11.4   0.4619   0.9261   -0.1551   0   -2.517e+08   4.179e+07   0
11.5   0.4619   0.901   -0.1509   0   -2.517e+08   4.179e+07   0
11.6   0.4619   0.8758   -0.1468   0   -2.517e+08   4.179e+07   0
11.7   0.4619   0.8506   -0.1426   0   -2.517e+08   4.179e+07   0
11.8   0.4619   0.8255   -0.1384   0   -2.517e+08   4.179e+07   0
11.9   0.4619   0.8003   -0.1342   0   -2.517e+08   4.179e+07   0
12   0.4619   0.7751   -0.1301   0   -2.517e+08   4.179e+07   0
12.1   0.4619   0.75   -0.1259   0   -2.517e+08   4.179e+07   0
12.2   0.4661   0.7248   -0.1217   0   -2.521e+08   4.186e+07   0
12.3   0.4721   0.6996   -0.1175   0   -2.527e+08   4.196e+07   0
12.4   0.4782   0.6743   -0.1133   0   -2.532e+08   4.206e+07   0
12.5   0.4844   0.6489   -0.1091   0   -2.538e+08   4.216e+07   0
12.6   0.4906   0.6235   -0.1049   0   -2.544e+08   4.225e+07   0
12.7   0.4968   0.598   -0.1006   0   -2.549e+08   4.235e+07   0
12.8   0.503   0.5725   -0.0964   0   -2.554e+08   4.244e+07   0
12.9   0.5091   0.547   -0.09215   0   -2.56e+08   4.253e+07   0
13   0.5151   0.5213   -0.08789   0   -2.565e+08   4.262e+07   0
13.1   0.521   0.4957   -0.08363   0   -2.569e+08   4.27e+07   0
13.2   0.5266   0.4699   -0.07935   0   -2.574e+08   4.278e+07   0
13.3   0.5321   0.4442   -0.07507   0   -2.578e+08   4.286e+07   0
13.4   0.5372   0.4184   -0.07078   0   -2.582e+08   4.293e+07   0
13.5   0.542   0.3925   -0.06649   0   -2.586e+08   4.3e+07   0
13.6   0.5463   0.3667   -0.06218   0   -2.589e+08   4.305e+07   0
13.7   0.5501   0.3408   -0.05788   0   -2.592e+08   4.311e+07   0
13.8   0.5533   0.3148   -0.05356   0   -2.594e+08   4.315e+07   0
13.9   0.5557   0.2889   -0.04925   0   -2.596e+08   4.318e+07   0
14   0.5572   0.2629   -0.04493   0   -2.597e+08   4.32e+07   0
14.1   0.5576   0.2369   -0.04061   0   -2.597e+08   4.321e+07   0
14.2   0.5567   0.211   -0.03629   0   -2.597e+08   4.319e+07   0
14.3   0.554   0.185   -0.03197   0   -2.595e+08   4.316e+07   0
14.4   0.554   0.1591   -0.02765   0   -2.595e+08   4.316e+07   0
14.5   0.554   0.1331   -0.02334   0   -2.595e+08   4.316e+07   0
14.6   0.554   0.1072   -0.01902   0   -2.595e+08   4.316e+07   0
14.7   0.554   0.08123   -0.01471   0   -2.595e+08   4.316e+07   0
14.8   0.554   0.05529   -0.01039   0   -2.595e+08   4.316e+07   0
14.9   0.554   0.02934   -0.006075   0   -2.595e+08   4.316e+07   0
15   0.554   0.003394   -0.00176   0   -2.595e+08   4.316e+07   0
15.1   0.554   -0.02255   0.002556   0   -2.595e+08   4.316e+07   0
15.2   0.554   -0.0485   0.006872   0   -2.595e+08   4.316e+07   0
15.3   0.554   -0.07445   0.01119   0   -2.595e+08   4.316e+07   0
15.4   0.554   -0.1004   0.0155   0   -2.595e+08   4.316e+07   0
15.5   0.554   -0.1263   0.01982   0   -2.595e+08   4.316e+07   0
15.6   0.554   -0.1523   0.02413   0   -2.595e+08   4.316e+07   0
15.7   0.554   -0.1782   0.02845   0   -2.595e+08   4.316e+07   0
15.8   0.5694   -0.2042   0.03277   0   -2.606e+08   4.331e+07   0
15.9   0.5896   -0.2303   0.03711   0   -2.619e+08   4.35e+07   0
16   0.6082   -0.2566   0.04147   0   -2.631e+08   4.367e+07   0
16.1   0.6254   -0.283   0.04585   0   -2.642e+08   4.383e+07   0
16.2   0.6413   -0.3094   0.05024   0   -2.651e+08   4.396e+07   0
16.3   0.6561   -0.336   0.05464   0   -2.659e+08   4.408e+07   0
16.4   0.6699   -0.3626   0.05905   0   -2.666e+08   4.419e+07   0
16.5   0.6827   -0.3893   0.06348   0   -2.673e+08   4.429e+07   0
16.6   0.6947   -0.4161   0.06791   0   -2.679e+08   4.438e+07   0
16.7   0.7058   -0.4429   0.07235   0   -2.684e+08   4.446e+07   0
16.8   0.7162   -0.4697   0.0768   0   -2.689e+08   4.454e+07   0
16.9   0.7258   -0.4967   0.08126   0   -2.693e+08   4.461e+07   0
17   0.7348   -0.5236   0.08572   0   -2.697e+08   4.467e+07   0
17.1   0.743   -0.5506   0.09019   0   -2.701e+08   4.472e+07   0
17.2   0.7506   -0.5776   0.09467   0   -2.704e+08   4.477e+07   0
17.3   0.7576   -0.6047   0.09915   0   -2.707e+08   4.482e+07   0
17.4   0.764   -0.6318   0.1036   0   -2.71e+08   4.486e+07   0
17.5   0.7698   -0.6589   0.1081   0   -2.712e+08   4.489e+07   0
17.6   0.775   -0.686   0.1126   0   -2.714e+08   4.493e+07   0
17.7   0.7797   -0.7132   0.1171   0   -2.716e+08   4.496e+07   0
17.8   0.7839   -0.7403   0.1216   0   -2.718e+08   4.498e+07   0
17.9   0.7843   -0.7675   0.1261   0   -2.718e+08   4.498e+07   0
18   0.7843   -0.7947   0.1306   0   -2.718e+08   4.498e+07   0
18.1   0.7843   -0.8219   0.1351   0   -2.718e+08   4.498e+07   0
18.2   0.7843   -0.849   0.1396   0   -2.718e+08   4.498e+07   0
18.3   0.7843   -0.8762   0.1441   0   -2.718e+08   4.498e+07   0
18.4   0.7843   -0.9034   0.1486   0   -2.718e+08   4.498e+07   0
18.5   0.7843   -0.9306   0.1531   0   -2.718e+08   4.498e+07   0
18.6   0.7843   -0.9578   0.1576   0   -2.718e+08   4.498e+07   0
18.7   0.7843   -0.9849   0.1621   0   -2.718e+08   4.498e+07   0
18.8   0.7843   -1.012   0.1666   0   -2.718e+08   4.498e+07   0
18.9   0.7843   -1.039   0.1711   0   -2.718e+08   4.498e+07   0
19   0.7843   -1.066   0.1756   0   -2.718e+08   4.498e+07   0
19.1   0.7843   -1.094   0.1801   0   -2.718e+08   4.498e+07   0
19.2   0.7843   -1.121   0.1846   0   -2.718e+08   4.498e+07   0
19.3   0.7855   -1.148   0.1899   0   -2.637e+08   7.981e+07   0
19.4   0.7881   -1.173   0.2014   0   -2.329e+08   1.473e+08   0
19.5   0.7907   -1.194   0.2191   0   -1.854e+08   2.041e+08   0
19.6   0.7932   -1.209   0.2418   0   -1.245e+08   2.461e+08   0
19.7   0.7958   -1.218   0.2678   0   -5.476e+07   2.704e+08   0
19.8   0.7985   -1.22   0.2952   0   1.88e+07   2.754e+08   0
19.9   0.8011   -1.215   0.3222   0   9.093e+07   2.607e+08   0
20   0.8037   -1.202   0.3467   0   1.565e+08   2.276e+08   0
20.1   0.8063   -1.184   0.3671   0   2.11e+08   1.784e+08   0
20.2   0.809   -1.16   0.3819   0   2.505e+08   1.168e+08   0
20.3   0.8116   -1.134   0.3901   0   2.725e+08   4.702e+07   0
20.4   0.8143   -1.106   0.3912   0   2.754e+08   -2.593e+07   0
20.5   0.8167   -1.08   0.385   0   2.609e+08   -9.218e+07   0
20.6   0.8167   -1.053   0.3758   0   2.609e+08   -9.218e+07   0
20.7   0.8167   -1.027   0.3665   0   2.609e+08   -9.218e+07   0
20.8   0.8167   -1.001   0.3573   0   2.609e+08   -9.218e+07   0
20.9   0.8167   -0.9752   0.3481   0   2.609e+08   -9.218e+07   0
21   0.8167   -0.9491   0.3389   0   2.609e+08   -9.218e+07   0
21.1   0.8167   -0.923   0.3297   0   2.609e+08   -9.218e+07   0
21.2   0.8167   -0.897   0.3205   0   2.609e+08   -9.218e+07   0
21.3   0.8167   -0.8709   0.3112   0   2.609e+08   -9.218e+07   0
21.4   0.8167   -0.8448   0.302   0   2.609e+08   -9.218e+07   0
21.5   0.8167   -0.8187   0.2928   0   2.609e+08   -9.218e+07   0
21.6   0.8167   -0.7926   0.2836   0   2.609e+08   -9.218e+07   0
21.7   0.8167   -0.7665   0.2744   0   2.609e+08   -9.218e+07   0
21.8   0.8167   -0.7404   0.2651   0   2.609e+08   -9.218e+07   0
21.9   0.8167   -0.7143   0.2559   0   2.609e+08   -9.218e+07   0
22   0.821   -0.6882   0.2467   0   2.61e+08   -9.223e+07   0
22.1   0.8265   -0.6621   0.2375   0   2.612e+08   -9.23e+07   0
22.2   0.8319   -0.636   0.2282   0   2.614e+08   -9.237e+07   0
22.3   0.8371   -0.6098   0.219   0   2.616e+08   -9.244e+07   0
22.4   0.8422   -0.5837   0.2098   0   2.617e+08   -9.25e+07   0
22.5   0.8471   -0.5575   0.2005   0   2.619e+08   -9.257e+07   0
22.6   0.8518   -0.5313   0.1912   0   2.62e+08   -9.262e+07   0
22.7   0.8561   -0.5051   0.182   0   2.622e+08   -9.268e+07   0
22.8   0.8601   -0.4789   0.1727   0   2.623e+08   -9.273e+07   0
22.9   0.8637   -0.4526   0.1634   0   2.624e+08   -9.277e+07   0
23   0.8668   -0.4264   0.1542   0   2.625e+08   -9.281e+07   0
23.1   0.8694   -0.4001   0.1449   0   2.626e+08   -9.284e+07   0
23.2   0.8713   -0.3739   0.1356   0   2.626e+08   -9.286e+07   0
23.3   0.8725   -0.3476   0.1263   0   2.627e+08   -9.288e+07   0
23.4   0.8728   -0.3213   0.117   0   2.627e+08   -9.288e+07   0
23.5   0.8722   -0.2951   0.1077   0   2.626e+08   -9.287e+07   0
23.6   0.8703   -0.2688   0.09844   0   2.626e+08   -9.285e+07   0
23.7   0.867   -0.2426   0.08915   0   2.625e+08   -9.281e+07   0
23.8   0.862   -0.2163   0.07988   0   2.623e+08   -9.274e+07   0
23.9   0.8548   -0.1901   0.07061   0   2.621e+08   -9.263e+07   0
24   0.8499   -0.1639   0.06135   0   2.62e+08   -9.256e+07   0
24.1   0.8499   -0.1377   0.05209   0   2.62e+08   -9.256e+07   0
24.2   0.8499   -0.1115   0.04284   0   2.62e+08   -9.256e+07   0
24.3   0.8499   -0.0853   0.03358   0   2.62e+08   -9.256e+07   0
24.4   0.8499   -0.0591   0.02433   0   2.62e+08   -9.256e+07   0
24.5   0.8499   -0.0329   0.01507   0   2.62e+08   -9.256e+07   0
24.6   0.8499   -0.0067   0.005813   0   2.62e+08   -9.256e+07   0
24.7   0.8499   0.0195   -0.003444   0   2.62e+08   -9.256e+07   0
24.8   0.8499   0.0457   -0.0127   0   2.62e+08   -9.256e+07   0
24.9   0.8499   0.0719   -0.02196   0   2.62e+08   -9.256e+07   0
25   0.8499   0.09809   -0.03121   0   2.62e+08   -9.256e+07   0
25.1   0.8499   0.1243   -0.04047   0   2.62e+08   -9.256e+07   0
25.2   0.8499   0.1505   -0.04972   0   2.62e+08   -9.256e+07   0
25.3   0.8499   0.1767   -0.05898   0   2.62e+08   -9.256e+07   0
25.4   0.8723   0.2029   -0.06825   0   2.627e+08   -9.273e+07   0
25.5   0.8941   0.2292   -0.07753   0   2.634e+08   -9.289e+07   0
25.6   0.9137   0.2556   -0.08682   0   2.639e+08   -9.303e+07   0
25.7   0.9316   0.282   -0.09613   0   2.644e+08   -9.316e+07   0
25.8   0.9478   0.3085   -0.1055   0   2.649e+08   -9.327e+07   0
25.9   0.9627   0.335   -0.1148   0   2.652e+08   -9.337e+07   0
26   0.9763   0.3615   -0.1241   0   2.656e+08   -9.347e+07   0
26.1   0.9889   0.3881   -0.1335   0   2.659e+08   -9.355e+07   0
26.2   1   0.4147   -0.1428   0   2.661e+08   -9.363e+07   0
26.3   1.011   0.4413   -0.1522   0   2.664e+08   -9.37e+07   0
26.4   1.021   0.468   -0.1616   0   2.666e+08   -9.377e+07   0
26.5   1.029   0.4946   -0.171   0   2.668e+08   -9.382e+07   0
26.6   1.037   0.5213   -0.1803   0   2.67e+08   -9.387e+07   0
26.7   1.045   0.548   -0.1897   0   2.671e+08   -9.392e+07   0
26.8   1.051   0.5748   -0.1991   0   2.673e+08   -9.396e+07   0
26.9   1.057   0.6015   -0.2085   0   2.674e+08   -9.4e+07   0
27   1.062   0.6282   -0.2179   0   2.675e+08   -9.403e+07   0
27.1   1.067   0.655   -0.2273   0   2.676e+08   -9.406e+07   0
27.2   1.071   0.6818   -0.2367   0   2.677e+08   -9.409e+07   0
27.3   1.075   0.7085   -0.2461   0   2.677e+08   -9.411e+07   0
27.4   1.075   0.7353   -0.2556   0   2.677e+08   -9.411e+07   0
27.5   1.075   0.7621   -0.265   0   2.677e+08   -9.411e+07   0
27.6   1.075   0.7888   -0.2744   0   2.677e+08   -9.411e+07   0
27.7   1.075   0.8156   -0.2838   0   2.677e+08   -9.411e+07   0
27.8   1.075   0.8424   -0.2932   0   2.677e+08   -9.411e+07   0
27.9   1.075   0.8692   -0.3026   0   2.677e+08   -9.411e+07   0
28   1.075   0.8959   -0.312   0   2.677e+08   -9.411e+07   0
28.1   1.075   0.9227   -0.3214   0   2.677e+08   -9.411e+07   0
28.2   1.075   0.9495   -0.3309   0   2.677e+08   -9.411e+07   0
28.3   1.075   0.9763   -0.3403   0   2.677e+08   -9.411e+07   0
28.4   1.075   1.003   -0.3497   0   2.677e+08   -9.411e+07   0
28.5   1.075   1.03   -0.3591   0   2.677e+08   -9.411e+07   0
28.6   1.075   1.057   -0.3685   0   2.677e+08   -9.411e+07   0
28.7   1.075   1.083   -0.3779   0   2.677e+08   -9.411e+07   0
28.8   1.079   1.11   -0.3887   0   2.466e+08   -1.406e+08   0
28.9   1.085   1.132   -0.4063   0   1.931e+08   -2.082e+08   0
29   1.092   1.148   -0.4298   0   1.222e+08   -2.565e+08   0
29.1   1.098   1.156   -0.4569   0   4.029e+07   -2.814e+08   0
29.2   1.105   1.155   -0.4852   0   -4.496e+07   -2.808e+08   0
29.3   1.111   1.147   -0.5122   0   -1.259e+08   -2.551e+08   0
29.4   1.118   1.131   -0.5355   0   -1.955e+08   -2.069e+08   0
29.5   1.125   1.108   -0.5529   0   -2.476e+08   -1.406e+08   0
29.6   1.131   1.082   -0.5631   0   -2.78e+08   -6.226e+07   0
29.7   1.138   1.053   -0.5651   0   -2.842e+08   2.125e+07   0
29.8   1.145   1.026   -0.5589   0   -2.66e+08   1.027e+08   0
29.9   1.148   1   -0.5459   0   -2.503e+08   1.368e+08   0
30   1.148   0.9752   -0.5322   0   -2.503e+08   1.368e+08   0
30.1   1.148   0.9502   -0.5186   0   -2.503e+08   1.368e+08   0
30.2   1.148   0.9252   -0.5049   0   -2.503e+08   1.368e+08   0
30.3   1.148   0.9001   -0.4912   0   -2.503e+08   1.368e+08   0
30.4   1.148   0.8751   -0.4775   0   -2.503e+08   1.368e+08   0
30.5   1.148   0.8501   -0.4639   0   -2.503e+08   1.368e+08   0
30.6   1.148   0.8251   -0.4502   0   -2.503e+08   1.368e+08   0
30.7   1.148   0.8   -0.4365   0   -2.503e+08   1.368e+08   0
30.8   1.148   0.775   -0.4228   0   -2.503e+08   1.368e+08   0
30.9   1.148   0.75   -0.4092   0   -2.503e+08   1.368e+08   0
31   1.148   0.7249   -0.3955   0   -2.503e+08   1.368e+08   0
31.1   1.148   0.6999   -0.3818   0   -2.503e+08   1.368e+08   0
31.2   1.148   0.6749   -0.3681   0   -2.503e+08   1.368e+08   0
31.3   1.15   0.6499   -0.3545   0   -2.503e+08   1.368e+08   0
31.4   1.156   0.6248   -0.3408   0   -2.504e+08   1.368e+08   0
31.5   1.161   0.5998   -0.3271   0   -2.505e+08   1.369e+08   0
31.6   1.167   0.5747   -0.3134   0   -2.506e+08   1.369e+08   0
31.7   1.172   0.5497   -0.2997   0   -2.507e+08   1.37e+08   0
31.8   1.177   0.5246   -0.286   0   -2.507e+08   1.37e+08   0
31.9   1.182   0.4995   -0.2723   0   -2.508e+08   1.37e+08   0
32   1.186   0.4744   -0.2586   0   -2.509e+08   1.371e+08   0
32.1   1.19   0.4493   -0.2449   0   -2.509e+08   1.371e+08   0
32.2   1.194   0.4242   -0.2312   0   -2.51e+08   1.371e+08   0
32.3   1.197   0.3991   -0.2175   0   -2.51e+08   1.372e+08   0
32.4   1.2   0.374   -0.2037   0   -2.511e+08   1.372e+08   0
32.5   1.202   0.3489   -0.19   0   -2.511e+08   1.372e+08   0
32.6   1.203   0.3238   -0.1763   0   -2.511e+08   1.372e+08   0
32.7   1.203   0.2987   -0.1626   0   -2.511e+08   1.372e+08   0
32.8   1.203   0.2736   -0.1489   0   -2.511e+08   1.372e+08   0
32.9   1.201   0.2485   -0.1351   0   -2.511e+08   1.372e+08   0
33   1.197   0.2234   -0.1214   0   -2.51e+08   1.372e+08   0
33.1   1.192   0.1983   -0.1077   0   -2.51e+08   1.371e+08   0
33.2   1.185   0.1732   -0.094   0   -2.508e+08   1.371e+08   0
33.3   1.182   0.1481   -0.0803   0   -2.508e+08   1.37e+08   0
33.4   1.182   0.123   -0.06659   0   -2.508e+08   1.37e+08   0
33.5   1.182   0.09794   -0.05289   0   -2.508e+08   1.37e+08   0
33.6   1.182   0.07286   -0.03918   0   -2.508e+08   1.37e+08   0
33.7   1.182   0.04778   -0.02548   0   -2.508e+08   1.37e+08   0
33.8   1.182   0.0227   -0.01177   0   -2.508e+08   1.37e+08   0
33.9   1.182   -0.002385   0.001933   0   -2.508e+08   1.37e+08   0
34   1.182   -0.02747   0.01564   0   -2.508e+08   1.37e+08   0
34.1   1.182   -0.05255   0.02934   0   -2.508e+08   1.37e+08   0
34.2   1.182   -0.07763   0.04305   0   -2.508e+08   1.37e+08   0
34.3   1.182   -0.1027   0.05675   0   -2.508e+08   1.37e+08   0
34.4   1.182   -0.1278   0.07046   0   -2.508e+08   1.37e+08   0
34.5   1.182   -0.1529   0.08416   0   -2.508e+08   1.37e+08   0
34.6   1.195   -0.178   0.09787   0   -2.51e+08   1.372e+08   0
34.7   1.218   -0.2031   0.1116   0   -2.513e+08   1.373e+08   0
34.8   1.238   -0.2282   0.1253   0   -2.516e+08   1.375e+08   0
34.9   1.257   -0.2534   0.1391   0   -2.518e+08   1.376e+08   0
35   1.274   -0.2786   0.1529   0   -2.521e+08   1.378e+08   0
35.1   1.29   -0.3038   0.1667   0   -2.522e+08   1.379e+08   0
35.2   1.304   -0.329   0.1804   0   -2.524e+08   1.38e+08   0
35.3   1.318   -0.3543   0.1942   0   -2.526e+08   1.381e+08   0
35.4   1.33   -0.3795   0.2081   0   -2.527e+08   1.381e+08   0
35.5   1.341   -0.4048   0.2219   0   -2.528e+08   1.382e+08   0
35.6   1.351   -0.4301   0.2357   0   -2.53e+08   1.383e+08   0
35.7   1.36   -0.4554   0.2495   0   -2.531e+08   1.383e+08   0
35.8   1.369   -0.4807   0.2634   0   -2.531e+08   1.384e+08   0
35.9   1.377   -0.506   0.2772   0   -2.532e+08   1.384e+08   0
36   1.384   -0.5314   0.2911   0   -2.533e+08   1.385e+08   0
36.1   1.39   -0.5567   0.3049   0   -2.534e+08   1.385e+08   0
36.2   1.396   -0.582   0.3188   0   -2.534e+08   1.386e+08   0
36.3   1.401   -0.6074   0.3326   0   -2.535e+08   1.386e+08   0
36.4   1.406   -0.6327   0.3465   0   -2.535e+08   1.386e+08   0
36.5   1.41   -0.6581   0.3603   0   -2.536e+08   1.386e+08   0
36.6   1.41   -0.6835   0.3742   0   -2.536e+08   1.386e+08   0
36.7   1.41   -0.7088   0.3881   0   -2.536e+08   1.386e+08   0
36.8   1.41   -0.7342   0.4019   0   -2.536e+08   1.386e+08   0
36.9   1.41   -0.7595   0.4158   0   -2.536e+08   1.386e+08   0
37   1.41   -0.7849   0.4297   0   -2.536e+08   1.386e+08   0
37.1   1.41   -0.8102   0.4435   0   -2.536e+08   1.386e+08   0
37.2   1.41   -0.8356   0.4574   0   -2.536e+08   1.386e+08   0
37.3   1.41   -0.861   0.4712   0   -2.536e+08   1.386e+08   0
37.4   1.41   -0.8863   0.4851   0   -2.536e+08   1.386e+08   0
37.5   1.41   -0.9117   0.499   0   -2.536e+08   1.386e+08   0
37.6   1.41   -0.937   0.5128   0   -2.536e+08   1.386e+08   0
37.7   1.41   -0.9624   0.5267   0   -2.536e+08   1.386e+08   0
37.8   1.41   -0.9877   0.5406   0   -2.536e+08   1.386e+08   0
37.9   1.41   -1.013   0.5544   0   -2.536e+08   1.386e+08   0
38   1.41   -1.038   0.5683   0   -2.536e+08   1.386e+08   0
38.1   1.41   -1.064   0.5821   0   -2.536e+08   1.386e+08   0
38.2   1.41   -1.089   0.596   0   -2.536e+08   1.386e+08   0
38.3   1.41   -1.115   0.6099   0   -2.536e+08   1.386e+08   0
38.4   1.41   -1.14   0.6237   0   -2.536e+08   1.386e+08   0
38.5   1.41   -1.165   0.6376   0   -2.536e+08   1.386e+08   0
38.6   1.41   -1.191   0.6515   0   -2.536e+08   1.386e+08   0
38.7   1.41   -1.216   0.6653   0   -2.536e+08   1.386e+08   0
38.8   1.41   -1.241   0.6792   0   -2.536e+08   1.386e+08   0
38.9   1.41   -1.267   0.6931   0   -2.536e+08   1.386e+08   0
39   1.41   -1.292   0.7069   0   -2.536e+08   1.386e+08   0
39.1   1.41   -1.317   0.7208   0   -2.536e+08   1.386e+08   0
39.2   1.41   -1.343   0.7346   0   -2.536e+08   1.386e+08   0
39.3   1.41   -1.368   0.7485   0   -2.536e+08   1.386e+08   0
39.4   1.41   -1.393   0.7624   0   -2.536e+08   1.386e+08   0
39.5   1.41   -1.419   0.7762   0   -2.536e+08   1.386e+08   0
39.6   1.41   -1.444   0.7901   0   -2.536e+08   1.386e+08   0
39.7   1.41   -1.47   0.804   0   -2.536e+08   1.386e+08   0
39.8   1.41   -1.495   0.8178   0   -2.536e+08   1.386e+08   0
39.9   1.41   -1.52   0.8317   0   -2.536e+08   1.386e+08   0
40   1.41   -1.546   0.8455   0   -2.536e+08   1.386e+08   0
40.1   1.41   -1.571   0.8594   0   -2.536e+08   1.386e+08   0
40.2   1.41   -1.596   0.8733   0   -2.536e+08   1.386e+08   0
40.3   1.41   -1.622   0.8871   0   -2.536e+08   1.386e+08   0
40.4   1.41   -1.647   0.901   0   -2.536e+08   1.386e+08   0
40.5   1.41   -1.672   0.9149   0   -2.536e+08   1.386e+08   0
40.6   1.41   -1.698   0.9287   0   -2.536e+08   1.386e+08   0
40.7   1.41   -1.723   0.9426   0   -2.536e+08   1.386e+08   0
40.8   1.41   -1.748   0.9565   0   -2.536e+08   1.386e+08   0
40.9   1.41   -1.774   0.9703   0   -2.536e+08   1.386e+08   0
41   1.41   -1.799   0.9842   0   -2.536e+08   1.386e+08   0
41.1   1.41   -1.825   0.998   0   -2.536e+08   1.386e+08   0
41.2   1.41   -1.85   1.012   0   -2.536e+08   1.386e+08   0
41.3   1.41   -1.875   1.026   0   -2.536e+08   1.386e+08   0
41.4   1.41   -1.901   1.04   0   -2.536e+08   1.386e+08   0
41.5   1.41   -1.926   1.053   0   -2.536e+08   1.386e+08   0
41.6   1.41   -1.951   1.067   0   -2.536e+08   1.386e+08   0
41.7   1.41   -1.977   1.081   0   -2.536e+08   1.386e+08   0
41.8   1.41   -2.002   1.095   0   -2.536e+08   1.386e+08   0
41.9   1.41   -2.027   1.109   0   -2.536e+08   1.386e+08   0
42   1.41   -2.053   1.123   0   -2.536e+08   1.386e+08   0
42.1   1.41   -2.078   1.137   0   -2.536e+08   1.386e+08   0
42.2   1.41   -2.103   1.151   0   -2.536e+08   1.386e+08   0
42.3   1.41   -2.129   1.164   0   -2.536e+08   1.386e+08   0
42.4   1.41   -2.154   1.178   0   -2.536e+08   1.386e+08   0
42.5   1.41   -2.18   1.192   0   -2.536e+08   1.386e+08   0
42.6   1.41   -2.205   1.206   0   -2.536e+08   1.386e+08   0
42.7   1.41   -2.23   1.22   0   -2.536e+08   1.386e+08   0
42.8   1.41   -2.256   1.234   0   -2.536e+08   1.386e+08   0
42.9   1.41   -2.281   1.248   0   -2.536e+08   1.386e+08   0
43   1.41   -2.306   1.261   0   -2.536e+08   1.386e+08   0
43.1   1.41   -2.332   1.275   0   -2.536e+08   1.386e+08   0
43.2   1.41   -2.357   1.289   0   -2.536e+08   1.386e+08   0
43.3   1.41   -2.382   1.303   0   -2.536e+08   1.386e+08   0
43.4   1.41   -2.408   1.317   0   -2.536e+08   1.386e+08   0
43.5   1.41   -2.433   1.331   0   -2.536e+08   1.386e+08   0
43.6   1.41   -2.458   1.345   0   -2.536e+08   1.386e+08   0
43.7   1.41   -2.484   1.358   0   -2.536e+08   1.386e+08   0
43.8   1.41   -2.509   1.372   0   -2.536e+08   1.386e+08   0
43.9   1.41   -2.535   1.386   0   -2.536e+08   1.386e+08   0
44   1.41   -2.56   1.4   0   -2.536e+08   1.386e+08   0
44.1   1.41   -2.585   1.414   0   -2.536e+08   1.386e+08   0
44.2   1.41   -2.611   1.428   0   -2.536e+08   1.386e+08   0
44.3   1.41   -2.636   1.442   0   -2.536e+08   1.386e+08   0
44.4   1.41   -2.661   1.456   0   -2.536e+08   1.386e+08   0
44.5   1.41   -2.687   1.469   0   -2.536e+08   1.386e+08   0
44.6   1.41   -2.712   1.483   0   -2.536e+08   1.386e+08   0
44.7   1.41   -2.737   1.497   0   -2.536e+08   1.386e+08   0
44.8   1.41   -2.763   1.511   0   -2.536e+08   1.386e+08   0
44.9   1.41   -2.788   1.525   0   -2.536e+08   1.386e+08   0
45   1.41   -2.813   1.539   0   -2.536e+08   1.386e+08   0
