0   0.04   -0.753   0   0   1.121e+08   0   0
0.1   0.03994   -0.7464   0   0   1.121e+08   0   0
0.2   0.03998   -0.7351   0   0   1.121e+08   0   0
0.3   0.0402   -0.7239   0   0   1.124e+08   0   0
0.4   0.04062   -0.7127   0   0   1.129e+08   0   0
0.5   0.04124   -0.7013   0   0   1.137e+08   0   0
0.6   0.04207   -0.6899   0   0   1.147e+08   0   0
0.7   0.04312   -0.6784   0   0   1.159e+08   0   0
0.8   0.0444   -0.6667   0   0   1.175e+08   0   0
0.9   0.04591   -0.6549   0   0   1.192e+08   0   0
1   0.04767   -0.6429   0   0   1.212e+08   0   0
1.1   0.04969   -0.6306   0   0   1.234e+08   0   0
1.2   0.05199   -0.6182   0   0   1.258e+08   0   0
1.3   0.05456   -0.6055   0   0   1.285e+08   0   0
1.4   0.05744   -0.5925   0   0   1.313e+08   0   0
1.5   0.06063   -0.5792   0   0   1.344e+08   0   0
1.6   0.06414   -0.5656   0   0   1.376e+08   0   0
1.7   0.068   -0.5517   0   0   1.41e+08   0   0
1.8   0.07221   -0.5374   0   0   1.445e+08   0   0
1.9   0.07679   -0.5228   0   0   1.481e+08   0   0
2   0.08174   -0.5078   0   0   1.519e+08   0   0
2.1   0.0871   -0.4924   0   0   1.558e+08   0   0
2.2   0.09286   -0.4766   0   0   1.597e+08   0   0
2.3   0.09903   -0.4604   0   0   1.637e+08   0   0
2.4   0.1056   -0.4438   0   0   1.678e+08   0   0
2.5   0.1127   -0.4268   0   0   1.719e+08   0   0
2.6   0.1202   -0.4095   0   0   1.76e+08   0   0
2.7   0.1282   -0.3916   0   0   1.801e+08   0   0
2.8   0.1366   -0.3734   0   0   1.842e+08   0   0
2.9   0.1455   -0.3548   0   0   1.882e+08   0   0
3   0.1549   -0.3358   0   0   1.922e+08   0   0
3.1   0.1648   -0.3164   0   0   1.962e+08   0   0
3.2   0.1752   -0.2965   0   0   2.001e+08   0   0
3.3   0.1862   -0.2763   0   0   2.039e+08   0   0
3.4   0.1977   -0.2558   0   0   2.077e+08   0   0
3.5   0.2098   -0.2348   0   0   2.114e+08   0   0
3.6   0.2225   -0.2135   0   0   2.151e+08   0   0
3.7   0.2358   -0.1918   0   0   2.186e+08   0   0
3.8   0.2382   -0.1699   0   0   2.192e+08   0   0
3.9   0.2382   -0.1479   0   0   2.192e+08   0   0
4   0.2382   -0.126   0   0   2.192e+08   0   0
4.1   0.2382   -0.1041   0   0   2.192e+08   0   0
4.2   0.2382   -0.08217   0   0   2.192e+08   0   0
4.3   0.2382   -0.06025   0   0   2.192e+08   0   0
4.4   0.2382   -0.03833   0   0   2.192e+08   0   0
4.5   0.2382   -0.01641   0   0   2.192e+08   0   0
4.6   0.2382   0.005518   0   0   2.192e+08   0   0
4.7   0.2382   0.02744   0   0   2.192e+08   0   0
4.8   0.2382   0.04936   0   0   2.192e+08   0   0
4.9   0.2382   0.07129   0   0   2.192e+08   0   0
5   0.2382   0.09321   0   0   2.192e+08   0   0
5.1   0.2382   0.1151   0   0   2.192e+08   0   0
5.2   0.2382   0.1371   0   0   2.192e+08   0   0
5.3   0.2382   0.159   0   0   2.192e+08   0   0
5.4   0.2382   0.1809   0   0   2.192e+08   0   0
5.5   0.2442   0.2029   0   0   2.207e+08   0   0
5.6   0.2535   0.2251   0   0   2.23e+08   0   0
5.7   0.263   0.2475   0   0   2.252e+08   0   0
5.8   0.2726   0.2701   0   0   2.273e+08   0   0
5.9   0.2823   0.2929   0   0   2.293e+08   0   0
6   0.292   0.316   0   0   2.313e+08   0   0
6.1   0.3017   0.3392   0   0   2.331e+08   0   0
6.2   0.3113   0.3626   0   0   2.349e+08   0   0
6.3   0.3209   0.3862   0   0   2.366e+08   0   0
6.4   0.3303   0.4099   0   0   2.381e+08   0   0
6.5   0.3395   0.4338   0   0   2.397e+08   0   0
6.6   0.3486   0.4578   0   0   2.411e+08   0   0
6.7   0.3574   0.482   0   0   2.424e+08   0   0
6.8   0.3661   0.5063   0   0   2.437e+08   0   0
6.9   0.3745   0.5307   0   0   2.448e+08   0   0
7   0.3826   0.5553   0   0   2.459e+08   0   0
7.1   0.3904   0.5799   0   0   2.47e+08   0   0
7.2   0.398   0.6047   0   0   2.479e+08   0   0
7.3   0.4052   0.6295   0   0   2.488e+08   0   0
7.4   0.4121   0.6544   0   0   2.497e+08   0   0
7.5   0.4187   0.6794   0   0   2.505e+08   0   0
7.6   0.425   0.7045   0   0   2.512e+08   0   0
7.7   0.4309   0.7297   0   0   2.518e+08   0   0
7.8   0.4361   0.7549   0   0   2.524e+08   0   0
7.9   0.4361   0.7801   0   0   2.524e+08   0   0
8   0.4361   0.8054   0   0   2.524e+08   0   0
8.1   0.4361   0.8306   0   0   2.524e+08   0   0
8.2   0.4361   0.8558   0   0   2.524e+08   0   0
8.3   0.4361   0.8811   0   0   2.524e+08   0   0
8.4   0.4361   0.9063   0   0   2.524e+08   0   0
8.5   0.4361   0.9316   0   0   2.524e+08   0   0
8.6   0.4361   0.9568   0   0   2.524e+08   0   0
8.7   0.4361   0.9821   0   0   2.524e+08   0   0
8.8   0.4361   1.007   0   0   2.524e+08   0   0
8.9   0.4361   1.033   0   0   2.524e+08   0   0
9   0.4361   1.058   0   0   2.524e+08   0   0
9.1   0.4361   1.083   0   0   2.524e+08   0   0
9.2   0.4361   1.108   -7.137e-06   0   2.524e+08   -2.855e+06   0
9.3   0.4371   1.133   -0.003868   0   2.417e+08   -7.315e+07   0
9.4   0.438   1.156   -0.01451   0   2.118e+08   -1.376e+08   0
9.5   0.4389   1.175   -0.03109   0   1.652e+08   -1.912e+08   0
9.6   0.4398   1.188   -0.0523   0   1.056e+08   -2.297e+08   0
9.7   0.4408   1.196   -0.07646   0   3.76e+07   -2.501e+08   0
9.8   0.4417   1.196   -0.1017   0   -3.33e+07   -2.508e+08   0
9.9   0.4426   1.189   -0.126   0   -1.016e+08   -2.318e+08   0
10   0.4436   1.176   -0.1474   0   -1.619e+08   -1.947e+08   0
10.1   0.4445   1.157   -0.1643   0   -2.095e+08   -1.424e+08   0
10.2   0.4455   1.134   -0.1755   0   -2.408e+08   -7.891e+07   0
10.3   0.4464   1.109   -0.1799   0   -2.533e+08   -9.321e+06   0
10.4   0.4471   1.084   -0.1775   0   -2.503e+08   4.084e+07   0
10.5   0.4471   1.059   -0.1734   0   -2.503e+08   4.084e+07   0
10.6   0.4471   1.034   -0.1694   0   -2.503e+08   4.084e+07   0
10.7   0.4471   1.009   -0.1653   0   -2.503e+08   4.084e+07   0
10.8   0.4471   0.9841   -0.1612   0   -2.503e+08   4.084e+07   0
10.9   0.4471   0.9591   -0.1571   0   -2.503e+08   4.084e+07   0
11   0.4471   0.9341   -0.153   0   -2.503e+08   4.084e+07   0
11.1   0.4471   0.9091   -0.1489   0   -2.503e+08   4.084e+07   0
11.2   0.4471   0.884   -0.1449   0   -2.503e+08   4.084e+07   0
11.3   0.4471   0.859   -0.1408   0   -2.503e+08   4.084e+07   0
11.4   0.4471   0.834   -0.1367   0   -2.503e+08   4.084e+07   0
11.5   0.4471   0.809   -0.1326   0   -2.503e+08   4.084e+07   0
11.6   0.4471   0.7839   -0.1285   0   -2.503e+08   4.084e+07   0
11.7   0.4471   0.7589   -0.1244   0   -2.503e+08   4.084e+07   0
11.8   0.4493   0.7339   -0.1203   0   -2.505e+08   4.088e+07   0
11.9   0.4555   0.7088   -0.1163   0   -2.511e+08   4.098e+07   0
12   0.462   0.6836   -0.1122   0   -2.518e+08   4.109e+07   0
12.1   0.4687   0.6584   -0.108   0   -2.524e+08   4.12e+07   0
12.2   0.4755   0.6331   -0.1039   0   -2.531e+08   4.131e+07   0
12.3   0.4825   0.6078   -0.09977   0   -2.537e+08   4.142e+07   0
12.4   0.4896   0.5824   -0.09563   0   -2.544e+08   4.152e+07   0
12.5   0.4968   0.5569   -0.09147   0   -2.55e+08   4.163e+07   0
12.6   0.5041   0.5314   -0.0873   0   -2.556e+08   4.174e+07   0
12.7   0.5114   0.5058   -0.08312   0   -2.563e+08   4.184e+07   0
12.8   0.5188   0.4801   -0.07893   0   -2.569e+08   4.194e+07   0
12.9   0.5261   0.4544   -0.07473   0   -2.575e+08   4.204e+07   0
13   0.5334   0.4286   -0.07053   0   -2.58e+08   4.214e+07   0
13.1   0.5406   0.4028   -0.06631   0   -2.586e+08   4.223e+07   0
13.2   0.5477   0.3769   -0.06208   0   -2.591e+08   4.232e+07   0
13.3   0.5546   0.351   -0.05784   0   -2.596e+08   4.241e+07   0
13.4   0.5612   0.325   -0.0536   0   -2.601e+08   4.249e+07   0
13.5   0.5674   0.299   -0.04935   0   -2.605e+08   4.256e+07   0
13.6   0.5732   0.2729   -0.04509   0   -2.609e+08   4.263e+07   0
13.7   0.5784   0.2468   -0.04082   0   -2.613e+08   4.269e+07   0
13.8   0.5829   0.2206   -0.03655   0   -2.616e+08   4.274e+07   0
13.9   0.5865   0.1945   -0.03227   0   -2.618e+08   4.278e+07   0
14   0.5874   0.1683   -0.02799   0   -2.619e+08   4.28e+07   0
14.1   0.5874   0.1421   -0.02371   0   -2.619e+08   4.28e+07   0
14.2   0.5874   0.1159   -0.01943   0   -2.619e+08   4.28e+07   0
14.3   0.5874   0.0897   -0.01515   0   -2.619e+08   4.28e+07   0
14.4   0.5874   0.06351   -0.01087   0   -2.619e+08   4.28e+07   0
14.5   0.5874   0.03732   -0.006595   0   -2.619e+08   4.28e+07   0
14.6   0.5874   0.01113   -0.002315   0   -2.619e+08   4.28e+07   0
14.7   0.5874   -0.01506   0.001965   0   -2.619e+08   4.28e+07   0
14.8   0.5874   -0.04125   0.006244   0   -2.619e+08   4.28e+07   0
14.9   0.5874   -0.06744   0.01052   0   -2.619e+08   4.28e+07   0
15   0.5874   -0.09363   0.0148   0   -2.619e+08   4.28e+07   0
15.1   0.5874   -0.1198   0.01908   0   -2.619e+08   4.28e+07   0
15.2   0.5874   -0.146   0.02336   0   -2.619e+08   4.28e+07   0
15.3   0.5874   -0.1722   0.02764   0   -2.619e+08   4.28e+07   0
15.4   0.5963   -0.1984   0.03192   0   -2.625e+08   4.288e+07   0
15.5   0.6143   -0.2247   0.03622   0   -2.636e+08   4.305e+07   0
15.6   0.6311   -0.2511   0.04053   0   -2.646e+08   4.321e+07   0
15.7   0.6469   -0.2776   0.04486   0   -2.655e+08   4.335e+07   0
15.8   0.6618   -0.3042   0.0492   0   -2.663e+08   4.347e+07   0
15.9   0.676   -0.3309   0.05356   0   -2.671e+08   4.359e+07   0
16   0.6893   -0.3576   0.05792   0   -2.677e+08   4.369e+07   0
16.1   0.702   -0.3844   0.06229   0   -2.683e+08   4.379e+07   0
16.2   0.714   -0.4113   0.06668   0   -2.689e+08   4.388e+07   0
16.3   0.7254   -0.4382   0.07107   0   -2.694e+08   4.396e+07   0
16.4   0.7362   -0.4652   0.07547   0   -2.699e+08   4.403e+07   0
16.5   0.7464   -0.4922   0.07988   0   -2.703e+08   4.41e+07   0
16.6   0.7561   -0.5193   0.08429   0   -2.708e+08   4.417e+07   0
16.7   0.7651   -0.5464   0.08871   0   -2.711e+08   4.423e+07   0
16.8   0.7737   -0.5735   0.09314   0   -2.715e+08   4.428e+07   0
16.9   0.7817   -0.6006   0.09757   0   -2.718e+08   4.433e+07   0
17   0.7891   -0.6278   0.102   0   -2.721e+08   4.438e+07   0
17.1   0.7961   -0.6551   0.1064   0   -2.723e+08   4.442e+07   0
17.2   0.8026   -0.6823   0.1109   0   -2.726e+08   4.446e+07   0
17.3   0.8085   -0.7096   0.1153   0   -2.728e+08   4.449e+07   0
17.4   0.814   -0.7369   0.1198   0   -2.73e+08   4.452e+07   0
17.5   0.8153   -0.7642   0.1242   0   -2.73e+08   4.453e+07   0
17.6   0.8153   -0.7915   0.1287   0   -2.73e+08   4.453e+07   0
17.7   0.8153   -0.8188   0.1331   0   -2.73e+08   4.453e+07   0
17.8   0.8153   -0.8461   0.1376   0   -2.73e+08   4.453e+07   0
17.9   0.8153   -0.8734   0.142   0   -2.73e+08   4.453e+07   0
18   0.8153   -0.9007   0.1465   0   -2.73e+08   4.453e+07   0
18.1   0.8153   -0.928   0.151   0   -2.73e+08   4.453e+07   0
18.2   0.8153   -0.9553   0.1554   0   -2.73e+08   4.453e+07   0
18.3   0.8153   -0.9826   0.1599   0   -2.73e+08   4.453e+07   0
18.4   0.8153   -1.01   0.1643   0   -2.73e+08   4.453e+07   0
18.5   0.8153   -1.037   0.1688   0   -2.73e+08   4.453e+07   0
18.6   0.8153   -1.065   0.1732   0   -2.73e+08   4.453e+07   0
18.7   0.8153   -1.092   0.1777   0   -2.73e+08   4.453e+07   0
18.8   0.8153   -1.119   0.1821   0   -2.73e+08   4.453e+07   0
18.9   0.8163   -1.146   0.1872   0   -2.669e+08   7.309e+07   0
19   0.819   -1.172   0.1979   0   -2.386e+08   1.402e+08   0
19.1   0.8217   -1.193   0.2149   0   -1.94e+08   1.975e+08   0
19.2   0.8243   -1.21   0.237   0   -1.361e+08   2.412e+08   0
19.3   0.827   -1.22   0.2627   0   -6.891e+07   2.684e+08   0
19.4   0.8297   -1.224   0.2901   0   2.866e+06   2.771e+08   0
19.5   0.8324   -1.22   0.3175   0   7.436e+07   2.671e+08   0
19.6   0.8351   -1.209   0.3429   0   1.407e+08   2.39e+08   0
19.7   0.8378   -1.192   0.3647   0   1.975e+08   1.948e+08   0
19.8   0.8406   -1.17   0.3814   0   2.41e+08   1.376e+08   0
19.9   0.8433   -1.144   0.3919   0   2.683e+08   7.132e+07   0
20   0.846   -1.117   0.3954   0   2.777e+08   3.468e+05   0
20.1   0.8488   -1.089   0.3919   0   2.687e+08   -7.056e+07   0
20.2   0.8497   -1.063   0.3829   0   2.618e+08   -9.314e+07   0
20.3   0.8497   -1.037   0.3736   0   2.618e+08   -9.314e+07   0
20.4   0.8497   -1.01   0.3643   0   2.618e+08   -9.314e+07   0
20.5   0.8497   -0.9843   0.355   0   2.618e+08   -9.314e+07   0
20.6   0.8497   -0.9581   0.3457   0   2.618e+08   -9.314e+07   0
20.7   0.8497   -0.932   0.3363   0   2.618e+08   -9.314e+07   0
20.8   0.8497   -0.9058   0.327   0   2.618e+08   -9.314e+07   0
20.9   0.8497   -0.8796   0.3177   0   2.618e+08   -9.314e+07   0
21   0.8497   -0.8534   0.3084   0   2.618e+08   -9.314e+07   0
21.1   0.8497   -0.8273   0.2991   0   2.618e+08   -9.314e+07   0
21.2   0.8497   -0.8011   0.2898   0   2.618e+08   -9.314e+07   0
21.3   0.8497   -0.7749   0.2805   0   2.618e+08   -9.314e+07   0
21.4   0.8497   -0.7487   0.2711   0   2.618e+08   -9.314e+07   0
21.5   0.8497   -0.7225   0.2618   0   2.618e+08   -9.314e+07   0
21.6   0.8525   -0.6964   0.2525   0   2.619e+08   -9.317e+07   0
21.7   0.8588   -0.6702   0.2432   0   2.621e+08   -9.325e+07   0
21.8   0.8652   -0.644   0.2339   0   2.622e+08   -9.333e+07   0
21.9   0.8717   -0.6177   0.2245   0   2.624e+08   -9.341e+07   0
22   0.8781   -0.5915   0.2152   0   2.626e+08   -9.349e+07   0
22.1   0.8846   -0.5652   0.2058   0   2.628e+08   -9.356e+07   0
22.2   0.8909   -0.5389   0.1965   0   2.63e+08   -9.364e+07   0
22.3   0.8972   -0.5126   0.1871   0   2.632e+08   -9.371e+07   0
22.4   0.9033   -0.4863   0.1777   0   2.633e+08   -9.379e+07   0
22.5   0.9092   -0.4599   0.1683   0   2.635e+08   -9.386e+07   0
22.6   0.9149   -0.4336   0.159   0   2.637e+08   -9.392e+07   0
22.7   0.9203   -0.4072   0.1496   0   2.638e+08   -9.398e+07   0
22.8   0.9253   -0.3808   0.1402   0   2.639e+08   -9.404e+07   0
22.9   0.9299   -0.3544   0.1308   0   2.64e+08   -9.41e+07   0
23   0.9339   -0.328   0.1213   0   2.641e+08   -9.414e+07   0
23.1   0.9373   -0.3016   0.1119   0   2.642e+08   -9.418e+07   0
23.2   0.9399   -0.2752   0.1025   0   2.643e+08   -9.422e+07   0
23.3   0.9415   -0.2487   0.09308   0   2.643e+08   -9.424e+07   0
23.4   0.942   -0.2223   0.08366   0   2.643e+08   -9.424e+07   0
23.5   0.941   -0.1959   0.07423   0   2.643e+08   -9.423e+07   0
23.6   0.939   -0.1694   0.06481   0   2.643e+08   -9.42e+07   0
23.7   0.939   -0.143   0.05539   0   2.643e+08   -9.42e+07   0
23.8   0.939   -0.1166   0.04597   0   2.643e+08   -9.42e+07   0
23.9   0.939   -0.09015   0.03655   0   2.643e+08   -9.42e+07   0
24   0.939   -0.06372   0.02713   0   2.643e+08   -9.42e+07   0
24.1   0.939   -0.03729   0.01771   0   2.643e+08   -9.42e+07   0
24.2   0.939   -0.01087   0.00829   0   2.643e+08   -9.42e+07   0
24.3   0.939   0.01556   -0.00113   0   2.643e+08   -9.42e+07   0
24.4   0.939   0.04199   -0.01055   0   2.643e+08   -9.42e+07   0
24.5   0.939   0.06841   -0.01997   0   2.643e+08   -9.42e+07   0
24.6   0.939   0.09484   -0.02939   0   2.643e+08   -9.42e+07   0
24.7   0.939   0.1213   -0.03881   0   2.643e+08   -9.42e+07   0
24.8   0.939   0.1477   -0.04823   0   2.643e+08   -9.42e+07   0
24.9   0.939   0.1741   -0.05765   0   2.643e+08   -9.42e+07   0
25   0.9572   0.2006   -0.06707   0   2.648e+08   -9.429e+07   0
25.1   0.9776   0.2271   -0.07651   0   2.653e+08   -9.439e+07   0
25.2   0.9962   0.2536   -0.08595   0   2.657e+08   -9.448e+07   0
25.3   1.013   0.2802   -0.09541   0   2.661e+08   -9.457e+07   0
25.4   1.029   0.3069   -0.1049   0   2.665e+08   -9.466e+07   0
25.5   1.044   0.3335   -0.1143   0   2.668e+08   -9.474e+07   0
25.6   1.058   0.3602   -0.1238   0   2.671e+08   -9.481e+07   0
25.7   1.071   0.3869   -0.1333   0   2.674e+08   -9.488e+07   0
25.8   1.083   0.4137   -0.1428   0   2.676e+08   -9.494e+07   0
25.9   1.095   0.4405   -0.1523   0   2.679e+08   -9.5e+07   0
26   1.105   0.4673   -0.1618   0   2.681e+08   -9.506e+07   0
26.1   1.115   0.4941   -0.1713   0   2.682e+08   -9.511e+07   0
26.2   1.124   0.5209   -0.1808   0   2.684e+08   -9.515e+07   0
26.3   1.133   0.5478   -0.1903   0   2.686e+08   -9.52e+07   0
26.4   1.141   0.5746   -0.1999   0   2.687e+08   -9.524e+07   0
26.5   1.148   0.6015   -0.2094   0   2.688e+08   -9.527e+07   0
26.6   1.155   0.6284   -0.2189   0   2.689e+08   -9.531e+07   0
26.7   1.161   0.6553   -0.2284   0   2.691e+08   -9.534e+07   0
26.8   1.166   0.6822   -0.238   0   2.691e+08   -9.536e+07   0
26.9   1.171   0.7091   -0.2475   0   2.692e+08   -9.539e+07   0
27   1.172   0.736   -0.257   0   2.692e+08   -9.539e+07   0
27.1   1.172   0.763   -0.2666   0   2.692e+08   -9.539e+07   0
27.2   1.172   0.7899   -0.2761   0   2.692e+08   -9.539e+07   0
27.3   1.172   0.8168   -0.2857   0   2.692e+08   -9.539e+07   0
27.4   1.172   0.8437   -0.2952   0   2.692e+08   -9.539e+07   0
27.5   1.172   0.8707   -0.3047   0   2.692e+08   -9.539e+07   0
27.6   1.172   0.8976   -0.3143   0   2.692e+08   -9.539e+07   0
27.7   1.172   0.9245   -0.3238   0   2.692e+08   -9.539e+07   0
27.8   1.172   0.9514   -0.3334   0   2.692e+08   -9.539e+07   0
27.9   1.172   0.9784   -0.3429   0   2.692e+08   -9.539e+07   0
28   1.172   1.005   -0.3524   0   2.692e+08   -9.539e+07   0
28.1   1.172   1.032   -0.362   0   2.692e+08   -9.539e+07   0
28.2   1.172   1.059   -0.3715   0   2.692e+08   -9.539e+07   0
28.3   1.172   1.086   -0.3811   0   2.692e+08   -9.539e+07   0
28.4   1.177   1.112   -0.3926   0   2.435e+08   -1.495e+08   0
28.5   1.184   1.134   -0.4109   0   1.913e+08   -2.124e+08   0
28.6   1.191   1.15   -0.4346   0   1.237e+08   -2.578e+08   0
28.7   1.198   1.158   -0.4618   0   4.63e+07   -2.823e+08   0
28.8   1.205   1.159   -0.4903   0   -3.452e+07   -2.841e+08   0
28.9   1.212   1.151   -0.5178   0   -1.123e+08   -2.633e+08   0
29   1.219   1.137   -0.5422   0   -1.811e+08   -2.219e+08   0
29.1   1.226   1.116   -0.5616   0   -2.354e+08   -1.633e+08   0
29.2   1.233   1.09   -0.5744   0   -2.714e+08   -9.222e+07   0
29.3   1.24   1.062   -0.5797   0   -2.864e+08   -1.429e+07   0
29.4   1.248   1.034   -0.5772   0   -2.795e+08   6.448e+07   0
29.5   1.255   1.007   -0.5669   0   -2.527e+08   1.36e+08   0
29.6   1.255   0.9816   -0.5533   0   -2.527e+08   1.36e+08   0
29.7   1.255   0.9563   -0.5397   0   -2.527e+08   1.36e+08   0
29.8   1.255   0.931   -0.5261   0   -2.527e+08   1.36e+08   0
29.9   1.255   0.9058   -0.5125   0   -2.527e+08   1.36e+08   0
30   1.255   0.8805   -0.4989   0   -2.527e+08   1.36e+08   0
30.1   1.255   0.8552   -0.4853   0   -2.527e+08   1.36e+08   0
30.2   1.255   0.83   -0.4717   0   -2.527e+08   1.36e+08   0
30.3   1.255   0.8047   -0.4581   0   -2.527e+08   1.36e+08   0
30.4   1.255   0.7794   -0.4445   0   -2.527e+08   1.36e+08   0
30.5   1.255   0.7542   -0.4309   0   -2.527e+08   1.36e+08   0
30.6   1.255   0.7289   -0.4173   0   -2.527e+08   1.36e+08   0
30.7   1.255   0.7036   -0.4037   0   -2.527e+08   1.36e+08   0
30.8   1.255   0.6784   -0.3901   0   -2.527e+08   1.36e+08   0
30.9   1.255   0.6531   -0.3765   0   -2.527e+08   1.36e+08   0
31   1.261   0.6278   -0.3629   0   -2.527e+08   1.361e+08   0
31.1   1.267   0.6025   -0.3493   0   -2.528e+08   1.362e+08   0
31.2   1.274   0.5773   -0.3356   0   -2.529e+08   1.363e+08   0
31.3   1.28   0.552   -0.322   0   -2.529e+08   1.363e+08   0
31.4   1.287   0.5267   -0.3084   0   -2.53e+08   1.364e+08   0
31.5   1.293   0.5014   -0.2947   0   -2.531e+08   1.365e+08   0
31.6   1.3   0.4761   -0.2811   0   -2.531e+08   1.366e+08   0
31.7   1.306   0.4507   -0.2674   0   -2.532e+08   1.367e+08   0
31.8   1.312   0.4254   -0.2537   0   -2.532e+08   1.367e+08   0
31.9   1.318   0.4001   -0.2401   0   -2.533e+08   1.368e+08   0
32   1.323   0.3748   -0.2264   0   -2.533e+08   1.369e+08   0
32.1   1.328   0.3494   -0.2127   0   -2.533e+08   1.369e+08   0
32.2   1.333   0.3241   -0.199   0   -2.534e+08   1.37e+08   0
32.3   1.337   0.2988   -0.1853   0   -2.534e+08   1.371e+08   0
32.4   1.341   0.2734   -0.1716   0   -2.534e+08   1.371e+08   0
32.5   1.343   0.2481   -0.1579   0   -2.534e+08   1.372e+08   0
32.6   1.345   0.2227   -0.1441   0   -2.535e+08   1.372e+08   0
32.7   1.346   0.1974   -0.1304   0   -2.535e+08   1.372e+08   0
32.8   1.345   0.172   -0.1167   0   -2.535e+08   1.372e+08   0
32.9   1.343   0.1467   -0.103   0   -2.534e+08   1.372e+08   0
33   1.343   0.1214   -0.08928   0   -2.534e+08   1.372e+08   0
33.1   1.343   0.09601   -0.07556   0   -2.534e+08   1.372e+08   0
33.2   1.343   0.07066   -0.06185   0   -2.534e+08   1.372e+08   0
33.3   1.343   0.04532   -0.04813   0   -2.534e+08   1.372e+08   0
33.4   1.343   0.01997   -0.03442   0   -2.534e+08   1.372e+08   0
33.5   1.343   -0.005371   -0.0207   0   -2.534e+08   1.372e+08   0
33.6   1.343   -0.03072   -0.006986   0   -2.534e+08   1.372e+08   0
33.7   1.343   -0.05606   0.006729   0   -2.534e+08   1.372e+08   0
33.8   1.343   -0.08141   0.02044   0   -2.534e+08   1.372e+08   0
33.9   1.343   -0.1068   0.03416   0   -2.534e+08   1.372e+08   0
34   1.343   -0.1321   0.04787   0   -2.534e+08   1.372e+08   0
34.1   1.343   -0.1574   0.06159   0   -2.534e+08   1.372e+08   0
34.2   1.35   -0.1828   0.0753   0   -2.536e+08   1.371e+08   0
34.3   1.371   -0.2082   0.089   0   -2.54e+08   1.369e+08   0
34.4   1.391   -0.2336   0.1027   0   -2.543e+08   1.368e+08   0
34.5   1.409   -0.259   0.1164   0   -2.546e+08   1.367e+08   0
34.6   1.425   -0.2845   0.13   0   -2.549e+08   1.366e+08   0
34.7   1.441   -0.31   0.1437   0   -2.551e+08   1.366e+08   0
34.8   1.455   -0.3355   0.1573   0   -2.553e+08   1.365e+08   0
34.9   1.469   -0.3611   0.171   0   -2.555e+08   1.365e+08   0
35   1.482   -0.3866   0.1846   0   -2.556e+08   1.365e+08   0
35.1   1.493   -0.4122   0.1983   0   -2.558e+08   1.365e+08   0
35.2   1.504   -0.4378   0.2119   0   -2.559e+08   1.364e+08   0
35.3   1.515   -0.4634   0.2256   0   -2.56e+08   1.364e+08   0
35.4   1.524   -0.489   0.2392   0   -2.561e+08   1.364e+08   0
35.5   1.533   -0.5146   0.2529   0   -2.562e+08   1.364e+08   0
35.6   1.542   -0.5402   0.2665   0   -2.563e+08   1.364e+08   0
35.7   1.549   -0.5658   0.2801   0   -2.564e+08   1.364e+08   0
35.8   1.557   -0.5915   0.2938   0   -2.565e+08   1.364e+08   0
35.9   1.563   -0.6171   0.3074   0   -2.565e+08   1.365e+08   0
36   1.569   -0.6428   0.3211   0   -2.566e+08   1.365e+08   0
36.1   1.575   -0.6684   0.3347   0   -2.566e+08   1.365e+08   0
36.2   1.576   -0.6941   0.3484   0   -2.566e+08   1.365e+08   0
36.3   1.576   -0.7198   0.362   0   -2.566e+08   1.365e+08   0
36.4   1.576   -0.7454   0.3757   0   -2.566e+08   1.365e+08   0
36.5   1.576   -0.7711   0.3893   0   -2.566e+08   1.365e+08   0
36.6   1.576   -0.7968   0.403   0   -2.566e+08   1.365e+08   0
36.7   1.576   -0.8224   0.4166   0   -2.566e+08   1.365e+08   0
36.8   1.576   -0.8481   0.4302   0   -2.566e+08   1.365e+08   0
36.9   1.576   -0.8738   0.4439   0   -2.566e+08   1.365e+08   0
37   1.576   -0.8994   0.4575   0   -2.566e+08   1.365e+08   0
37.1   1.576   -0.9251   0.4712   0   -2.566e+08   1.365e+08   0
37.2   1.576   -0.9507   0.4848   0   -2.566e+08   1.365e+08   0
37.3   1.576   -0.9764   0.4985   0   -2.566e+08   1.365e+08   0
37.4   1.576   -1.002   0.5121   0   -2.566e+08   1.365e+08   0
37.5   1.576   -1.028   0.5258   0   -2.566e+08   1.365e+08   0
37.6   1.576   -1.053   0.5394   0   -2.566e+08   1.365e+08   0
37.7   1.576   -1.079   0.5531   0   -2.566e+08   1.365e+08   0
37.8   1.576   -1.105   0.5667   0   -2.566e+08   1.365e+08   0
37.9   1.576   -1.13   0.5804   0   -2.566e+08   1.365e+08   0
38   1.576   -1.156   0.594   0   -2.566e+08   1.365e+08   0
38.1   1.576   -1.182   0.6077   0   -2.566e+08   1.365e+08   0
38.2   1.576   -1.207   0.6213   0   -2.566e+08   1.365e+08   0
38.3   1.576   -1.233   0.6349   0   -2.566e+08   1.365e+08   0
38.4   1.576   -1.259   0.6486   0   -2.566e+08   1.365e+08   0
38.5   1.576   -1.284   0.6622   0   -2.566e+08   1.365e+08   0
38.6   1.576   -1.31   0.6759   0   -2.566e+08   1.365e+08   0
38.7   1.576   -1.336   0.6895   0   -2.566e+08   1.365e+08   0
38.8   1.576   -1.361   0.7032   0   -2.566e+08   1.365e+08   0
38.9   1.576   -1.387   0.7168   0   -2.566e+08   1.365e+08   0
39   1.576   -1.413   0.7305   0   -2.566e+08   1.365e+08   0
39.1   1.576   -1.438   0.7441   0   -2.566e+08   1.365e+08   0
39.2   1.576   -1.464   0.7578   0   -2.566e+08   1.365e+08   0
39.3   1.576   -1.49   0.7714   0   -2.566e+08   1.365e+08   0
39.4   1.576   -1.515   0.7851   0   -2.566e+08   1.365e+08   0
39.5   1.576   -1.541   0.7987   0   -2.566e+08   1.365e+08   0
39.6   1.576   -1.567   0.8123   0   -2.566e+08   1.365e+08   0
39.7   1.576   -1.592   0.826   0   -2.566e+08   1.365e+08   0
39.8   1.576   -1.618   0.8396   0   -2.566e+08   1.365e+08   0
39.9   1.576   -1.644   0.8533   0   -2.566e+08   1.365e+08   0
40   1.576   -1.669   0.8669   0   -2.566e+08   1.365e+08   0
40.1   1.576   -1.695   0.8806   0   -2.566e+08   1.365e+08   0
40.2   1.576   -1.721   0.8942   0   -2.566e+08   1.365e+08   0
40.3   1.576   -1.746   0.9079   0   -2.566e+08   1.365e+08   0
40.4   1.576   -1.772   0.9215   0   -2.566e+08   1.365e+08   0
40.5   1.576   -1.798   0.9352   0   -2.566e+08   1.365e+08   0
40.6   1.576   -1.823   0.9488   0   -2.566e+08   1.365e+08   0
40.7   1.576   -1.849   0.9625   0   -2.566e+08   1.365e+08   0
40.8   1.576   -1.875   0.9761   0   -2.566e+08   1.365e+08   0
40.9   1.576   -1.9   0.9898   0   -2.566e+08   1.365e+08   0
41   1.576   -1.926   1.003   0   -2.566e+08   1.365e+08   0
41.1   1.576   -1.952   1.017   0   -2.566e+08   1.365e+08   0
41.2   1.576   -1.977   1.031   0   -2.566e+08   1.365e+08   0
41.3   1.576   -2.003   1.044   0   -2.566e+08   1.365e+08   0
41.4   1.576   -2.029   1.058   0   -2.566e+08   1.365e+08   0
41.5   1.576   -2.054   1.072   0   -2.566e+08   1.365e+08   0
41.6   1.576   -2.08   1.085   0   -2.566e+08   1.365e+08   0
41.7   1.576   -2.106   1.099   0   -2.566e+08   1.365e+08   0
41.8   1.576   -2.131   1.113   0   -2.566e+08   1.365e+08   0
41.9   1.576   -2.157   1.126   0   -2.566e+08   1.365e+08   0
42   1.576   -2.183   1.14   0   -2.566e+08   1.365e+08   0
42.1   1.576   -2.208   1.154   0   -2.566e+08   1.365e+08   0
42.2   1.576   -2.234   1.167   0   -2.566e+08   1.365e+08   0
42.3   1.576   -2.26   1.181   0   -2.566e+08   1.365e+08   0
42.4   1.576   -2.285   1.194   0   -2.566e+08   1.365e+08   0
42.5   1.576   -2.311   1.208   0   -2.566e+08   1.365e+08   0
42.6   1.576   -2.337   1.222   0   -2.566e+08   1.365e+08   0
42.7   1.576   -2.362   1.235   0   -2.566e+08   1.365e+08   0
42.8   1.576   -2.388   1.249   0   -2.566e+08   1.365e+08   0
42.9   1.576   -2.414   1.263   0   -2.566e+08   1.365e+08   0
43   1.576   -2.439   1.276   0   -2.566e+08   1.365e+08   0
43.1   1.576   -2.465   1.29   0   -2.566e+08   1.365e+08   0
43.2   1.576   -2.491   1.304   0   -2.566e+08   1.365e+08   0
43.3   1.576   -2.516   1.317   0   -2.566e+08   1.365e+08   0
43.4   1.576   -2.542   1.331   0   -2.566e+08   1.365e+08   0
43.5   1.576   -2.568   1.345   0   -2.566e+08   1.365e+08   0
43.6   1.576   -2.593   1.358   0   -2.566e+08   1.365e+08   0
43.7   1.576   -2.619   1.372   0   -2.566e+08   1.365e+08   0
43.8   1.576   -2.645   1.385   0   -2.566e+08   1.365e+08   0
43.9   1.576   -2.67   1.399   0   -2.566e+08   1.365e+08   0
44   1.576   -2.696   1.413   0   -2.566e+08   1.365e+08   0
44.1   1.576   -2.722   1.426   0   -2.566e+08   1.365e+08   0
44.2   1.576   -2.747   1.44   0   -2.566e+08   1.365e+08   0
44.3   1.576   -2.773   1.454   0   -2.566e+08   1.365e+08   0
44.4   1.576   -2.799   1.467   0   -2.566e+08   1.365e+08   0
44.5   1.576   -2.824   1.481   0   -2.566e+08   1.365e+08   0
44.6   1.576   -2.85   1.495   0   -2.566e+08   1.365e+08   0
44.7   1.576   -2.876   1.508   0   -2.566e+08   1.365e+08   0
44.8   1.576   -2.901   1.522   0   -2.566e+08   1.365e+08   0
44.9   1.576   -2.927   1.536   0   -2.566e+08   1.365e+08   0
45   1.576   -2.953   1.549   0   -2.566e+08   1.365e+08   0
