0   0.04   -0.753   0   0   1.121e+08   0   0
0.1   0.04   -0.753   0   0   1.121e+08   0   0
0.2   0.04   -0.753   0   0   1.121e+08   0   0
0.3   0.04   -0.753   0   0   1.121e+08   0   0
0.4   0.04   -0.753   0   0   1.121e+08   0   0
0.5   0.04   -0.753   0   0   1.121e+08   0   0
0.6   0.04011   -0.7514   0   0   1.123e+08   0   0
0.7   0.04105   -0.7401   0   0   1.134e+08   0   0
0.8   0.04219   -0.7287   0   0   1.148e+08   0   0
0.9   0.04354   -0.7171   0   0   1.164e+08   0   0
1   0.04511   -0.7054   0   0   1.183e+08   0   0
1.1   0.04691   -0.6935   0   0   1.203e+08   0   0
1.2   0.04894   -0.6813   0   0   1.226e+08   0   0
1.3   0.05121   -0.6689   0   0   1.25e+08   0   0
1.4   0.05374   -0.6563   0   0   1.276e+08   0   0
1.5   0.05653   -0.6434   0   0   1.304e+08   0   0
1.6   0.0596   -0.6302   0   0   1.334e+08   0   0
1.7   0.06294   -0.6167   0   0   1.365e+08   0   0
1.8   0.06658   -0.6029   0   0   1.397e+08   0   0
1.9   0.07052   -0.5888   0   0   1.431e+08   0   0
2   0.07476   -0.5743   0   0   1.465e+08   0   0
2.1   0.07931   -0.5595   0   0   1.501e+08   0   0
2.2   0.08418   -0.5443   0   0   1.537e+08   0   0
2.3   0.08936   -0.5287   0   0   1.574e+08   0   0
2.4   0.09487   -0.5128   0   0   1.611e+08   0   0
2.5   0.1007   -0.4965   0   0   1.648e+08   0   0
2.6   0.1069   -0.4798   0   0   1.685e+08   0   0
2.7   0.1133   -0.4628   0   0   1.722e+08   0   0
2.8   0.1201   -0.4454   0   0   1.759e+08   0   0
2.9   0.1272   -0.4276   0   0   1.796e+08   0   0
3   0.1346   -0.4094   0   0   1.832e+08   0   0
3.1   0.1423   -0.3909   0   0   1.868e+08   0   0
3.2   0.1503   -0.3721   0   0   1.903e+08   0   0
3.3   0.1585   -0.3529   0   0   1.937e+08   0   0
3.4   0.167   -0.3333   0   0   1.97e+08   0   0
3.5   0.1757   -0.3135   0   0   2.003e+08   0   0
3.6   0.1845   -0.2933   0   0   2.034e+08   0   0
3.7   0.1936   -0.2728   0   0   2.064e+08   0   0
3.8   0.2028   -0.252   0   0   2.093e+08   0   0
3.9   0.212   -0.2309   0   0   2.121e+08   0   0
4   0.2213   -0.2096   0   0   2.147e+08   0   0
4.1   0.2305   -0.188   0   0   2.172e+08   0   0
4.2   0.2305   -0.1663   0   0   2.172e+08   0   0
4.3   0.2305   -0.1445   0   0   2.172e+08   0   0
4.4   0.2305   -0.1228   0   0   2.172e+08   0   0
4.5   0.2305   -0.1011   0   0   2.172e+08   0   0
4.6   0.2305   -0.07937   0   0   2.172e+08   0   0
4.7   0.2305   -0.05765   0   0   2.172e+08   0   0
4.8   0.2305   -0.03592   0   0   2.172e+08   0   0
4.9   0.2305   -0.0142   0   0   2.172e+08   0   0
5   0.2305   0.007527   0   0   2.172e+08   0   0
5.1   0.2305   0.02925   0   0   2.172e+08   0   0
5.2   0.2305   0.05098   0   0   2.172e+08   0   0
5.3   0.2305   0.0727   0   0   2.172e+08   0   0
5.4   0.2305   0.09443   0   0   2.172e+08   0   0
5.5   0.2305   0.1162   0   0   2.172e+08   0   0
5.6   0.2305   0.1379   0   0   2.172e+08   0   0
5.7   0.2305   0.1596   0   0   2.172e+08   0   0
5.8   0.2305   0.1813   0   0   2.172e+08   0   0
5.9   0.2397   0.2031   0   0   2.196e+08   0   0
6   0.253   0.2253   0   0   2.229e+08   0   0
6.1   0.266   0.2477   0   0   2.258e+08   0   0
6.2   0.2786   0.2704   0   0   2.286e+08   0   0
6.3   0.291   0.2934   0   0   2.311e+08   0   0
6.4   0.303   0.3166   0   0   2.334e+08   0   0
6.5   0.3147   0.3401   0   0   2.355e+08   0   0
6.6   0.326   0.3637   0   0   2.374e+08   0   0
6.7   0.3369   0.3876   0   0   2.392e+08   0   0
6.8   0.3474   0.4116   0   0   2.409e+08   0   0
6.9   0.3576   0.4357   0   0   2.424e+08   0   0
7   0.3674   0.46   0   0   2.438e+08   0   0
7.1   0.3767   0.4845   0   0   2.451e+08   0   0
7.2   0.3856   0.5091   0   0   2.463e+08   0   0
7.3   0.3942   0.5338   0   0   2.475e+08   0   0
7.4   0.4023   0.5586   0   0   2.485e+08   0   0
7.5   0.4099   0.5835   0   0   2.494e+08   0   0
7.6   0.4172   0.6084   0   0   2.503e+08   0   0
7.7   0.424   0.6335   0   0   2.511e+08   0   0
7.8   0.4304   0.6587   0   0   2.518e+08   0   0
7.9   0.4363   0.6839   0   0   2.524e+08   0   0
8   0.4418   0.7091   0   0   2.53e+08   0   0
8.1   0.4469   0.7345   0   0   2.536e+08   0   0
8.2   0.4504   0.7598   0   0   2.539e+08   0   0
8.3   0.4504   0.7852   0   0   2.539e+08   0   0
8.4   0.4504   0.8106   0   0   2.539e+08   0   0
8.5   0.4504   0.836   0   0   2.539e+08   0   0
8.6   0.4504   0.8614   0   0   2.539e+08   0   0
8.7   0.4504   0.8868   0   0   2.539e+08   0   0
8.8   0.4504   0.9122   0   0   2.539e+08   0   0
8.9   0.4504   0.9376   0   0   2.539e+08   0   0
9   0.4504   0.963   0   0   2.539e+08   0   0
9.1   0.4504   0.9884   0   0   2.539e+08   0   0
9.2   0.4504   1.014   0   0   2.539e+08   0   0
9.3   0.4504   1.039   0   0   2.539e+08   0   0
9.4   0.4504   1.065   0   0   2.539e+08   0   0
9.5   0.4504   1.09   0   0   2.539e+08   0   0
9.6   0.4507   1.115   -0.0003732   0   2.53e+08   -2.26e+07   0
9.7   0.4516   1.14   -0.006138   0   2.371e+08   -9.127e+07   0
9.8   0.4526   1.162   -0.01846   0   2.03e+08   -1.529e+08   0
9.9   0.4535   1.18   -0.03638   0   1.534e+08   -2.028e+08   0
10   0.4545   1.192   -0.05854   0   9.199e+07   -2.371e+08   0
10.1   0.4555   1.198   -0.08323   0   2.358e+07   -2.534e+08   0
10.2   0.4564   1.197   -0.1086   0   -4.662e+07   -2.503e+08   0
10.3   0.4574   1.189   -0.1326   0   -1.132e+08   -2.281e+08   0
10.4   0.4583   1.175   -0.1536   0   -1.713e+08   -1.886e+08   0
10.5   0.4593   1.155   -0.1698   0   -2.163e+08   -1.348e+08   0
10.6   0.4603   1.132   -0.1801   0   -2.449e+08   -7.084e+07   0
10.7   0.4612   1.107   -0.1838   0   -2.55e+08   -1.521e+06   0
10.8   0.4618   1.081   -0.1809   0   -2.518e+08   4.115e+07   0
10.9   0.4618   1.056   -0.1768   0   -2.518e+08   4.115e+07   0
11   0.4618   1.031   -0.1727   0   -2.518e+08   4.115e+07   0
11.1   0.4618   1.006   -0.1686   0   -2.518e+08   4.115e+07   0
11.2   0.4618   0.9806   -0.1645   0   -2.518e+08   4.115e+07   0
11.3   0.4618   0.9554   -0.1603   0   -2.518e+08   4.115e+07   0
11.4   0.4618   0.9303   -0.1562   0   -2.518e+08   4.115e+07   0
11.5   0.4618   0.9051   -0.1521   0   -2.518e+08   4.115e+07   0
11.6   0.4618   0.8799   -0.148   0   -2.518e+08   4.115e+07   0
11.7   0.4618   0.8547   -0.1439   0   -2.518e+08   4.115e+07   0
11.8   0.4618   0.8296   -0.1398   0   -2.518e+08   4.115e+07   0
11.9   0.4618   0.8044   -0.1356   0   -2.518e+08   4.115e+07   0
12   0.4618   0.7792   -0.1315   0   -2.518e+08   4.115e+07   0
12.1   0.4618   0.754   -0.1274   0   -2.518e+08   4.115e+07   0
12.2   0.465   0.7288   -0.1233   0   -2.521e+08   4.12e+07   0
12.3   0.471   0.7036   -0.1192   0   -2.526e+08   4.131e+07   0
12.4   0.4771   0.6783   -0.115   0   -2.532e+08   4.142e+07   0
12.5   0.4832   0.653   -0.1109   0   -2.538e+08   4.152e+07   0
12.6   0.4894   0.6275   -0.1067   0   -2.543e+08   4.163e+07   0
12.7   0.4955   0.6021   -0.1026   0   -2.549e+08   4.173e+07   0
12.8   0.5016   0.5766   -0.09839   0   -2.554e+08   4.183e+07   0
12.9   0.5077   0.551   -0.0942   0   -2.559e+08   4.193e+07   0
13   0.5136   0.5254   -0.09   0   -2.564e+08   4.203e+07   0
13.1   0.5194   0.4997   -0.0858   0   -2.569e+08   4.212e+07   0
13.2   0.5251   0.474   -0.08158   0   -2.574e+08   4.221e+07   0
13.3   0.5304   0.4482   -0.07736   0   -2.578e+08   4.229e+07   0
13.4   0.5355   0.4224   -0.07312   0   -2.582e+08   4.237e+07   0
13.5   0.5402   0.3966   -0.06888   0   -2.585e+08   4.244e+07   0
13.6   0.5445   0.3707   -0.06463   0   -2.589e+08   4.251e+07   0
13.7   0.5483   0.3448   -0.06038   0   -2.591e+08   4.257e+07   0
13.8   0.5514   0.3189   -0.05612   0   -2.594e+08   4.262e+07   0
13.9   0.5538   0.293   -0.05186   0   -2.595e+08   4.265e+07   0
14   0.5553   0.267   -0.04759   0   -2.596e+08   4.268e+07   0
14.1   0.5557   0.241   -0.04332   0   -2.597e+08   4.268e+07   0
14.2   0.5548   0.2151   -0.03905   0   -2.596e+08   4.267e+07   0
14.3   0.5521   0.1891   -0.03479   0   -2.594e+08   4.262e+07   0
14.4   0.5515   0.1632   -0.03053   0   -2.594e+08   4.261e+07   0
14.5   0.5515   0.1373   -0.02627   0   -2.594e+08   4.261e+07   0
14.6   0.5515   0.1113   -0.02201   0   -2.594e+08   4.261e+07   0
14.7   0.5515   0.08539   -0.01774   0   -2.594e+08   4.261e+07   0
14.8   0.5515   0.05945   -0.01348   0   -2.594e+08   4.261e+07   0
14.9   0.5515   0.03351   -0.009223   0   -2.594e+08   4.261e+07   0
15   0.5515   0.007574   -0.004961   0   -2.594e+08   4.261e+07   0
15.1   0.5515   -0.01836   -0.0007003   0   -2.594e+08   4.261e+07   0
15.2   0.5515   -0.0443   0.003561   0   -2.594e+08   4.261e+07   0
15.3   0.5515   -0.07024   0.007822   0   -2.594e+08   4.261e+07   0
15.4   0.5515   -0.09617   0.01208   0   -2.594e+08   4.261e+07   0
15.5   0.5515   -0.1221   0.01634   0   -2.594e+08   4.261e+07   0
15.6   0.5515   -0.148   0.02061   0   -2.594e+08   4.261e+07   0
15.7   0.5515   -0.174   0.02487   0   -2.594e+08   4.261e+07   0
15.8   0.5631   -0.1999   0.02913   0   -2.602e+08   4.268e+07   0
15.9   0.5837   -0.226   0.0334   0   -2.617e+08   4.281e+07   0
16   0.6027   -0.2523   0.03769   0   -2.629e+08   4.292e+07   0
16.1   0.6201   -0.2786   0.04199   0   -2.64e+08   4.303e+07   0
16.2   0.6363   -0.3051   0.0463   0   -2.649e+08   4.313e+07   0
16.3   0.6513   -0.3316   0.05061   0   -2.658e+08   4.323e+07   0
16.4   0.6653   -0.3582   0.05494   0   -2.665e+08   4.331e+07   0
16.5   0.6783   -0.3849   0.05928   0   -2.672e+08   4.339e+07   0
16.6   0.6904   -0.4117   0.06362   0   -2.678e+08   4.346e+07   0
16.7   0.7017   -0.4385   0.06797   0   -2.684e+08   4.353e+07   0
16.8   0.7122   -0.4653   0.07232   0   -2.689e+08   4.359e+07   0
16.9   0.7219   -0.4922   0.07669   0   -2.693e+08   4.365e+07   0
17   0.7309   -0.5192   0.08105   0   -2.697e+08   4.37e+07   0
17.1   0.7392   -0.5462   0.08543   0   -2.701e+08   4.374e+07   0
17.2   0.7469   -0.5732   0.0898   0   -2.704e+08   4.379e+07   0
17.3   0.7539   -0.6003   0.09418   0   -2.707e+08   4.383e+07   0
17.4   0.7603   -0.6273   0.09857   0   -2.71e+08   4.386e+07   0
17.5   0.7662   -0.6545   0.103   0   -2.712e+08   4.389e+07   0
17.6   0.7714   -0.6816   0.1073   0   -2.714e+08   4.392e+07   0
17.7   0.7762   -0.7087   0.1117   0   -2.716e+08   4.395e+07   0
17.8   0.7804   -0.7359   0.1161   0   -2.718e+08   4.397e+07   0
17.9   0.7815   -0.7631   0.1205   0   -2.718e+08   4.398e+07   0
18   0.7815   -0.7903   0.1249   0   -2.718e+08   4.398e+07   0
18.1   0.7815   -0.8175   0.1293   0   -2.718e+08   4.398e+07   0
18.2   0.7815   -0.8446   0.1337   0   -2.718e+08   4.398e+07   0
18.3   0.7815   -0.8718   0.1381   0   -2.718e+08   4.398e+07   0
18.4   0.7815   -0.899   0.1425   0   -2.718e+08   4.398e+07   0
18.5   0.7815   -0.9262   0.1469   0   -2.718e+08   4.398e+07   0
18.6   0.7815   -0.9534   0.1513   0   -2.718e+08   4.398e+07   0
18.7   0.7815   -0.9806   0.1557   0   -2.718e+08   4.398e+07   0
18.8   0.7815   -1.008   0.1601   0   -2.718e+08   4.398e+07   0
18.9   0.7815   -1.035   0.1645   0   -2.718e+08   4.398e+07   0
19   0.7815   -1.062   0.1689   0   -2.718e+08   4.398e+07   0
19.1   0.7815   -1.089   0.1733   0   -2.718e+08   4.398e+07   0
19.2   0.7815   -1.116   0.1777   0   -2.718e+08   4.398e+07   0
19.3   0.7822   -1.144   0.1824   0   -2.679e+08   6.375e+07   0
19.4   0.7847   -1.169   0.1923   0   -2.412e+08   1.331e+08   0
19.5   0.7873   -1.191   0.2087   0   -1.97e+08   1.928e+08   0
19.6   0.7899   -1.208   0.2305   0   -1.385e+08   2.384e+08   0
19.7   0.7925   -1.219   0.2559   0   -7.018e+07   2.667e+08   0
19.8   0.7951   -1.222   0.2832   0   3.128e+06   2.759e+08   0
19.9   0.7977   -1.218   0.3104   0   7.612e+07   2.653e+08   0
20   0.8003   -1.207   0.3356   0   1.436e+08   2.358e+08   0
20.1   0.8029   -1.189   0.357   0   2.008e+08   1.896e+08   0
20.2   0.8056   -1.167   0.373   0   2.437e+08   1.301e+08   0
20.3   0.8082   -1.141   0.3826   0   2.695e+08   6.147e+07   0
20.4   0.8108   -1.114   0.3851   0   2.763e+08   -1.138e+07   0
20.5   0.8135   -1.087   0.3803   0   2.637e+08   -8.334e+07   0
20.6   0.8139   -1.061   0.371   0   2.605e+08   -9.305e+07   0
20.7   0.8139   -1.034   0.3617   0   2.605e+08   -9.305e+07   0
20.8   0.8139   -1.008   0.3524   0   2.605e+08   -9.305e+07   0
20.9   0.8139   -0.9824   0.3431   0   2.605e+08   -9.305e+07   0
21   0.8139   -0.9563   0.3338   0   2.605e+08   -9.305e+07   0
21.1   0.8139   -0.9303   0.3245   0   2.605e+08   -9.305e+07   0
21.2   0.8139   -0.9042   0.3152   0   2.605e+08   -9.305e+07   0
21.3   0.8139   -0.8782   0.3059   0   2.605e+08   -9.305e+07   0
21.4   0.8139   -0.8522   0.2966   0   2.605e+08   -9.305e+07   0
21.5   0.8139   -0.8261   0.2873   0   2.605e+08   -9.305e+07   0
21.6   0.8139   -0.8001   0.278   0   2.605e+08   -9.305e+07   0
21.7   0.8139   -0.774   0.2687   0   2.605e+08   -9.305e+07   0
21.8   0.8139   -0.748   0.2594   0   2.605e+08   -9.305e+07   0
21.9   0.8139   -0.7219   0.2501   0   2.605e+08   -9.305e+07   0
22   0.8171   -0.6959   0.2408   0   2.606e+08   -9.309e+07   0
22.1   0.8226   -0.6698   0.2315   0   2.608e+08   -9.314e+07   0
22.2   0.8279   -0.6437   0.2221   0   2.61e+08   -9.319e+07   0
22.3   0.8331   -0.6176   0.2128   0   2.611e+08   -9.324e+07   0
22.4   0.8382   -0.5915   0.2035   0   2.613e+08   -9.328e+07   0
22.5   0.843   -0.5653   0.1942   0   2.615e+08   -9.333e+07   0
22.6   0.8476   -0.5392   0.1848   0   2.616e+08   -9.337e+07   0
22.7   0.8519   -0.513   0.1755   0   2.618e+08   -9.34e+07   0
22.8   0.8559   -0.4868   0.1661   0   2.619e+08   -9.344e+07   0
22.9   0.8594   -0.4606   0.1568   0   2.62e+08   -9.346e+07   0
23   0.8625   -0.4344   0.1475   0   2.621e+08   -9.349e+07   0
23.1   0.865   -0.4082   0.1381   0   2.622e+08   -9.351e+07   0
23.2   0.8669   -0.382   0.1288   0   2.622e+08   -9.352e+07   0
23.3   0.8681   -0.3558   0.1194   0   2.623e+08   -9.353e+07   0
23.4   0.8684   -0.3296   0.11   0   2.623e+08   -9.353e+07   0
23.5   0.8678   -0.3033   0.1007   0   2.623e+08   -9.353e+07   0
23.6   0.8659   -0.2771   0.09134   0   2.622e+08   -9.351e+07   0
23.7   0.8627   -0.2509   0.08199   0   2.621e+08   -9.35e+07   0
23.8   0.8578   -0.2247   0.07264   0   2.619e+08   -9.347e+07   0
23.9   0.8508   -0.1985   0.0633   0   2.617e+08   -9.345e+07   0
24   0.8441   -0.1723   0.05395   0   2.615e+08   -9.343e+07   0
24.1   0.8441   -0.1462   0.04461   0   2.615e+08   -9.343e+07   0
24.2   0.8441   -0.12   0.03527   0   2.615e+08   -9.343e+07   0
24.3   0.8441   -0.0939   0.02593   0   2.615e+08   -9.343e+07   0
24.4   0.8441   -0.06775   0.01658   0   2.615e+08   -9.343e+07   0
24.5   0.8441   -0.04161   0.007242   0   2.615e+08   -9.343e+07   0
24.6   0.8441   -0.01546   -0.002101   0   2.615e+08   -9.343e+07   0
24.7   0.8441   0.01069   -0.01144   0   2.615e+08   -9.343e+07   0
24.8   0.8441   0.03683   -0.02079   0   2.615e+08   -9.343e+07   0
24.9   0.8441   0.06298   -0.03013   0   2.615e+08   -9.343e+07   0
25   0.8441   0.08913   -0.03947   0   2.615e+08   -9.343e+07   0
25.1   0.8441   0.1153   -0.04881   0   2.615e+08   -9.343e+07   0
25.2   0.8441   0.1414   -0.05816   0   2.615e+08   -9.343e+07   0
25.3   0.8441   0.1676   -0.0675   0   2.615e+08   -9.343e+07   0
25.4   0.8618   0.1937   -0.07685   0   2.62e+08   -9.377e+07   0
25.5   0.8842   0.22   -0.08625   0   2.626e+08   -9.416e+07   0
25.6   0.9042   0.2462   -0.09568   0   2.631e+08   -9.449e+07   0
25.7   0.9224   0.2726   -0.1051   0   2.636e+08   -9.476e+07   0
25.8   0.939   0.299   -0.1146   0   2.64e+08   -9.499e+07   0
25.9   0.9541   0.3254   -0.1241   0   2.643e+08   -9.519e+07   0
26   0.9679   0.3518   -0.1337   0   2.647e+08   -9.537e+07   0
26.1   0.9806   0.3783   -0.1432   0   2.65e+08   -9.552e+07   0
26.2   0.9923   0.4048   -0.1528   0   2.652e+08   -9.565e+07   0
26.3   1.003   0.4314   -0.1623   0   2.655e+08   -9.577e+07   0
26.4   1.013   0.4579   -0.1719   0   2.657e+08   -9.587e+07   0
26.5   1.022   0.4845   -0.1815   0   2.658e+08   -9.597e+07   0
26.6   1.03   0.5111   -0.1911   0   2.66e+08   -9.605e+07   0
26.7   1.037   0.5377   -0.2007   0   2.662e+08   -9.612e+07   0
26.8   1.044   0.5643   -0.2103   0   2.663e+08   -9.618e+07   0
26.9   1.05   0.591   -0.22   0   2.664e+08   -9.624e+07   0
27   1.055   0.6176   -0.2296   0   2.665e+08   -9.629e+07   0
27.1   1.06   0.6443   -0.2392   0   2.666e+08   -9.633e+07   0
27.2   1.064   0.6709   -0.2489   0   2.667e+08   -9.637e+07   0
27.3   1.067   0.6976   -0.2585   0   2.668e+08   -9.64e+07   0
27.4   1.068   0.7243   -0.2681   0   2.668e+08   -9.641e+07   0
27.5   1.068   0.751   -0.2778   0   2.668e+08   -9.641e+07   0
27.6   1.068   0.7776   -0.2874   0   2.668e+08   -9.641e+07   0
27.7   1.068   0.8043   -0.2971   0   2.668e+08   -9.641e+07   0
27.8   1.068   0.831   -0.3067   0   2.668e+08   -9.641e+07   0
27.9   1.068   0.8577   -0.3163   0   2.668e+08   -9.641e+07   0
28   1.068   0.8843   -0.326   0   2.668e+08   -9.641e+07   0
28.1   1.068   0.911   -0.3356   0   2.668e+08   -9.641e+07   0
28.2   1.068   0.9377   -0.3453   0   2.668e+08   -9.641e+07   0
28.3   1.068   0.9644   -0.3549   0   2.668e+08   -9.641e+07   0
28.4   1.068   0.9911   -0.3645   0   2.668e+08   -9.641e+07   0
28.5   1.068   1.018   -0.3742   0   2.668e+08   -9.641e+07   0
28.6   1.068   1.044   -0.3838   0   2.668e+08   -9.641e+07   0
28.7   1.068   1.071   -0.3935   0   2.668e+08   -9.641e+07   0
28.8   1.071   1.097   -0.4039   0   2.518e+08   -1.307e+08   0
28.9   1.078   1.12   -0.4206   0   2.008e+08   -2.006e+08   0
29   1.084   1.137   -0.4434   0   1.314e+08   -2.518e+08   0
29.1   1.091   1.146   -0.4702   0   5.012e+07   -2.797e+08   0
29.2   1.097   1.147   -0.4985   0   -3.547e+07   -2.82e+08   0
29.3   1.104   1.139   -0.5258   0   -1.176e+08   -2.589e+08   0
29.4   1.11   1.124   -0.5495   0   -1.889e+08   -2.127e+08   0
29.5   1.117   1.102   -0.5676   0   -2.433e+08   -1.477e+08   0
29.6   1.123   1.076   -0.5785   0   -2.76e+08   -6.994e+07   0
29.7   1.13   1.047   -0.5813   0   -2.846e+08   1.373e+07   0
29.8   1.137   1.019   -0.5758   0   -2.684e+08   9.595e+07   0
29.9   1.14   0.9939   -0.5632   0   -2.511e+08   1.35e+08   0
30   1.14   0.9688   -0.5497   0   -2.511e+08   1.35e+08   0
30.1   1.14   0.9437   -0.5362   0   -2.511e+08   1.35e+08   0
30.2   1.14   0.9186   -0.5227   0   -2.511e+08   1.35e+08   0
30.3   1.14   0.8935   -0.5092   0   -2.511e+08   1.35e+08   0
30.4   1.14   0.8683   -0.4957   0   -2.511e+08   1.35e+08   0
30.5   1.14   0.8432   -0.4822   0   -2.511e+08   1.35e+08   0
30.6   1.14   0.8181   -0.4687   0   -2.511e+08   1.35e+08   0
30.7   1.14   0.793   -0.4552   0   -2.511e+08   1.35e+08   0
30.8   1.14   0.7679   -0.4417   0   -2.511e+08   1.35e+08   0
30.9   1.14   0.7428   -0.4282   0   -2.511e+08   1.35e+08   0
31   1.14   0.7177   -0.4147   0   -2.511e+08   1.35e+08   0
31.1   1.14   0.6926   -0.4012   0   -2.511e+08   1.35e+08   0
31.2   1.14   0.6675   -0.3877   0   -2.511e+08   1.35e+08   0
31.3   1.142   0.6424   -0.3742   0   -2.511e+08   1.351e+08   0
31.4   1.148   0.6173   -0.3607   0   -2.512e+08   1.351e+08   0
31.5   1.153   0.5922   -0.3472   0   -2.512e+08   1.352e+08   0
31.6   1.158   0.567   -0.3336   0   -2.513e+08   1.353e+08   0
31.7   1.163   0.5419   -0.3201   0   -2.514e+08   1.354e+08   0
31.8   1.168   0.5168   -0.3066   0   -2.514e+08   1.354e+08   0
31.9   1.173   0.4916   -0.293   0   -2.515e+08   1.355e+08   0
32   1.178   0.4665   -0.2795   0   -2.515e+08   1.356e+08   0
32.1   1.182   0.4413   -0.2659   0   -2.516e+08   1.356e+08   0
32.2   1.185   0.4161   -0.2523   0   -2.516e+08   1.357e+08   0
32.3   1.188   0.391   -0.2388   0   -2.516e+08   1.358e+08   0
32.4   1.191   0.3658   -0.2252   0   -2.517e+08   1.358e+08   0
32.5   1.193   0.3407   -0.2116   0   -2.517e+08   1.358e+08   0
32.6   1.194   0.3155   -0.198   0   -2.517e+08   1.359e+08   0
32.7   1.195   0.2903   -0.1844   0   -2.517e+08   1.359e+08   0
32.8   1.194   0.2651   -0.1708   0   -2.517e+08   1.358e+08   0
32.9   1.192   0.24   -0.1573   0   -2.517e+08   1.358e+08   0
33   1.189   0.2148   -0.1437   0   -2.517e+08   1.357e+08   0
33.1   1.184   0.1896   -0.1301   0   -2.516e+08   1.356e+08   0
33.2   1.176   0.1645   -0.1166   0   -2.516e+08   1.354e+08   0
33.3   1.172   0.1393   -0.103   0   -2.516e+08   1.353e+08   0
33.4   1.172   0.1142   -0.08951   0   -2.516e+08   1.353e+08   0
33.5   1.172   0.08901   -0.07598   0   -2.516e+08   1.353e+08   0
33.6   1.172   0.06385   -0.06245   0   -2.516e+08   1.353e+08   0
33.7   1.172   0.0387   -0.04893   0   -2.516e+08   1.353e+08   0
33.8   1.172   0.01354   -0.0354   0   -2.516e+08   1.353e+08   0
33.9   1.172   -0.01162   -0.02187   0   -2.516e+08   1.353e+08   0
34   1.172   -0.03678   -0.008341   0   -2.516e+08   1.353e+08   0
34.1   1.172   -0.06193   0.005187   0   -2.516e+08   1.353e+08   0
34.2   1.172   -0.08709   0.01871   0   -2.516e+08   1.353e+08   0
34.3   1.172   -0.1122   0.03224   0   -2.516e+08   1.353e+08   0
34.4   1.172   -0.1374   0.04577   0   -2.516e+08   1.353e+08   0
34.5   1.172   -0.1626   0.0593   0   -2.516e+08   1.353e+08   0
34.6   1.183   -0.1877   0.07282   0   -2.519e+08   1.351e+08   0
34.7   1.207   -0.2129   0.08632   0   -2.524e+08   1.349e+08   0
34.8   1.227   -0.2382   0.0998   0   -2.529e+08   1.347e+08   0
34.9   1.246   -0.2635   0.1133   0   -2.533e+08   1.346e+08   0
35   1.263   -0.2889   0.1267   0   -2.536e+08   1.345e+08   0
35.1   1.279   -0.3143   0.1402   0   -2.539e+08   1.344e+08   0
35.2   1.294   -0.3397   0.1536   0   -2.542e+08   1.344e+08   0
35.3   1.307   -0.3651   0.167   0   -2.544e+08   1.343e+08   0
35.4   1.319   -0.3905   0.1805   0   -2.546e+08   1.343e+08   0
35.5   1.33   -0.416   0.1939   0   -2.548e+08   1.343e+08   0
35.6   1.34   -0.4415   0.2073   0   -2.549e+08   1.343e+08   0
35.7   1.35   -0.467   0.2208   0   -2.551e+08   1.343e+08   0
35.8   1.359   -0.4925   0.2342   0   -2.552e+08   1.343e+08   0
35.9   1.366   -0.518   0.2476   0   -2.553e+08   1.343e+08   0
36   1.374   -0.5436   0.261   0   -2.554e+08   1.343e+08   0
36.1   1.38   -0.5691   0.2745   0   -2.555e+08   1.343e+08   0
36.2   1.386   -0.5947   0.2879   0   -2.556e+08   1.343e+08   0
36.3   1.391   -0.6202   0.3013   0   -2.556e+08   1.343e+08   0
36.4   1.396   -0.6458   0.3148   0   -2.557e+08   1.343e+08   0
36.5   1.4   -0.6714   0.3282   0   -2.558e+08   1.343e+08   0
36.6   1.4   -0.697   0.3416   0   -2.558e+08   1.343e+08   0
36.7   1.4   -0.7225   0.355   0   -2.558e+08   1.343e+08   0
36.8   1.4   -0.7481   0.3685   0   -2.558e+08   1.343e+08   0
36.9   1.4   -0.7737   0.3819   0   -2.558e+08   1.343e+08   0
37   1.4   -0.7993   0.3953   0   -2.558e+08   1.343e+08   0
37.1   1.4   -0.8248   0.4088   0   -2.558e+08   1.343e+08   0
37.2   1.4   -0.8504   0.4222   0   -2.558e+08   1.343e+08   0
37.3   1.4   -0.876   0.4356   0   -2.558e+08   1.343e+08   0
37.4   1.4   -0.9016   0.4491   0   -2.558e+08   1.343e+08   0
37.5   1.4   -0.9271   0.4625   0   -2.558e+08   1.343e+08   0
37.6   1.4   -0.9527   0.4759   0   -2.558e+08   1.343e+08   0
37.7   1.4   -0.9783   0.4893   0   -2.558e+08   1.343e+08   0
37.8   1.4   -1.004   0.5028   0   -2.558e+08   1.343e+08   0
37.9   1.4   -1.029   0.5162   0   -2.558e+08   1.343e+08   0
38   1.4   -1.055   0.5296   0   -2.558e+08   1.343e+08   0
38.1   1.4   -1.081   0.5431   0   -2.558e+08   1.343e+08   0
38.2   1.4   -1.106   0.5565   0   -2.558e+08   1.343e+08   0
38.3   1.4   -1.132   0.5699   0   -2.558e+08   1.343e+08   0
38.4   1.4   -1.157   0.5834   0   -2.558e+08   1.343e+08   0
38.5   1.4   -1.183   0.5968   0   -2.558e+08   1.343e+08   0
38.6   1.4   -1.208   0.6102   0   -2.558e+08   1.343e+08   0
38.7   1.4   -1.234   0.6236   0   -2.558e+08   1.343e+08   0
38.8   1.4   -1.26   0.6371   0   -2.558e+08   1.343e+08   0
38.9   1.4   -1.285   0.6505   0   -2.558e+08   1.343e+08   0
39   1.4   -1.311   0.6639   0   -2.558e+08   1.343e+08   0
39.1   1.4   -1.336   0.6774   0   -2.558e+08   1.343e+08   0
39.2   1.4   -1.362   0.6908   0   -2.558e+08   1.343e+08   0
39.3   1.4   -1.388   0.7042   0   -2.558e+08   1.343e+08   0
39.4   1.4   -1.413   0.7177   0   -2.558e+08   1.343e+08   0
39.5   1.4   -1.439   0.7311   0   -2.558e+08   1.343e+08   0
39.6   1.4   -1.464   0.7445   0   -2.558e+08   1.343e+08   0
39.7   1.4   -1.49   0.7579   0   -2.558e+08   1.343e+08   0
39.8   1.4   -1.515   0.7714   0   -2.558e+08   1.343e+08   0
39.9   1.4   -1.541   0.7848   0   -2.558e+08   1.343e+08   0
40   1.4   -1.567   0.7982   0   -2.558e+08   1.343e+08   0
40.1   1.4   -1.592   0.8117   0   -2.558e+08   1.343e+08   0
40.2   1.4   -1.618   0.8251   0   -2.558e+08   1.343e+08   0
40.3   1.4   -1.643   0.8385   0   -2.558e+08   1.343e+08   0
40.4   1.4   -1.669   0.852   0   -2.558e+08   1.343e+08   0
40.5   1.4   -1.694   0.8654   0   -2.558e+08   1.343e+08   0
40.6   1.4   -1.72   0.8788   0   -2.558e+08   1.343e+08   0
40.7   1.4   -1.746   0.8922   0   -2.558e+08   1.343e+08   0
40.8   1.4   -1.771   0.9057   0   -2.558e+08   1.343e+08   0
40.9   1.4   -1.797   0.9191   0   -2.558e+08   1.343e+08   0
41   1.4   -1.822   0.9325   0   -2.558e+08   1.343e+08   0
41.1   1.4   -1.848   0.946   0   -2.558e+08   1.343e+08   0
41.2   1.4   -1.873   0.9594   0   -2.558e+08   1.343e+08   0
41.3   1.4   -1.899   0.9728   0   -2.558e+08   1.343e+08   0
41.4   1.4   -1.925   0.9863   0   -2.558e+08   1.343e+08   0
41.5   1.4   -1.95   0.9997   0   -2.558e+08   1.343e+08   0
41.6   1.4   -1.976   1.013   0   -2.558e+08   1.343e+08   0
41.7   1.4   -2.001   1.027   0   -2.558e+08   1.343e+08   0
41.8   1.4   -2.027   1.04   0   -2.558e+08   1.343e+08   0
41.9   1.4   -2.053   1.053   0   -2.558e+08   1.343e+08   0
42   1.4   -2.078   1.067   0   -2.558e+08   1.343e+08   0
42.1   1.4   -2.104   1.08   0   -2.558e+08   1.343e+08   0
42.2   1.4   -2.129   1.094   0   -2.558e+08   1.343e+08   0
42.3   1.4   -2.155   1.107   0   -2.558e+08   1.343e+08   0
42.4   1.4   -2.18   1.121   0   -2.558e+08   1.343e+08   0
42.5   1.4   -2.206   1.134   0   -2.558e+08   1.343e+08   0
42.6   1.4   -2.232   1.147   0   -2.558e+08   1.343e+08   0
42.7   1.4   -2.257   1.161   0   -2.558e+08   1.343e+08   0
42.8   1.4   -2.283   1.174   0   -2.558e+08   1.343e+08   0
42.9   1.4   -2.308   1.188   0   -2.558e+08   1.343e+08   0
43   1.4   -2.334   1.201   0   -2.558e+08   1.343e+08   0
43.1   1.4   -2.359   1.215   0   -2.558e+08   1.343e+08   0
43.2   1.4   -2.385   1.228   0   -2.558e+08   1.343e+08   0
43.3   1.4   -2.411   1.241   0   -2.558e+08   1.343e+08   0
43.4   1.4   -2.436   1.255   0   -2.558e+08   1.343e+08   0
43.5   1.4   -2.462   1.268   0   -2.558e+08   1.343e+08   0
43.6   1.4   -2.487   1.282   0   -2.558e+08   1.343e+08   0
43.7   1.4   -2.513   1.295   0   -2.558e+08   1.343e+08   0
43.8   1.4   -2.538   1.309   0   -2.558e+08   1.343e+08   0
43.9   1.4   -2.564   1.322   0   -2.558e+08   1.343e+08   0
44   1.4   -2.59   1.335   0   -2.558e+08   1.343e+08   0
44.1   1.4   -2.615   1.349   0   -2.558e+08   1.343e+08   0
44.2   1.4   -2.641   1.362   0   -2.558e+08   1.343e+08   0
44.3   1.4   -2.666   1.376   0   -2.558e+08   1.343e+08   0
44.4   1.4   -2.692   1.389   0   -2.558e+08   1.343e+08   0
44.5   1.4   -2.717   1.403   0   -2.558e+08   1.343e+08   0
44.6   1.4   -2.743   1.416   0   -2.558e+08   1.343e+08   0
44.7   1.4   -2.769   1.429   0   -2.558e+08   1.343e+08   0
44.8   1.4   -2.794   1.443   0   -2.558e+08   1.343e+08   0
44.9   1.4   -2.82   1.456   0   -2.558e+08   1.343e+08   0
45   1.4   -2.845   1.47   0   -2.558e+08   1.343e+08   0
