0   0.04   -0.753   0   0   1.121e+08   0   0
0.1   0.04   -0.753   0   0   1.121e+08   0   0
0.2   0.04   -0.753   0   0   1.121e+08   0   0
0.3   0.04   -0.753   0   0   1.121e+08   0   0
0.4   0.04   -0.753   0   0   1.121e+08   0   0
0.5   0.04   -0.753   0   0   1.121e+08   0   0
0.6   0.04   -0.753   0   0   1.121e+08   0   0
0.7   0.04087   -0.7425   0   0   1.132e+08   0   0
0.8   0.04201   -0.7311   0   0   1.146e+08   0   0
0.9   0.04335   -0.7196   0   0   1.162e+08   0   0
1   0.04491   -0.7078   0   0   1.18e+08   0   0
1.1   0.0467   -0.6959   0   0   1.201e+08   0   0
1.2   0.04871   -0.6838   0   0   1.223e+08   0   0
1.3   0.05098   -0.6715   0   0   1.248e+08   0   0
1.4   0.05349   -0.6589   0   0   1.274e+08   0   0
1.5   0.05626   -0.646   0   0   1.302e+08   0   0
1.6   0.05931   -0.6328   0   0   1.331e+08   0   0
1.7   0.06264   -0.6193   0   0   1.362e+08   0   0
1.8   0.06625   -0.6056   0   0   1.394e+08   0   0
1.9   0.07016   -0.5915   0   0   1.428e+08   0   0
2   0.07437   -0.577   0   0   1.462e+08   0   0
2.1   0.07889   -0.5622   0   0   1.498e+08   0   0
2.2   0.08373   -0.547   0   0   1.534e+08   0   0
2.3   0.08888   -0.5315   0   0   1.57e+08   0   0
2.4   0.09435   -0.5156   0   0   1.607e+08   0   0
2.5   0.1001   -0.4994   0   0   1.644e+08   0   0
2.6   0.1062   -0.4827   0   0   1.682e+08   0   0
2.7   0.1127   -0.4657   0   0   1.719e+08   0   0
2.8   0.1194   -0.4484   0   0   1.756e+08   0   0
2.9   0.1264   -0.4306   0   0   1.792e+08   0   0
3   0.1338   -0.4125   0   0   1.828e+08   0   0
3.1   0.1414   -0.3941   0   0   1.864e+08   0   0
3.2   0.1492   -0.3752   0   0   1.898e+08   0   0
3.3   0.1574   -0.3561   0   0   1.932e+08   0   0
3.4   0.1657   -0.3366   0   0   1.966e+08   0   0
3.5   0.1743   -0.3168   0   0   1.998e+08   0   0
3.6   0.1831   -0.2966   0   0   2.029e+08   0   0
3.7   0.192   -0.2762   0   0   2.059e+08   0   0
3.8   0.201   -0.2555   0   0   2.088e+08   0   0
3.9   0.2102   -0.2344   0   0   2.115e+08   0   0
4   0.2193   -0.2132   0   0   2.142e+08   0   0
4.1   0.2284   -0.1916   0   0   2.167e+08   0   0
4.2   0.2298   -0.1699   0   0   2.171e+08   0   0
4.3   0.2298   -0.1482   0   0   2.171e+08   0   0
4.4   0.2298   -0.1265   0   0   2.171e+08   0   0
4.5   0.2298   -0.1048   0   0   2.171e+08   0   0
4.6   0.2298   -0.08308   0   0   2.171e+08   0   0
4.7   0.2298   -0.06138   0   0   2.171e+08   0   0
4.8   0.2298   -0.03967   0   0   2.171e+08   0   0
4.9   0.2298   -0.01796   0   0   2.171e+08   0   0
5   0.2298   0.003744   0   0   2.171e+08   0   0
5.1   0.2298   0.02545   0   0   2.171e+08   0   0
5.2   0.2298   0.04716   0   0   2.171e+08   0   0
5.3   0.2298   0.06886   0   0   2.171e+08   0   0
5.4   0.2298   0.09057   0   0   2.171e+08   0   0
5.5   0.2298   0.1123   0   0   2.171e+08   0   0
5.6   0.2298   0.134   0   0   2.171e+08   0   0
5.7   0.2298   0.1557   0   0   2.171e+08   0   0
5.8   0.2298   0.1774   0   0   2.171e+08   0   0
5.9   0.2367   0.1991   0   0   2.189e+08   0   0
6   0.2502   0.2212   0   0   2.222e+08   0   0
6.1   0.2634   0.2436   0   0   2.252e+08   0   0
6.2   0.2762   0.2662   0   0   2.28e+08   0   0
6.3   0.2887   0.2892   0   0   2.306e+08   0   0
6.4   0.3009   0.3124   0   0   2.33e+08   0   0
6.5   0.3127   0.3358   0   0   2.351e+08   0   0
6.6   0.3241   0.3594   0   0   2.371e+08   0   0
6.7   0.3351   0.3832   0   0   2.389e+08   0   0
6.8   0.3458   0.4072   0   0   2.406e+08   0   0
6.9   0.356   0.4313   0   0   2.422e+08   0   0
7   0.3659   0.4556   0   0   2.436e+08   0   0
7.1   0.3753   0.48   0   0   2.45e+08   0   0
7.2   0.3843   0.5046   0   0   2.462e+08   0   0
7.3   0.3929   0.5293   0   0   2.473e+08   0   0
7.4   0.4011   0.5541   0   0   2.483e+08   0   0
7.5   0.4088   0.5789   0   0   2.493e+08   0   0
7.6   0.4161   0.6039   0   0   2.501e+08   0   0
7.7   0.423   0.629   0   0   2.509e+08   0   0
7.8   0.4294   0.6541   0   0   2.517e+08   0   0
7.9   0.4354   0.6793   0   0   2.523e+08   0   0
8   0.4409   0.7046   0   0   2.529e+08   0   0
8.1   0.4461   0.7299   0   0   2.535e+08   0   0
8.2   0.4504   0.7553   0   0   2.539e+08   0   0
8.3   0.4504   0.7806   0   0   2.539e+08   0   0
8.4   0.4504   0.806   0   0   2.539e+08   0   0
8.5   0.4504   0.8314   0   0   2.539e+08   0   0
8.6   0.4504   0.8568   0   0   2.539e+08   0   0
8.7   0.4504   0.8822   0   0   2.539e+08   0   0
8.8   0.4504   0.9076   0   0   2.539e+08   0   0
8.9   0.4504   0.933   0   0   2.539e+08   0   0
9   0.4504   0.9584   0   0   2.539e+08   0   0
9.1   0.4504   0.9838   0   0   2.539e+08   0   0
9.2   0.4504   1.009   0   0   2.539e+08   0   0
9.3   0.4504   1.035   0   0   2.539e+08   0   0
9.4   0.4504   1.06   0   0   2.539e+08   0   0
9.5   0.4504   1.085   0   0   2.539e+08   0   0
9.6   0.4505   1.111   -7.426e-05   0   2.538e+08   -9.9e+06   0
9.7   0.4515   1.136   -0.004597   0   2.414e+08   -7.928e+07   0
9.8   0.4524   1.158   -0.01579   0   2.104e+08   -1.426e+08   0
9.9   0.4534   1.177   -0.0328   0   1.633e+08   -1.949e+08   0
10   0.4543   1.191   -0.05431   0   1.037e+08   -2.322e+08   0
10.1   0.4553   1.198   -0.07868   0   3.618e+07   -2.519e+08   0
10.2   0.4562   1.198   -0.1041   0   -3.409e+07   -2.522e+08   0
10.3   0.4572   1.191   -0.1285   0   -1.017e+08   -2.334e+08   0
10.4   0.4582   1.178   -0.1501   0   -1.617e+08   -1.969e+08   0
10.5   0.4591   1.159   -0.1673   0   -2.093e+08   -1.454e+08   0
10.6   0.4601   1.136   -0.1788   0   -2.411e+08   -8.29e+07   0
10.7   0.4611   1.111   -0.1836   0   -2.546e+08   -1.416e+07   0
10.8   0.4618   1.086   -0.1817   0   -2.518e+08   4.114e+07   0
10.9   0.4618   1.061   -0.1775   0   -2.518e+08   4.114e+07   0
11   0.4618   1.035   -0.1734   0   -2.518e+08   4.114e+07   0
11.1   0.4618   1.01   -0.1693   0   -2.518e+08   4.114e+07   0
11.2   0.4618   0.9851   -0.1652   0   -2.518e+08   4.114e+07   0
11.3   0.4618   0.9599   -0.1611   0   -2.518e+08   4.114e+07   0
11.4   0.4618   0.9348   -0.157   0   -2.518e+08   4.114e+07   0
11.5   0.4618   0.9096   -0.1529   0   -2.518e+08   4.114e+07   0
11.6   0.4618   0.8844   -0.1487   0   -2.518e+08   4.114e+07   0
11.7   0.4618   0.8592   -0.1446   0   -2.518e+08   4.114e+07   0
11.8   0.4618   0.8341   -0.1405   0   -2.518e+08   4.114e+07   0
11.9   0.4618   0.8089   -0.1364   0   -2.518e+08   4.114e+07   0
12   0.4618   0.7837   -0.1323   0   -2.518e+08   4.114e+07   0
12.1   0.4618   0.7585   -0.1282   0   -2.518e+08   4.114e+07   0
12.2   0.4639   0.7333   -0.1241   0   -2.52e+08   4.118e+07   0
12.3   0.4699   0.7081   -0.1199   0   -2.525e+08   4.129e+07   0
12.4   0.476   0.6828   -0.1158   0   -2.531e+08   4.139e+07   0
12.5   0.4821   0.6575   -0.1117   0   -2.537e+08   4.15e+07   0
12.6   0.4882   0.6321   -0.1075   0   -2.542e+08   4.16e+07   0
12.7   0.4943   0.6066   -0.1033   0   -2.548e+08   4.171e+07   0
12.8   0.5003   0.5811   -0.09915   0   -2.553e+08   4.181e+07   0
12.9   0.5064   0.5556   -0.09497   0   -2.558e+08   4.191e+07   0
13   0.5122   0.53   -0.09077   0   -2.563e+08   4.2e+07   0
13.1   0.518   0.5043   -0.08657   0   -2.568e+08   4.209e+07   0
13.2   0.5236   0.4786   -0.08235   0   -2.572e+08   4.218e+07   0
13.3   0.5289   0.4529   -0.07813   0   -2.577e+08   4.226e+07   0
13.4   0.5339   0.4271   -0.0739   0   -2.58e+08   4.234e+07   0
13.5   0.5386   0.4013   -0.06966   0   -2.584e+08   4.241e+07   0
13.6   0.5428   0.3754   -0.06542   0   -2.587e+08   4.248e+07   0
13.7   0.5465   0.3495   -0.06117   0   -2.59e+08   4.254e+07   0
13.8   0.5496   0.3236   -0.05691   0   -2.592e+08   4.259e+07   0
13.9   0.5519   0.2977   -0.05265   0   -2.594e+08   4.262e+07   0
14   0.5534   0.2717   -0.04839   0   -2.595e+08   4.265e+07   0
14.1   0.5538   0.2458   -0.04412   0   -2.595e+08   4.265e+07   0
14.2   0.5529   0.2198   -0.03986   0   -2.595e+08   4.264e+07   0
14.3   0.5503   0.1939   -0.0356   0   -2.593e+08   4.259e+07   0
14.4   0.549   0.168   -0.03134   0   -2.592e+08   4.257e+07   0
14.5   0.549   0.1421   -0.02708   0   -2.592e+08   4.257e+07   0
14.6   0.549   0.1161   -0.02282   0   -2.592e+08   4.257e+07   0
14.7   0.549   0.09022   -0.01857   0   -2.592e+08   4.257e+07   0
14.8   0.549   0.0643   -0.01431   0   -2.592e+08   4.257e+07   0
14.9   0.549   0.03838   -0.01005   0   -2.592e+08   4.257e+07   0
15   0.549   0.01246   -0.005798   0   -2.592e+08   4.257e+07   0
15.1   0.549   -0.01346   -0.001541   0   -2.592e+08   4.257e+07   0
15.2   0.549   -0.03937   0.002716   0   -2.592e+08   4.257e+07   0
15.3   0.549   -0.06529   0.006973   0   -2.592e+08   4.257e+07   0
15.4   0.549   -0.09121   0.01123   0   -2.592e+08   4.257e+07   0
15.5   0.549   -0.1171   0.01549   0   -2.592e+08   4.257e+07   0
15.6   0.549   -0.143   0.01974   0   -2.592e+08   4.257e+07   0
15.7   0.549   -0.169   0.024   0   -2.592e+08   4.257e+07   0
15.8   0.5564   -0.1949   0.02826   0   -2.597e+08   4.261e+07   0
15.9   0.5776   -0.2209   0.03253   0   -2.612e+08   4.274e+07   0
16   0.5969   -0.2471   0.03681   0   -2.625e+08   4.286e+07   0
16.1   0.6147   -0.2734   0.0411   0   -2.636e+08   4.297e+07   0
16.2   0.6312   -0.2999   0.0454   0   -2.646e+08   4.307e+07   0
16.3   0.6464   -0.3264   0.04971   0   -2.655e+08   4.317e+07   0
16.4   0.6606   -0.353   0.05403   0   -2.663e+08   4.326e+07   0
16.5   0.6738   -0.3796   0.05836   0   -2.67e+08   4.334e+07   0
16.6   0.686   -0.4064   0.0627   0   -2.676e+08   4.341e+07   0
16.7   0.6974   -0.4331   0.06705   0   -2.682e+08   4.348e+07   0
16.8   0.708   -0.46   0.0714   0   -2.687e+08   4.354e+07   0
16.9   0.7178   -0.4869   0.07575   0   -2.691e+08   4.36e+07   0
17   0.7269   -0.5138   0.08012   0   -2.695e+08   4.365e+07   0
17.1   0.7353   -0.5408   0.08448   0   -2.699e+08   4.37e+07   0
17.2   0.7431   -0.5678   0.08885   0   -2.703e+08   4.374e+07   0
17.3   0.7502   -0.5948   0.09323   0   -2.706e+08   4.378e+07   0
17.4   0.7566   -0.6219   0.09761   0   -2.708e+08   4.382e+07   0
17.5   0.7625   -0.649   0.102   0   -2.711e+08   4.385e+07   0
17.6   0.7678   -0.6761   0.1064   0   -2.713e+08   4.388e+07   0
17.7   0.7726   -0.7033   0.1108   0   -2.715e+08   4.39e+07   0
17.8   0.7768   -0.7304   0.1152   0   -2.717e+08   4.393e+07   0
17.9   0.7787   -0.7576   0.1196   0   -2.717e+08   4.394e+07   0
18   0.7787   -0.7848   0.1239   0   -2.717e+08   4.394e+07   0
18.1   0.7787   -0.8119   0.1283   0   -2.717e+08   4.394e+07   0
18.2   0.7787   -0.8391   0.1327   0   -2.717e+08   4.394e+07   0
18.3   0.7787   -0.8663   0.1371   0   -2.717e+08   4.394e+07   0
18.4   0.7787   -0.8935   0.1415   0   -2.717e+08   4.394e+07   0
18.5   0.7787   -0.9206   0.1459   0   -2.717e+08   4.394e+07   0
18.6   0.7787   -0.9478   0.1503   0   -2.717e+08   4.394e+07   0
18.7   0.7787   -0.975   0.1547   0   -2.717e+08   4.394e+07   0
18.8   0.7787   -1.002   0.1591   0   -2.717e+08   4.394e+07   0
18.9   0.7787   -1.029   0.1635   0   -2.717e+08   4.394e+07   0
19   0.7787   -1.056   0.1679   0   -2.717e+08   4.394e+07   0
19.1   0.7787   -1.084   0.1723   0   -2.717e+08   4.394e+07   0
19.2   0.7787   -1.111   0.1767   0   -2.717e+08   4.394e+07   0
19.3   0.7789   -1.138   0.1811   0   -2.71e+08   4.836e+07   0
19.4   0.7815   -1.164   0.1896   0   -2.482e+08   1.193e+08   0
19.5   0.784   -1.187   0.2047   0   -2.073e+08   1.814e+08   0
19.6   0.7866   -1.205   0.2254   0   -1.513e+08   2.303e+08   0
19.7   0.7892   -1.217   0.2503   0   -8.45e+07   2.624e+08   0
19.8   0.7918   -1.222   0.2773   0   -1.164e+07   2.755e+08   0
19.9   0.7944   -1.219   0.3047   0   6.197e+07   2.688e+08   0
20   0.797   -1.209   0.3304   0   1.311e+08   2.429e+08   0
20.1   0.7996   -1.193   0.3527   0   1.907e+08   1.996e+08   0
20.2   0.8022   -1.172   0.3698   0   2.367e+08   1.422e+08   0
20.3   0.8048   -1.146   0.3807   0   2.659e+08   7.486e+07   0
20.4   0.8075   -1.119   0.3846   0   2.764e+08   2.294e+06   0
20.5   0.8101   -1.092   0.3811   0   2.674e+08   -7.035e+07   0
20.6   0.811   -1.066   0.3722   0   2.605e+08   -9.277e+07   0
20.7   0.811   -1.039   0.3629   0   2.605e+08   -9.277e+07   0
20.8   0.811   -1.013   0.3536   0   2.605e+08   -9.277e+07   0
20.9   0.811   -0.9874   0.3443   0   2.605e+08   -9.277e+07   0
21   0.811   -0.9613   0.3351   0   2.605e+08   -9.277e+07   0
21.1   0.811   -0.9353   0.3258   0   2.605e+08   -9.277e+07   0
21.2   0.811   -0.9092   0.3165   0   2.605e+08   -9.277e+07   0
21.3   0.811   -0.8832   0.3072   0   2.605e+08   -9.277e+07   0
21.4   0.811   -0.8572   0.2979   0   2.605e+08   -9.277e+07   0
21.5   0.811   -0.8311   0.2887   0   2.605e+08   -9.277e+07   0
21.6   0.811   -0.8051   0.2794   0   2.605e+08   -9.277e+07   0
21.7   0.811   -0.779   0.2701   0   2.605e+08   -9.277e+07   0
21.8   0.811   -0.753   0.2608   0   2.605e+08   -9.277e+07   0
21.9   0.811   -0.7269   0.2516   0   2.605e+08   -9.277e+07   0
22   0.8132   -0.7009   0.2423   0   2.605e+08   -9.279e+07   0
22.1   0.8186   -0.6748   0.233   0   2.607e+08   -9.285e+07   0
22.2   0.8239   -0.6487   0.2237   0   2.609e+08   -9.29e+07   0
22.3   0.829   -0.6226   0.2144   0   2.611e+08   -9.295e+07   0
22.4   0.834   -0.5965   0.2051   0   2.613e+08   -9.299e+07   0
22.5   0.8388   -0.5704   0.1958   0   2.614e+08   -9.304e+07   0
22.6   0.8434   -0.5442   0.1865   0   2.616e+08   -9.308e+07   0
22.7   0.8476   -0.5181   0.1772   0   2.617e+08   -9.311e+07   0
22.8   0.8515   -0.4919   0.1679   0   2.618e+08   -9.315e+07   0
22.9   0.8551   -0.4657   0.1586   0   2.619e+08   -9.318e+07   0
23   0.8581   -0.4395   0.1493   0   2.62e+08   -9.32e+07   0
23.1   0.8606   -0.4133   0.1399   0   2.621e+08   -9.322e+07   0
23.2   0.8625   -0.3871   0.1306   0   2.622e+08   -9.323e+07   0
23.3   0.8636   -0.3609   0.1213   0   2.622e+08   -9.324e+07   0
23.4   0.864   -0.3346   0.112   0   2.622e+08   -9.324e+07   0
23.5   0.8633   -0.3084   0.1026   0   2.622e+08   -9.324e+07   0
23.6   0.8615   -0.2822   0.09332   0   2.622e+08   -9.323e+07   0
23.7   0.8583   -0.256   0.084   0   2.621e+08   -9.321e+07   0
23.8   0.8535   -0.2298   0.07468   0   2.619e+08   -9.319e+07   0
23.9   0.8467   -0.2036   0.06536   0   2.617e+08   -9.315e+07   0
24   0.8381   -0.1774   0.05605   0   2.614e+08   -9.312e+07   0
24.1   0.8381   -0.1513   0.04673   0   2.614e+08   -9.312e+07   0
24.2   0.8381   -0.1252   0.03742   0   2.614e+08   -9.312e+07   0
24.3   0.8381   -0.09904   0.02811   0   2.614e+08   -9.312e+07   0
24.4   0.8381   -0.0729   0.0188   0   2.614e+08   -9.312e+07   0
24.5   0.8381   -0.04677   0.009486   0   2.614e+08   -9.312e+07   0
24.6   0.8381   -0.02063   0.0001744   0   2.614e+08   -9.312e+07   0
24.7   0.8381   0.005505   -0.009138   0   2.614e+08   -9.312e+07   0
24.8   0.8381   0.03164   -0.01845   0   2.614e+08   -9.312e+07   0
24.9   0.8381   0.05778   -0.02776   0   2.614e+08   -9.312e+07   0
25   0.8381   0.08391   -0.03707   0   2.614e+08   -9.312e+07   0
25.1   0.8381   0.11   -0.04639   0   2.614e+08   -9.312e+07   0
25.2   0.8381   0.1362   -0.0557   0   2.614e+08   -9.312e+07   0
25.3   0.8381   0.1623   -0.06501   0   2.614e+08   -9.312e+07   0
25.4   0.8509   0.1885   -0.07433   0   2.617e+08   -9.337e+07   0
25.5   0.8738   0.2147   -0.08369   0   2.624e+08   -9.377e+07   0
25.6   0.8943   0.2409   -0.09308   0   2.629e+08   -9.411e+07   0
25.7   0.9129   0.2673   -0.1025   0   2.634e+08   -9.438e+07   0
25.8   0.9297   0.2936   -0.112   0   2.638e+08   -9.462e+07   0
25.9   0.9451   0.32   -0.1214   0   2.642e+08   -9.483e+07   0
26   0.9592   0.3465   -0.1309   0   2.646e+08   -9.5e+07   0
26.1   0.9721   0.3729   -0.1404   0   2.649e+08   -9.516e+07   0
26.2   0.9839   0.3994   -0.15   0   2.651e+08   -9.529e+07   0
26.3   0.9947   0.426   -0.1595   0   2.654e+08   -9.541e+07   0
26.4   1.005   0.4525   -0.169   0   2.656e+08   -9.552e+07   0
26.5   1.014   0.4791   -0.1786   0   2.658e+08   -9.561e+07   0
26.6   1.022   0.5057   -0.1882   0   2.66e+08   -9.569e+07   0
26.7   1.029   0.5323   -0.1977   0   2.661e+08   -9.577e+07   0
26.8   1.036   0.5589   -0.2073   0   2.662e+08   -9.583e+07   0
26.9   1.042   0.5855   -0.2169   0   2.664e+08   -9.589e+07   0
27   1.047   0.6122   -0.2265   0   2.665e+08   -9.594e+07   0
27.1   1.052   0.6388   -0.2361   0   2.666e+08   -9.598e+07   0
27.2   1.056   0.6655   -0.2457   0   2.666e+08   -9.602e+07   0
27.3   1.06   0.6921   -0.2553   0   2.667e+08   -9.605e+07   0
27.4   1.062   0.7188   -0.2649   0   2.668e+08   -9.606e+07   0
27.5   1.062   0.7455   -0.2745   0   2.668e+08   -9.606e+07   0
27.6   1.062   0.7722   -0.2841   0   2.668e+08   -9.606e+07   0
27.7   1.062   0.7988   -0.2937   0   2.668e+08   -9.606e+07   0
27.8   1.062   0.8255   -0.3033   0   2.668e+08   -9.606e+07   0
27.9   1.062   0.8522   -0.3129   0   2.668e+08   -9.606e+07   0
28   1.062   0.8789   -0.3225   0   2.668e+08   -9.606e+07   0
28.1   1.062   0.9055   -0.3321   0   2.668e+08   -9.606e+07   0
28.2   1.062   0.9322   -0.3417   0   2.668e+08   -9.606e+07   0
28.3   1.062   0.9589   -0.3513   0   2.668e+08   -9.606e+07   0
28.4   1.062   0.9856   -0.361   0   2.668e+08   -9.606e+07   0
28.5   1.062   1.012   -0.3706   0   2.668e+08   -9.606e+07   0
28.6   1.062   1.039   -0.3802   0   2.668e+08   -9.606e+07   0
28.7   1.062   1.066   -0.3898   0   2.668e+08   -9.606e+07   0
28.8   1.063   1.092   -0.3996   0   2.603e+08   -1.123e+08   0
28.9   1.069   1.116   -0.4146   0   2.142e+08   -1.86e+08   0
29   1.076   1.134   -0.4362   0   1.481e+08   -2.421e+08   0
29.1   1.082   1.145   -0.4623   0   6.856e+07   -2.755e+08   0
29.2   1.088   1.148   -0.4905   0   -1.708e+07   -2.836e+08   0
29.3   1.095   1.142   -0.5182   0   -1.009e+08   -2.657e+08   0
29.4   1.101   1.128   -0.5428   0   -1.754e+08   -2.238e+08   0
29.5   1.108   1.107   -0.5622   0   -2.338e+08   -1.62e+08   0
29.6   1.115   1.082   -0.5747   0   -2.713e+08   -8.592e+07   0
29.7   1.121   1.054   -0.5791   0   -2.847e+08   -2.485e+06   0
29.8   1.128   1.026   -0.5751   0   -2.731e+08   8.091e+07   0
29.9   1.133   0.9997   -0.5634   0   -2.511e+08   1.346e+08   0
30   1.133   0.9745   -0.55   0   -2.511e+08   1.346e+08   0
30.1   1.133   0.9494   -0.5365   0   -2.511e+08   1.346e+08   0
30.2   1.133   0.9243   -0.523   0   -2.511e+08   1.346e+08   0
30.3   1.133   0.8992   -0.5096   0   -2.511e+08   1.346e+08   0
30.4   1.133   0.8741   -0.4961   0   -2.511e+08   1.346e+08   0
30.5   1.133   0.849   -0.4827   0   -2.511e+08   1.346e+08   0
30.6   1.133   0.8239   -0.4692   0   -2.511e+08   1.346e+08   0
30.7   1.133   0.7988   -0.4557   0   -2.511e+08   1.346e+08   0
30.8   1.133   0.7736   -0.4423   0   -2.511e+08   1.346e+08   0
30.9   1.133   0.7485   -0.4288   0   -2.511e+08   1.346e+08   0
31   1.133   0.7234   -0.4153   0   -2.511e+08   1.346e+08   0
31.1   1.133   0.6983   -0.4019   0   -2.511e+08   1.346e+08   0
31.2   1.133   0.6732   -0.3884   0   -2.511e+08   1.346e+08   0
31.3   1.133   0.6481   -0.375   0   -2.511e+08   1.346e+08   0
31.4   1.139   0.623   -0.3615   0   -2.512e+08   1.347e+08   0
31.5   1.144   0.5978   -0.348   0   -2.513e+08   1.348e+08   0
31.6   1.15   0.5727   -0.3345   0   -2.514e+08   1.349e+08   0
31.7   1.155   0.5476   -0.3211   0   -2.514e+08   1.349e+08   0
31.8   1.16   0.5224   -0.3076   0   -2.515e+08   1.35e+08   0
31.9   1.164   0.4973   -0.2941   0   -2.515e+08   1.351e+08   0
32   1.169   0.4721   -0.2805   0   -2.516e+08   1.351e+08   0
32.1   1.173   0.4469   -0.267   0   -2.516e+08   1.352e+08   0
32.2   1.176   0.4218   -0.2535   0   -2.517e+08   1.353e+08   0
32.3   1.179   0.3966   -0.24   0   -2.517e+08   1.353e+08   0
32.4   1.182   0.3714   -0.2264   0   -2.517e+08   1.354e+08   0
32.5   1.184   0.3463   -0.2129   0   -2.517e+08   1.354e+08   0
32.6   1.185   0.3211   -0.1994   0   -2.518e+08   1.354e+08   0
32.7   1.185   0.2959   -0.1858   0   -2.518e+08   1.354e+08   0
32.8   1.185   0.2707   -0.1723   0   -2.518e+08   1.354e+08   0
32.9   1.183   0.2456   -0.1587   0   -2.517e+08   1.354e+08   0
33   1.18   0.2204   -0.1452   0   -2.517e+08   1.353e+08   0
33.1   1.175   0.1952   -0.1317   0   -2.517e+08   1.352e+08   0
33.2   1.168   0.1701   -0.1182   0   -2.516e+08   1.35e+08   0
33.3   1.161   0.1449   -0.1047   0   -2.516e+08   1.348e+08   0
33.4   1.161   0.1197   -0.09121   0   -2.516e+08   1.348e+08   0
33.5   1.161   0.09457   -0.07773   0   -2.516e+08   1.348e+08   0
33.6   1.161   0.06941   -0.06425   0   -2.516e+08   1.348e+08   0
33.7   1.161   0.04425   -0.05076   0   -2.516e+08   1.348e+08   0
33.8   1.161   0.01909   -0.03728   0   -2.516e+08   1.348e+08   0
33.9   1.161   -0.006073   -0.0238   0   -2.516e+08   1.348e+08   0
34   1.161   -0.03123   -0.01032   0   -2.516e+08   1.348e+08   0
34.1   1.161   -0.0564   0.00316   0   -2.516e+08   1.348e+08   0
34.2   1.161   -0.08156   0.01664   0   -2.516e+08   1.348e+08   0
34.3   1.161   -0.1067   0.03012   0   -2.516e+08   1.348e+08   0
34.4   1.161   -0.1319   0.0436   0   -2.516e+08   1.348e+08   0
34.5   1.161   -0.157   0.05708   0   -2.516e+08   1.348e+08   0
34.6   1.168   -0.1822   0.07056   0   -2.518e+08   1.347e+08   0
34.7   1.192   -0.2074   0.08402   0   -2.524e+08   1.345e+08   0
34.8   1.213   -0.2327   0.09746   0   -2.529e+08   1.343e+08   0
34.9   1.232   -0.258   0.1109   0   -2.533e+08   1.342e+08   0
35   1.25   -0.2833   0.1243   0   -2.536e+08   1.341e+08   0
35.1   1.266   -0.3087   0.1377   0   -2.539e+08   1.34e+08   0
35.2   1.28   -0.3341   0.1511   0   -2.542e+08   1.34e+08   0
35.3   1.294   -0.3595   0.1645   0   -2.544e+08   1.339e+08   0
35.4   1.306   -0.385   0.1779   0   -2.546e+08   1.339e+08   0
35.5   1.317   -0.4105   0.1913   0   -2.548e+08   1.339e+08   0
35.6   1.328   -0.436   0.2047   0   -2.55e+08   1.339e+08   0
35.7   1.337   -0.4615   0.2181   0   -2.551e+08   1.339e+08   0
35.8   1.346   -0.487   0.2315   0   -2.552e+08   1.339e+08   0
35.9   1.354   -0.5125   0.2448   0   -2.553e+08   1.339e+08   0
36   1.361   -0.538   0.2582   0   -2.554e+08   1.339e+08   0
36.1   1.368   -0.5636   0.2716   0   -2.555e+08   1.339e+08   0
36.2   1.374   -0.5892   0.285   0   -2.556e+08   1.339e+08   0
36.3   1.379   -0.6147   0.2984   0   -2.557e+08   1.339e+08   0
36.4   1.383   -0.6403   0.3118   0   -2.557e+08   1.339e+08   0
36.5   1.388   -0.6659   0.3252   0   -2.558e+08   1.339e+08   0
36.6   1.389   -0.6914   0.3386   0   -2.558e+08   1.339e+08   0
36.7   1.389   -0.717   0.352   0   -2.558e+08   1.339e+08   0
36.8   1.389   -0.7426   0.3654   0   -2.558e+08   1.339e+08   0
36.9   1.389   -0.7682   0.3788   0   -2.558e+08   1.339e+08   0
37   1.389   -0.7938   0.3922   0   -2.558e+08   1.339e+08   0
37.1   1.389   -0.8193   0.4055   0   -2.558e+08   1.339e+08   0
37.2   1.389   -0.8449   0.4189   0   -2.558e+08   1.339e+08   0
37.3   1.389   -0.8705   0.4323   0   -2.558e+08   1.339e+08   0
37.4   1.389   -0.8961   0.4457   0   -2.558e+08   1.339e+08   0
37.5   1.389   -0.9217   0.4591   0   -2.558e+08   1.339e+08   0
37.6   1.389   -0.9473   0.4725   0   -2.558e+08   1.339e+08   0
37.7   1.389   -0.9728   0.4859   0   -2.558e+08   1.339e+08   0
37.8   1.389   -0.9984   0.4993   0   -2.558e+08   1.339e+08   0
37.9   1.389   -1.024   0.5127   0   -2.558e+08   1.339e+08   0
38   1.389   -1.05   0.5261   0   -2.558e+08   1.339e+08   0
38.1   1.389   -1.075   0.5395   0   -2.558e+08   1.339e+08   0
38.2   1.389   -1.101   0.5529   0   -2.558e+08   1.339e+08   0
38.3   1.389   -1.126   0.5663   0   -2.558e+08   1.339e+08   0
38.4   1.389   -1.152   0.5797   0   -2.558e+08   1.339e+08   0
38.5   1.389   -1.177   0.593   0   -2.558e+08   1.339e+08   0
38.6   1.389   -1.203   0.6064   0   -2.558e+08   1.339e+08   0
38.7   1.389   -1.229   0.6198   0   -2.558e+08   1.339e+08   0
38.8   1.389   -1.254   0.6332   0   -2.558e+08   1.339e+08   0
38.9   1.389   -1.28   0.6466   0   -2.558e+08   1.339e+08   0
39   1.389   -1.305   0.66   0   -2.558e+08   1.339e+08   0
39.1   1.389   -1.331   0.6734   0   -2.558e+08   1.339e+08   0
39.2   1.389   -1.357   0.6868   0   -2.558e+08   1.339e+08   0
39.3   1.389   -1.382   0.7002   0   -2.558e+08   1.339e+08   0
39.4   1.389   -1.408   0.7136   0   -2.558e+08   1.339e+08   0
39.5   1.389   -1.433   0.727   0   -2.558e+08   1.339e+08   0
39.6   1.389   -1.459   0.7404   0   -2.558e+08   1.339e+08   0
39.7   1.389   -1.484   0.7538   0   -2.558e+08   1.339e+08   0
39.8   1.389   -1.51   0.7672   0   -2.558e+08   1.339e+08   0
39.9   1.389   -1.536   0.7806   0   -2.558e+08   1.339e+08   0
40   1.389   -1.561   0.7939   0   -2.558e+08   1.339e+08   0
40.1   1.389   -1.587   0.8073   0   -2.558e+08   1.339e+08   0
40.2   1.389   -1.612   0.8207   0   -2.558e+08   1.339e+08   0
40.3   1.389   -1.638   0.8341   0   -2.558e+08   1.339e+08   0
40.4   1.389   -1.664   0.8475   0   -2.558e+08   1.339e+08   0
40.5   1.389   -1.689   0.8609   0   -2.558e+08   1.339e+08   0
40.6   1.389   -1.715   0.8743   0   -2.558e+08   1.339e+08   0
40.7   1.389   -1.74   0.8877   0   -2.558e+08   1.339e+08   0
40.8   1.389   -1.766   0.9011   0   -2.558e+08   1.339e+08   0
40.9   1.389   -1.791   0.9145   0   -2.558e+08   1.339e+08   0
41   1.389   -1.817   0.9279   0   -2.558e+08   1.339e+08   0
41.1   1.389   -1.843   0.9413   0   -2.558e+08   1.339e+08   0
41.2   1.389   -1.868   0.9547   0   -2.558e+08   1.339e+08   0
41.3   1.389   -1.894   0.9681   0   -2.558e+08   1.339e+08   0
41.4   1.389   -1.919   0.9814   0   -2.558e+08   1.339e+08   0
41.5   1.389   -1.945   0.9948   0   -2.558e+08   1.339e+08   0
41.6   1.389   -1.97   1.008   0   -2.558e+08   1.339e+08   0
41.7   1.389   -1.996   1.022   0   -2.558e+08   1.339e+08   0
41.8   1.389   -2.022   1.035   0   -2.558e+08   1.339e+08   0
41.9   1.389   -2.047   1.048   0   -2.558e+08   1.339e+08   0
42   1.389   -2.073   1.062   0   -2.558e+08   1.339e+08   0
42.1   1.389   -2.098   1.075   0   -2.558e+08   1.339e+08   0
42.2   1.389   -2.124   1.089   0   -2.558e+08   1.339e+08   0
42.3   1.389   -2.15   1.102   0   -2.558e+08   1.339e+08   0
42.4   1.389   -2.175   1.115   0   -2.558e+08   1.339e+08   0
42.5   1.389   -2.201   1.129   0   -2.558e+08   1.339e+08   0
42.6   1.389   -2.226   1.142   0   -2.558e+08   1.339e+08   0
42.7   1.389   -2.252   1.156   0   -2.558e+08   1.339e+08   0
42.8   1.389   -2.277   1.169   0   -2.558e+08   1.339e+08   0
42.9   1.389   -2.303   1.182   0   -2.558e+08   1.339e+08   0
43   1.389   -2.329   1.196   0   -2.558e+08   1.339e+08   0
43.1   1.389   -2.354   1.209   0   -2.558e+08   1.339e+08   0
43.2   1.389   -2.38   1.223   0   -2.558e+08   1.339e+08   0
43.3   1.389   -2.405   1.236   0   -2.558e+08   1.339e+08   0
43.4   1.389   -2.431   1.249   0   -2.558e+08   1.339e+08   0
43.5   1.389   -2.457   1.263   0   -2.558e+08   1.339e+08   0
43.6   1.389   -2.482   1.276   0   -2.558e+08   1.339e+08   0
43.7   1.389   -2.508   1.289   0   -2.558e+08   1.339e+08   0
43.8   1.389   -2.533   1.303   0   -2.558e+08   1.339e+08   0
43.9   1.389   -2.559   1.316   0   -2.558e+08   1.339e+08   0
44   1.389   -2.584   1.33   0   -2.558e+08   1.339e+08   0
44.1   1.389   -2.61   1.343   0   -2.558e+08   1.339e+08   0
44.2   1.389   -2.636   1.356   0   -2.558e+08   1.339e+08   0
44.3   1.389   -2.661   1.37   0   -2.558e+08   1.339e+08   0
44.4   1.389   -2.687   1.383   0   -2.558e+08   1.339e+08   0
44.5   1.389   -2.712   1.397   0   -2.558e+08   1.339e+08   0
44.6   1.389   -2.738   1.41   0   -2.558e+08   1.339e+08   0
44.7   1.389   -2.763   1.423   0   -2.558e+08   1.339e+08   0
44.8   1.389   -2.789   1.437   0   -2.558e+08   1.339e+08   0
44.9   1.389   -2.815   1.45   0   -2.558e+08   1.339e+08   0
45   1.389   -2.84   1.464   0   -2.558e+08   1.339e+08   0
