0   0.04   -0.753   0   0   1.121e+08   0   0
0.1   0.04   -0.753   0   0   1.121e+08   0   0
0.2   0.04   -0.753   0   0   1.121e+08   0   0
0.3   0.04   -0.753   0   0   1.121e+08   0   0
0.4   0.04   -0.753   0   0   1.121e+08   0   0
0.5   0.04   -0.753   0   0   1.121e+08   0   0
0.6   0.04   -0.753   0   0   1.121e+08   0   0
0.7   0.04069   -0.7448   0   0   1.13e+08   0   0
0.8   0.04182   -0.7334   0   0   1.144e+08   0   0
0.9   0.04316   -0.7219   0   0   1.16e+08   0   0
1   0.04471   -0.7102   0   0   1.178e+08   0   0
1.1   0.04649   -0.6983   0   0   1.198e+08   0   0
1.2   0.04849   -0.6862   0   0   1.221e+08   0   0
1.3   0.05074   -0.6739   0   0   1.245e+08   0   0
1.4   0.05324   -0.6613   0   0   1.271e+08   0   0
1.5   0.056   -0.6484   0   0   1.299e+08   0   0
1.6   0.05903   -0.6353   0   0   1.329e+08   0   0
1.7   0.06234   -0.6219   0   0   1.359e+08   0   0
1.8   0.06593   -0.6081   0   0   1.392e+08   0   0
1.9   0.06981   -0.594   0   0   1.425e+08   0   0
2   0.074   -0.5796   0   0   1.459e+08   0   0
2.1   0.07849   -0.5648   0   0   1.495e+08   0   0
2.2   0.08329   -0.5497   0   0   1.531e+08   0   0
2.3   0.08841   -0.5342   0   0   1.567e+08   0   0
2.4   0.09384   -0.5183   0   0   1.604e+08   0   0
2.5   0.09958   -0.5021   0   0   1.641e+08   0   0
2.6   0.1056   -0.4855   0   0   1.678e+08   0   0
2.7   0.112   -0.4686   0   0   1.715e+08   0   0
2.8   0.1187   -0.4512   0   0   1.752e+08   0   0
2.9   0.1257   -0.4335   0   0   1.788e+08   0   0
3   0.1329   -0.4155   0   0   1.824e+08   0   0
3.1   0.1405   -0.397   0   0   1.86e+08   0   0
3.2   0.1483   -0.3783   0   0   1.894e+08   0   0
3.3   0.1563   -0.3591   0   0   1.928e+08   0   0
3.4   0.1646   -0.3397   0   0   1.961e+08   0   0
3.5   0.1731   -0.3199   0   0   1.993e+08   0   0
3.6   0.1817   -0.2998   0   0   2.024e+08   0   0
3.7   0.1905   -0.2794   0   0   2.054e+08   0   0
3.8   0.1994   -0.2588   0   0   2.083e+08   0   0
3.9   0.2084   -0.2378   0   0   2.11e+08   0   0
4   0.2174   -0.2166   0   0   2.136e+08   0   0
4.1   0.2263   -0.1951   0   0   2.161e+08   0   0
4.2   0.2291   -0.1734   0   0   2.169e+08   0   0
4.3   0.2291   -0.1517   0   0   2.169e+08   0   0
4.4   0.2291   -0.13   0   0   2.169e+08   0   0
4.5   0.2291   -0.1083   0   0   2.169e+08   0   0
4.6   0.2291   -0.08665   0   0   2.169e+08   0   0
4.7   0.2291   -0.06496   0   0   2.169e+08   0   0
4.8   0.2291   -0.04327   0   0   2.169e+08   0   0
4.9   0.2291   -0.02158   0   0   2.169e+08   0   0
5   0.2291   0.0001041   0   0   2.169e+08   0   0
5.1   0.2291   0.02179   0   0   2.169e+08   0   0
5.2   0.2291   0.04348   0   0   2.169e+08   0   0
5.3   0.2291   0.06517   0   0   2.169e+08   0   0
5.4   0.2291   0.08685   0   0   2.169e+08   0   0
5.5   0.2291   0.1085   0   0   2.169e+08   0   0
5.6   0.2291   0.1302   0   0   2.169e+08   0   0
5.7   0.2291   0.1519   0   0   2.169e+08   0   0
5.8   0.2291   0.1736   0   0   2.169e+08   0   0
5.9   0.2336   0.1953   0   0   2.18e+08   0   0
6   0.2473   0.2173   0   0   2.215e+08   0   0
6.1   0.2606   0.2396   0   0   2.246e+08   0   0
6.2   0.2736   0.2622   0   0   2.275e+08   0   0
6.3   0.2863   0.2851   0   0   2.301e+08   0   0
6.4   0.2986   0.3082   0   0   2.325e+08   0   0
6.5   0.3105   0.3316   0   0   2.347e+08   0   0
6.6   0.3221   0.3552   0   0   2.368e+08   0   0
6.7   0.3332   0.3789   0   0   2.386e+08   0   0
6.8   0.344   0.4029   0   0   2.404e+08   0   0
6.9   0.3543   0.427   0   0   2.419e+08   0   0
7   0.3643   0.4513   0   0   2.434e+08   0   0
7.1   0.3738   0.4757   0   0   2.447e+08   0   0
7.2   0.3829   0.5002   0   0   2.46e+08   0   0
7.3   0.3915   0.5249   0   0   2.471e+08   0   0
7.4   0.3998   0.5497   0   0   2.482e+08   0   0
7.5   0.4075   0.5745   0   0   2.491e+08   0   0
7.6   0.4149   0.5995   0   0   2.5e+08   0   0
7.7   0.4218   0.6245   0   0   2.508e+08   0   0
7.8   0.4283   0.6496   0   0   2.515e+08   0   0
7.9   0.4343   0.6748   0   0   2.522e+08   0   0
8   0.4399   0.7001   0   0   2.528e+08   0   0
8.1   0.445   0.7254   0   0   2.534e+08   0   0
8.2   0.4498   0.7507   0   0   2.539e+08   0   0
8.3   0.4502   0.7761   0   0   2.539e+08   0   0
8.4   0.4502   0.8015   0   0   2.539e+08   0   0
8.5   0.4502   0.8269   0   0   2.539e+08   0   0
8.6   0.4502   0.8523   0   0   2.539e+08   0   0
8.7   0.4502   0.8777   0   0   2.539e+08   0   0
8.8   0.4502   0.9031   0   0   2.539e+08   0   0
8.9   0.4502   0.9285   0   0   2.539e+08   0   0
9   0.4502   0.9539   0   0   2.539e+08   0   0
9.1   0.4502   0.9793   0   0   2.539e+08   0   0
9.2   0.4502   1.005   0   0   2.539e+08   0   0
9.3   0.4502   1.03   0   0   2.539e+08   0   0
9.4   0.4502   1.055   0   0   2.539e+08   0   0
9.5   0.4502   1.081   0   0   2.539e+08   0   0
9.6   0.4502   1.106   0   0   2.539e+08   0   0
9.7   0.4511   1.131   -0.003274   0   2.45e+08   -6.71e+07   0
9.8   0.452   1.155   -0.01332   0   2.172e+08   -1.319e+08   0
9.9   0.453   1.174   -0.02937   0   1.728e+08   -1.865e+08   0
10   0.4539   1.189   -0.05018   0   1.151e+08   -2.268e+08   0
10.1   0.4549   1.197   -0.07417   0   4.86e+07   -2.497e+08   0
10.2   0.4558   1.198   -0.0995   0   -2.158e+07   -2.536e+08   0
10.3   0.4568   1.193   -0.1242   0   -9.01e+07   -2.381e+08   0
10.4   0.4578   1.18   -0.1465   0   -1.518e+08   -2.045e+08   0
10.5   0.4587   1.162   -0.1646   0   -2.019e+08   -1.554e+08   0
10.6   0.4597   1.14   -0.1771   0   -2.367e+08   -9.458e+07   0
10.7   0.4606   1.116   -0.1832   0   -2.536e+08   -2.658e+07   0
10.8   0.4616   1.09   -0.1823   0   -2.517e+08   4.134e+07   0
10.9   0.4616   1.065   -0.1782   0   -2.517e+08   4.134e+07   0
11   0.4616   1.04   -0.1741   0   -2.517e+08   4.134e+07   0
11.1   0.4616   1.015   -0.1699   0   -2.517e+08   4.134e+07   0
11.2   0.4616   0.9896   -0.1658   0   -2.517e+08   4.134e+07   0
11.3   0.4616   0.9645   -0.1616   0   -2.517e+08   4.134e+07   0
11.4   0.4616   0.9393   -0.1575   0   -2.517e+08   4.134e+07   0
11.5   0.4616   0.9141   -0.1534   0   -2.517e+08   4.134e+07   0
11.6   0.4616   0.889   -0.1492   0   -2.517e+08   4.134e+07   0
11.7   0.4616   0.8638   -0.1451   0   -2.517e+08   4.134e+07   0
11.8   0.4616   0.8386   -0.141   0   -2.517e+08   4.134e+07   0
11.9   0.4616   0.8134   -0.1368   0   -2.517e+08   4.134e+07   0
12   0.4616   0.7883   -0.1327   0   -2.517e+08   4.134e+07   0
12.1   0.4616   0.7631   -0.1286   0   -2.517e+08   4.134e+07   0
12.2   0.4626   0.7379   -0.1244   0   -2.518e+08   4.136e+07   0
12.3   0.4686   0.7127   -0.1203   0   -2.524e+08   4.147e+07   0
12.4   0.4746   0.6874   -0.1161   0   -2.53e+08   4.157e+07   0
12.5   0.4806   0.6621   -0.112   0   -2.535e+08   4.167e+07   0
12.6   0.4867   0.6367   -0.1078   0   -2.541e+08   4.177e+07   0
12.7   0.4927   0.6113   -0.1036   0   -2.546e+08   4.187e+07   0
12.8   0.4988   0.5858   -0.09944   0   -2.551e+08   4.197e+07   0
12.9   0.5047   0.5603   -0.09523   0   -2.557e+08   4.206e+07   0
13   0.5106   0.5347   -0.09102   0   -2.561e+08   4.216e+07   0
13.1   0.5163   0.5091   -0.0868   0   -2.566e+08   4.225e+07   0
13.2   0.5218   0.4834   -0.08257   0   -2.571e+08   4.233e+07   0
13.3   0.527   0.4576   -0.07834   0   -2.575e+08   4.241e+07   0
13.4   0.532   0.4319   -0.07409   0   -2.579e+08   4.248e+07   0
13.5   0.5366   0.4061   -0.06984   0   -2.582e+08   4.255e+07   0
13.6   0.5408   0.3802   -0.06558   0   -2.585e+08   4.262e+07   0
13.7   0.5444   0.3544   -0.06132   0   -2.588e+08   4.267e+07   0
13.8   0.5475   0.3285   -0.05705   0   -2.59e+08   4.272e+07   0
13.9   0.5498   0.3026   -0.05278   0   -2.592e+08   4.275e+07   0
14   0.5512   0.2766   -0.0485   0   -2.593e+08   4.277e+07   0
14.1   0.5516   0.2507   -0.04422   0   -2.593e+08   4.278e+07   0
14.2   0.5507   0.2248   -0.03994   0   -2.593e+08   4.276e+07   0
14.3   0.5482   0.1988   -0.03567   0   -2.591e+08   4.272e+07   0
14.4   0.5461   0.1729   -0.0314   0   -2.589e+08   4.269e+07   0
14.5   0.5461   0.147   -0.02713   0   -2.589e+08   4.269e+07   0
14.6   0.5461   0.1212   -0.02286   0   -2.589e+08   4.269e+07   0
14.7   0.5461   0.09526   -0.01859   0   -2.589e+08   4.269e+07   0
14.8   0.5461   0.06936   -0.01432   0   -2.589e+08   4.269e+07   0
14.9   0.5461   0.04347   -0.01006   0   -2.589e+08   4.269e+07   0
15   0.5461   0.01757   -0.005787   0   -2.589e+08   4.269e+07   0
15.1   0.5461   -0.008322   -0.001518   0   -2.589e+08   4.269e+07   0
15.2   0.5461   -0.03422   0.002751   0   -2.589e+08   4.269e+07   0
15.3   0.5461   -0.06011   0.007019   0   -2.589e+08   4.269e+07   0
15.4   0.5461   -0.08601   0.01129   0   -2.589e+08   4.269e+07   0
15.5   0.5461   -0.1119   0.01556   0   -2.589e+08   4.269e+07   0
15.6   0.5461   -0.1378   0.01983   0   -2.589e+08   4.269e+07   0
15.7   0.5461   -0.1637   0.02409   0   -2.589e+08   4.269e+07   0
15.8   0.5491   -0.1896   0.02836   0   -2.592e+08   4.271e+07   0
15.9   0.5707   -0.2156   0.03264   0   -2.607e+08   4.287e+07   0
16   0.5905   -0.2417   0.03694   0   -2.621e+08   4.302e+07   0
16.1   0.6086   -0.268   0.04125   0   -2.632e+08   4.315e+07   0
16.2   0.6254   -0.2944   0.04557   0   -2.643e+08   4.327e+07   0
16.3   0.6409   -0.3208   0.0499   0   -2.652e+08   4.338e+07   0
16.4   0.6552   -0.3474   0.05424   0   -2.66e+08   4.348e+07   0
16.5   0.6686   -0.374   0.05859   0   -2.667e+08   4.357e+07   0
16.6   0.681   -0.4007   0.06296   0   -2.673e+08   4.365e+07   0
16.7   0.6926   -0.4275   0.06732   0   -2.679e+08   4.373e+07   0
16.8   0.7033   -0.4543   0.0717   0   -2.684e+08   4.38e+07   0
16.9   0.7132   -0.4812   0.07608   0   -2.689e+08   4.386e+07   0
17   0.7224   -0.5081   0.08047   0   -2.693e+08   4.392e+07   0
17.1   0.7309   -0.535   0.08487   0   -2.697e+08   4.397e+07   0
17.2   0.7387   -0.562   0.08927   0   -2.7e+08   4.401e+07   0
17.3   0.7459   -0.589   0.09367   0   -2.703e+08   4.406e+07   0
17.4   0.7524   -0.6161   0.09808   0   -2.706e+08   4.41e+07   0
17.5   0.7583   -0.6432   0.1025   0   -2.709e+08   4.413e+07   0
17.6   0.7637   -0.6702   0.1069   0   -2.711e+08   4.416e+07   0
17.7   0.7685   -0.6974   0.1113   0   -2.713e+08   4.419e+07   0
17.8   0.7727   -0.7245   0.1157   0   -2.714e+08   4.421e+07   0
17.9   0.7754   -0.7517   0.1202   0   -2.715e+08   4.423e+07   0
18   0.7754   -0.7788   0.1246   0   -2.715e+08   4.423e+07   0
18.1   0.7754   -0.806   0.129   0   -2.715e+08   4.423e+07   0
18.2   0.7754   -0.8331   0.1334   0   -2.715e+08   4.423e+07   0
18.3   0.7754   -0.8603   0.1379   0   -2.715e+08   4.423e+07   0
18.4   0.7754   -0.8874   0.1423   0   -2.715e+08   4.423e+07   0
18.5   0.7754   -0.9146   0.1467   0   -2.715e+08   4.423e+07   0
18.6   0.7754   -0.9417   0.1511   0   -2.715e+08   4.423e+07   0
18.7   0.7754   -0.9689   0.1555   0   -2.715e+08   4.423e+07   0
18.8   0.7754   -0.996   0.16   0   -2.715e+08   4.423e+07   0
18.9   0.7754   -1.023   0.1644   0   -2.715e+08   4.423e+07   0
19   0.7754   -1.05   0.1688   0   -2.715e+08   4.423e+07   0
19.1   0.7754   -1.078   0.1732   0   -2.715e+08   4.423e+07   0
19.2   0.7754   -1.105   0.1777   0   -2.715e+08   4.423e+07   0
19.3   0.7754   -1.132   0.1821   0   -2.715e+08   4.423e+07   0
19.4   0.7776   -1.158   0.1892   0   -2.542e+08   1.054e+08   0
19.5   0.7802   -1.182   0.203   0   -2.167e+08   1.698e+08   0
19.6   0.7827   -1.201   0.2228   0   -1.634e+08   2.217e+08   0
19.7   0.7853   -1.214   0.2469   0   -9.817e+07   2.574e+08   0
19.8   0.7879   -1.22   0.2737   0   -2.592e+07   2.744e+08   0
19.9   0.7905   -1.219   0.3011   0   4.811e+07   2.715e+08   0
20   0.7931   -1.211   0.3273   0   1.186e+08   2.49e+08   0
20.1   0.7957   -1.196   0.3503   0   1.805e+08   2.087e+08   0
20.2   0.7983   -1.175   0.3685   0   2.294e+08   1.535e+08   0
20.3   0.8009   -1.15   0.3806   0   2.619e+08   8.748e+07   0
20.4   0.8035   -1.123   0.3857   0   2.758e+08   1.531e+07   0
20.5   0.8061   -1.096   0.3835   0   2.702e+08   -5.785e+07   0
20.6   0.8074   -1.07   0.3751   0   2.604e+08   -9.249e+07   0
20.7   0.8074   -1.044   0.3659   0   2.604e+08   -9.249e+07   0
20.8   0.8074   -1.018   0.3566   0   2.604e+08   -9.249e+07   0
20.9   0.8074   -0.9915   0.3474   0   2.604e+08   -9.249e+07   0
21   0.8074   -0.9654   0.3381   0   2.604e+08   -9.249e+07   0
21.1   0.8074   -0.9394   0.3289   0   2.604e+08   -9.249e+07   0
21.2   0.8074   -0.9134   0.3196   0   2.604e+08   -9.249e+07   0
21.3   0.8074   -0.8873   0.3104   0   2.604e+08   -9.249e+07   0
21.4   0.8074   -0.8613   0.3011   0   2.604e+08   -9.249e+07   0
21.5   0.8074   -0.8352   0.2919   0   2.604e+08   -9.249e+07   0
21.6   0.8074   -0.8092   0.2826   0   2.604e+08   -9.249e+07   0
21.7   0.8074   -0.7831   0.2734   0   2.604e+08   -9.249e+07   0
21.8   0.8074   -0.7571   0.2641   0   2.604e+08   -9.249e+07   0
21.9   0.8074   -0.7311   0.2549   0   2.604e+08   -9.249e+07   0
22   0.8087   -0.705   0.2456   0   2.605e+08   -9.25e+07   0
22.1   0.814   -0.679   0.2364   0   2.607e+08   -9.256e+07   0
22.2   0.8193   -0.6529   0.2271   0   2.608e+08   -9.262e+07   0
22.3   0.8244   -0.6268   0.2178   0   2.61e+08   -9.267e+07   0
22.4   0.8294   -0.6007   0.2086   0   2.612e+08   -9.272e+07   0
22.5   0.8341   -0.5746   0.1993   0   2.613e+08   -9.277e+07   0
22.6   0.8386   -0.5484   0.19   0   2.615e+08   -9.282e+07   0
22.7   0.8428   -0.5223   0.1807   0   2.616e+08   -9.286e+07   0
22.8   0.8467   -0.4961   0.1714   0   2.618e+08   -9.289e+07   0
22.9   0.8502   -0.4699   0.1622   0   2.619e+08   -9.293e+07   0
23   0.8532   -0.4437   0.1529   0   2.62e+08   -9.295e+07   0
23.1   0.8557   -0.4175   0.1436   0   2.62e+08   -9.298e+07   0
23.2   0.8575   -0.3913   0.1343   0   2.621e+08   -9.299e+07   0
23.3   0.8587   -0.3651   0.125   0   2.621e+08   -9.3e+07   0
23.4   0.859   -0.3389   0.1157   0   2.621e+08   -9.3e+07   0
23.5   0.8583   -0.3127   0.1064   0   2.621e+08   -9.3e+07   0
23.6   0.8566   -0.2865   0.09706   0   2.621e+08   -9.299e+07   0
23.7   0.8535   -0.2603   0.08777   0   2.62e+08   -9.296e+07   0
23.8   0.8488   -0.2341   0.07847   0   2.618e+08   -9.293e+07   0
23.9   0.8421   -0.2079   0.06918   0   2.616e+08   -9.288e+07   0
24   0.833   -0.1817   0.0599   0   2.613e+08   -9.282e+07   0
24.1   0.8317   -0.1556   0.05062   0   2.612e+08   -9.281e+07   0
24.2   0.8317   -0.1295   0.04134   0   2.612e+08   -9.281e+07   0
24.3   0.8317   -0.1034   0.03205   0   2.612e+08   -9.281e+07   0
24.4   0.8317   -0.07725   0.02277   0   2.612e+08   -9.281e+07   0
24.5   0.8317   -0.05113   0.01349   0   2.612e+08   -9.281e+07   0
24.6   0.8317   -0.02501   0.004211   0   2.612e+08   -9.281e+07   0
24.7   0.8317   0.001118   -0.00507   0   2.612e+08   -9.281e+07   0
24.8   0.8317   0.02724   -0.01435   0   2.612e+08   -9.281e+07   0
24.9   0.8317   0.05337   -0.02363   0   2.612e+08   -9.281e+07   0
25   0.8317   0.07949   -0.03291   0   2.612e+08   -9.281e+07   0
25.1   0.8317   0.1056   -0.04219   0   2.612e+08   -9.281e+07   0
25.2   0.8317   0.1317   -0.05147   0   2.612e+08   -9.281e+07   0
25.3   0.8317   0.1579   -0.06076   0   2.612e+08   -9.281e+07   0
25.4   0.8396   0.184   -0.07004   0   2.615e+08   -9.294e+07   0
25.5   0.8631   0.2102   -0.07935   0   2.622e+08   -9.331e+07   0
25.6   0.8841   0.2364   -0.0887   0   2.628e+08   -9.362e+07   0
25.7   0.903   0.2627   -0.09807   0   2.633e+08   -9.388e+07   0
25.8   0.9202   0.2891   -0.1075   0   2.638e+08   -9.41e+07   0
25.9   0.9359   0.3155   -0.1169   0   2.642e+08   -9.429e+07   0
26   0.9502   0.3419   -0.1263   0   2.645e+08   -9.445e+07   0
26.1   0.9633   0.3684   -0.1358   0   2.648e+08   -9.459e+07   0
26.2   0.9752   0.3949   -0.1452   0   2.651e+08   -9.472e+07   0
26.3   0.9862   0.4214   -0.1547   0   2.654e+08   -9.483e+07   0
26.4   0.9962   0.4479   -0.1642   0   2.656e+08   -9.493e+07   0
26.5   1.005   0.4745   -0.1737   0   2.658e+08   -9.502e+07   0
26.6   1.014   0.5011   -0.1832   0   2.66e+08   -9.51e+07   0
26.7   1.021   0.5277   -0.1927   0   2.661e+08   -9.517e+07   0
26.8   1.028   0.5543   -0.2023   0   2.663e+08   -9.523e+07   0
26.9   1.034   0.581   -0.2118   0   2.664e+08   -9.528e+07   0
27   1.039   0.6076   -0.2213   0   2.665e+08   -9.533e+07   0
27.1   1.044   0.6343   -0.2308   0   2.666e+08   -9.537e+07   0
27.2   1.048   0.6609   -0.2404   0   2.667e+08   -9.541e+07   0
27.3   1.052   0.6876   -0.2499   0   2.668e+08   -9.544e+07   0
27.4   1.054   0.7143   -0.2595   0   2.668e+08   -9.546e+07   0
27.5   1.054   0.741   -0.269   0   2.668e+08   -9.546e+07   0
27.6   1.054   0.7676   -0.2786   0   2.668e+08   -9.546e+07   0
27.7   1.054   0.7943   -0.2881   0   2.668e+08   -9.546e+07   0
27.8   1.054   0.821   -0.2977   0   2.668e+08   -9.546e+07   0
27.9   1.054   0.8477   -0.3072   0   2.668e+08   -9.546e+07   0
28   1.054   0.8744   -0.3167   0   2.668e+08   -9.546e+07   0
28.1   1.054   0.901   -0.3263   0   2.668e+08   -9.546e+07   0
28.2   1.054   0.9277   -0.3358   0   2.668e+08   -9.546e+07   0
28.3   1.054   0.9544   -0.3454   0   2.668e+08   -9.546e+07   0
28.4   1.054   0.9811   -0.3549   0   2.668e+08   -9.546e+07   0
28.5   1.054   1.008   -0.3645   0   2.668e+08   -9.546e+07   0
28.6   1.054   1.034   -0.374   0   2.668e+08   -9.546e+07   0
28.7   1.054   1.061   -0.3836   0   2.668e+08   -9.546e+07   0
28.8   1.054   1.088   -0.3931   0   2.668e+08   -9.546e+07   0
28.9   1.06   1.113   -0.4063   0   2.273e+08   -1.695e+08   0
29   1.067   1.132   -0.4265   0   1.652e+08   -2.305e+08   0
29.1   1.073   1.145   -0.4518   0   8.79e+07   -2.698e+08   0
29.2   1.08   1.15   -0.4797   0   2.605e+06   -2.839e+08   0
29.3   1.086   1.146   -0.5077   0   -8.267e+07   -2.717e+08   0
29.4   1.093   1.133   -0.5332   0   -1.601e+08   -2.348e+08   0
29.5   1.099   1.114   -0.5539   0   -2.228e+08   -1.766e+08   0
29.6   1.106   1.089   -0.5679   0   -2.652e+08   -1.027e+08   0
29.7   1.112   1.062   -0.574   0   -2.839e+08   -1.981e+07   0
29.8   1.119   1.033   -0.5717   0   -2.773e+08   6.455e+07   0
29.9   1.125   1.007   -0.5613   0   -2.504e+08   1.356e+08   0
30   1.125   0.9821   -0.5477   0   -2.504e+08   1.356e+08   0
30.1   1.125   0.957   -0.5341   0   -2.504e+08   1.356e+08   0
30.2   1.125   0.932   -0.5206   0   -2.504e+08   1.356e+08   0
30.3   1.125   0.9069   -0.507   0   -2.504e+08   1.356e+08   0
30.4   1.125   0.8819   -0.4935   0   -2.504e+08   1.356e+08   0
30.5   1.125   0.8569   -0.4799   0   -2.504e+08   1.356e+08   0
30.6   1.125   0.8318   -0.4663   0   -2.504e+08   1.356e+08   0
30.7   1.125   0.8068   -0.4528   0   -2.504e+08   1.356e+08   0
30.8   1.125   0.7817   -0.4392   0   -2.504e+08   1.356e+08   0
30.9   1.125   0.7567   -0.4257   0   -2.504e+08   1.356e+08   0
31   1.125   0.7316   -0.4121   0   -2.504e+08   1.356e+08   0
31.1   1.125   0.7066   -0.3985   0   -2.504e+08   1.356e+08   0
31.2   1.125   0.6816   -0.385   0   -2.504e+08   1.356e+08   0
31.3   1.125   0.6565   -0.3714   0   -2.504e+08   1.356e+08   0
31.4   1.13   0.6315   -0.3579   0   -2.505e+08   1.357e+08   0
31.5   1.135   0.6064   -0.3443   0   -2.506e+08   1.357e+08   0
31.6   1.141   0.5813   -0.3307   0   -2.507e+08   1.358e+08   0
31.7   1.146   0.5563   -0.3171   0   -2.507e+08   1.359e+08   0
31.8   1.15   0.5312   -0.3035   0   -2.508e+08   1.359e+08   0
31.9   1.155   0.5061   -0.29   0   -2.509e+08   1.36e+08   0
32   1.159   0.481   -0.2764   0   -2.509e+08   1.36e+08   0
32.1   1.163   0.4559   -0.2627   0   -2.51e+08   1.361e+08   0
32.2   1.167   0.4308   -0.2491   0   -2.51e+08   1.361e+08   0
32.3   1.17   0.4057   -0.2355   0   -2.511e+08   1.362e+08   0
32.4   1.173   0.3806   -0.2219   0   -2.511e+08   1.362e+08   0
32.5   1.175   0.3555   -0.2083   0   -2.511e+08   1.362e+08   0
32.6   1.176   0.3304   -0.1947   0   -2.511e+08   1.362e+08   0
32.7   1.176   0.3053   -0.181   0   -2.511e+08   1.362e+08   0
32.8   1.175   0.2802   -0.1674   0   -2.511e+08   1.362e+08   0
32.9   1.174   0.2551   -0.1538   0   -2.511e+08   1.362e+08   0
33   1.17   0.2299   -0.1402   0   -2.511e+08   1.362e+08   0
33.1   1.166   0.2048   -0.1266   0   -2.51e+08   1.361e+08   0
33.2   1.159   0.1797   -0.113   0   -2.51e+08   1.359e+08   0
33.3   1.151   0.1547   -0.09938   0   -2.509e+08   1.358e+08   0
33.4   1.151   0.1296   -0.0858   0   -2.509e+08   1.358e+08   0
33.5   1.151   0.1045   -0.07222   0   -2.509e+08   1.358e+08   0
33.6   1.151   0.07939   -0.05864   0   -2.509e+08   1.358e+08   0
33.7   1.151   0.0543   -0.04506   0   -2.509e+08   1.358e+08   0
33.8   1.151   0.02921   -0.03149   0   -2.509e+08   1.358e+08   0
33.9   1.151   0.004126   -0.01791   0   -2.509e+08   1.358e+08   0
34   1.151   -0.02096   -0.00433   0   -2.509e+08   1.358e+08   0
34.1   1.151   -0.04605   0.009248   0   -2.509e+08   1.358e+08   0
34.2   1.151   -0.07114   0.02283   0   -2.509e+08   1.358e+08   0
34.3   1.151   -0.09622   0.0364   0   -2.509e+08   1.358e+08   0
34.4   1.151   -0.1213   0.04998   0   -2.509e+08   1.358e+08   0
34.5   1.151   -0.1464   0.06356   0   -2.509e+08   1.358e+08   0
34.6   1.151   -0.1715   0.07714   0   -2.509e+08   1.358e+08   0
34.7   1.175   -0.1966   0.09071   0   -2.514e+08   1.357e+08   0
34.8   1.197   -0.2218   0.1043   0   -2.518e+08   1.357e+08   0
34.9   1.217   -0.247   0.1178   0   -2.522e+08   1.357e+08   0
35   1.235   -0.2722   0.1314   0   -2.525e+08   1.357e+08   0
35.1   1.251   -0.2975   0.145   0   -2.528e+08   1.357e+08   0
35.2   1.266   -0.3228   0.1585   0   -2.53e+08   1.357e+08   0
35.3   1.28   -0.3481   0.1721   0   -2.533e+08   1.357e+08   0
35.4   1.292   -0.3734   0.1857   0   -2.534e+08   1.357e+08   0
35.5   1.304   -0.3988   0.1993   0   -2.536e+08   1.358e+08   0
35.6   1.315   -0.4241   0.2128   0   -2.538e+08   1.358e+08   0
35.7   1.324   -0.4495   0.2264   0   -2.539e+08   1.358e+08   0
35.8   1.333   -0.4749   0.24   0   -2.54e+08   1.358e+08   0
35.9   1.341   -0.5003   0.2536   0   -2.541e+08   1.359e+08   0
36   1.348   -0.5257   0.2672   0   -2.542e+08   1.359e+08   0
36.1   1.355   -0.5512   0.2808   0   -2.543e+08   1.359e+08   0
36.2   1.361   -0.5766   0.2944   0   -2.544e+08   1.359e+08   0
36.3   1.366   -0.602   0.3079   0   -2.544e+08   1.359e+08   0
36.4   1.371   -0.6275   0.3215   0   -2.545e+08   1.359e+08   0
36.5   1.375   -0.6529   0.3351   0   -2.545e+08   1.36e+08   0
36.6   1.377   -0.6784   0.3487   0   -2.546e+08   1.36e+08   0
36.7   1.377   -0.7039   0.3623   0   -2.546e+08   1.36e+08   0
36.8   1.377   -0.7293   0.3759   0   -2.546e+08   1.36e+08   0
36.9   1.377   -0.7548   0.3895   0   -2.546e+08   1.36e+08   0
37   1.377   -0.7802   0.4031   0   -2.546e+08   1.36e+08   0
37.1   1.377   -0.8057   0.4167   0   -2.546e+08   1.36e+08   0
37.2   1.377   -0.8311   0.4303   0   -2.546e+08   1.36e+08   0
37.3   1.377   -0.8566   0.4439   0   -2.546e+08   1.36e+08   0
37.4   1.377   -0.8821   0.4575   0   -2.546e+08   1.36e+08   0
37.5   1.377   -0.9075   0.4711   0   -2.546e+08   1.36e+08   0
37.6   1.377   -0.933   0.4847   0   -2.546e+08   1.36e+08   0
37.7   1.377   -0.9584   0.4983   0   -2.546e+08   1.36e+08   0
37.8   1.377   -0.9839   0.5119   0   -2.546e+08   1.36e+08   0
37.9   1.377   -1.009   0.5255   0   -2.546e+08   1.36e+08   0
38   1.377   -1.035   0.5391   0   -2.546e+08   1.36e+08   0
38.1   1.377   -1.06   0.5527   0   -2.546e+08   1.36e+08   0
38.2   1.377   -1.086   0.5663   0   -2.546e+08   1.36e+08   0
38.3   1.377   -1.111   0.5799   0   -2.546e+08   1.36e+08   0
38.4   1.377   -1.137   0.5935   0   -2.546e+08   1.36e+08   0
38.5   1.377   -1.162   0.6071   0   -2.546e+08   1.36e+08   0
38.6   1.377   -1.188   0.6207   0   -2.546e+08   1.36e+08   0
38.7   1.377   -1.213   0.6343   0   -2.546e+08   1.36e+08   0
38.8   1.377   -1.238   0.6478   0   -2.546e+08   1.36e+08   0
38.9   1.377   -1.264   0.6614   0   -2.546e+08   1.36e+08   0
39   1.377   -1.289   0.675   0   -2.546e+08   1.36e+08   0
39.1   1.377   -1.315   0.6886   0   -2.546e+08   1.36e+08   0
39.2   1.377   -1.34   0.7022   0   -2.546e+08   1.36e+08   0
39.3   1.377   -1.366   0.7158   0   -2.546e+08   1.36e+08   0
39.4   1.377   -1.391   0.7294   0   -2.546e+08   1.36e+08   0
39.5   1.377   -1.417   0.743   0   -2.546e+08   1.36e+08   0
39.6   1.377   -1.442   0.7566   0   -2.546e+08   1.36e+08   0
39.7   1.377   -1.468   0.7702   0   -2.546e+08   1.36e+08   0
39.8   1.377   -1.493   0.7838   0   -2.546e+08   1.36e+08   0
39.9   1.377   -1.518   0.7974   0   -2.546e+08   1.36e+08   0
40   1.377   -1.544   0.811   0   -2.546e+08   1.36e+08   0
40.1   1.377   -1.569   0.8246   0   -2.546e+08   1.36e+08   0
40.2   1.377   -1.595   0.8382   0   -2.546e+08   1.36e+08   0
40.3   1.377   -1.62   0.8518   0   -2.546e+08   1.36e+08   0
40.4   1.377   -1.646   0.8654   0   -2.546e+08   1.36e+08   0
40.5   1.377   -1.671   0.879   0   -2.546e+08   1.36e+08   0
40.6   1.377   -1.697   0.8926   0   -2.546e+08   1.36e+08   0
40.7   1.377   -1.722   0.9062   0   -2.546e+08   1.36e+08   0
40.8   1.377   -1.748   0.9198   0   -2.546e+08   1.36e+08   0
40.9   1.377   -1.773   0.9334   0   -2.546e+08   1.36e+08   0
41   1.377   -1.799   0.947   0   -2.546e+08   1.36e+08   0
41.1   1.377   -1.824   0.9606   0   -2.546e+08   1.36e+08   0
41.2   1.377   -1.849   0.9742   0   -2.546e+08   1.36e+08   0
41.3   1.377   -1.875   0.9878   0   -2.546e+08   1.36e+08   0
41.4   1.377   -1.9   1.001   0   -2.546e+08   1.36e+08   0
41.5   1.377   -1.926   1.015   0   -2.546e+08   1.36e+08   0
41.6   1.377   -1.951   1.029   0   -2.546e+08   1.36e+08   0
41.7   1.377   -1.977   1.042   0   -2.546e+08   1.36e+08   0
41.8   1.377   -2.002   1.056   0   -2.546e+08   1.36e+08   0
41.9   1.377   -2.028   1.069   0   -2.546e+08   1.36e+08   0
42   1.377   -2.053   1.083   0   -2.546e+08   1.36e+08   0
42.1   1.377   -2.079   1.097   0   -2.546e+08   1.36e+08   0
42.2   1.377   -2.104   1.11   0   -2.546e+08   1.36e+08   0
42.3   1.377   -2.129   1.124   0   -2.546e+08   1.36e+08   0
42.4   1.377   -2.155   1.137   0   -2.546e+08   1.36e+08   0
42.5   1.377   -2.18   1.151   0   -2.546e+08   1.36e+08   0
42.6   1.377   -2.206   1.165   0   -2.546e+08   1.36e+08   0
42.7   1.377   -2.231   1.178   0   -2.546e+08   1.36e+08   0
42.8   1.377   -2.257   1.192   0   -2.546e+08   1.36e+08   0
42.9   1.377   -2.282   1.205   0   -2.546e+08   1.36e+08   0
43   1.377   -2.308   1.219   0   -2.546e+08   1.36e+08   0
43.1   1.377   -2.333   1.232   0   -2.546e+08   1.36e+08   0
43.2   1.377   -2.359   1.246   0   -2.546e+08   1.36e+08   0
43.3   1.377   -2.384   1.26   0   -2.546e+08   1.36e+08   0
43.4   1.377   -2.41   1.273   0   -2.546e+08   1.36e+08   0
43.5   1.377   -2.435   1.287   0   -2.546e+08   1.36e+08   0
43.6   1.377   -2.46   1.3   0   -2.546e+08   1.36e+08   0
43.7   1.377   -2.486   1.314   0   -2.546e+08   1.36e+08   0
43.8   1.377   -2.511   1.328   0   -2.546e+08   1.36e+08   0
43.9   1.377   -2.537   1.341   0   -2.546e+08   1.36e+08   0
44   1.377   -2.562   1.355   0   -2.546e+08   1.36e+08   0
44.1   1.377   -2.588   1.368   0   -2.546e+08   1.36e+08   0
44.2   1.377   -2.613   1.382   0   -2.546e+08   1.36e+08   0
44.3   1.377   -2.639   1.396   0   -2.546e+08   1.36e+08   0
44.4   1.377   -2.664   1.409   0   -2.546e+08   1.36e+08   0
44.5   1.377   -2.69   1.423   0   -2.546e+08   1.36e+08   0
44.6   1.377   -2.715   1.436   0   -2.546e+08   1.36e+08   0
44.7   1.377   -2.74   1.45   0   -2.546e+08   1.36e+08   0
44.8   1.377   -2.766   1.464   0   -2.546e+08   1.36e+08   0
44.9   1.377   -2.791   1.477   0   -2.546e+08   1.36e+08   0
45   1.377   -2.817   1.491   0   -2.546e+08   1.36e+08   0
