0   0.04   -0.753   0   0   1.121e+08   0   0
0.1   0.04   -0.753   0   0   1.121e+08   0   0
0.2   0.04   -0.753   0   0   1.121e+08   0   0
0.3   0.04   -0.753   0   0   1.121e+08   0   0
0.4   0.04   -0.753   0   0   1.121e+08   0   0
0.5   0.04   -0.753   0   0   1.121e+08   0   0
0.6   0.04   -0.753   0   0   1.121e+08   0   0
0.7   0.04051   -0.747   0   0   1.128e+08   0   0
0.8   0.04163   -0.7357   0   0   1.142e+08   0   0
0.9   0.04296   -0.7242   0   0   1.158e+08   0   0
1   0.04451   -0.7125   0   0   1.176e+08   0   0
1.1   0.04627   -0.7006   0   0   1.196e+08   0   0
1.2   0.04827   -0.6886   0   0   1.218e+08   0   0
1.3   0.05051   -0.6763   0   0   1.243e+08   0   0
1.4   0.05299   -0.6637   0   0   1.269e+08   0   0
1.5   0.05574   -0.6509   0   0   1.296e+08   0   0
1.6   0.05875   -0.6378   0   0   1.326e+08   0   0
1.7   0.06203   -0.6244   0   0   1.357e+08   0   0
1.8   0.0656   -0.6106   0   0   1.389e+08   0   0
1.9   0.06946   -0.5966   0   0   1.422e+08   0   0
2   0.07362   -0.5822   0   0   1.456e+08   0   0
2.1   0.07808   -0.5674   0   0   1.492e+08   0   0
2.2   0.08285   -0.5523   0   0   1.527e+08   0   0
2.3   0.08793   -0.5369   0   0   1.564e+08   0   0
2.4   0.09332   -0.5211   0   0   1.6e+08   0   0
2.5   0.09902   -0.5049   0   0   1.637e+08   0   0
2.6   0.105   -0.4883   0   0   1.674e+08   0   0
2.7   0.1114   -0.4714   0   0   1.711e+08   0   0
2.8   0.118   -0.4541   0   0   1.748e+08   0   0
2.9   0.1249   -0.4364   0   0   1.784e+08   0   0
3   0.1321   -0.4184   0   0   1.82e+08   0   0
3.1   0.1396   -0.4   0   0   1.855e+08   0   0
3.2   0.1473   -0.3813   0   0   1.89e+08   0   0
3.3   0.1552   -0.3622   0   0   1.924e+08   0   0
3.4   0.1634   -0.3428   0   0   1.957e+08   0   0
3.5   0.1718   -0.3231   0   0   1.988e+08   0   0
3.6   0.1803   -0.3031   0   0   2.019e+08   0   0
3.7   0.189   -0.2827   0   0   2.049e+08   0   0
3.8   0.1978   -0.2621   0   0   2.078e+08   0   0
3.9   0.2066   -0.2412   0   0   2.105e+08   0   0
4   0.2154   -0.22   0   0   2.131e+08   0   0
4.1   0.2242   -0.1985   0   0   2.155e+08   0   0
4.2   0.2284   -0.1769   0   0   2.167e+08   0   0
4.3   0.2284   -0.1552   0   0   2.167e+08   0   0
4.4   0.2284   -0.1336   0   0   2.167e+08   0   0
4.5   0.2284   -0.1119   0   0   2.167e+08   0   0
4.6   0.2284   -0.09023   0   0   2.167e+08   0   0
4.7   0.2284   -0.06857   0   0   2.167e+08   0   0
4.8   0.2284   -0.0469   0   0   2.167e+08   0   0
4.9   0.2284   -0.02523   0   0   2.167e+08   0   0
5   0.2284   -0.003567   0   0   2.167e+08   0   0
5.1   0.2284   0.0181   0   0   2.167e+08   0   0
5.2   0.2284   0.03977   0   0   2.167e+08   0   0
5.3   0.2284   0.06143   0   0   2.167e+08   0   0
5.4   0.2284   0.0831   0   0   2.167e+08   0   0
5.5   0.2284   0.1048   0   0   2.167e+08   0   0
5.6   0.2284   0.1264   0   0   2.167e+08   0   0
5.7   0.2284   0.1481   0   0   2.167e+08   0   0
5.8   0.2284   0.1698   0   0   2.167e+08   0   0
5.9   0.2303   0.1914   0   0   2.172e+08   0   0
6   0.2442   0.2133   0   0   2.208e+08   0   0
6.1   0.2578   0.2356   0   0   2.24e+08   0   0
6.2   0.271   0.2581   0   0   2.269e+08   0   0
6.3   0.2838   0.281   0   0   2.296e+08   0   0
6.4   0.2963   0.3041   0   0   2.321e+08   0   0
6.5   0.3083   0.3274   0   0   2.343e+08   0   0
6.6   0.32   0.3509   0   0   2.364e+08   0   0
6.7   0.3313   0.3747   0   0   2.383e+08   0   0
6.8   0.3421   0.3986   0   0   2.401e+08   0   0
6.9   0.3526   0.4227   0   0   2.417e+08   0   0
7   0.3626   0.4469   0   0   2.432e+08   0   0
7.1   0.3722   0.4713   0   0   2.445e+08   0   0
7.2   0.3814   0.4958   0   0   2.458e+08   0   0
7.3   0.3901   0.5204   0   0   2.469e+08   0   0
7.4   0.3984   0.5452   0   0   2.48e+08   0   0
7.5   0.4062   0.57   0   0   2.49e+08   0   0
7.6   0.4136   0.595   0   0   2.498e+08   0   0
7.7   0.4206   0.62   0   0   2.507e+08   0   0
7.8   0.4271   0.6451   0   0   2.514e+08   0   0
7.9   0.4331   0.6703   0   0   2.521e+08   0   0
8   0.4388   0.6955   0   0   2.527e+08   0   0
8.1   0.444   0.7208   0   0   2.533e+08   0   0
8.2   0.4487   0.7462   0   0   2.538e+08   0   0
8.3   0.4499   0.7716   0   0   2.539e+08   0   0
8.4   0.4499   0.797   0   0   2.539e+08   0   0
8.5   0.4499   0.8223   0   0   2.539e+08   0   0
8.6   0.4499   0.8477   0   0   2.539e+08   0   0
8.7   0.4499   0.8731   0   0   2.539e+08   0   0
8.8   0.4499   0.8985   0   0   2.539e+08   0   0
8.9   0.4499   0.9239   0   0   2.539e+08   0   0
9   0.4499   0.9493   0   0   2.539e+08   0   0
9.1   0.4499   0.9747   0   0   2.539e+08   0   0
9.2   0.4499   1   0   0   2.539e+08   0   0
9.3   0.4499   1.025   0   0   2.539e+08   0   0
9.4   0.4499   1.051   0   0   2.539e+08   0   0
9.5   0.4499   1.076   0   0   2.539e+08   0   0
9.6   0.4499   1.102   0   0   2.539e+08   0   0
9.7   0.4507   1.127   -0.002171   0   2.48e+08   -5.475e+07   0
9.8   0.4516   1.151   -0.01104   0   2.235e+08   -1.208e+08   0
9.9   0.4526   1.171   -0.02609   0   1.818e+08   -1.776e+08   0
10   0.4535   1.186   -0.04616   0   1.262e+08   -2.207e+08   0
10.1   0.4545   1.196   -0.0697   0   6.091e+07   -2.47e+08   0
10.2   0.4554   1.198   -0.09493   0   -9.013e+06   -2.543e+08   0
10.3   0.4564   1.194   -0.1199   0   -7.823e+07   -2.422e+08   0
10.4   0.4573   1.183   -0.1427   0   -1.415e+08   -2.117e+08   0
10.5   0.4583   1.166   -0.1617   0   -1.94e+08   -1.651e+08   0
10.6   0.4593   1.145   -0.1753   0   -2.317e+08   -1.06e+08   0
10.7   0.4602   1.12   -0.1826   0   -2.52e+08   -3.893e+07   0
10.8   0.4612   1.095   -0.1829   0   -2.531e+08   3.112e+07   0
10.9   0.4613   1.07   -0.1788   0   -2.516e+08   4.155e+07   0
11   0.4613   1.044   -0.1747   0   -2.516e+08   4.155e+07   0
11.1   0.4613   1.019   -0.1705   0   -2.516e+08   4.155e+07   0
11.2   0.4613   0.9941   -0.1664   0   -2.516e+08   4.155e+07   0
11.3   0.4613   0.9689   -0.1622   0   -2.516e+08   4.155e+07   0
11.4   0.4613   0.9438   -0.1581   0   -2.516e+08   4.155e+07   0
11.5   0.4613   0.9186   -0.1539   0   -2.516e+08   4.155e+07   0
11.6   0.4613   0.8934   -0.1498   0   -2.516e+08   4.155e+07   0
11.7   0.4613   0.8683   -0.1456   0   -2.516e+08   4.155e+07   0
11.8   0.4613   0.8431   -0.1414   0   -2.516e+08   4.155e+07   0
11.9   0.4613   0.8179   -0.1373   0   -2.516e+08   4.155e+07   0
12   0.4613   0.7928   -0.1331   0   -2.516e+08   4.155e+07   0
12.1   0.4613   0.7676   -0.129   0   -2.516e+08   4.155e+07   0
12.2   0.4613   0.7424   -0.1248   0   -2.516e+08   4.155e+07   0
12.3   0.4672   0.7172   -0.1207   0   -2.522e+08   4.165e+07   0
12.4   0.4732   0.692   -0.1165   0   -2.528e+08   4.175e+07   0
12.5   0.4792   0.6667   -0.1123   0   -2.534e+08   4.185e+07   0
12.6   0.4852   0.6413   -0.1081   0   -2.539e+08   4.195e+07   0
12.7   0.4912   0.6159   -0.1039   0   -2.544e+08   4.204e+07   0
12.8   0.4972   0.5904   -0.09972   0   -2.55e+08   4.214e+07   0
12.9   0.5031   0.5649   -0.0955   0   -2.555e+08   4.223e+07   0
13   0.5089   0.5393   -0.09127   0   -2.56e+08   4.232e+07   0
13.1   0.5145   0.5137   -0.08704   0   -2.564e+08   4.24e+07   0
13.2   0.52   0.488   -0.08279   0   -2.569e+08   4.248e+07   0
13.3   0.5252   0.4623   -0.07854   0   -2.573e+08   4.256e+07   0
13.4   0.5301   0.4366   -0.07428   0   -2.577e+08   4.263e+07   0
13.5   0.5347   0.4108   -0.07001   0   -2.58e+08   4.27e+07   0
13.6   0.5388   0.385   -0.06574   0   -2.584e+08   4.276e+07   0
13.7   0.5424   0.3591   -0.06146   0   -2.586e+08   4.281e+07   0
13.8   0.5454   0.3333   -0.05718   0   -2.589e+08   4.285e+07   0
13.9   0.5477   0.3074   -0.05289   0   -2.59e+08   4.288e+07   0
14   0.5491   0.2814   -0.0486   0   -2.591e+08   4.29e+07   0
14.1   0.5495   0.2555   -0.04431   0   -2.592e+08   4.291e+07   0
14.2   0.5486   0.2296   -0.04002   0   -2.591e+08   4.29e+07   0
14.3   0.5462   0.2037   -0.03573   0   -2.589e+08   4.286e+07   0
14.4   0.5433   0.1778   -0.03145   0   -2.587e+08   4.281e+07   0
14.5   0.5433   0.152   -0.02717   0   -2.587e+08   4.281e+07   0
14.6   0.5433   0.1261   -0.02289   0   -2.587e+08   4.281e+07   0
14.7   0.5433   0.1002   -0.01861   0   -2.587e+08   4.281e+07   0
14.8   0.5433   0.07435   -0.01432   0   -2.587e+08   4.281e+07   0
14.9   0.5433   0.04848   -0.01004   0   -2.587e+08   4.281e+07   0
15   0.5433   0.02261   -0.005761   0   -2.587e+08   4.281e+07   0
15.1   0.5433   -0.003258   -0.00148   0   -2.587e+08   4.281e+07   0
15.2   0.5433   -0.02913   0.002802   0   -2.587e+08   4.281e+07   0
15.3   0.5433   -0.055   0.007083   0   -2.587e+08   4.281e+07   0
15.4   0.5433   -0.08087   0.01136   0   -2.587e+08   4.281e+07   0
15.5   0.5433   -0.1067   0.01565   0   -2.587e+08   4.281e+07   0
15.6   0.5433   -0.1326   0.01993   0   -2.587e+08   4.281e+07   0
15.7   0.5433   -0.1585   0.02421   0   -2.587e+08   4.281e+07   0
15.8   0.5433   -0.1844   0.02849   0   -2.587e+08   4.281e+07   0
15.9   0.5638   -0.2103   0.03278   0   -2.602e+08   4.3e+07   0
16   0.584   -0.2364   0.03709   0   -2.616e+08   4.317e+07   0
16.1   0.6025   -0.2626   0.04141   0   -2.628e+08   4.333e+07   0
16.2   0.6195   -0.2889   0.04575   0   -2.639e+08   4.347e+07   0
16.3   0.6352   -0.3154   0.05011   0   -2.648e+08   4.359e+07   0
16.4   0.6498   -0.3419   0.05447   0   -2.656e+08   4.371e+07   0
16.5   0.6634   -0.3685   0.05885   0   -2.663e+08   4.381e+07   0
16.6   0.676   -0.3952   0.06323   0   -2.67e+08   4.39e+07   0
16.7   0.6877   -0.4219   0.06763   0   -2.676e+08   4.398e+07   0
16.8   0.6985   -0.4487   0.07203   0   -2.681e+08   4.406e+07   0
16.9   0.7085   -0.4755   0.07644   0   -2.686e+08   4.413e+07   0
17   0.7178   -0.5024   0.08086   0   -2.69e+08   4.419e+07   0
17.1   0.7264   -0.5293   0.08528   0   -2.694e+08   4.425e+07   0
17.2   0.7343   -0.5563   0.08971   0   -2.698e+08   4.43e+07   0
17.3   0.7415   -0.5833   0.09414   0   -2.701e+08   4.434e+07   0
17.4   0.7481   -0.6103   0.09857   0   -2.704e+08   4.439e+07   0
17.5   0.7541   -0.6374   0.103   0   -2.706e+08   4.442e+07   0
17.6   0.7595   -0.6644   0.1075   0   -2.708e+08   4.446e+07   0
17.7   0.7643   -0.6915   0.1119   0   -2.71e+08   4.449e+07   0
17.8   0.7686   -0.7186   0.1164   0   -2.712e+08   4.451e+07   0
17.9   0.7721   -0.7458   0.1208   0   -2.714e+08   4.453e+07   0
18   0.7721   -0.7729   0.1253   0   -2.714e+08   4.453e+07   0
18.1   0.7721   -0.8   0.1297   0   -2.714e+08   4.453e+07   0
18.2   0.7721   -0.8272   0.1342   0   -2.714e+08   4.453e+07   0
18.3   0.7721   -0.8543   0.1386   0   -2.714e+08   4.453e+07   0
18.4   0.7721   -0.8815   0.1431   0   -2.714e+08   4.453e+07   0
18.5   0.7721   -0.9086   0.1475   0   -2.714e+08   4.453e+07   0
18.6   0.7721   -0.9357   0.152   0   -2.714e+08   4.453e+07   0
18.7   0.7721   -0.9629   0.1564   0   -2.714e+08   4.453e+07   0
18.8   0.7721   -0.99   0.1609   0   -2.714e+08   4.453e+07   0
18.9   0.7721   -1.017   0.1653   0   -2.714e+08   4.453e+07   0
19   0.7721   -1.044   0.1698   0   -2.714e+08   4.453e+07   0
19.1   0.7721   -1.071   0.1742   0   -2.714e+08   4.453e+07   0
19.2   0.7721   -1.099   0.1787   0   -2.714e+08   4.453e+07   0
19.3   0.7721   -1.126   0.1832   0   -2.714e+08   4.453e+07   0
19.4   0.7737   -1.152   0.1891   0   -2.595e+08   9.105e+07   0
19.5   0.7762   -1.177   0.2017   0   -2.255e+08   1.576e+08   0
19.6   0.7788   -1.197   0.2203   0   -1.75e+08   2.125e+08   0
19.7   0.7813   -1.211   0.2437   0   -1.116e+08   2.517e+08   0
19.8   0.7839   -1.219   0.2701   0   -4.017e+07   2.725e+08   0
19.9   0.7865   -1.219   0.2976   0   3.41e+07   2.734e+08   0
20   0.7891   -1.212   0.3241   0   1.058e+08   2.545e+08   0
20.1   0.7917   -1.198   0.3478   0   1.698e+08   2.173e+08   0
20.2   0.7943   -1.179   0.367   0   2.215e+08   1.645e+08   0
20.3   0.7969   -1.154   0.3803   0   2.572e+08   9.989e+07   0
20.4   0.7995   -1.128   0.3867   0   2.746e+08   2.829e+07   0
20.5   0.8021   -1.1   0.3858   0   2.724e+08   -4.524e+07   0
20.6   0.8038   -1.074   0.3781   0   2.604e+08   -9.228e+07   0
20.7   0.8038   -1.048   0.3688   0   2.604e+08   -9.228e+07   0
20.8   0.8038   -1.022   0.3596   0   2.604e+08   -9.228e+07   0
20.9   0.8038   -0.9956   0.3504   0   2.604e+08   -9.228e+07   0
21   0.8038   -0.9696   0.3412   0   2.604e+08   -9.228e+07   0
21.1   0.8038   -0.9435   0.3319   0   2.604e+08   -9.228e+07   0
21.2   0.8038   -0.9175   0.3227   0   2.604e+08   -9.228e+07   0
21.3   0.8038   -0.8915   0.3135   0   2.604e+08   -9.228e+07   0
21.4   0.8038   -0.8654   0.3042   0   2.604e+08   -9.228e+07   0
21.5   0.8038   -0.8394   0.295   0   2.604e+08   -9.228e+07   0
21.6   0.8038   -0.8133   0.2858   0   2.604e+08   -9.228e+07   0
21.7   0.8038   -0.7873   0.2766   0   2.604e+08   -9.228e+07   0
21.8   0.8038   -0.7613   0.2673   0   2.604e+08   -9.228e+07   0
21.9   0.8038   -0.7352   0.2581   0   2.604e+08   -9.228e+07   0
22   0.804   -0.7092   0.2489   0   2.604e+08   -9.228e+07   0
22.1   0.8093   -0.6832   0.2396   0   2.605e+08   -9.234e+07   0
22.2   0.8146   -0.6571   0.2304   0   2.607e+08   -9.24e+07   0
22.3   0.8196   -0.631   0.2212   0   2.609e+08   -9.246e+07   0
22.4   0.8246   -0.6049   0.2119   0   2.611e+08   -9.251e+07   0
22.5   0.8293   -0.5788   0.2027   0   2.612e+08   -9.257e+07   0
22.6   0.8337   -0.5527   0.1934   0   2.614e+08   -9.261e+07   0
22.7   0.8379   -0.5265   0.1841   0   2.615e+08   -9.266e+07   0
22.8   0.8417   -0.5004   0.1749   0   2.616e+08   -9.27e+07   0
22.9   0.8452   -0.4742   0.1656   0   2.618e+08   -9.274e+07   0
23   0.8482   -0.448   0.1563   0   2.619e+08   -9.277e+07   0
23.1   0.8506   -0.4218   0.1471   0   2.619e+08   -9.279e+07   0
23.2   0.8524   -0.3956   0.1378   0   2.62e+08   -9.281e+07   0
23.3   0.8536   -0.3694   0.1285   0   2.62e+08   -9.282e+07   0
23.4   0.8539   -0.3432   0.1192   0   2.62e+08   -9.282e+07   0
23.5   0.8532   -0.317   0.1099   0   2.62e+08   -9.282e+07   0
23.6   0.8515   -0.2908   0.1006   0   2.62e+08   -9.28e+07   0
23.7   0.8485   -0.2646   0.09137   0   2.619e+08   -9.277e+07   0
23.8   0.8439   -0.2385   0.08209   0   2.617e+08   -9.273e+07   0
23.9   0.8373   -0.2123   0.07282   0   2.615e+08   -9.267e+07   0
24   0.8285   -0.1862   0.06356   0   2.612e+08   -9.259e+07   0
24.1   0.8251   -0.16   0.0543   0   2.611e+08   -9.256e+07   0
24.2   0.8251   -0.1339   0.04505   0   2.611e+08   -9.256e+07   0
24.3   0.8251   -0.1078   0.03579   0   2.611e+08   -9.256e+07   0
24.4   0.8251   -0.08172   0.02653   0   2.611e+08   -9.256e+07   0
24.5   0.8251   -0.05562   0.01728   0   2.611e+08   -9.256e+07   0
24.6   0.8251   -0.02951   0.008023   0   2.611e+08   -9.256e+07   0
24.7   0.8251   -0.003399   -0.001233   0   2.611e+08   -9.256e+07   0
24.8   0.8251   0.02271   -0.01049   0   2.611e+08   -9.256e+07   0
24.9   0.8251   0.04882   -0.01974   0   2.611e+08   -9.256e+07   0
25   0.8251   0.07492   -0.029   0   2.611e+08   -9.256e+07   0
25.1   0.8251   0.101   -0.03826   0   2.611e+08   -9.256e+07   0
25.2   0.8251   0.1271   -0.04751   0   2.611e+08   -9.256e+07   0
25.3   0.8251   0.1532   -0.05677   0   2.611e+08   -9.256e+07   0
25.4   0.8277   0.1794   -0.06602   0   2.612e+08   -9.259e+07   0
25.5   0.8519   0.2055   -0.0753   0   2.619e+08   -9.293e+07   0
25.6   0.8734   0.2317   -0.08461   0   2.626e+08   -9.321e+07   0
25.7   0.8927   0.258   -0.09394   0   2.631e+08   -9.345e+07   0
25.8   0.9102   0.2844   -0.1033   0   2.636e+08   -9.365e+07   0
25.9   0.9262   0.3107   -0.1127   0   2.64e+08   -9.383e+07   0
26   0.9407   0.3372   -0.1221   0   2.644e+08   -9.398e+07   0
26.1   0.954   0.3636   -0.1315   0   2.647e+08   -9.412e+07   0
26.2   0.9661   0.3901   -0.1409   0   2.65e+08   -9.423e+07   0
26.3   0.9772   0.4166   -0.1503   0   2.653e+08   -9.434e+07   0
26.4   0.9873   0.4432   -0.1598   0   2.655e+08   -9.443e+07   0
26.5   0.9965   0.4697   -0.1692   0   2.657e+08   -9.452e+07   0
26.6   1.005   0.4963   -0.1787   0   2.659e+08   -9.459e+07   0
26.7   1.013   0.5229   -0.1881   0   2.661e+08   -9.466e+07   0
26.8   1.019   0.5495   -0.1976   0   2.662e+08   -9.472e+07   0
26.9   1.026   0.5762   -0.2071   0   2.664e+08   -9.477e+07   0
27   1.031   0.6028   -0.2165   0   2.665e+08   -9.481e+07   0
27.1   1.036   0.6295   -0.226   0   2.666e+08   -9.485e+07   0
27.2   1.04   0.6561   -0.2355   0   2.667e+08   -9.489e+07   0
27.3   1.044   0.6828   -0.245   0   2.668e+08   -9.491e+07   0
27.4   1.047   0.7095   -0.2545   0   2.668e+08   -9.494e+07   0
27.5   1.047   0.7362   -0.264   0   2.668e+08   -9.494e+07   0
27.6   1.047   0.7628   -0.2735   0   2.668e+08   -9.494e+07   0
27.7   1.047   0.7895   -0.283   0   2.668e+08   -9.494e+07   0
27.8   1.047   0.8162   -0.2925   0   2.668e+08   -9.494e+07   0
27.9   1.047   0.8429   -0.302   0   2.668e+08   -9.494e+07   0
28   1.047   0.8696   -0.3115   0   2.668e+08   -9.494e+07   0
28.1   1.047   0.8962   -0.3209   0   2.668e+08   -9.494e+07   0
28.2   1.047   0.9229   -0.3304   0   2.668e+08   -9.494e+07   0
28.3   1.047   0.9496   -0.3399   0   2.668e+08   -9.494e+07   0
28.4   1.047   0.9763   -0.3494   0   2.668e+08   -9.494e+07   0
28.5   1.047   1.003   -0.3589   0   2.668e+08   -9.494e+07   0
28.6   1.047   1.03   -0.3684   0   2.668e+08   -9.494e+07   0
28.7   1.047   1.056   -0.3779   0   2.668e+08   -9.494e+07   0
28.8   1.047   1.083   -0.3874   0   2.668e+08   -9.494e+07   0
28.9   1.051   1.109   -0.399   0   2.391e+08   -1.519e+08   0
29   1.058   1.13   -0.4177   0   1.815e+08   -2.177e+08   0
29.1   1.064   1.144   -0.4419   0   1.068e+08   -2.627e+08   0
29.2   1.07   1.151   -0.4694   0   2.226e+07   -2.828e+08   0
29.3   1.077   1.149   -0.4976   0   -6.409e+07   -2.765e+08   0
29.4   1.083   1.138   -0.5238   0   -1.443e+08   -2.446e+08   0
29.5   1.09   1.12   -0.5457   0   -2.109e+08   -1.903e+08   0
29.6   1.096   1.097   -0.5613   0   -2.582e+08   -1.189e+08   0
29.7   1.103   1.069   -0.5691   0   -2.82e+08   -3.69e+07   0
29.8   1.109   1.041   -0.5685   0   -2.804e+08   4.815e+07   0
29.9   1.116   1.014   -0.5595   0   -2.539e+08   1.286e+08   0
30   1.116   0.9891   -0.5459   0   -2.499e+08   1.362e+08   0
30.1   1.116   0.9641   -0.5323   0   -2.499e+08   1.362e+08   0
30.2   1.116   0.9391   -0.5187   0   -2.499e+08   1.362e+08   0
30.3   1.116   0.9141   -0.5051   0   -2.499e+08   1.362e+08   0
30.4   1.116   0.8892   -0.4915   0   -2.499e+08   1.362e+08   0
30.5   1.116   0.8642   -0.4779   0   -2.499e+08   1.362e+08   0
30.6   1.116   0.8392   -0.4642   0   -2.499e+08   1.362e+08   0
30.7   1.116   0.8142   -0.4506   0   -2.499e+08   1.362e+08   0
30.8   1.116   0.7892   -0.437   0   -2.499e+08   1.362e+08   0
30.9   1.116   0.7642   -0.4234   0   -2.499e+08   1.362e+08   0
31   1.116   0.7392   -0.4098   0   -2.499e+08   1.362e+08   0
31.1   1.116   0.7142   -0.3962   0   -2.499e+08   1.362e+08   0
31.2   1.116   0.6892   -0.3825   0   -2.499e+08   1.362e+08   0
31.3   1.116   0.6642   -0.3689   0   -2.499e+08   1.362e+08   0
31.4   1.121   0.6392   -0.3553   0   -2.5e+08   1.362e+08   0
31.5   1.126   0.6142   -0.3417   0   -2.501e+08   1.363e+08   0
31.6   1.131   0.5892   -0.328   0   -2.502e+08   1.363e+08   0
31.7   1.136   0.5642   -0.3144   0   -2.503e+08   1.364e+08   0
31.8   1.141   0.5391   -0.3008   0   -2.503e+08   1.364e+08   0
31.9   1.145   0.5141   -0.2871   0   -2.504e+08   1.365e+08   0
32   1.15   0.4891   -0.2735   0   -2.505e+08   1.365e+08   0
32.1   1.154   0.464   -0.2598   0   -2.505e+08   1.366e+08   0
32.2   1.157   0.439   -0.2462   0   -2.506e+08   1.366e+08   0
32.3   1.16   0.4139   -0.2325   0   -2.506e+08   1.366e+08   0
32.4   1.163   0.3888   -0.2188   0   -2.506e+08   1.367e+08   0
32.5   1.165   0.3638   -0.2052   0   -2.507e+08   1.367e+08   0
32.6   1.166   0.3387   -0.1915   0   -2.507e+08   1.367e+08   0
32.7   1.166   0.3136   -0.1778   0   -2.507e+08   1.367e+08   0
32.8   1.166   0.2886   -0.1642   0   -2.507e+08   1.367e+08   0
32.9   1.164   0.2635   -0.1505   0   -2.507e+08   1.367e+08   0
33   1.161   0.2384   -0.1368   0   -2.506e+08   1.366e+08   0
33.1   1.156   0.2134   -0.1232   0   -2.506e+08   1.366e+08   0
33.2   1.149   0.1883   -0.1095   0   -2.505e+08   1.365e+08   0
33.3   1.14   0.1633   -0.09588   0   -2.503e+08   1.363e+08   0
33.4   1.139   0.1382   -0.08225   0   -2.503e+08   1.363e+08   0
33.5   1.139   0.1132   -0.06862   0   -2.503e+08   1.363e+08   0
33.6   1.139   0.08817   -0.05498   0   -2.503e+08   1.363e+08   0
33.7   1.139   0.06314   -0.04135   0   -2.503e+08   1.363e+08   0
33.8   1.139   0.03811   -0.02771   0   -2.503e+08   1.363e+08   0
33.9   1.139   0.01307   -0.01408   0   -2.503e+08   1.363e+08   0
34   1.139   -0.01196   -0.0004437   0   -2.503e+08   1.363e+08   0
34.1   1.139   -0.037   0.01319   0   -2.503e+08   1.363e+08   0
34.2   1.139   -0.06203   0.02682   0   -2.503e+08   1.363e+08   0
34.3   1.139   -0.08706   0.04046   0   -2.503e+08   1.363e+08   0
34.4   1.139   -0.1121   0.05409   0   -2.503e+08   1.363e+08   0
34.5   1.139   -0.1371   0.06773   0   -2.503e+08   1.363e+08   0
34.6   1.139   -0.1622   0.08136   0   -2.503e+08   1.363e+08   0
34.7   1.158   -0.1872   0.095   0   -2.507e+08   1.364e+08   0
34.8   1.181   -0.2123   0.1086   0   -2.511e+08   1.365e+08   0
34.9   1.201   -0.2374   0.1223   0   -2.514e+08   1.366e+08   0
35   1.22   -0.2626   0.136   0   -2.517e+08   1.367e+08   0
35.1   1.237   -0.2878   0.1496   0   -2.52e+08   1.367e+08   0
35.2   1.252   -0.313   0.1633   0   -2.522e+08   1.368e+08   0
35.3   1.266   -0.3382   0.177   0   -2.524e+08   1.369e+08   0
35.4   1.278   -0.3635   0.1907   0   -2.526e+08   1.369e+08   0
35.5   1.29   -0.3887   0.2044   0   -2.527e+08   1.37e+08   0
35.6   1.301   -0.414   0.2181   0   -2.529e+08   1.37e+08   0
35.7   1.311   -0.4393   0.2318   0   -2.53e+08   1.371e+08   0
35.8   1.32   -0.4646   0.2455   0   -2.531e+08   1.371e+08   0
35.9   1.328   -0.4899   0.2592   0   -2.532e+08   1.372e+08   0
36   1.335   -0.5153   0.2729   0   -2.533e+08   1.372e+08   0
36.1   1.342   -0.5406   0.2867   0   -2.534e+08   1.372e+08   0
36.2   1.348   -0.5659   0.3004   0   -2.535e+08   1.373e+08   0
36.3   1.353   -0.5913   0.3141   0   -2.535e+08   1.373e+08   0
36.4   1.358   -0.6166   0.3278   0   -2.536e+08   1.373e+08   0
36.5   1.362   -0.642   0.3416   0   -2.536e+08   1.373e+08   0
36.6   1.365   -0.6674   0.3553   0   -2.537e+08   1.373e+08   0
36.7   1.365   -0.6927   0.369   0   -2.537e+08   1.373e+08   0
36.8   1.365   -0.7181   0.3828   0   -2.537e+08   1.373e+08   0
36.9   1.365   -0.7435   0.3965   0   -2.537e+08   1.373e+08   0
37   1.365   -0.7688   0.4102   0   -2.537e+08   1.373e+08   0
37.1   1.365   -0.7942   0.424   0   -2.537e+08   1.373e+08   0
37.2   1.365   -0.8196   0.4377   0   -2.537e+08   1.373e+08   0
37.3   1.365   -0.8449   0.4514   0   -2.537e+08   1.373e+08   0
37.4   1.365   -0.8703   0.4652   0   -2.537e+08   1.373e+08   0
37.5   1.365   -0.8957   0.4789   0   -2.537e+08   1.373e+08   0
37.6   1.365   -0.921   0.4926   0   -2.537e+08   1.373e+08   0
37.7   1.365   -0.9464   0.5064   0   -2.537e+08   1.373e+08   0
37.8   1.365   -0.9718   0.5201   0   -2.537e+08   1.373e+08   0
37.9   1.365   -0.9971   0.5338   0   -2.537e+08   1.373e+08   0
38   1.365   -1.022   0.5476   0   -2.537e+08   1.373e+08   0
38.1   1.365   -1.048   0.5613   0   -2.537e+08   1.373e+08   0
38.2   1.365   -1.073   0.575   0   -2.537e+08   1.373e+08   0
38.3   1.365   -1.099   0.5888   0   -2.537e+08   1.373e+08   0
38.4   1.365   -1.124   0.6025   0   -2.537e+08   1.373e+08   0
38.5   1.365   -1.149   0.6163   0   -2.537e+08   1.373e+08   0
38.6   1.365   -1.175   0.63   0   -2.537e+08   1.373e+08   0
38.7   1.365   -1.2   0.6437   0   -2.537e+08   1.373e+08   0
38.8   1.365   -1.225   0.6575   0   -2.537e+08   1.373e+08   0
38.9   1.365   -1.251   0.6712   0   -2.537e+08   1.373e+08   0
39   1.365   -1.276   0.6849   0   -2.537e+08   1.373e+08   0
39.1   1.365   -1.302   0.6987   0   -2.537e+08   1.373e+08   0
39.2   1.365   -1.327   0.7124   0   -2.537e+08   1.373e+08   0
39.3   1.365   -1.352   0.7261   0   -2.537e+08   1.373e+08   0
39.4   1.365   -1.378   0.7399   0   -2.537e+08   1.373e+08   0
39.5   1.365   -1.403   0.7536   0   -2.537e+08   1.373e+08   0
39.6   1.365   -1.428   0.7673   0   -2.537e+08   1.373e+08   0
39.7   1.365   -1.454   0.7811   0   -2.537e+08   1.373e+08   0
39.8   1.365   -1.479   0.7948   0   -2.537e+08   1.373e+08   0
39.9   1.365   -1.504   0.8085   0   -2.537e+08   1.373e+08   0
40   1.365   -1.53   0.8223   0   -2.537e+08   1.373e+08   0
40.1   1.365   -1.555   0.836   0   -2.537e+08   1.373e+08   0
40.2   1.365   -1.581   0.8497   0   -2.537e+08   1.373e+08   0
40.3   1.365   -1.606   0.8635   0   -2.537e+08   1.373e+08   0
40.4   1.365   -1.631   0.8772   0   -2.537e+08   1.373e+08   0
40.5   1.365   -1.657   0.8909   0   -2.537e+08   1.373e+08   0
40.6   1.365   -1.682   0.9047   0   -2.537e+08   1.373e+08   0
40.7   1.365   -1.707   0.9184   0   -2.537e+08   1.373e+08   0
40.8   1.365   -1.733   0.9321   0   -2.537e+08   1.373e+08   0
40.9   1.365   -1.758   0.9459   0   -2.537e+08   1.373e+08   0
41   1.365   -1.783   0.9596   0   -2.537e+08   1.373e+08   0
41.1   1.365   -1.809   0.9733   0   -2.537e+08   1.373e+08   0
41.2   1.365   -1.834   0.9871   0   -2.537e+08   1.373e+08   0
41.3   1.365   -1.86   1.001   0   -2.537e+08   1.373e+08   0
41.4   1.365   -1.885   1.015   0   -2.537e+08   1.373e+08   0
41.5   1.365   -1.91   1.028   0   -2.537e+08   1.373e+08   0
41.6   1.365   -1.936   1.042   0   -2.537e+08   1.373e+08   0
41.7   1.365   -1.961   1.056   0   -2.537e+08   1.373e+08   0
41.8   1.365   -1.986   1.069   0   -2.537e+08   1.373e+08   0
41.9   1.365   -2.012   1.083   0   -2.537e+08   1.373e+08   0
42   1.365   -2.037   1.097   0   -2.537e+08   1.373e+08   0
42.1   1.365   -2.063   1.111   0   -2.537e+08   1.373e+08   0
42.2   1.365   -2.088   1.124   0   -2.537e+08   1.373e+08   0
42.3   1.365   -2.113   1.138   0   -2.537e+08   1.373e+08   0
42.4   1.365   -2.139   1.152   0   -2.537e+08   1.373e+08   0
42.5   1.365   -2.164   1.166   0   -2.537e+08   1.373e+08   0
42.6   1.365   -2.189   1.179   0   -2.537e+08   1.373e+08   0
42.7   1.365   -2.215   1.193   0   -2.537e+08   1.373e+08   0
42.8   1.365   -2.24   1.207   0   -2.537e+08   1.373e+08   0
42.9   1.365   -2.265   1.221   0   -2.537e+08   1.373e+08   0
43   1.365   -2.291   1.234   0   -2.537e+08   1.373e+08   0
43.1   1.365   -2.316   1.248   0   -2.537e+08   1.373e+08   0
43.2   1.365   -2.342   1.262   0   -2.537e+08   1.373e+08   0
43.3   1.365   -2.367   1.276   0   -2.537e+08   1.373e+08   0
43.4   1.365   -2.392   1.289   0   -2.537e+08   1.373e+08   0
43.5   1.365   -2.418   1.303   0   -2.537e+08   1.373e+08   0
43.6   1.365   -2.443   1.317   0   -2.537e+08   1.373e+08   0
43.7   1.365   -2.468   1.33   0   -2.537e+08   1.373e+08   0
43.8   1.365   -2.494   1.344   0   -2.537e+08   1.373e+08   0
43.9   1.365   -2.519   1.358   0   -2.537e+08   1.373e+08   0
44   1.365   -2.544   1.372   0   -2.537e+08   1.373e+08   0
44.1   1.365   -2.57   1.385   0   -2.537e+08   1.373e+08   0
44.2   1.365   -2.595   1.399   0   -2.537e+08   1.373e+08   0
44.3   1.365   -2.621   1.413   0   -2.537e+08   1.373e+08   0
44.4   1.365   -2.646   1.427   0   -2.537e+08   1.373e+08   0
44.5   1.365   -2.671   1.44   0   -2.537e+08   1.373e+08   0
44.6   1.365   -2.697   1.454   0   -2.537e+08   1.373e+08   0
44.7   1.365   -2.722   1.468   0   -2.537e+08   1.373e+08   0
44.8   1.365   -2.747   1.482   0   -2.537e+08   1.373e+08   0
44.9   1.365   -2.773   1.495   0   -2.537e+08   1.373e+08   0
45   1.365   -2.798   1.509   0   -2.537e+08   1.373e+08   0
