0   0.04   -0.753   0   0   1.121e+08   0   0
0.1   0.04   -0.753   0   0   1.121e+08   0   0
0.2   0.04   -0.753   0   0   1.121e+08   0   0
0.3   0.04   -0.753   0   0   1.121e+08   0   0
0.4   0.04   -0.753   0   0   1.121e+08   0   0
0.5   0.04   -0.753   0   0   1.121e+08   0   0
0.6   0.04   -0.753   0   0   1.121e+08   0   0
0.7   0.04032   -0.7493   0   0   1.125e+08   0   0
0.8   0.04144   -0.7379   0   0   1.139e+08   0   0
0.9   0.04276   -0.7265   0   0   1.155e+08   0   0
1   0.0443   -0.7148   0   0   1.173e+08   0   0
1.1   0.04605   -0.703   0   0   1.194e+08   0   0
1.2   0.04804   -0.6909   0   0   1.216e+08   0   0
1.3   0.05026   -0.6787   0   0   1.24e+08   0   0
1.4   0.05273   -0.6661   0   0   1.266e+08   0   0
1.5   0.05546   -0.6533   0   0   1.294e+08   0   0
1.6   0.05845   -0.6403   0   0   1.323e+08   0   0
1.7   0.06172   -0.6269   0   0   1.354e+08   0   0
1.8   0.06527   -0.6132   0   0   1.386e+08   0   0
1.9   0.0691   -0.5991   0   0   1.419e+08   0   0
2   0.07324   -0.5848   0   0   1.453e+08   0   0
2.1   0.07767   -0.5701   0   0   1.488e+08   0   0
2.2   0.0824   -0.555   0   0   1.524e+08   0   0
2.3   0.08745   -0.5396   0   0   1.56e+08   0   0
2.4   0.0928   -0.5238   0   0   1.597e+08   0   0
2.5   0.09846   -0.5076   0   0   1.634e+08   0   0
2.6   0.1044   -0.4911   0   0   1.671e+08   0   0
2.7   0.1107   -0.4742   0   0   1.707e+08   0   0
2.8   0.1173   -0.457   0   0   1.744e+08   0   0
2.9   0.1241   -0.4393   0   0   1.78e+08   0   0
3   0.1312   -0.4214   0   0   1.816e+08   0   0
3.1   0.1386   -0.403   0   0   1.851e+08   0   0
3.2   0.1463   -0.3843   0   0   1.886e+08   0   0
3.3   0.1542   -0.3653   0   0   1.919e+08   0   0
3.4   0.1623   -0.346   0   0   1.952e+08   0   0
3.5   0.1705   -0.3263   0   0   1.984e+08   0   0
3.6   0.179   -0.3063   0   0   2.014e+08   0   0
3.7   0.1875   -0.286   0   0   2.044e+08   0   0
3.8   0.1962   -0.2654   0   0   2.072e+08   0   0
3.9   0.2049   -0.2445   0   0   2.1e+08   0   0
4   0.2135   -0.2234   0   0   2.125e+08   0   0
4.1   0.2221   -0.202   0   0   2.15e+08   0   0
4.2   0.2276   -0.1804   0   0   2.165e+08   0   0
4.3   0.2276   -0.1588   0   0   2.165e+08   0   0
4.4   0.2276   -0.1371   0   0   2.165e+08   0   0
4.5   0.2276   -0.1155   0   0   2.165e+08   0   0
4.6   0.2276   -0.09385   0   0   2.165e+08   0   0
4.7   0.2276   -0.0722   0   0   2.165e+08   0   0
4.8   0.2276   -0.05056   0   0   2.165e+08   0   0
4.9   0.2276   -0.02891   0   0   2.165e+08   0   0
5   0.2276   -0.007268   0   0   2.165e+08   0   0
5.1   0.2276   0.01438   0   0   2.165e+08   0   0
5.2   0.2276   0.03602   0   0   2.165e+08   0   0
5.3   0.2276   0.05767   0   0   2.165e+08   0   0
5.4   0.2276   0.07931   0   0   2.165e+08   0   0
5.5   0.2276   0.101   0   0   2.165e+08   0   0
5.6   0.2276   0.1226   0   0   2.165e+08   0   0
5.7   0.2276   0.1443   0   0   2.165e+08   0   0
5.8   0.2276   0.1659   0   0   2.165e+08   0   0
5.9   0.2276   0.1875   0   0   2.165e+08   0   0
6   0.2411   0.2094   0   0   2.2e+08   0   0
6.1   0.2549   0.2315   0   0   2.233e+08   0   0
6.2   0.2683   0.254   0   0   2.263e+08   0   0
6.3   0.2812   0.2768   0   0   2.291e+08   0   0
6.4   0.2939   0.2998   0   0   2.316e+08   0   0
6.5   0.3061   0.3231   0   0   2.339e+08   0   0
6.6   0.3179   0.3466   0   0   2.36e+08   0   0
6.7   0.3293   0.3703   0   0   2.38e+08   0   0
6.8   0.3402   0.3942   0   0   2.398e+08   0   0
6.9   0.3508   0.4183   0   0   2.414e+08   0   0
7   0.3609   0.4425   0   0   2.429e+08   0   0
7.1   0.3706   0.4668   0   0   2.443e+08   0   0
7.2   0.3798   0.4913   0   0   2.456e+08   0   0
7.3   0.3886   0.516   0   0   2.467e+08   0   0
7.4   0.397   0.5407   0   0   2.478e+08   0   0
7.5   0.4049   0.5655   0   0   2.488e+08   0   0
7.6   0.4123   0.5904   0   0   2.497e+08   0   0
7.7   0.4193   0.6154   0   0   2.505e+08   0   0
7.8   0.4259   0.6405   0   0   2.513e+08   0   0
7.9   0.432   0.6657   0   0   2.52e+08   0   0
8   0.4376   0.6909   0   0   2.526e+08   0   0
8.1   0.4428   0.7162   0   0   2.531e+08   0   0
8.2   0.4476   0.7416   0   0   2.536e+08   0   0
8.3   0.4496   0.7669   0   0   2.539e+08   0   0
8.4   0.4496   0.7923   0   0   2.539e+08   0   0
8.5   0.4496   0.8177   0   0   2.539e+08   0   0
8.6   0.4496   0.8431   0   0   2.539e+08   0   0
8.7   0.4496   0.8685   0   0   2.539e+08   0   0
8.8   0.4496   0.8939   0   0   2.539e+08   0   0
8.9   0.4496   0.9193   0   0   2.539e+08   0   0
9   0.4496   0.9446   0   0   2.539e+08   0   0
9.1   0.4496   0.97   0   0   2.539e+08   0   0
9.2   0.4496   0.9954   0   0   2.539e+08   0   0
9.3   0.4496   1.021   0   0   2.539e+08   0   0
9.4   0.4496   1.046   0   0   2.539e+08   0   0
9.5   0.4496   1.072   0   0   2.539e+08   0   0
9.6   0.4496   1.097   0   0   2.539e+08   0   0
9.7   0.4502   1.122   -0.00125   0   2.505e+08   -4.156e+07   0
9.8   0.4511   1.146   -0.008854   0   2.295e+08   -1.089e+08   0
9.9   0.4521   1.168   -0.0228   0   1.909e+08   -1.678e+08   0
10   0.453   1.184   -0.04203   0   1.376e+08   -2.138e+08   0
10.1   0.454   1.195   -0.06505   0   7.373e+07   -2.434e+08   0
10.2   0.455   1.199   -0.0901   0   4.264e+06   -2.544e+08   0
10.3   0.4559   1.195   -0.1153   0   -6.551e+07   -2.459e+08   0
10.4   0.4569   1.186   -0.1386   0   -1.303e+08   -2.187e+08   0
10.5   0.4578   1.17   -0.1584   0   -1.851e+08   -1.749e+08   0
10.6   0.4588   1.149   -0.1731   0   -2.259e+08   -1.178e+08   0
10.7   0.4598   1.125   -0.1816   0   -2.496e+08   -5.184e+07   0
10.8   0.4607   1.1   -0.1833   0   -2.544e+08   1.807e+07   0
10.9   0.461   1.074   -0.1795   0   -2.516e+08   4.179e+07   0
11   0.461   1.049   -0.1753   0   -2.516e+08   4.179e+07   0
11.1   0.461   1.024   -0.1712   0   -2.516e+08   4.179e+07   0
11.2   0.461   0.999   -0.167   0   -2.516e+08   4.179e+07   0
11.3   0.461   0.9738   -0.1628   0   -2.516e+08   4.179e+07   0
11.4   0.461   0.9486   -0.1586   0   -2.516e+08   4.179e+07   0
11.5   0.461   0.9235   -0.1544   0   -2.516e+08   4.179e+07   0
11.6   0.461   0.8983   -0.1503   0   -2.516e+08   4.179e+07   0
11.7   0.461   0.8732   -0.1461   0   -2.516e+08   4.179e+07   0
11.8   0.461   0.848   -0.1419   0   -2.516e+08   4.179e+07   0
11.9   0.461   0.8229   -0.1377   0   -2.516e+08   4.179e+07   0
12   0.461   0.7977   -0.1335   0   -2.516e+08   4.179e+07   0
12.1   0.461   0.7725   -0.1294   0   -2.516e+08   4.179e+07   0
12.2   0.461   0.7474   -0.1252   0   -2.516e+08   4.179e+07   0
12.3   0.4658   0.7222   -0.121   0   -2.52e+08   4.187e+07   0
12.4   0.4717   0.697   -0.1168   0   -2.526e+08   4.197e+07   0
12.5   0.4777   0.6717   -0.1126   0   -2.532e+08   4.206e+07   0
12.6   0.4836   0.6463   -0.1084   0   -2.537e+08   4.216e+07   0
12.7   0.4896   0.6209   -0.1042   0   -2.543e+08   4.225e+07   0
12.8   0.4955   0.5955   -0.09995   0   -2.548e+08   4.234e+07   0
12.9   0.5014   0.57   -0.09571   0   -2.553e+08   4.243e+07   0
13   0.5071   0.5444   -0.09147   0   -2.558e+08   4.252e+07   0
13.1   0.5127   0.5188   -0.08721   0   -2.563e+08   4.26e+07   0
13.2   0.5181   0.4932   -0.08295   0   -2.567e+08   4.267e+07   0
13.3   0.5232   0.4675   -0.07868   0   -2.571e+08   4.275e+07   0
13.4   0.5281   0.4418   -0.0744   0   -2.575e+08   4.281e+07   0
13.5   0.5326   0.416   -0.07011   0   -2.579e+08   4.288e+07   0
13.6   0.5367   0.3902   -0.06582   0   -2.582e+08   4.293e+07   0
13.7   0.5402   0.3644   -0.06153   0   -2.584e+08   4.298e+07   0
13.8   0.5432   0.3385   -0.05723   0   -2.587e+08   4.302e+07   0
13.9   0.5454   0.3126   -0.05292   0   -2.588e+08   4.305e+07   0
14   0.5468   0.2867   -0.04862   0   -2.589e+08   4.307e+07   0
14.1   0.5472   0.2608   -0.04431   0   -2.59e+08   4.307e+07   0
14.2   0.5463   0.2349   -0.04   0   -2.589e+08   4.306e+07   0
14.3   0.544   0.2091   -0.0357   0   -2.587e+08   4.303e+07   0
14.4   0.5401   0.1832   -0.0314   0   -2.584e+08   4.297e+07   0
14.5   0.5401   0.1574   -0.0271   0   -2.584e+08   4.297e+07   0
14.6   0.5401   0.1315   -0.0228   0   -2.584e+08   4.297e+07   0
14.7   0.5401   0.1057   -0.01851   0   -2.584e+08   4.297e+07   0
14.8   0.5401   0.07983   -0.01421   0   -2.584e+08   4.297e+07   0
14.9   0.5401   0.05398   -0.009912   0   -2.584e+08   4.297e+07   0
15   0.5401   0.02814   -0.005615   0   -2.584e+08   4.297e+07   0
15.1   0.5401   0.002297   -0.001317   0   -2.584e+08   4.297e+07   0
15.2   0.5401   -0.02355   0.00298   0   -2.584e+08   4.297e+07   0
15.3   0.5401   -0.04939   0.007278   0   -2.584e+08   4.297e+07   0
15.4   0.5401   -0.07523   0.01158   0   -2.584e+08   4.297e+07   0
15.5   0.5401   -0.1011   0.01587   0   -2.584e+08   4.297e+07   0
15.6   0.5401   -0.1269   0.02017   0   -2.584e+08   4.297e+07   0
15.7   0.5401   -0.1528   0.02447   0   -2.584e+08   4.297e+07   0
15.8   0.5401   -0.1786   0.02877   0   -2.584e+08   4.297e+07   0
15.9   0.5563   -0.2045   0.03307   0   -2.596e+08   4.315e+07   0
16   0.5769   -0.2305   0.0374   0   -2.611e+08   4.336e+07   0
16.1   0.5958   -0.2567   0.04174   0   -2.623e+08   4.355e+07   0
16.2   0.6132   -0.283   0.0461   0   -2.634e+08   4.372e+07   0
16.3   0.6292   -0.3094   0.05048   0   -2.644e+08   4.386e+07   0
16.4   0.6441   -0.3359   0.05488   0   -2.652e+08   4.399e+07   0
16.5   0.6578   -0.3624   0.05928   0   -2.66e+08   4.411e+07   0
16.6   0.6706   -0.3891   0.0637   0   -2.667e+08   4.421e+07   0
16.7   0.6824   -0.4158   0.06812   0   -2.673e+08   4.43e+07   0
16.8   0.6934   -0.4425   0.07256   0   -2.678e+08   4.439e+07   0
16.9   0.7036   -0.4693   0.077   0   -2.683e+08   4.447e+07   0
17   0.713   -0.4962   0.08145   0   -2.688e+08   4.454e+07   0
17.1   0.7216   -0.5231   0.08591   0   -2.691e+08   4.46e+07   0
17.2   0.7296   -0.55   0.09037   0   -2.695e+08   4.465e+07   0
17.3   0.7369   -0.577   0.09484   0   -2.698e+08   4.47e+07   0
17.4   0.7436   -0.604   0.09931   0   -2.701e+08   4.475e+07   0
17.5   0.7496   -0.631   0.1038   0   -2.704e+08   4.479e+07   0
17.6   0.755   -0.6581   0.1083   0   -2.706e+08   4.483e+07   0
17.7   0.7599   -0.6851   0.1128   0   -2.708e+08   4.486e+07   0
17.8   0.7642   -0.7122   0.1172   0   -2.71e+08   4.489e+07   0
17.9   0.768   -0.7393   0.1217   0   -2.711e+08   4.491e+07   0
18   0.7685   -0.7664   0.1262   0   -2.712e+08   4.491e+07   0
18.1   0.7685   -0.7935   0.1307   0   -2.712e+08   4.491e+07   0
18.2   0.7685   -0.8207   0.1352   0   -2.712e+08   4.491e+07   0
18.3   0.7685   -0.8478   0.1397   0   -2.712e+08   4.491e+07   0
18.4   0.7685   -0.8749   0.1442   0   -2.712e+08   4.491e+07   0
18.5   0.7685   -0.902   0.1487   0   -2.712e+08   4.491e+07   0
18.6   0.7685   -0.9291   0.1532   0   -2.712e+08   4.491e+07   0
18.7   0.7685   -0.9562   0.1577   0   -2.712e+08   4.491e+07   0
18.8   0.7685   -0.9834   0.1622   0   -2.712e+08   4.491e+07   0
18.9   0.7685   -1.01   0.1666   0   -2.712e+08   4.491e+07   0
19   0.7685   -1.038   0.1711   0   -2.712e+08   4.491e+07   0
19.1   0.7685   -1.065   0.1756   0   -2.712e+08   4.491e+07   0
19.2   0.7685   -1.092   0.1801   0   -2.712e+08   4.491e+07   0
19.3   0.7685   -1.119   0.1846   0   -2.712e+08   4.491e+07   0
19.4   0.7696   -1.146   0.1898   0   -2.642e+08   7.575e+07   0
19.5   0.7721   -1.171   0.2009   0   -2.341e+08   1.443e+08   0
19.6   0.7747   -1.192   0.2183   0   -1.866e+08   2.022e+08   0
19.7   0.7772   -1.208   0.2409   0   -1.253e+08   2.45e+08   0
19.8   0.7798   -1.217   0.2668   0   -5.499e+07   2.698e+08   0
19.9   0.7823   -1.219   0.2942   0   1.931e+07   2.747e+08   0
20   0.7849   -1.213   0.321   0   9.212e+07   2.596e+08   0
20.1   0.7875   -1.2   0.3454   0   1.581e+08   2.257e+08   0
20.2   0.7901   -1.182   0.3656   0   2.126e+08   1.755e+08   0
20.3   0.7927   -1.158   0.3801   0   2.517e+08   1.127e+08   0
20.4   0.7953   -1.132   0.3878   0   2.727e+08   4.184e+07   0
20.5   0.7979   -1.104   0.3883   0   2.742e+08   -3.19e+07   0
20.6   0.8   -1.078   0.3815   0   2.605e+08   -9.153e+07   0
20.7   0.8   -1.052   0.3724   0   2.605e+08   -9.153e+07   0
20.8   0.8   -1.026   0.3632   0   2.605e+08   -9.153e+07   0
20.9   0.8   -0.9995   0.3541   0   2.605e+08   -9.153e+07   0
21   0.8   -0.9734   0.3449   0   2.605e+08   -9.153e+07   0
21.1   0.8   -0.9474   0.3358   0   2.605e+08   -9.153e+07   0
21.2   0.8   -0.9214   0.3266   0   2.605e+08   -9.153e+07   0
21.3   0.8   -0.8953   0.3175   0   2.605e+08   -9.153e+07   0
21.4   0.8   -0.8693   0.3083   0   2.605e+08   -9.153e+07   0
21.5   0.8   -0.8432   0.2992   0   2.605e+08   -9.153e+07   0
21.6   0.8   -0.8172   0.29   0   2.605e+08   -9.153e+07   0
21.7   0.8   -0.7911   0.2808   0   2.605e+08   -9.153e+07   0
21.8   0.8   -0.7651   0.2717   0   2.605e+08   -9.153e+07   0
21.9   0.8   -0.739   0.2625   0   2.605e+08   -9.153e+07   0
22   0.8   -0.713   0.2534   0   2.605e+08   -9.153e+07   0
22.1   0.8046   -0.6869   0.2442   0   2.606e+08   -9.159e+07   0
22.2   0.8097   -0.6609   0.2351   0   2.608e+08   -9.166e+07   0
22.3   0.8148   -0.6348   0.2259   0   2.61e+08   -9.172e+07   0
22.4   0.8197   -0.6087   0.2167   0   2.611e+08   -9.179e+07   0
22.5   0.8243   -0.5825   0.2075   0   2.613e+08   -9.185e+07   0
22.6   0.8288   -0.5564   0.1984   0   2.614e+08   -9.19e+07   0
22.7   0.8329   -0.5302   0.1892   0   2.616e+08   -9.195e+07   0
22.8   0.8367   -0.5041   0.18   0   2.617e+08   -9.2e+07   0
22.9   0.8401   -0.4779   0.1708   0   2.618e+08   -9.205e+07   0
23   0.843   -0.4517   0.1616   0   2.619e+08   -9.208e+07   0
23.1   0.8454   -0.4255   0.1523   0   2.62e+08   -9.211e+07   0
23.2   0.8473   -0.3993   0.1431   0   2.62e+08   -9.214e+07   0
23.3   0.8484   -0.3731   0.1339   0   2.621e+08   -9.215e+07   0
23.4   0.8487   -0.3469   0.1247   0   2.621e+08   -9.215e+07   0
23.5   0.8481   -0.3207   0.1155   0   2.621e+08   -9.214e+07   0
23.6   0.8464   -0.2945   0.1063   0   2.62e+08   -9.212e+07   0
23.7   0.8434   -0.2683   0.09707   0   2.619e+08   -9.208e+07   0
23.8   0.8388   -0.2421   0.08786   0   2.618e+08   -9.202e+07   0
23.9   0.8325   -0.2159   0.07866   0   2.616e+08   -9.193e+07   0
24   0.8238   -0.1898   0.06947   0   2.613e+08   -9.181e+07   0
24.1   0.8184   -0.1637   0.0603   0   2.611e+08   -9.173e+07   0
24.2   0.8184   -0.1376   0.05113   0   2.611e+08   -9.173e+07   0
24.3   0.8184   -0.1115   0.04195   0   2.611e+08   -9.173e+07   0
24.4   0.8184   -0.08535   0.03278   0   2.611e+08   -9.173e+07   0
24.5   0.8184   -0.05924   0.02361   0   2.611e+08   -9.173e+07   0
24.6   0.8184   -0.03312   0.01444   0   2.611e+08   -9.173e+07   0
24.7   0.8184   -0.007012   0.005264   0   2.611e+08   -9.173e+07   0
24.8   0.8184   0.0191   -0.003909   0   2.611e+08   -9.173e+07   0
24.9   0.8184   0.04521   -0.01308   0   2.611e+08   -9.173e+07   0
25   0.8184   0.07132   -0.02225   0   2.611e+08   -9.173e+07   0
25.1   0.8184   0.09743   -0.03143   0   2.611e+08   -9.173e+07   0
25.2   0.8184   0.1235   -0.0406   0   2.611e+08   -9.173e+07   0
25.3   0.8184   0.1497   -0.04977   0   2.611e+08   -9.173e+07   0
25.4   0.8184   0.1758   -0.05894   0   2.611e+08   -9.173e+07   0
25.5   0.8403   0.2019   -0.06813   0   2.619e+08   -9.192e+07   0
25.6   0.8623   0.2281   -0.07733   0   2.626e+08   -9.21e+07   0
25.7   0.8821   0.2544   -0.08655   0   2.632e+08   -9.227e+07   0
25.8   0.8999   0.2808   -0.09578   0   2.637e+08   -9.242e+07   0
25.9   0.9162   0.3072   -0.105   0   2.642e+08   -9.255e+07   0
26   0.9309   0.3336   -0.1143   0   2.646e+08   -9.266e+07   0
26.1   0.9444   0.3601   -0.1236   0   2.649e+08   -9.277e+07   0
26.2   0.9567   0.3866   -0.1328   0   2.653e+08   -9.286e+07   0
26.3   0.9679   0.4131   -0.1421   0   2.655e+08   -9.294e+07   0
26.4   0.9782   0.4397   -0.1514   0   2.658e+08   -9.302e+07   0
26.5   0.9875   0.4663   -0.1607   0   2.66e+08   -9.309e+07   0
26.6   0.996   0.4929   -0.17   0   2.662e+08   -9.315e+07   0
26.7   1.004   0.5195   -0.1794   0   2.664e+08   -9.32e+07   0
26.8   1.011   0.5462   -0.1887   0   2.665e+08   -9.325e+07   0
26.9   1.017   0.5728   -0.198   0   2.667e+08   -9.329e+07   0
27   1.022   0.5995   -0.2073   0   2.668e+08   -9.333e+07   0
27.1   1.027   0.6262   -0.2167   0   2.669e+08   -9.337e+07   0
27.2   1.031   0.6529   -0.226   0   2.67e+08   -9.34e+07   0
27.3   1.035   0.6796   -0.2354   0   2.671e+08   -9.342e+07   0
27.4   1.038   0.7063   -0.2447   0   2.671e+08   -9.344e+07   0
27.5   1.039   0.733   -0.254   0   2.672e+08   -9.345e+07   0
27.6   1.039   0.7597   -0.2634   0   2.672e+08   -9.345e+07   0
27.7   1.039   0.7865   -0.2727   0   2.672e+08   -9.345e+07   0
27.8   1.039   0.8132   -0.2821   0   2.672e+08   -9.345e+07   0
27.9   1.039   0.8399   -0.2914   0   2.672e+08   -9.345e+07   0
28   1.039   0.8666   -0.3008   0   2.672e+08   -9.345e+07   0
28.1   1.039   0.8933   -0.3101   0   2.672e+08   -9.345e+07   0
28.2   1.039   0.92   -0.3195   0   2.672e+08   -9.345e+07   0
28.3   1.039   0.9467   -0.3288   0   2.672e+08   -9.345e+07   0
28.4   1.039   0.9735   -0.3382   0   2.672e+08   -9.345e+07   0
28.5   1.039   1   -0.3475   0   2.672e+08   -9.345e+07   0
28.6   1.039   1.027   -0.3568   0   2.672e+08   -9.345e+07   0
28.7   1.039   1.054   -0.3662   0   2.672e+08   -9.345e+07   0
28.8   1.039   1.08   -0.3755   0   2.672e+08   -9.345e+07   0
28.9   1.042   1.107   -0.3858   0   2.51e+08   -1.308e+08   0
29   1.048   1.129   -0.4026   0   1.989e+08   -2.017e+08   0
29.1   1.054   1.146   -0.4255   0   1.278e+08   -2.529e+08   0
29.2   1.061   1.154   -0.4524   0   4.469e+07   -2.8e+08   0
29.3   1.067   1.154   -0.4806   0   -4.236e+07   -2.805e+08   0
29.4   1.073   1.146   -0.5076   0   -1.252e+08   -2.547e+08   0
29.5   1.08   1.13   -0.5307   0   -1.961e+08   -2.053e+08   0
29.6   1.086   1.107   -0.5479   0   -2.488e+08   -1.371e+08   0
29.7   1.093   1.081   -0.5577   0   -2.785e+08   -5.658e+07   0
29.8   1.099   1.052   -0.559   0   -2.828e+08   2.883e+07   0
29.9   1.106   1.025   -0.5519   0   -2.617e+08   1.114e+08   0
30   1.108   0.9999   -0.5386   0   -2.495e+08   1.367e+08   0
30.1   1.108   0.9749   -0.525   0   -2.495e+08   1.367e+08   0
30.2   1.108   0.95   -0.5113   0   -2.495e+08   1.367e+08   0
30.3   1.108   0.9251   -0.4976   0   -2.495e+08   1.367e+08   0
30.4   1.108   0.9001   -0.4839   0   -2.495e+08   1.367e+08   0
30.5   1.108   0.8752   -0.4703   0   -2.495e+08   1.367e+08   0
30.6   1.108   0.8502   -0.4566   0   -2.495e+08   1.367e+08   0
30.7   1.108   0.8253   -0.4429   0   -2.495e+08   1.367e+08   0
30.8   1.108   0.8003   -0.4292   0   -2.495e+08   1.367e+08   0
30.9   1.108   0.7754   -0.4156   0   -2.495e+08   1.367e+08   0
31   1.108   0.7504   -0.4019   0   -2.495e+08   1.367e+08   0
31.1   1.108   0.7255   -0.3882   0   -2.495e+08   1.367e+08   0
31.2   1.108   0.7005   -0.3746   0   -2.495e+08   1.367e+08   0
31.3   1.108   0.6756   -0.3609   0   -2.495e+08   1.367e+08   0
31.4   1.111   0.6507   -0.3472   0   -2.495e+08   1.367e+08   0
31.5   1.116   0.6257   -0.3335   0   -2.496e+08   1.368e+08   0
31.6   1.121   0.6007   -0.3199   0   -2.497e+08   1.368e+08   0
31.7   1.126   0.5758   -0.3062   0   -2.498e+08   1.369e+08   0
31.8   1.131   0.5508   -0.2925   0   -2.499e+08   1.369e+08   0
31.9   1.135   0.5258   -0.2788   0   -2.499e+08   1.369e+08   0
32   1.14   0.5008   -0.2651   0   -2.5e+08   1.369e+08   0
32.1   1.144   0.4758   -0.2514   0   -2.501e+08   1.37e+08   0
32.2   1.147   0.4508   -0.2377   0   -2.501e+08   1.37e+08   0
32.3   1.15   0.4258   -0.224   0   -2.502e+08   1.37e+08   0
32.4   1.153   0.4007   -0.2103   0   -2.502e+08   1.37e+08   0
32.5   1.154   0.3757   -0.1966   0   -2.503e+08   1.37e+08   0
32.6   1.156   0.3507   -0.1829   0   -2.503e+08   1.37e+08   0
32.7   1.156   0.3257   -0.1692   0   -2.503e+08   1.37e+08   0
32.8   1.155   0.3006   -0.1555   0   -2.503e+08   1.37e+08   0
32.9   1.154   0.2756   -0.1418   0   -2.503e+08   1.37e+08   0
33   1.151   0.2506   -0.1281   0   -2.502e+08   1.37e+08   0
33.1   1.146   0.2256   -0.1144   0   -2.501e+08   1.37e+08   0
33.2   1.139   0.2006   -0.1007   0   -2.5e+08   1.37e+08   0
33.3   1.13   0.1756   -0.08698   0   -2.498e+08   1.37e+08   0
33.4   1.127   0.1506   -0.07328   0   -2.497e+08   1.37e+08   0
33.5   1.127   0.1256   -0.05959   0   -2.497e+08   1.37e+08   0
33.6   1.127   0.1006   -0.04589   0   -2.497e+08   1.37e+08   0
33.7   1.127   0.07567   -0.0322   0   -2.497e+08   1.37e+08   0
33.8   1.127   0.05069   -0.0185   0   -2.497e+08   1.37e+08   0
33.9   1.127   0.02572   -0.004804   0   -2.497e+08   1.37e+08   0
34   1.127   0.0007436   0.008891   0   -2.497e+08   1.37e+08   0
34.1   1.127   -0.02423   0.02259   0   -2.497e+08   1.37e+08   0
34.2   1.127   -0.0492   0.03628   0   -2.497e+08   1.37e+08   0
34.3   1.127   -0.07418   0.04998   0   -2.497e+08   1.37e+08   0
34.4   1.127   -0.09915   0.06367   0   -2.497e+08   1.37e+08   0
34.5   1.127   -0.1241   0.07737   0   -2.497e+08   1.37e+08   0
34.6   1.127   -0.1491   0.09107   0   -2.497e+08   1.37e+08   0
34.7   1.14   -0.1741   0.1048   0   -2.499e+08   1.372e+08   0
34.8   1.164   -0.1991   0.1185   0   -2.502e+08   1.375e+08   0
34.9   1.185   -0.2241   0.1323   0   -2.504e+08   1.378e+08   0
35   1.203   -0.2492   0.1461   0   -2.507e+08   1.38e+08   0
35.1   1.221   -0.2743   0.1599   0   -2.509e+08   1.382e+08   0
35.2   1.236   -0.2993   0.1737   0   -2.511e+08   1.384e+08   0
35.3   1.25   -0.3245   0.1876   0   -2.512e+08   1.386e+08   0
35.4   1.263   -0.3496   0.2014   0   -2.514e+08   1.387e+08   0
35.5   1.275   -0.3747   0.2153   0   -2.515e+08   1.388e+08   0
35.6   1.286   -0.3999   0.2292   0   -2.516e+08   1.389e+08   0
35.7   1.296   -0.4251   0.2431   0   -2.517e+08   1.39e+08   0
35.8   1.305   -0.4502   0.257   0   -2.518e+08   1.391e+08   0
35.9   1.313   -0.4754   0.2709   0   -2.519e+08   1.392e+08   0
36   1.321   -0.5006   0.2848   0   -2.52e+08   1.392e+08   0
36.1   1.328   -0.5258   0.2987   0   -2.521e+08   1.393e+08   0
36.2   1.334   -0.551   0.3127   0   -2.521e+08   1.393e+08   0
36.3   1.339   -0.5762   0.3266   0   -2.522e+08   1.394e+08   0
36.4   1.344   -0.6015   0.3405   0   -2.522e+08   1.394e+08   0
36.5   1.348   -0.6267   0.3545   0   -2.523e+08   1.394e+08   0
36.6   1.352   -0.6519   0.3684   0   -2.523e+08   1.395e+08   0
36.7   1.352   -0.6772   0.3824   0   -2.523e+08   1.395e+08   0
36.8   1.352   -0.7024   0.3963   0   -2.523e+08   1.395e+08   0
36.9   1.352   -0.7276   0.4103   0   -2.523e+08   1.395e+08   0
37   1.352   -0.7529   0.4242   0   -2.523e+08   1.395e+08   0
37.1   1.352   -0.7781   0.4382   0   -2.523e+08   1.395e+08   0
37.2   1.352   -0.8033   0.4521   0   -2.523e+08   1.395e+08   0
37.3   1.352   -0.8285   0.466   0   -2.523e+08   1.395e+08   0
37.4   1.352   -0.8538   0.48   0   -2.523e+08   1.395e+08   0
37.5   1.352   -0.879   0.4939   0   -2.523e+08   1.395e+08   0
37.6   1.352   -0.9042   0.5079   0   -2.523e+08   1.395e+08   0
37.7   1.352   -0.9295   0.5218   0   -2.523e+08   1.395e+08   0
37.8   1.352   -0.9547   0.5358   0   -2.523e+08   1.395e+08   0
37.9   1.352   -0.9799   0.5497   0   -2.523e+08   1.395e+08   0
38   1.352   -1.005   0.5637   0   -2.523e+08   1.395e+08   0
38.1   1.352   -1.03   0.5776   0   -2.523e+08   1.395e+08   0
38.2   1.352   -1.056   0.5916   0   -2.523e+08   1.395e+08   0
38.3   1.352   -1.081   0.6055   0   -2.523e+08   1.395e+08   0
38.4   1.352   -1.106   0.6195   0   -2.523e+08   1.395e+08   0
38.5   1.352   -1.131   0.6334   0   -2.523e+08   1.395e+08   0
38.6   1.352   -1.157   0.6473   0   -2.523e+08   1.395e+08   0
38.7   1.352   -1.182   0.6613   0   -2.523e+08   1.395e+08   0
38.8   1.352   -1.207   0.6752   0   -2.523e+08   1.395e+08   0
38.9   1.352   -1.232   0.6892   0   -2.523e+08   1.395e+08   0
39   1.352   -1.257   0.7031   0   -2.523e+08   1.395e+08   0
39.1   1.352   -1.283   0.7171   0   -2.523e+08   1.395e+08   0
39.2   1.352   -1.308   0.731   0   -2.523e+08   1.395e+08   0
39.3   1.352   -1.333   0.745   0   -2.523e+08   1.395e+08   0
39.4   1.352   -1.358   0.7589   0   -2.523e+08   1.395e+08   0
39.5   1.352   -1.384   0.7729   0   -2.523e+08   1.395e+08   0
39.6   1.352   -1.409   0.7868   0   -2.523e+08   1.395e+08   0
39.7   1.352   -1.434   0.8008   0   -2.523e+08   1.395e+08   0
39.8   1.352   -1.459   0.8147   0   -2.523e+08   1.395e+08   0
39.9   1.352   -1.485   0.8286   0   -2.523e+08   1.395e+08   0
40   1.352   -1.51   0.8426   0   -2.523e+08   1.395e+08   0
40.1   1.352   -1.535   0.8565   0   -2.523e+08   1.395e+08   0
40.2   1.352   -1.56   0.8705   0   -2.523e+08   1.395e+08   0
40.3   1.352   -1.586   0.8844   0   -2.523e+08   1.395e+08   0
40.4   1.352   -1.611   0.8984   0   -2.523e+08   1.395e+08   0
40.5   1.352   -1.636   0.9123   0   -2.523e+08   1.395e+08   0
40.6   1.352   -1.661   0.9263   0   -2.523e+08   1.395e+08   0
40.7   1.352   -1.686   0.9402   0   -2.523e+08   1.395e+08   0
40.8   1.352   -1.712   0.9542   0   -2.523e+08   1.395e+08   0
40.9   1.352   -1.737   0.9681   0   -2.523e+08   1.395e+08   0
41   1.352   -1.762   0.9821   0   -2.523e+08   1.395e+08   0
41.1   1.352   -1.787   0.996   0   -2.523e+08   1.395e+08   0
41.2   1.352   -1.813   1.01   0   -2.523e+08   1.395e+08   0
41.3   1.352   -1.838   1.024   0   -2.523e+08   1.395e+08   0
41.4   1.352   -1.863   1.038   0   -2.523e+08   1.395e+08   0
41.5   1.352   -1.888   1.052   0   -2.523e+08   1.395e+08   0
41.6   1.352   -1.914   1.066   0   -2.523e+08   1.395e+08   0
41.7   1.352   -1.939   1.08   0   -2.523e+08   1.395e+08   0
41.8   1.352   -1.964   1.094   0   -2.523e+08   1.395e+08   0
41.9   1.352   -1.989   1.108   0   -2.523e+08   1.395e+08   0
42   1.352   -2.014   1.122   0   -2.523e+08   1.395e+08   0
42.1   1.352   -2.04   1.135   0   -2.523e+08   1.395e+08   0
42.2   1.352   -2.065   1.149   0   -2.523e+08   1.395e+08   0
42.3   1.352   -2.09   1.163   0   -2.523e+08   1.395e+08   0
42.4   1.352   -2.115   1.177   0   -2.523e+08   1.395e+08   0
42.5   1.352   -2.141   1.191   0   -2.523e+08   1.395e+08   0
42.6   1.352   -2.166   1.205   0   -2.523e+08   1.395e+08   0
42.7   1.352   -2.191   1.219   0   -2.523e+08   1.395e+08   0
42.8   1.352   -2.216   1.233   0   -2.523e+08   1.395e+08   0
42.9   1.352   -2.242   1.247   0   -2.523e+08   1.395e+08   0
43   1.352   -2.267   1.261   0   -2.523e+08   1.395e+08   0
43.1   1.352   -2.292   1.275   0   -2.523e+08   1.395e+08   0
43.2   1.352   -2.317   1.289   0   -2.523e+08   1.395e+08   0
43.3   1.352   -2.342   1.303   0   -2.523e+08   1.395e+08   0
43.4   1.352   -2.368   1.317   0   -2.523e+08   1.395e+08   0
43.5   1.352   -2.393   1.331   0   -2.523e+08   1.395e+08   0
43.6   1.352   -2.418   1.345   0   -2.523e+08   1.395e+08   0
43.7   1.352   -2.443   1.359   0   -2.523e+08   1.395e+08   0
43.8   1.352   -2.469   1.373   0   -2.523e+08   1.395e+08   0
43.9   1.352   -2.494   1.386   0   -2.523e+08   1.395e+08   0
44   1.352   -2.519   1.4   0   -2.523e+08   1.395e+08   0
44.1   1.352   -2.544   1.414   0   -2.523e+08   1.395e+08   0
44.2   1.352   -2.57   1.428   0   -2.523e+08   1.395e+08   0
44.3   1.352   -2.595   1.442   0   -2.523e+08   1.395e+08   0
44.4   1.352   -2.62   1.456   0   -2.523e+08   1.395e+08   0
44.5   1.352   -2.645   1.47   0   -2.523e+08   1.395e+08   0
44.6   1.352   -2.67   1.484   0   -2.523e+08   1.395e+08   0
44.7   1.352   -2.696   1.498   0   -2.523e+08   1.395e+08   0
44.8   1.352   -2.721   1.512   0   -2.523e+08   1.395e+08   0
44.9   1.352   -2.746   1.526   0   -2.523e+08   1.395e+08   0
45   1.352   -2.771   1.54   0   -2.523e+08   1.395e+08   0
