0   0.04   -0.753   0   0   1.121e+08   0   0
0.1   0.04   -0.753   0   0   1.121e+08   0   0
0.2   0.04   -0.753   0   0   1.121e+08   0   0
0.3   0.04   -0.753   0   0   1.121e+08   0   0
0.4   0.04   -0.753   0   0   1.121e+08   0   0
0.5   0.04   -0.753   0   0   1.121e+08   0   0
0.6   0.04   -0.753   0   0   1.121e+08   0   0
0.7   0.04012   -0.7515   0   0   1.123e+08   0   0
0.8   0.04123   -0.7402   0   0   1.137e+08   0   0
0.9   0.04255   -0.7288   0   0   1.153e+08   0   0
1   0.04408   -0.7171   0   0   1.171e+08   0   0
1.1   0.04583   -0.7053   0   0   1.191e+08   0   0
1.2   0.0478   -0.6933   0   0   1.213e+08   0   0
1.3   0.05001   -0.6811   0   0   1.237e+08   0   0
1.4   0.05247   -0.6686   0   0   1.263e+08   0   0
1.5   0.05518   -0.6558   0   0   1.291e+08   0   0
1.6   0.05816   -0.6427   0   0   1.32e+08   0   0
1.7   0.0614   -0.6294   0   0   1.351e+08   0   0
1.8   0.06493   -0.6157   0   0   1.383e+08   0   0
1.9   0.06874   -0.6017   0   0   1.416e+08   0   0
2   0.07284   -0.5874   0   0   1.45e+08   0   0
2.1   0.07725   -0.5727   0   0   1.485e+08   0   0
2.2   0.08195   -0.5577   0   0   1.521e+08   0   0
2.3   0.08696   -0.5423   0   0   1.557e+08   0   0
2.4   0.09227   -0.5265   0   0   1.593e+08   0   0
2.5   0.09788   -0.5104   0   0   1.63e+08   0   0
2.6   0.1038   -0.4939   0   0   1.667e+08   0   0
2.7   0.11   -0.4771   0   0   1.704e+08   0   0
2.8   0.1165   -0.4599   0   0   1.74e+08   0   0
2.9   0.1233   -0.4423   0   0   1.776e+08   0   0
3   0.1304   -0.4243   0   0   1.812e+08   0   0
3.1   0.1377   -0.406   0   0   1.847e+08   0   0
3.2   0.1453   -0.3874   0   0   1.881e+08   0   0
3.3   0.1531   -0.3684   0   0   1.915e+08   0   0
3.4   0.1611   -0.3491   0   0   1.947e+08   0   0
3.5   0.1693   -0.3295   0   0   1.979e+08   0   0
3.6   0.1776   -0.3095   0   0   2.01e+08   0   0
3.7   0.1861   -0.2893   0   0   2.039e+08   0   0
3.8   0.1946   -0.2687   0   0   2.067e+08   0   0
3.9   0.2031   -0.2479   0   0   2.094e+08   0   0
4   0.2117   -0.2269   0   0   2.12e+08   0   0
4.1   0.2201   -0.2055   0   0   2.144e+08   0   0
4.2   0.2268   -0.184   0   0   2.162e+08   0   0
4.3   0.2268   -0.1624   0   0   2.162e+08   0   0
4.4   0.2268   -0.1407   0   0   2.162e+08   0   0
4.5   0.2268   -0.1191   0   0   2.162e+08   0   0
4.6   0.2268   -0.09748   0   0   2.162e+08   0   0
4.7   0.2268   -0.07586   0   0   2.162e+08   0   0
4.8   0.2268   -0.05423   0   0   2.162e+08   0   0
4.9   0.2268   -0.03261   0   0   2.162e+08   0   0
5   0.2268   -0.01098   0   0   2.162e+08   0   0
5.1   0.2268   0.01064   0   0   2.162e+08   0   0
5.2   0.2268   0.03227   0   0   2.162e+08   0   0
5.3   0.2268   0.05389   0   0   2.162e+08   0   0
5.4   0.2268   0.07552   0   0   2.162e+08   0   0
5.5   0.2268   0.09714   0   0   2.162e+08   0   0
5.6   0.2268   0.1188   0   0   2.162e+08   0   0
5.7   0.2268   0.1404   0   0   2.162e+08   0   0
5.8   0.2268   0.162   0   0   2.162e+08   0   0
5.9   0.2268   0.1836   0   0   2.162e+08   0   0
6   0.238   0.2054   0   0   2.192e+08   0   0
6.1   0.2519   0.2275   0   0   2.226e+08   0   0
6.2   0.2655   0.2499   0   0   2.257e+08   0   0
6.3   0.2787   0.2726   0   0   2.286e+08   0   0
6.4   0.2914   0.2956   0   0   2.311e+08   0   0
6.5   0.3038   0.3188   0   0   2.335e+08   0   0
6.6   0.3157   0.3423   0   0   2.357e+08   0   0
6.7   0.3272   0.366   0   0   2.376e+08   0   0
6.8   0.3383   0.3898   0   0   2.395e+08   0   0
6.9   0.349   0.4139   0   0   2.411e+08   0   0
7   0.3592   0.4381   0   0   2.427e+08   0   0
7.1   0.3689   0.4624   0   0   2.441e+08   0   0
7.2   0.3783   0.4869   0   0   2.454e+08   0   0
7.3   0.3871   0.5115   0   0   2.465e+08   0   0
7.4   0.3955   0.5362   0   0   2.476e+08   0   0
7.5   0.4035   0.561   0   0   2.486e+08   0   0
7.6   0.411   0.5859   0   0   2.495e+08   0   0
7.7   0.4181   0.6109   0   0   2.504e+08   0   0
7.8   0.4246   0.636   0   0   2.511e+08   0   0
7.9   0.4308   0.6611   0   0   2.518e+08   0   0
8   0.4365   0.6863   0   0   2.525e+08   0   0
8.1   0.4417   0.7116   0   0   2.53e+08   0   0
8.2   0.4466   0.7369   0   0   2.535e+08   0   0
8.3   0.4494   0.7623   0   0   2.538e+08   0   0
8.4   0.4494   0.7877   0   0   2.538e+08   0   0
8.5   0.4494   0.8131   0   0   2.538e+08   0   0
8.6   0.4494   0.8385   0   0   2.538e+08   0   0
8.7   0.4494   0.8638   0   0   2.538e+08   0   0
8.8   0.4494   0.8892   0   0   2.538e+08   0   0
8.9   0.4494   0.9146   0   0   2.538e+08   0   0
9   0.4494   0.94   0   0   2.538e+08   0   0
9.1   0.4494   0.9654   0   0   2.538e+08   0   0
9.2   0.4494   0.9908   0   0   2.538e+08   0   0
9.3   0.4494   1.016   0   0   2.538e+08   0   0
9.4   0.4494   1.042   0   0   2.538e+08   0   0
9.5   0.4494   1.067   0   0   2.538e+08   0   0
9.6   0.4494   1.092   0   0   2.538e+08   0   0
9.7   0.4498   1.118   -0.0006087   0   2.522e+08   -2.895e+07   0
9.8   0.4507   1.142   -0.006994   0   2.346e+08   -9.724e+07   0
9.9   0.4517   1.164   -0.01987   0   1.99e+08   -1.58e+08   0
10   0.4526   1.181   -0.03824   0   1.48e+08   -2.066e+08   0
10.1   0.4536   1.193   -0.06071   0   8.571e+07   -2.394e+08   0
10.2   0.4546   1.198   -0.08553   0   1.685e+07   -2.538e+08   0
10.3   0.4555   1.196   -0.1108   0   -5.327e+07   -2.488e+08   0
10.4   0.4565   1.188   -0.1347   0   -1.193e+08   -2.249e+08   0
10.5   0.4574   1.173   -0.1552   0   -1.763e+08   -1.838e+08   0
10.6   0.4584   1.153   -0.1709   0   -2.198e+08   -1.288e+08   0
10.7   0.4593   1.129   -0.1806   0   -2.467e+08   -6.398e+07   0
10.8   0.4603   1.104   -0.1835   0   -2.549e+08   5.626e+06   0
10.9   0.4608   1.079   -0.1802   0   -2.516e+08   4.129e+07   0
11   0.4608   1.054   -0.1761   0   -2.516e+08   4.129e+07   0
11.1   0.4608   1.028   -0.172   0   -2.516e+08   4.129e+07   0
11.2   0.4608   1.003   -0.1678   0   -2.516e+08   4.129e+07   0
11.3   0.4608   0.9781   -0.1637   0   -2.516e+08   4.129e+07   0
11.4   0.4608   0.953   -0.1596   0   -2.516e+08   4.129e+07   0
11.5   0.4608   0.9278   -0.1554   0   -2.516e+08   4.129e+07   0
11.6   0.4608   0.9027   -0.1513   0   -2.516e+08   4.129e+07   0
11.7   0.4608   0.8775   -0.1472   0   -2.516e+08   4.129e+07   0
11.8   0.4608   0.8523   -0.1431   0   -2.516e+08   4.129e+07   0
11.9   0.4608   0.8272   -0.1389   0   -2.516e+08   4.129e+07   0
12   0.4608   0.802   -0.1348   0   -2.516e+08   4.129e+07   0
12.1   0.4608   0.7768   -0.1307   0   -2.516e+08   4.129e+07   0
12.2   0.4608   0.7517   -0.1265   0   -2.516e+08   4.129e+07   0
12.3   0.4645   0.7265   -0.1224   0   -2.52e+08   4.136e+07   0
12.4   0.4703   0.7013   -0.1183   0   -2.526e+08   4.146e+07   0
12.5   0.4763   0.676   -0.1141   0   -2.531e+08   4.156e+07   0
12.6   0.4822   0.6506   -0.11   0   -2.537e+08   4.166e+07   0
12.7   0.4881   0.6252   -0.1058   0   -2.542e+08   4.176e+07   0
12.8   0.494   0.5998   -0.1016   0   -2.547e+08   4.185e+07   0
12.9   0.4998   0.5743   -0.09742   0   -2.552e+08   4.195e+07   0
13   0.5055   0.5488   -0.09322   0   -2.557e+08   4.204e+07   0
13.1   0.511   0.5232   -0.08901   0   -2.562e+08   4.212e+07   0
13.2   0.5164   0.4975   -0.08479   0   -2.566e+08   4.221e+07   0
13.3   0.5215   0.4718   -0.08057   0   -2.57e+08   4.229e+07   0
13.4   0.5263   0.4461   -0.07634   0   -2.574e+08   4.236e+07   0
13.5   0.5307   0.4203   -0.0721   0   -2.578e+08   4.243e+07   0
13.6   0.5347   0.3946   -0.06785   0   -2.581e+08   4.249e+07   0
13.7   0.5383   0.3687   -0.0636   0   -2.584e+08   4.254e+07   0
13.8   0.5412   0.3429   -0.05934   0   -2.586e+08   4.258e+07   0
13.9   0.5434   0.317   -0.05508   0   -2.587e+08   4.262e+07   0
14   0.5448   0.2911   -0.05082   0   -2.588e+08   4.264e+07   0
14.1   0.5451   0.2652   -0.04656   0   -2.589e+08   4.264e+07   0
14.2   0.5443   0.2394   -0.04229   0   -2.588e+08   4.263e+07   0
14.3   0.542   0.2135   -0.03803   0   -2.586e+08   4.259e+07   0
14.4   0.5378   0.1876   -0.03378   0   -2.583e+08   4.252e+07   0
14.5   0.5372   0.1618   -0.02952   0   -2.583e+08   4.251e+07   0
14.6   0.5372   0.136   -0.02527   0   -2.583e+08   4.251e+07   0
14.7   0.5372   0.1102   -0.02102   0   -2.583e+08   4.251e+07   0
14.8   0.5372   0.08433   -0.01677   0   -2.583e+08   4.251e+07   0
14.9   0.5372   0.0585   -0.01252   0   -2.583e+08   4.251e+07   0
15   0.5372   0.03267   -0.008268   0   -2.583e+08   4.251e+07   0
15.1   0.5372   0.006844   -0.004017   0   -2.583e+08   4.251e+07   0
15.2   0.5372   -0.01898   0.0002342   0   -2.583e+08   4.251e+07   0
15.3   0.5372   -0.04481   0.004485   0   -2.583e+08   4.251e+07   0
15.4   0.5372   -0.07064   0.008737   0   -2.583e+08   4.251e+07   0
15.5   0.5372   -0.09647   0.01299   0   -2.583e+08   4.251e+07   0
15.6   0.5372   -0.1223   0.01724   0   -2.583e+08   4.251e+07   0
15.7   0.5372   -0.1481   0.02149   0   -2.583e+08   4.251e+07   0
15.8   0.5372   -0.174   0.02574   0   -2.583e+08   4.251e+07   0
15.9   0.5491   -0.1998   0.02999   0   -2.592e+08   4.26e+07   0
16   0.5702   -0.2258   0.03426   0   -2.607e+08   4.277e+07   0
16.1   0.5894   -0.2519   0.03855   0   -2.62e+08   4.291e+07   0
16.2   0.6071   -0.2782   0.04285   0   -2.632e+08   4.304e+07   0
16.3   0.6234   -0.3046   0.04716   0   -2.642e+08   4.316e+07   0
16.4   0.6385   -0.331   0.05148   0   -2.65e+08   4.327e+07   0
16.5   0.6524   -0.3576   0.05581   0   -2.658e+08   4.337e+07   0
16.6   0.6653   -0.3842   0.06015   0   -2.665e+08   4.346e+07   0
16.7   0.6773   -0.4109   0.0645   0   -2.671e+08   4.354e+07   0
16.8   0.6884   -0.4376   0.06886   0   -2.677e+08   4.361e+07   0
16.9   0.6987   -0.4644   0.07322   0   -2.682e+08   4.368e+07   0
17   0.7082   -0.4913   0.0776   0   -2.687e+08   4.374e+07   0
17.1   0.717   -0.5181   0.08197   0   -2.691e+08   4.38e+07   0
17.2   0.725   -0.5451   0.08635   0   -2.694e+08   4.385e+07   0
17.3   0.7324   -0.572   0.09074   0   -2.698e+08   4.389e+07   0
17.4   0.7391   -0.599   0.09513   0   -2.701e+08   4.393e+07   0
17.5   0.7452   -0.626   0.09953   0   -2.703e+08   4.397e+07   0
17.6   0.7506   -0.6531   0.1039   0   -2.705e+08   4.4e+07   0
17.7   0.7556   -0.6801   0.1083   0   -2.708e+08   4.403e+07   0
17.8   0.7599   -0.7072   0.1127   0   -2.709e+08   4.406e+07   0
17.9   0.7637   -0.7343   0.1171   0   -2.711e+08   4.408e+07   0
18   0.765   -0.7614   0.1215   0   -2.711e+08   4.409e+07   0
18.1   0.765   -0.7886   0.126   0   -2.711e+08   4.409e+07   0
18.2   0.765   -0.8157   0.1304   0   -2.711e+08   4.409e+07   0
18.3   0.765   -0.8428   0.1348   0   -2.711e+08   4.409e+07   0
18.4   0.765   -0.8699   0.1392   0   -2.711e+08   4.409e+07   0
18.5   0.765   -0.897   0.1436   0   -2.711e+08   4.409e+07   0
18.6   0.765   -0.9241   0.148   0   -2.711e+08   4.409e+07   0
18.7   0.765   -0.9512   0.1524   0   -2.711e+08   4.409e+07   0
18.8   0.765   -0.9784   0.1568   0   -2.711e+08   4.409e+07   0
18.9   0.765   -1.005   0.1612   0   -2.711e+08   4.409e+07   0
19   0.765   -1.033   0.1656   0   -2.711e+08   4.409e+07   0
19.1   0.765   -1.06   0.17   0   -2.711e+08   4.409e+07   0
19.2   0.765   -1.087   0.1745   0   -2.711e+08   4.409e+07   0
19.3   0.765   -1.114   0.1789   0   -2.711e+08   4.409e+07   0
19.4   0.7654   -1.141   0.1834   0   -2.686e+08   5.744e+07   0
19.5   0.7679   -1.167   0.1928   0   -2.431e+08   1.281e+08   0
19.6   0.7705   -1.189   0.2088   0   -1.995e+08   1.892e+08   0
19.7   0.773   -1.206   0.2302   0   -1.411e+08   2.361e+08   0
19.8   0.7756   -1.217   0.2554   0   -7.234e+07   2.655e+08   0
19.9   0.7781   -1.22   0.2826   0   1.686e+06   2.752e+08   0
20   0.7807   -1.216   0.3098   0   7.55e+07   2.648e+08   0
20.1   0.7832   -1.205   0.3349   0   1.437e+08   2.35e+08   0
20.2   0.7858   -1.188   0.3562   0   2.013e+08   1.881e+08   0
20.3   0.7884   -1.166   0.372   0   2.443e+08   1.276e+08   0
20.4   0.791   -1.14   0.3813   0   2.696e+08   5.798e+07   0
20.5   0.7936   -1.112   0.3834   0   2.754e+08   -1.574e+07   0
20.6   0.7962   -1.085   0.3782   0   2.614e+08   -8.824e+07   0
20.7   0.7964   -1.059   0.3689   0   2.598e+08   -9.314e+07   0
20.8   0.7964   -1.033   0.3595   0   2.598e+08   -9.314e+07   0
20.9   0.7964   -1.007   0.3502   0   2.598e+08   -9.314e+07   0
21   0.7964   -0.9813   0.3409   0   2.598e+08   -9.314e+07   0
21.1   0.7964   -0.9554   0.3316   0   2.598e+08   -9.314e+07   0
21.2   0.7964   -0.9294   0.3223   0   2.598e+08   -9.314e+07   0
21.3   0.7964   -0.9034   0.313   0   2.598e+08   -9.314e+07   0
21.4   0.7964   -0.8774   0.3037   0   2.598e+08   -9.314e+07   0
21.5   0.7964   -0.8515   0.2943   0   2.598e+08   -9.314e+07   0
21.6   0.7964   -0.8255   0.285   0   2.598e+08   -9.314e+07   0
21.7   0.7964   -0.7995   0.2757   0   2.598e+08   -9.314e+07   0
21.8   0.7964   -0.7735   0.2664   0   2.598e+08   -9.314e+07   0
21.9   0.7964   -0.7476   0.2571   0   2.598e+08   -9.314e+07   0
22   0.7964   -0.7216   0.2478   0   2.598e+08   -9.314e+07   0
22.1   0.7996   -0.6956   0.2385   0   2.599e+08   -9.317e+07   0
22.2   0.8048   -0.6696   0.2291   0   2.601e+08   -9.322e+07   0
22.3   0.8097   -0.6436   0.2198   0   2.602e+08   -9.326e+07   0
22.4   0.8146   -0.6176   0.2105   0   2.604e+08   -9.33e+07   0
22.5   0.8192   -0.5915   0.2012   0   2.606e+08   -9.334e+07   0
22.6   0.8236   -0.5654   0.1918   0   2.607e+08   -9.338e+07   0
22.7   0.8277   -0.5394   0.1825   0   2.609e+08   -9.341e+07   0
22.8   0.8314   -0.5133   0.1731   0   2.61e+08   -9.344e+07   0
22.9   0.8348   -0.4872   0.1638   0   2.611e+08   -9.347e+07   0
23   0.8377   -0.4611   0.1545   0   2.612e+08   -9.349e+07   0
23.1   0.84   -0.4349   0.1451   0   2.613e+08   -9.35e+07   0
23.2   0.8418   -0.4088   0.1358   0   2.614e+08   -9.352e+07   0
23.3   0.8429   -0.3827   0.1264   0   2.614e+08   -9.352e+07   0
23.4   0.8432   -0.3565   0.117   0   2.614e+08   -9.352e+07   0
23.5   0.8426   -0.3304   0.1077   0   2.614e+08   -9.352e+07   0
23.6   0.8409   -0.3042   0.09834   0   2.613e+08   -9.351e+07   0
23.7   0.838   -0.2781   0.08899   0   2.612e+08   -9.35e+07   0
23.8   0.8336   -0.252   0.07964   0   2.611e+08   -9.349e+07   0
23.9   0.8274   -0.2259   0.07029   0   2.608e+08   -9.347e+07   0
24   0.8191   -0.1998   0.06095   0   2.605e+08   -9.345e+07   0
24.1   0.811   -0.1738   0.0516   0   2.602e+08   -9.345e+07   0
24.2   0.811   -0.1478   0.04226   0   2.602e+08   -9.345e+07   0
24.3   0.811   -0.1218   0.03291   0   2.602e+08   -9.345e+07   0
24.4   0.811   -0.09573   0.02357   0   2.602e+08   -9.345e+07   0
24.5   0.811   -0.06971   0.01422   0   2.602e+08   -9.345e+07   0
24.6   0.811   -0.04369   0.004878   0   2.602e+08   -9.345e+07   0
24.7   0.811   -0.01767   -0.004467   0   2.602e+08   -9.345e+07   0
24.8   0.811   0.008356   -0.01381   0   2.602e+08   -9.345e+07   0
24.9   0.811   0.03438   -0.02316   0   2.602e+08   -9.345e+07   0
25   0.811   0.0604   -0.0325   0   2.602e+08   -9.345e+07   0
25.1   0.811   0.08642   -0.04185   0   2.602e+08   -9.345e+07   0
25.2   0.811   0.1124   -0.05119   0   2.602e+08   -9.345e+07   0
25.3   0.811   0.1385   -0.06054   0   2.602e+08   -9.345e+07   0
25.4   0.811   0.1645   -0.06988   0   2.602e+08   -9.345e+07   0
25.5   0.8273   0.1905   -0.07924   0   2.607e+08   -9.384e+07   0
25.6   0.8499   0.2166   -0.08865   0   2.614e+08   -9.434e+07   0
25.7   0.8702   0.2428   -0.09811   0   2.619e+08   -9.474e+07   0
25.8   0.8885   0.269   -0.1076   0   2.624e+08   -9.507e+07   0
25.9   0.905   0.2953   -0.1171   0   2.628e+08   -9.535e+07   0
26   0.9201   0.3216   -0.1267   0   2.632e+08   -9.559e+07   0
26.1   0.9338   0.3479   -0.1362   0   2.635e+08   -9.58e+07   0
26.2   0.9463   0.3743   -0.1458   0   2.638e+08   -9.598e+07   0
26.3   0.9578   0.4007   -0.1554   0   2.641e+08   -9.613e+07   0
26.4   0.9682   0.4271   -0.1651   0   2.644e+08   -9.627e+07   0
26.5   0.9776   0.4536   -0.1747   0   2.646e+08   -9.639e+07   0
26.6   0.9862   0.48   -0.1843   0   2.648e+08   -9.649e+07   0
26.7   0.994   0.5065   -0.194   0   2.649e+08   -9.658e+07   0
26.8   1.001   0.533   -0.2036   0   2.651e+08   -9.666e+07   0
26.9   1.007   0.5595   -0.2133   0   2.652e+08   -9.673e+07   0
27   1.013   0.586   -0.223   0   2.653e+08   -9.679e+07   0
27.1   1.018   0.6126   -0.2327   0   2.654e+08   -9.685e+07   0
27.2   1.022   0.6391   -0.2424   0   2.655e+08   -9.689e+07   0
27.3   1.026   0.6657   -0.2521   0   2.656e+08   -9.693e+07   0
27.4   1.029   0.6923   -0.2617   0   2.657e+08   -9.696e+07   0
27.5   1.03   0.7188   -0.2714   0   2.657e+08   -9.697e+07   0
27.6   1.03   0.7454   -0.2811   0   2.657e+08   -9.697e+07   0
27.7   1.03   0.772   -0.2908   0   2.657e+08   -9.697e+07   0
27.8   1.03   0.7985   -0.3005   0   2.657e+08   -9.697e+07   0
27.9   1.03   0.8251   -0.3102   0   2.657e+08   -9.697e+07   0
28   1.03   0.8517   -0.3199   0   2.657e+08   -9.697e+07   0
28.1   1.03   0.8782   -0.3296   0   2.657e+08   -9.697e+07   0
28.2   1.03   0.9048   -0.3393   0   2.657e+08   -9.697e+07   0
28.3   1.03   0.9314   -0.349   0   2.657e+08   -9.697e+07   0
28.4   1.03   0.9579   -0.3587   0   2.657e+08   -9.697e+07   0
28.5   1.03   0.9845   -0.3684   0   2.657e+08   -9.697e+07   0
28.6   1.03   1.011   -0.3781   0   2.657e+08   -9.697e+07   0
28.7   1.03   1.038   -0.3878   0   2.657e+08   -9.697e+07   0
28.8   1.03   1.064   -0.3975   0   2.657e+08   -9.697e+07   0
28.9   1.032   1.091   -0.4075   0   2.565e+08   -1.192e+08   0
29   1.038   1.114   -0.4233   0   2.073e+08   -1.927e+08   0
29.1   1.044   1.131   -0.4455   0   1.38e+08   -2.472e+08   0
29.2   1.051   1.141   -0.472   0   5.568e+07   -2.778e+08   0
29.3   1.057   1.142   -0.5002   0   -3.178e+07   -2.816e+08   0
29.4   1.063   1.135   -0.5274   0   -1.16e+08   -2.588e+08   0
29.5   1.07   1.119   -0.5511   0   -1.89e+08   -2.116e+08   0
29.6   1.076   1.098   -0.569   0   -2.441e+08   -1.448e+08   0
29.7   1.082   1.071   -0.5795   0   -2.765e+08   -6.48e+07   0
29.8   1.089   1.043   -0.5817   0   -2.833e+08   2.093e+07   0
29.9   1.095   1.015   -0.5753   0   -2.643e+08   1.045e+08   0
30   1.098   0.9901   -0.5625   0   -2.511e+08   1.333e+08   0
30.1   1.098   0.965   -0.5492   0   -2.511e+08   1.333e+08   0
30.2   1.098   0.9399   -0.5358   0   -2.511e+08   1.333e+08   0
30.3   1.098   0.9148   -0.5225   0   -2.511e+08   1.333e+08   0
30.4   1.098   0.8897   -0.5092   0   -2.511e+08   1.333e+08   0
30.5   1.098   0.8646   -0.4958   0   -2.511e+08   1.333e+08   0
30.6   1.098   0.8395   -0.4825   0   -2.511e+08   1.333e+08   0
30.7   1.098   0.8144   -0.4692   0   -2.511e+08   1.333e+08   0
30.8   1.098   0.7893   -0.4558   0   -2.511e+08   1.333e+08   0
30.9   1.098   0.7642   -0.4425   0   -2.511e+08   1.333e+08   0
31   1.098   0.7391   -0.4292   0   -2.511e+08   1.333e+08   0
31.1   1.098   0.714   -0.4158   0   -2.511e+08   1.333e+08   0
31.2   1.098   0.6889   -0.4025   0   -2.511e+08   1.333e+08   0
31.3   1.098   0.6637   -0.3892   0   -2.511e+08   1.333e+08   0
31.4   1.1   0.6386   -0.3758   0   -2.511e+08   1.334e+08   0
31.5   1.105   0.6135   -0.3625   0   -2.512e+08   1.335e+08   0
31.6   1.11   0.5884   -0.3491   0   -2.512e+08   1.335e+08   0
31.7   1.115   0.5633   -0.3358   0   -2.513e+08   1.336e+08   0
31.8   1.12   0.5382   -0.3224   0   -2.513e+08   1.337e+08   0
31.9   1.125   0.513   -0.309   0   -2.514e+08   1.338e+08   0
32   1.129   0.4879   -0.2957   0   -2.514e+08   1.339e+08   0
32.1   1.133   0.4627   -0.2823   0   -2.515e+08   1.339e+08   0
32.2   1.136   0.4376   -0.2689   0   -2.515e+08   1.34e+08   0
32.3   1.139   0.4124   -0.2555   0   -2.516e+08   1.341e+08   0
32.4   1.142   0.3873   -0.2421   0   -2.516e+08   1.341e+08   0
32.5   1.143   0.3621   -0.2286   0   -2.516e+08   1.341e+08   0
32.6   1.145   0.3369   -0.2152   0   -2.516e+08   1.342e+08   0
32.7   1.145   0.3118   -0.2018   0   -2.516e+08   1.342e+08   0
32.8   1.144   0.2866   -0.1884   0   -2.516e+08   1.342e+08   0
32.9   1.143   0.2615   -0.175   0   -2.516e+08   1.341e+08   0
33   1.14   0.2363   -0.1616   0   -2.516e+08   1.34e+08   0
33.1   1.135   0.2111   -0.1482   0   -2.516e+08   1.339e+08   0
33.2   1.129   0.186   -0.1348   0   -2.515e+08   1.337e+08   0
33.3   1.12   0.1608   -0.1214   0   -2.515e+08   1.334e+08   0
33.4   1.115   0.1357   -0.1081   0   -2.515e+08   1.332e+08   0
33.5   1.115   0.1105   -0.09479   0   -2.515e+08   1.332e+08   0
33.6   1.115   0.08539   -0.08147   0   -2.515e+08   1.332e+08   0
33.7   1.115   0.06024   -0.06814   0   -2.515e+08   1.332e+08   0
33.8   1.115   0.03509   -0.05482   0   -2.515e+08   1.332e+08   0
33.9   1.115   0.00994   -0.0415   0   -2.515e+08   1.332e+08   0
34   1.115   -0.01521   -0.02818   0   -2.515e+08   1.332e+08   0
34.1   1.115   -0.04036   -0.01486   0   -2.515e+08   1.332e+08   0
34.2   1.115   -0.06551   -0.001535   0   -2.515e+08   1.332e+08   0
34.3   1.115   -0.09066   0.01179   0   -2.515e+08   1.332e+08   0
34.4   1.115   -0.1158   0.02511   0   -2.515e+08   1.332e+08   0
34.5   1.115   -0.141   0.03843   0   -2.515e+08   1.332e+08   0
34.6   1.115   -0.1661   0.05175   0   -2.515e+08   1.332e+08   0
34.7   1.127   -0.1913   0.06507   0   -2.519e+08   1.33e+08   0
34.8   1.15   -0.2165   0.07834   0   -2.526e+08   1.326e+08   0
34.9   1.171   -0.2418   0.09159   0   -2.531e+08   1.323e+08   0
35   1.19   -0.2671   0.1048   0   -2.536e+08   1.321e+08   0
35.1   1.207   -0.2925   0.118   0   -2.54e+08   1.32e+08   0
35.2   1.223   -0.3179   0.1312   0   -2.543e+08   1.318e+08   0
35.3   1.237   -0.3434   0.1444   0   -2.546e+08   1.318e+08   0
35.4   1.25   -0.3688   0.1576   0   -2.549e+08   1.317e+08   0
35.5   1.262   -0.3943   0.1707   0   -2.551e+08   1.316e+08   0
35.6   1.273   -0.4199   0.1839   0   -2.553e+08   1.316e+08   0
35.7   1.283   -0.4454   0.197   0   -2.555e+08   1.316e+08   0
35.8   1.292   -0.4709   0.2102   0   -2.556e+08   1.315e+08   0
35.9   1.3   -0.4965   0.2234   0   -2.558e+08   1.315e+08   0
36   1.308   -0.5221   0.2365   0   -2.559e+08   1.315e+08   0
36.1   1.314   -0.5477   0.2497   0   -2.56e+08   1.315e+08   0
36.2   1.32   -0.5733   0.2628   0   -2.561e+08   1.315e+08   0
36.3   1.326   -0.5989   0.276   0   -2.562e+08   1.315e+08   0
36.4   1.331   -0.6245   0.2891   0   -2.562e+08   1.315e+08   0
36.5   1.335   -0.6502   0.3023   0   -2.563e+08   1.315e+08   0
36.6   1.338   -0.6758   0.3154   0   -2.564e+08   1.315e+08   0
36.7   1.339   -0.7014   0.3286   0   -2.564e+08   1.315e+08   0
36.8   1.339   -0.7271   0.3417   0   -2.564e+08   1.315e+08   0
36.9   1.339   -0.7527   0.3549   0   -2.564e+08   1.315e+08   0
37   1.339   -0.7783   0.368   0   -2.564e+08   1.315e+08   0
37.1   1.339   -0.804   0.3812   0   -2.564e+08   1.315e+08   0
37.2   1.339   -0.8296   0.3943   0   -2.564e+08   1.315e+08   0
37.3   1.339   -0.8553   0.4075   0   -2.564e+08   1.315e+08   0
37.4   1.339   -0.8809   0.4206   0   -2.564e+08   1.315e+08   0
37.5   1.339   -0.9065   0.4338   0   -2.564e+08   1.315e+08   0
37.6   1.339   -0.9322   0.4469   0   -2.564e+08   1.315e+08   0
37.7   1.339   -0.9578   0.4601   0   -2.564e+08   1.315e+08   0
37.8   1.339   -0.9834   0.4732   0   -2.564e+08   1.315e+08   0
37.9   1.339   -1.009   0.4864   0   -2.564e+08   1.315e+08   0
38   1.339   -1.035   0.4995   0   -2.564e+08   1.315e+08   0
38.1   1.339   -1.06   0.5127   0   -2.564e+08   1.315e+08   0
38.2   1.339   -1.086   0.5258   0   -2.564e+08   1.315e+08   0
38.3   1.339   -1.112   0.539   0   -2.564e+08   1.315e+08   0
38.4   1.339   -1.137   0.5521   0   -2.564e+08   1.315e+08   0
38.5   1.339   -1.163   0.5653   0   -2.564e+08   1.315e+08   0
38.6   1.339   -1.189   0.5784   0   -2.564e+08   1.315e+08   0
38.7   1.339   -1.214   0.5916   0   -2.564e+08   1.315e+08   0
38.8   1.339   -1.24   0.6047   0   -2.564e+08   1.315e+08   0
38.9   1.339   -1.265   0.6179   0   -2.564e+08   1.315e+08   0
39   1.339   -1.291   0.631   0   -2.564e+08   1.315e+08   0
39.1   1.339   -1.317   0.6442   0   -2.564e+08   1.315e+08   0
39.2   1.339   -1.342   0.6573   0   -2.564e+08   1.315e+08   0
39.3   1.339   -1.368   0.6705   0   -2.564e+08   1.315e+08   0
39.4   1.339   -1.394   0.6836   0   -2.564e+08   1.315e+08   0
39.5   1.339   -1.419   0.6968   0   -2.564e+08   1.315e+08   0
39.6   1.339   -1.445   0.7099   0   -2.564e+08   1.315e+08   0
39.7   1.339   -1.471   0.7231   0   -2.564e+08   1.315e+08   0
39.8   1.339   -1.496   0.7362   0   -2.564e+08   1.315e+08   0
39.9   1.339   -1.522   0.7494   0   -2.564e+08   1.315e+08   0
40   1.339   -1.547   0.7625   0   -2.564e+08   1.315e+08   0
40.1   1.339   -1.573   0.7757   0   -2.564e+08   1.315e+08   0
40.2   1.339   -1.599   0.7888   0   -2.564e+08   1.315e+08   0
40.3   1.339   -1.624   0.802   0   -2.564e+08   1.315e+08   0
40.4   1.339   -1.65   0.8151   0   -2.564e+08   1.315e+08   0
40.5   1.339   -1.676   0.8283   0   -2.564e+08   1.315e+08   0
40.6   1.339   -1.701   0.8414   0   -2.564e+08   1.315e+08   0
40.7   1.339   -1.727   0.8546   0   -2.564e+08   1.315e+08   0
40.8   1.339   -1.753   0.8677   0   -2.564e+08   1.315e+08   0
40.9   1.339   -1.778   0.8809   0   -2.564e+08   1.315e+08   0
41   1.339   -1.804   0.894   0   -2.564e+08   1.315e+08   0
41.1   1.339   -1.829   0.9072   0   -2.564e+08   1.315e+08   0
41.2   1.339   -1.855   0.9203   0   -2.564e+08   1.315e+08   0
41.3   1.339   -1.881   0.9335   0   -2.564e+08   1.315e+08   0
41.4   1.339   -1.906   0.9466   0   -2.564e+08   1.315e+08   0
41.5   1.339   -1.932   0.9598   0   -2.564e+08   1.315e+08   0
41.6   1.339   -1.958   0.9729   0   -2.564e+08   1.315e+08   0
41.7   1.339   -1.983   0.9861   0   -2.564e+08   1.315e+08   0
41.8   1.339   -2.009   0.9992   0   -2.564e+08   1.315e+08   0
41.9   1.339   -2.035   1.012   0   -2.564e+08   1.315e+08   0
42   1.339   -2.06   1.026   0   -2.564e+08   1.315e+08   0
42.1   1.339   -2.086   1.039   0   -2.564e+08   1.315e+08   0
42.2   1.339   -2.111   1.052   0   -2.564e+08   1.315e+08   0
42.3   1.339   -2.137   1.065   0   -2.564e+08   1.315e+08   0
42.4   1.339   -2.163   1.078   0   -2.564e+08   1.315e+08   0
42.5   1.339   -2.188   1.091   0   -2.564e+08   1.315e+08   0
42.6   1.339   -2.214   1.104   0   -2.564e+08   1.315e+08   0
42.7   1.339   -2.24   1.118   0   -2.564e+08   1.315e+08   0
42.8   1.339   -2.265   1.131   0   -2.564e+08   1.315e+08   0
42.9   1.339   -2.291   1.144   0   -2.564e+08   1.315e+08   0
43   1.339   -2.317   1.157   0   -2.564e+08   1.315e+08   0
43.1   1.339   -2.342   1.17   0   -2.564e+08   1.315e+08   0
43.2   1.339   -2.368   1.183   0   -2.564e+08   1.315e+08   0
43.3   1.339   -2.393   1.196   0   -2.564e+08   1.315e+08   0
43.4   1.339   -2.419   1.21   0   -2.564e+08   1.315e+08   0
43.5   1.339   -2.445   1.223   0   -2.564e+08   1.315e+08   0
43.6   1.339   -2.47   1.236   0   -2.564e+08   1.315e+08   0
43.7   1.339   -2.496   1.249   0   -2.564e+08   1.315e+08   0
43.8   1.339   -2.522   1.262   0   -2.564e+08   1.315e+08   0
43.9   1.339   -2.547   1.275   0   -2.564e+08   1.315e+08   0
44   1.339   -2.573   1.289   0   -2.564e+08   1.315e+08   0
44.1   1.339   -2.599   1.302   0   -2.564e+08   1.315e+08   0
44.2   1.339   -2.624   1.315   0   -2.564e+08   1.315e+08   0
44.3   1.339   -2.65   1.328   0   -2.564e+08   1.315e+08   0
44.4   1.339   -2.676   1.341   0   -2.564e+08   1.315e+08   0
44.5   1.339   -2.701   1.354   0   -2.564e+08   1.315e+08   0
44.6   1.339   -2.727   1.367   0   -2.564e+08   1.315e+08   0
44.7   1.339   -2.752   1.381   0   -2.564e+08   1.315e+08   0
44.8   1.339   -2.778   1.394   0   -2.564e+08   1.315e+08   0
44.9   1.339   -2.804   1.407   0   -2.564e+08   1.315e+08   0
45   1.339   -2.829   1.42   0   -2.564e+08   1.315e+08   0
