0   0.04   -0.753   0   0   1.121e+08   0   0
0.1   0.04   -0.753   0   0   1.121e+08   0   0
0.2   0.04   -0.753   0   0   1.121e+08   0   0
0.3   0.04   -0.753   0   0   1.121e+08   0   0
0.4   0.04   -0.753   0   0   1.121e+08   0   0
0.5   0.04   -0.753   0   0   1.121e+08   0   0
0.6   0.04   -0.753   0   0   1.121e+08   0   0
0.7   0.04   -0.753   0   0   1.121e+08   0   0
0.8   0.04102   -0.7426   0   0   1.134e+08   0   0
0.9   0.04233   -0.7312   0   0   1.15e+08   0   0
1   0.04384   -0.7196   0   0   1.168e+08   0   0
1.1   0.04558   -0.7078   0   0   1.188e+08   0   0
1.2   0.04754   -0.6958   0   0   1.21e+08   0   0
1.3   0.04974   -0.6836   0   0   1.234e+08   0   0
1.4   0.05219   -0.6711   0   0   1.26e+08   0   0
1.5   0.05488   -0.6584   0   0   1.288e+08   0   0
1.6   0.05784   -0.6453   0   0   1.317e+08   0   0
1.7   0.06106   -0.632   0   0   1.348e+08   0   0
1.8   0.06457   -0.6184   0   0   1.38e+08   0   0
1.9   0.06835   -0.6044   0   0   1.413e+08   0   0
2   0.07243   -0.5901   0   0   1.447e+08   0   0
2.1   0.0768   -0.5755   0   0   1.482e+08   0   0
2.2   0.08147   -0.5605   0   0   1.517e+08   0   0
2.3   0.08644   -0.5451   0   0   1.553e+08   0   0
2.4   0.09171   -0.5294   0   0   1.59e+08   0   0
2.5   0.09728   -0.5133   0   0   1.626e+08   0   0
2.6   0.1032   -0.4969   0   0   1.663e+08   0   0
2.7   0.1093   -0.4801   0   0   1.7e+08   0   0
2.8   0.1158   -0.4629   0   0   1.736e+08   0   0
2.9   0.1225   -0.4454   0   0   1.772e+08   0   0
3   0.1295   -0.4275   0   0   1.807e+08   0   0
3.1   0.1368   -0.4092   0   0   1.842e+08   0   0
3.2   0.1442   -0.3906   0   0   1.877e+08   0   0
3.3   0.152   -0.3717   0   0   1.91e+08   0   0
3.4   0.1599   -0.3524   0   0   1.942e+08   0   0
3.5   0.1679   -0.3328   0   0   1.974e+08   0   0
3.6   0.1762   -0.3129   0   0   2.004e+08   0   0
3.7   0.1845   -0.2927   0   0   2.034e+08   0   0
3.8   0.1929   -0.2723   0   0   2.062e+08   0   0
3.9   0.2013   -0.2515   0   0   2.089e+08   0   0
4   0.2097   -0.2305   0   0   2.114e+08   0   0
4.1   0.218   -0.2092   0   0   2.138e+08   0   0
4.2   0.2259   -0.1877   0   0   2.16e+08   0   0
4.3   0.2259   -0.1661   0   0   2.16e+08   0   0
4.4   0.2259   -0.1445   0   0   2.16e+08   0   0
4.5   0.2259   -0.1229   0   0   2.16e+08   0   0
4.6   0.2259   -0.1013   0   0   2.16e+08   0   0
4.7   0.2259   -0.07973   0   0   2.16e+08   0   0
4.8   0.2259   -0.05813   0   0   2.16e+08   0   0
4.9   0.2259   -0.03653   0   0   2.16e+08   0   0
5   0.2259   -0.01493   0   0   2.16e+08   0   0
5.1   0.2259   0.006673   0   0   2.16e+08   0   0
5.2   0.2259   0.02827   0   0   2.16e+08   0   0
5.3   0.2259   0.04987   0   0   2.16e+08   0   0
5.4   0.2259   0.07147   0   0   2.16e+08   0   0
5.5   0.2259   0.09307   0   0   2.16e+08   0   0
5.6   0.2259   0.1147   0   0   2.16e+08   0   0
5.7   0.2259   0.1363   0   0   2.16e+08   0   0
5.8   0.2259   0.1579   0   0   2.16e+08   0   0
5.9   0.2259   0.1795   0   0   2.16e+08   0   0
6   0.2345   0.2011   0   0   2.183e+08   0   0
6.1   0.2486   0.2232   0   0   2.218e+08   0   0
6.2   0.2624   0.2455   0   0   2.25e+08   0   0
6.3   0.2758   0.2682   0   0   2.28e+08   0   0
6.4   0.2887   0.2911   0   0   2.306e+08   0   0
6.5   0.3012   0.3143   0   0   2.33e+08   0   0
6.6   0.3133   0.3377   0   0   2.352e+08   0   0
6.7   0.325   0.3613   0   0   2.373e+08   0   0
6.8   0.3362   0.3851   0   0   2.391e+08   0   0
6.9   0.3469   0.4091   0   0   2.408e+08   0   0
7   0.3572   0.4333   0   0   2.424e+08   0   0
7.1   0.3671   0.4576   0   0   2.438e+08   0   0
7.2   0.3765   0.4821   0   0   2.451e+08   0   0
7.3   0.3854   0.5066   0   0   2.463e+08   0   0
7.4   0.3939   0.5313   0   0   2.474e+08   0   0
7.5   0.402   0.5561   0   0   2.484e+08   0   0
7.6   0.4095   0.581   0   0   2.494e+08   0   0
7.7   0.4166   0.606   0   0   2.502e+08   0   0
7.8   0.4233   0.631   0   0   2.51e+08   0   0
7.9   0.4295   0.6562   0   0   2.517e+08   0   0
8   0.4352   0.6814   0   0   2.523e+08   0   0
8.1   0.4405   0.7066   0   0   2.529e+08   0   0
8.2   0.4453   0.7319   0   0   2.534e+08   0   0
8.3   0.449   0.7573   0   0   2.538e+08   0   0
8.4   0.449   0.7827   0   0   2.538e+08   0   0
8.5   0.449   0.8081   0   0   2.538e+08   0   0
8.6   0.449   0.8334   0   0   2.538e+08   0   0
8.7   0.449   0.8588   0   0   2.538e+08   0   0
8.8   0.449   0.8842   0   0   2.538e+08   0   0
8.9   0.449   0.9096   0   0   2.538e+08   0   0
9   0.449   0.935   0   0   2.538e+08   0   0
9.1   0.449   0.9603   0   0   2.538e+08   0   0
9.2   0.449   0.9857   0   0   2.538e+08   0   0
9.3   0.449   1.011   0   0   2.538e+08   0   0
9.4   0.449   1.036   0   0   2.538e+08   0   0
9.5   0.449   1.062   0   0   2.538e+08   0   0
9.6   0.449   1.087   0   0   2.538e+08   0   0
9.7   0.4492   1.113   -0.0001635   0   2.534e+08   -1.486e+07   0
9.8   0.4502   1.137   -0.005175   0   2.396e+08   -8.404e+07   0
9.9   0.4511   1.16   -0.01682   0   2.074e+08   -1.467e+08   0
10   0.4521   1.178   -0.0342   0   1.591e+08   -1.981e+08   0
10.1   0.453   1.191   -0.05598   0   9.872e+07   -2.343e+08   0
10.2   0.454   1.198   -0.08048   0   3.074e+07   -2.524e+08   0
10.3   0.4549   1.197   -0.1058   0   -3.958e+07   -2.513e+08   0
10.4   0.4559   1.19   -0.1301   0   -1.069e+08   -2.31e+08   0
10.5   0.4568   1.176   -0.1514   0   -1.66e+08   -1.931e+08   0
10.6   0.4578   1.157   -0.1682   0   -2.125e+08   -1.404e+08   0
10.7   0.4587   1.134   -0.1791   0   -2.428e+08   -7.719e+07   0
10.8   0.4597   1.109   -0.1833   0   -2.548e+08   -8.097e+06   0
10.9   0.4604   1.084   -0.1809   0   -2.515e+08   4.163e+07   0
11   0.4604   1.059   -0.1767   0   -2.515e+08   4.163e+07   0
11.1   0.4604   1.033   -0.1726   0   -2.515e+08   4.163e+07   0
11.2   0.4604   1.008   -0.1684   0   -2.515e+08   4.163e+07   0
11.3   0.4604   0.9831   -0.1643   0   -2.515e+08   4.163e+07   0
11.4   0.4604   0.958   -0.1601   0   -2.515e+08   4.163e+07   0
11.5   0.4604   0.9328   -0.1559   0   -2.515e+08   4.163e+07   0
11.6   0.4604   0.9077   -0.1518   0   -2.515e+08   4.163e+07   0
11.7   0.4604   0.8825   -0.1476   0   -2.515e+08   4.163e+07   0
11.8   0.4604   0.8574   -0.1434   0   -2.515e+08   4.163e+07   0
11.9   0.4604   0.8322   -0.1393   0   -2.515e+08   4.163e+07   0
12   0.4604   0.8071   -0.1351   0   -2.515e+08   4.163e+07   0
12.1   0.4604   0.7819   -0.1309   0   -2.515e+08   4.163e+07   0
12.2   0.4604   0.7567   -0.1268   0   -2.515e+08   4.163e+07   0
12.3   0.4629   0.7316   -0.1226   0   -2.518e+08   4.168e+07   0
12.4   0.4687   0.7064   -0.1184   0   -2.523e+08   4.178e+07   0
12.5   0.4746   0.6811   -0.1143   0   -2.529e+08   4.187e+07   0
12.6   0.4805   0.6558   -0.1101   0   -2.535e+08   4.197e+07   0
12.7   0.4863   0.6304   -0.1059   0   -2.54e+08   4.206e+07   0
12.8   0.4922   0.605   -0.1017   0   -2.545e+08   4.215e+07   0
12.9   0.4979   0.5795   -0.09744   0   -2.55e+08   4.224e+07   0
13   0.5035   0.554   -0.09321   0   -2.555e+08   4.233e+07   0
13.1   0.509   0.5284   -0.08898   0   -2.56e+08   4.241e+07   0
13.2   0.5143   0.5028   -0.08473   0   -2.564e+08   4.249e+07   0
13.3   0.5194   0.4771   -0.08048   0   -2.568e+08   4.256e+07   0
13.4   0.5241   0.4514   -0.07622   0   -2.572e+08   4.263e+07   0
13.5   0.5285   0.4257   -0.07195   0   -2.576e+08   4.269e+07   0
13.6   0.5325   0.3999   -0.06768   0   -2.579e+08   4.275e+07   0
13.7   0.5359   0.3741   -0.06341   0   -2.581e+08   4.279e+07   0
13.8   0.5388   0.3483   -0.05912   0   -2.584e+08   4.283e+07   0
13.9   0.541   0.3225   -0.05484   0   -2.585e+08   4.286e+07   0
14   0.5423   0.2966   -0.05055   0   -2.586e+08   4.288e+07   0
14.1   0.5427   0.2707   -0.04626   0   -2.586e+08   4.289e+07   0
14.2   0.5419   0.2449   -0.04197   0   -2.586e+08   4.288e+07   0
14.3   0.5396   0.219   -0.03769   0   -2.584e+08   4.284e+07   0
14.4   0.5355   0.1932   -0.03341   0   -2.581e+08   4.278e+07   0
14.5   0.5339   0.1674   -0.02913   0   -2.58e+08   4.276e+07   0
14.6   0.5339   0.1416   -0.02486   0   -2.58e+08   4.276e+07   0
14.7   0.5339   0.1158   -0.02058   0   -2.58e+08   4.276e+07   0
14.8   0.5339   0.09   -0.0163   0   -2.58e+08   4.276e+07   0
14.9   0.5339   0.0642   -0.01203   0   -2.58e+08   4.276e+07   0
15   0.5339   0.03841   -0.007752   0   -2.58e+08   4.276e+07   0
15.1   0.5339   0.01261   -0.003476   0   -2.58e+08   4.276e+07   0
15.2   0.5339   -0.01319   0.0007997   0   -2.58e+08   4.276e+07   0
15.3   0.5339   -0.03899   0.005076   0   -2.58e+08   4.276e+07   0
15.4   0.5339   -0.06478   0.009351   0   -2.58e+08   4.276e+07   0
15.5   0.5339   -0.09058   0.01363   0   -2.58e+08   4.276e+07   0
15.6   0.5339   -0.1164   0.0179   0   -2.58e+08   4.276e+07   0
15.7   0.5339   -0.1422   0.02218   0   -2.58e+08   4.276e+07   0
15.8   0.5339   -0.168   0.02645   0   -2.58e+08   4.276e+07   0
15.9   0.5408   -0.1938   0.03073   0   -2.585e+08   4.283e+07   0
16   0.5625   -0.2197   0.03503   0   -2.601e+08   4.305e+07   0
16.1   0.5822   -0.2458   0.03934   0   -2.615e+08   4.324e+07   0
16.2   0.6002   -0.272   0.04367   0   -2.627e+08   4.341e+07   0
16.3   0.6168   -0.2983   0.04802   0   -2.637e+08   4.356e+07   0
16.4   0.6322   -0.3247   0.05238   0   -2.646e+08   4.369e+07   0
16.5   0.6464   -0.3512   0.05676   0   -2.654e+08   4.381e+07   0
16.6   0.6595   -0.3778   0.06115   0   -2.661e+08   4.391e+07   0
16.7   0.6716   -0.4045   0.06554   0   -2.668e+08   4.401e+07   0
16.8   0.6829   -0.4312   0.06995   0   -2.673e+08   4.409e+07   0
16.9   0.6933   -0.4579   0.07436   0   -2.678e+08   4.417e+07   0
17   0.7029   -0.4847   0.07878   0   -2.683e+08   4.424e+07   0
17.1   0.7118   -0.5116   0.08321   0   -2.687e+08   4.431e+07   0
17.2   0.7199   -0.5385   0.08764   0   -2.691e+08   4.436e+07   0
17.3   0.7273   -0.5654   0.09208   0   -2.694e+08   4.441e+07   0
17.4   0.7341   -0.5924   0.09653   0   -2.697e+08   4.446e+07   0
17.5   0.7403   -0.6194   0.101   0   -2.7e+08   4.45e+07   0
17.6   0.7458   -0.6464   0.1054   0   -2.702e+08   4.454e+07   0
17.7   0.7507   -0.6734   0.1099   0   -2.705e+08   4.457e+07   0
17.8   0.7551   -0.7005   0.1143   0   -2.706e+08   4.46e+07   0
17.9   0.759   -0.7275   0.1188   0   -2.708e+08   4.462e+07   0
18   0.761   -0.7546   0.1233   0   -2.709e+08   4.464e+07   0
18.1   0.761   -0.7817   0.1277   0   -2.709e+08   4.464e+07   0
18.2   0.761   -0.8088   0.1322   0   -2.709e+08   4.464e+07   0
18.3   0.761   -0.8359   0.1367   0   -2.709e+08   4.464e+07   0
18.4   0.761   -0.863   0.1411   0   -2.709e+08   4.464e+07   0
18.5   0.761   -0.8901   0.1456   0   -2.709e+08   4.464e+07   0
18.6   0.761   -0.9171   0.15   0   -2.709e+08   4.464e+07   0
18.7   0.761   -0.9442   0.1545   0   -2.709e+08   4.464e+07   0
18.8   0.761   -0.9713   0.159   0   -2.709e+08   4.464e+07   0
18.9   0.761   -0.9984   0.1634   0   -2.709e+08   4.464e+07   0
19   0.761   -1.026   0.1679   0   -2.709e+08   4.464e+07   0
19.1   0.761   -1.053   0.1724   0   -2.709e+08   4.464e+07   0
19.2   0.761   -1.08   0.1768   0   -2.709e+08   4.464e+07   0
19.3   0.761   -1.107   0.1813   0   -2.709e+08   4.464e+07   0
19.4   0.761   -1.134   0.1858   0   -2.709e+08   4.464e+07   0
19.5   0.7634   -1.16   0.1936   0   -2.502e+08   1.132e+08   0
19.6   0.7659   -1.183   0.2082   0   -2.102e+08   1.769e+08   0
19.7   0.7684   -1.202   0.2286   0   -1.545e+08   2.273e+08   0
19.8   0.771   -1.214   0.2531   0   -8.733e+07   2.607e+08   0
19.9   0.7735   -1.219   0.2801   0   -1.377e+07   2.747e+08   0
20   0.7761   -1.216   0.3074   0   6.072e+07   2.684e+08   0
20.1   0.7786   -1.207   0.3331   0   1.307e+08   2.423e+08   0
20.2   0.7812   -1.19   0.3552   0   1.909e+08   1.984e+08   0
20.3   0.7837   -1.169   0.3722   0   2.372e+08   1.401e+08   0
20.4   0.7863   -1.144   0.3828   0   2.661e+08   7.17e+07   0
20.5   0.7889   -1.116   0.3863   0   2.757e+08   -1.847e+06   0
20.6   0.7915   -1.089   0.3824   0   2.653e+08   -7.517e+07   0
20.7   0.7921   -1.063   0.3734   0   2.599e+08   -9.214e+07   0
20.8   0.7921   -1.037   0.3642   0   2.599e+08   -9.214e+07   0
20.9   0.7921   -1.011   0.355   0   2.599e+08   -9.214e+07   0
21   0.7921   -0.9851   0.3457   0   2.599e+08   -9.214e+07   0
21.1   0.7921   -0.9591   0.3365   0   2.599e+08   -9.214e+07   0
21.2   0.7921   -0.9331   0.3273   0   2.599e+08   -9.214e+07   0
21.3   0.7921   -0.9071   0.3181   0   2.599e+08   -9.214e+07   0
21.4   0.7921   -0.8811   0.3089   0   2.599e+08   -9.214e+07   0
21.5   0.7921   -0.8551   0.2997   0   2.599e+08   -9.214e+07   0
21.6   0.7921   -0.8291   0.2905   0   2.599e+08   -9.214e+07   0
21.7   0.7921   -0.8031   0.2812   0   2.599e+08   -9.214e+07   0
21.8   0.7921   -0.7771   0.272   0   2.599e+08   -9.214e+07   0
21.9   0.7921   -0.7511   0.2628   0   2.599e+08   -9.214e+07   0
22   0.7921   -0.7251   0.2536   0   2.599e+08   -9.214e+07   0
22.1   0.7944   -0.6992   0.2444   0   2.6e+08   -9.217e+07   0
22.2   0.7995   -0.6731   0.2352   0   2.602e+08   -9.223e+07   0
22.3   0.8044   -0.6471   0.2259   0   2.604e+08   -9.228e+07   0
22.4   0.8092   -0.6211   0.2167   0   2.605e+08   -9.234e+07   0
22.5   0.8138   -0.595   0.2075   0   2.607e+08   -9.239e+07   0
22.6   0.8181   -0.5689   0.1982   0   2.609e+08   -9.244e+07   0
22.7   0.8222   -0.5428   0.189   0   2.61e+08   -9.248e+07   0
22.8   0.8259   -0.5167   0.1797   0   2.611e+08   -9.252e+07   0
22.9   0.8292   -0.4906   0.1705   0   2.612e+08   -9.255e+07   0
23   0.8321   -0.4645   0.1612   0   2.613e+08   -9.258e+07   0
23.1   0.8344   -0.4383   0.152   0   2.614e+08   -9.261e+07   0
23.2   0.8362   -0.4122   0.1427   0   2.615e+08   -9.262e+07   0
23.3   0.8372   -0.386   0.1334   0   2.615e+08   -9.263e+07   0
23.4   0.8375   -0.3599   0.1242   0   2.615e+08   -9.264e+07   0
23.5   0.8369   -0.3337   0.1149   0   2.615e+08   -9.263e+07   0
23.6   0.8353   -0.3076   0.1056   0   2.614e+08   -9.262e+07   0
23.7   0.8324   -0.2815   0.09639   0   2.613e+08   -9.259e+07   0
23.8   0.8281   -0.2553   0.08713   0   2.612e+08   -9.255e+07   0
23.9   0.8221   -0.2292   0.07788   0   2.61e+08   -9.25e+07   0
24   0.8139   -0.2031   0.06863   0   2.607e+08   -9.242e+07   0
24.1   0.8037   -0.1771   0.0594   0   2.603e+08   -9.233e+07   0
24.2   0.8037   -0.1511   0.05016   0   2.603e+08   -9.233e+07   0
24.3   0.8037   -0.125   0.04093   0   2.603e+08   -9.233e+07   0
24.4   0.8037   -0.09899   0.0317   0   2.603e+08   -9.233e+07   0
24.5   0.8037   -0.07296   0.02246   0   2.603e+08   -9.233e+07   0
24.6   0.8037   -0.04692   0.01323   0   2.603e+08   -9.233e+07   0
24.7   0.8037   -0.02089   0.003995   0   2.603e+08   -9.233e+07   0
24.8   0.8037   0.005143   -0.005238   0   2.603e+08   -9.233e+07   0
24.9   0.8037   0.03118   -0.01447   0   2.603e+08   -9.233e+07   0
25   0.8037   0.05721   -0.0237   0   2.603e+08   -9.233e+07   0
25.1   0.8037   0.08324   -0.03294   0   2.603e+08   -9.233e+07   0
25.2   0.8037   0.1093   -0.04217   0   2.603e+08   -9.233e+07   0
25.3   0.8037   0.1353   -0.05141   0   2.603e+08   -9.233e+07   0
25.4   0.8037   0.1613   -0.06064   0   2.603e+08   -9.233e+07   0
25.5   0.8144   0.1874   -0.06988   0   2.607e+08   -9.251e+07   0
25.6   0.8377   0.2135   -0.07915   0   2.614e+08   -9.286e+07   0
25.7   0.8585   0.2397   -0.08845   0   2.621e+08   -9.316e+07   0
25.8   0.8772   0.2659   -0.09778   0   2.626e+08   -9.341e+07   0
25.9   0.8941   0.2922   -0.1071   0   2.631e+08   -9.362e+07   0
26   0.9094   0.3185   -0.1165   0   2.635e+08   -9.38e+07   0
26.1   0.9234   0.3449   -0.1259   0   2.639e+08   -9.396e+07   0
26.2   0.9361   0.3713   -0.1353   0   2.642e+08   -9.41e+07   0
26.3   0.9477   0.3977   -0.1447   0   2.645e+08   -9.422e+07   0
26.4   0.9583   0.4242   -0.1541   0   2.648e+08   -9.433e+07   0
26.5   0.9679   0.4507   -0.1636   0   2.65e+08   -9.443e+07   0
26.6   0.9766   0.4772   -0.173   0   2.652e+08   -9.451e+07   0
26.7   0.9844   0.5037   -0.1825   0   2.654e+08   -9.459e+07   0
26.8   0.9915   0.5303   -0.1919   0   2.656e+08   -9.465e+07   0
26.9   0.9978   0.5568   -0.2014   0   2.657e+08   -9.471e+07   0
27   1.003   0.5834   -0.2109   0   2.658e+08   -9.476e+07   0
27.1   1.008   0.61   -0.2204   0   2.659e+08   -9.48e+07   0
27.2   1.013   0.6366   -0.2298   0   2.66e+08   -9.484e+07   0
27.3   1.017   0.6632   -0.2393   0   2.661e+08   -9.488e+07   0
27.4   1.02   0.6898   -0.2488   0   2.662e+08   -9.49e+07   0
27.5   1.022   0.7165   -0.2583   0   2.662e+08   -9.492e+07   0
27.6   1.022   0.7431   -0.2678   0   2.662e+08   -9.492e+07   0
27.7   1.022   0.7697   -0.2773   0   2.662e+08   -9.492e+07   0
27.8   1.022   0.7963   -0.2868   0   2.662e+08   -9.492e+07   0
27.9   1.022   0.8229   -0.2963   0   2.662e+08   -9.492e+07   0
28   1.022   0.8496   -0.3058   0   2.662e+08   -9.492e+07   0
28.1   1.022   0.8762   -0.3153   0   2.662e+08   -9.492e+07   0
28.2   1.022   0.9028   -0.3247   0   2.662e+08   -9.492e+07   0
28.3   1.022   0.9294   -0.3342   0   2.662e+08   -9.492e+07   0
28.4   1.022   0.9561   -0.3437   0   2.662e+08   -9.492e+07   0
28.5   1.022   0.9827   -0.3532   0   2.662e+08   -9.492e+07   0
28.6   1.022   1.009   -0.3627   0   2.662e+08   -9.492e+07   0
28.7   1.022   1.036   -0.3722   0   2.662e+08   -9.492e+07   0
28.8   1.022   1.063   -0.3817   0   2.662e+08   -9.492e+07   0
28.9   1.022   1.089   -0.3912   0   2.662e+08   -9.492e+07   0
29   1.028   1.114   -0.4046   0   2.247e+08   -1.716e+08   0
29.1   1.034   1.133   -0.425   0   1.606e+08   -2.329e+08   0
29.2   1.04   1.145   -0.4504   0   8.101e+07   -2.712e+08   0
29.3   1.046   1.149   -0.4784   0   -6.236e+06   -2.831e+08   0
29.4   1.053   1.144   -0.5062   0   -9.263e+07   -2.678e+08   0
29.5   1.059   1.131   -0.5311   0   -1.699e+08   -2.269e+08   0
29.6   1.065   1.111   -0.5508   0   -2.309e+08   -1.647e+08   0
29.7   1.072   1.085   -0.5634   0   -2.7e+08   -8.714e+07   0
29.8   1.078   1.057   -0.5679   0   -2.839e+08   -1.741e+06   0
29.9   1.084   1.029   -0.5637   0   -2.714e+08   8.357e+07   0
30   1.089   1.004   -0.5518   0   -2.498e+08   1.352e+08   0
30.1   1.089   0.9788   -0.5383   0   -2.498e+08   1.352e+08   0
30.2   1.089   0.9538   -0.5247   0   -2.498e+08   1.352e+08   0
30.3   1.089   0.9288   -0.5112   0   -2.498e+08   1.352e+08   0
30.4   1.089   0.9038   -0.4977   0   -2.498e+08   1.352e+08   0
30.5   1.089   0.8788   -0.4842   0   -2.498e+08   1.352e+08   0
30.6   1.089   0.8539   -0.4707   0   -2.498e+08   1.352e+08   0
30.7   1.089   0.8289   -0.4571   0   -2.498e+08   1.352e+08   0
30.8   1.089   0.8039   -0.4436   0   -2.498e+08   1.352e+08   0
30.9   1.089   0.7789   -0.4301   0   -2.498e+08   1.352e+08   0
31   1.089   0.7539   -0.4166   0   -2.498e+08   1.352e+08   0
31.1   1.089   0.7289   -0.403   0   -2.498e+08   1.352e+08   0
31.2   1.089   0.704   -0.3895   0   -2.498e+08   1.352e+08   0
31.3   1.089   0.679   -0.376   0   -2.498e+08   1.352e+08   0
31.4   1.09   0.654   -0.3625   0   -2.498e+08   1.352e+08   0
31.5   1.095   0.629   -0.3489   0   -2.499e+08   1.353e+08   0
31.6   1.1   0.604   -0.3354   0   -2.5e+08   1.354e+08   0
31.7   1.105   0.579   -0.3219   0   -2.501e+08   1.354e+08   0
31.8   1.109   0.554   -0.3083   0   -2.502e+08   1.355e+08   0
31.9   1.114   0.529   -0.2948   0   -2.502e+08   1.355e+08   0
32   1.118   0.5039   -0.2812   0   -2.503e+08   1.356e+08   0
32.1   1.122   0.4789   -0.2677   0   -2.504e+08   1.356e+08   0
32.2   1.125   0.4539   -0.2541   0   -2.504e+08   1.356e+08   0
32.3   1.128   0.4288   -0.2405   0   -2.505e+08   1.357e+08   0
32.4   1.131   0.4038   -0.227   0   -2.505e+08   1.357e+08   0
32.5   1.133   0.3787   -0.2134   0   -2.505e+08   1.357e+08   0
32.6   1.134   0.3537   -0.1998   0   -2.505e+08   1.357e+08   0
32.7   1.134   0.3286   -0.1862   0   -2.506e+08   1.357e+08   0
32.8   1.133   0.3036   -0.1727   0   -2.505e+08   1.357e+08   0
32.9   1.132   0.2785   -0.1591   0   -2.505e+08   1.357e+08   0
33   1.129   0.2535   -0.1455   0   -2.505e+08   1.357e+08   0
33.1   1.124   0.2284   -0.132   0   -2.504e+08   1.356e+08   0
33.2   1.118   0.2034   -0.1184   0   -2.503e+08   1.355e+08   0
33.3   1.109   0.1783   -0.1049   0   -2.502e+08   1.354e+08   0
33.4   1.102   0.1533   -0.09132   0   -2.501e+08   1.353e+08   0
33.5   1.102   0.1283   -0.07779   0   -2.501e+08   1.353e+08   0
33.6   1.102   0.1033   -0.06427   0   -2.501e+08   1.353e+08   0
33.7   1.102   0.0783   -0.05074   0   -2.501e+08   1.353e+08   0
33.8   1.102   0.05329   -0.03721   0   -2.501e+08   1.353e+08   0
33.9   1.102   0.02828   -0.02368   0   -2.501e+08   1.353e+08   0
34   1.102   0.003265   -0.01015   0   -2.501e+08   1.353e+08   0
34.1   1.102   -0.02175   0.003379   0   -2.501e+08   1.353e+08   0
34.2   1.102   -0.04676   0.01691   0   -2.501e+08   1.353e+08   0
34.3   1.102   -0.07177   0.03044   0   -2.501e+08   1.353e+08   0
34.4   1.102   -0.09678   0.04397   0   -2.501e+08   1.353e+08   0
34.5   1.102   -0.1218   0.05749   0   -2.501e+08   1.353e+08   0
34.6   1.102   -0.1468   0.07102   0   -2.501e+08   1.353e+08   0
34.7   1.105   -0.1718   0.08455   0   -2.502e+08   1.353e+08   0
34.8   1.13   -0.1969   0.09808   0   -2.507e+08   1.354e+08   0
34.9   1.151   -0.2219   0.1116   0   -2.511e+08   1.354e+08   0
35   1.171   -0.2471   0.1252   0   -2.514e+08   1.355e+08   0
35.1   1.189   -0.2722   0.1387   0   -2.517e+08   1.356e+08   0
35.2   1.205   -0.2974   0.1523   0   -2.52e+08   1.357e+08   0
35.3   1.22   -0.3226   0.1659   0   -2.522e+08   1.357e+08   0
35.4   1.233   -0.3479   0.1794   0   -2.524e+08   1.358e+08   0
35.5   1.245   -0.3731   0.193   0   -2.526e+08   1.358e+08   0
35.6   1.256   -0.3984   0.2066   0   -2.528e+08   1.359e+08   0
35.7   1.267   -0.4237   0.2202   0   -2.529e+08   1.359e+08   0
35.8   1.276   -0.449   0.2338   0   -2.53e+08   1.36e+08   0
35.9   1.284   -0.4743   0.2474   0   -2.532e+08   1.36e+08   0
36   1.292   -0.4996   0.261   0   -2.533e+08   1.361e+08   0
36.1   1.299   -0.5249   0.2746   0   -2.534e+08   1.361e+08   0
36.2   1.305   -0.5503   0.2882   0   -2.534e+08   1.361e+08   0
36.3   1.31   -0.5756   0.3018   0   -2.535e+08   1.362e+08   0
36.4   1.315   -0.601   0.3155   0   -2.536e+08   1.362e+08   0
36.5   1.32   -0.6263   0.3291   0   -2.536e+08   1.362e+08   0
36.6   1.323   -0.6517   0.3427   0   -2.537e+08   1.362e+08   0
36.7   1.325   -0.6771   0.3563   0   -2.537e+08   1.362e+08   0
36.8   1.325   -0.7024   0.3699   0   -2.537e+08   1.362e+08   0
36.9   1.325   -0.7278   0.3836   0   -2.537e+08   1.362e+08   0
37   1.325   -0.7532   0.3972   0   -2.537e+08   1.362e+08   0
37.1   1.325   -0.7785   0.4108   0   -2.537e+08   1.362e+08   0
37.2   1.325   -0.8039   0.4244   0   -2.537e+08   1.362e+08   0
37.3   1.325   -0.8293   0.4381   0   -2.537e+08   1.362e+08   0
37.4   1.325   -0.8546   0.4517   0   -2.537e+08   1.362e+08   0
37.5   1.325   -0.88   0.4653   0   -2.537e+08   1.362e+08   0
37.6   1.325   -0.9054   0.4789   0   -2.537e+08   1.362e+08   0
37.7   1.325   -0.9307   0.4925   0   -2.537e+08   1.362e+08   0
37.8   1.325   -0.9561   0.5062   0   -2.537e+08   1.362e+08   0
37.9   1.325   -0.9815   0.5198   0   -2.537e+08   1.362e+08   0
38   1.325   -1.007   0.5334   0   -2.537e+08   1.362e+08   0
38.1   1.325   -1.032   0.547   0   -2.537e+08   1.362e+08   0
38.2   1.325   -1.058   0.5607   0   -2.537e+08   1.362e+08   0
38.3   1.325   -1.083   0.5743   0   -2.537e+08   1.362e+08   0
38.4   1.325   -1.108   0.5879   0   -2.537e+08   1.362e+08   0
38.5   1.325   -1.134   0.6015   0   -2.537e+08   1.362e+08   0
38.6   1.325   -1.159   0.6152   0   -2.537e+08   1.362e+08   0
38.7   1.325   -1.184   0.6288   0   -2.537e+08   1.362e+08   0
38.8   1.325   -1.21   0.6424   0   -2.537e+08   1.362e+08   0
38.9   1.325   -1.235   0.656   0   -2.537e+08   1.362e+08   0
39   1.325   -1.261   0.6696   0   -2.537e+08   1.362e+08   0
39.1   1.325   -1.286   0.6833   0   -2.537e+08   1.362e+08   0
39.2   1.325   -1.311   0.6969   0   -2.537e+08   1.362e+08   0
39.3   1.325   -1.337   0.7105   0   -2.537e+08   1.362e+08   0
39.4   1.325   -1.362   0.7241   0   -2.537e+08   1.362e+08   0
39.5   1.325   -1.387   0.7378   0   -2.537e+08   1.362e+08   0
39.6   1.325   -1.413   0.7514   0   -2.537e+08   1.362e+08   0
39.7   1.325   -1.438   0.765   0   -2.537e+08   1.362e+08   0
39.8   1.325   -1.463   0.7786   0   -2.537e+08   1.362e+08   0
39.9   1.325   -1.489   0.7923   0   -2.537e+08   1.362e+08   0
40   1.325   -1.514   0.8059   0   -2.537e+08   1.362e+08   0
40.1   1.325   -1.54   0.8195   0   -2.537e+08   1.362e+08   0
40.2   1.325   -1.565   0.8331   0   -2.537e+08   1.362e+08   0
40.3   1.325   -1.59   0.8467   0   -2.537e+08   1.362e+08   0
40.4   1.325   -1.616   0.8604   0   -2.537e+08   1.362e+08   0
40.5   1.325   -1.641   0.874   0   -2.537e+08   1.362e+08   0
40.6   1.325   -1.666   0.8876   0   -2.537e+08   1.362e+08   0
40.7   1.325   -1.692   0.9012   0   -2.537e+08   1.362e+08   0
40.8   1.325   -1.717   0.9149   0   -2.537e+08   1.362e+08   0
40.9   1.325   -1.743   0.9285   0   -2.537e+08   1.362e+08   0
41   1.325   -1.768   0.9421   0   -2.537e+08   1.362e+08   0
41.1   1.325   -1.793   0.9557   0   -2.537e+08   1.362e+08   0
41.2   1.325   -1.819   0.9694   0   -2.537e+08   1.362e+08   0
41.3   1.325   -1.844   0.983   0   -2.537e+08   1.362e+08   0
41.4   1.325   -1.869   0.9966   0   -2.537e+08   1.362e+08   0
41.5   1.325   -1.895   1.01   0   -2.537e+08   1.362e+08   0
41.6   1.325   -1.92   1.024   0   -2.537e+08   1.362e+08   0
41.7   1.325   -1.945   1.037   0   -2.537e+08   1.362e+08   0
41.8   1.325   -1.971   1.051   0   -2.537e+08   1.362e+08   0
41.9   1.325   -1.996   1.065   0   -2.537e+08   1.362e+08   0
42   1.325   -2.022   1.078   0   -2.537e+08   1.362e+08   0
42.1   1.325   -2.047   1.092   0   -2.537e+08   1.362e+08   0
42.2   1.325   -2.072   1.106   0   -2.537e+08   1.362e+08   0
42.3   1.325   -2.098   1.119   0   -2.537e+08   1.362e+08   0
42.4   1.325   -2.123   1.133   0   -2.537e+08   1.362e+08   0
42.5   1.325   -2.148   1.146   0   -2.537e+08   1.362e+08   0
42.6   1.325   -2.174   1.16   0   -2.537e+08   1.362e+08   0
42.7   1.325   -2.199   1.174   0   -2.537e+08   1.362e+08   0
42.8   1.325   -2.225   1.187   0   -2.537e+08   1.362e+08   0
42.9   1.325   -2.25   1.201   0   -2.537e+08   1.362e+08   0
43   1.325   -2.275   1.215   0   -2.537e+08   1.362e+08   0
43.1   1.325   -2.301   1.228   0   -2.537e+08   1.362e+08   0
43.2   1.325   -2.326   1.242   0   -2.537e+08   1.362e+08   0
43.3   1.325   -2.351   1.255   0   -2.537e+08   1.362e+08   0
43.4   1.325   -2.377   1.269   0   -2.537e+08   1.362e+08   0
43.5   1.325   -2.402   1.283   0   -2.537e+08   1.362e+08   0
43.6   1.325   -2.427   1.296   0   -2.537e+08   1.362e+08   0
43.7   1.325   -2.453   1.31   0   -2.537e+08   1.362e+08   0
43.8   1.325   -2.478   1.324   0   -2.537e+08   1.362e+08   0
43.9   1.325   -2.504   1.337   0   -2.537e+08   1.362e+08   0
44   1.325   -2.529   1.351   0   -2.537e+08   1.362e+08   0
44.1   1.325   -2.554   1.364   0   -2.537e+08   1.362e+08   0
44.2   1.325   -2.58   1.378   0   -2.537e+08   1.362e+08   0
44.3   1.325   -2.605   1.392   0   -2.537e+08   1.362e+08   0
44.4   1.325   -2.63   1.405   0   -2.537e+08   1.362e+08   0
44.5   1.325   -2.656   1.419   0   -2.537e+08   1.362e+08   0
44.6   1.325   -2.681   1.433   0   -2.537e+08   1.362e+08   0
44.7   1.325   -2.707   1.446   0   -2.537e+08   1.362e+08   0
44.8   1.325   -2.732   1.46   0   -2.537e+08   1.362e+08   0
44.9   1.325   -2.757   1.473   0   -2.537e+08   1.362e+08   0
45   1.325   -2.783   1.487   0   -2.537e+08   1.362e+08   0
