0   0.04   -0.753   0   0   1.121e+08   0   0
0.1   0.04   -0.753   0   0   1.121e+08   0   0
0.2   0.04   -0.753   0   0   1.121e+08   0   0
0.3   0.04   -0.753   0   0   1.121e+08   0   0
0.4   0.04   -0.753   0   0   1.121e+08   0   0
0.5   0.04   -0.753   0   0   1.121e+08   0   0
0.6   0.04   -0.753   0   0   1.121e+08   0   0
0.7   0.04   -0.753   0   0   1.121e+08   0   0
0.8   0.0408   -0.7449   0   0   1.131e+08   0   0
0.9   0.0421   -0.7335   0   0   1.147e+08   0   0
1   0.04362   -0.7219   0   0   1.165e+08   0   0
1.1   0.04534   -0.7101   0   0   1.185e+08   0   0
1.2   0.0473   -0.6982   0   0   1.208e+08   0   0
1.3   0.04948   -0.686   0   0   1.232e+08   0   0
1.4   0.05191   -0.6735   0   0   1.257e+08   0   0
1.5   0.05459   -0.6608   0   0   1.285e+08   0   0
1.6   0.05753   -0.6478   0   0   1.314e+08   0   0
1.7   0.06073   -0.6345   0   0   1.345e+08   0   0
1.8   0.06421   -0.6209   0   0   1.376e+08   0   0
1.9   0.06797   -0.607   0   0   1.409e+08   0   0
2   0.07202   -0.5927   0   0   1.443e+08   0   0
2.1   0.07636   -0.5781   0   0   1.478e+08   0   0
2.2   0.081   -0.5632   0   0   1.514e+08   0   0
2.3   0.08593   -0.5479   0   0   1.55e+08   0   0
2.4   0.09117   -0.5322   0   0   1.586e+08   0   0
2.5   0.0967   -0.5161   0   0   1.623e+08   0   0
2.6   0.1025   -0.4997   0   0   1.659e+08   0   0
2.7   0.1086   -0.4829   0   0   1.696e+08   0   0
2.8   0.115   -0.4658   0   0   1.732e+08   0   0
2.9   0.1217   -0.4483   0   0   1.768e+08   0   0
3   0.1286   -0.4304   0   0   1.803e+08   0   0
3.1   0.1358   -0.4122   0   0   1.838e+08   0   0
3.2   0.1432   -0.3937   0   0   1.872e+08   0   0
3.3   0.1509   -0.3748   0   0   1.905e+08   0   0
3.4   0.1587   -0.3556   0   0   1.938e+08   0   0
3.5   0.1667   -0.336   0   0   1.969e+08   0   0
3.6   0.1748   -0.3162   0   0   1.999e+08   0   0
3.7   0.183   -0.2961   0   0   2.029e+08   0   0
3.8   0.1913   -0.2756   0   0   2.057e+08   0   0
3.9   0.1996   -0.2549   0   0   2.083e+08   0   0
4   0.2078   -0.234   0   0   2.109e+08   0   0
4.1   0.216   -0.2128   0   0   2.132e+08   0   0
4.2   0.2239   -0.1913   0   0   2.155e+08   0   0
4.3   0.225   -0.1697   0   0   2.158e+08   0   0
4.4   0.225   -0.1482   0   0   2.158e+08   0   0
4.5   0.225   -0.1266   0   0   2.158e+08   0   0
4.6   0.225   -0.105   0   0   2.158e+08   0   0
4.7   0.225   -0.08343   0   0   2.158e+08   0   0
4.8   0.225   -0.06186   0   0   2.158e+08   0   0
4.9   0.225   -0.04028   0   0   2.158e+08   0   0
5   0.225   -0.0187   0   0   2.158e+08   0   0
5.1   0.225   0.002875   0   0   2.158e+08   0   0
5.2   0.225   0.02445   0   0   2.158e+08   0   0
5.3   0.225   0.04603   0   0   2.158e+08   0   0
5.4   0.225   0.06761   0   0   2.158e+08   0   0
5.5   0.225   0.08918   0   0   2.158e+08   0   0
5.6   0.225   0.1108   0   0   2.158e+08   0   0
5.7   0.225   0.1323   0   0   2.158e+08   0   0
5.8   0.225   0.1539   0   0   2.158e+08   0   0
5.9   0.225   0.1755   0   0   2.158e+08   0   0
6   0.2309   0.1971   0   0   2.174e+08   0   0
6.1   0.2453   0.219   0   0   2.21e+08   0   0
6.2   0.2593   0.2413   0   0   2.243e+08   0   0
6.3   0.2729   0.2639   0   0   2.273e+08   0   0
6.4   0.286   0.2868   0   0   2.301e+08   0   0
6.5   0.2986   0.3099   0   0   2.325e+08   0   0
6.6   0.3109   0.3333   0   0   2.348e+08   0   0
6.7   0.3226   0.3568   0   0   2.369e+08   0   0
6.8   0.334   0.3806   0   0   2.388e+08   0   0
6.9   0.3448   0.4046   0   0   2.405e+08   0   0
7   0.3552   0.4287   0   0   2.421e+08   0   0
7.1   0.3652   0.453   0   0   2.435e+08   0   0
7.2   0.3747   0.4774   0   0   2.449e+08   0   0
7.3   0.3837   0.502   0   0   2.461e+08   0   0
7.4   0.3923   0.5266   0   0   2.472e+08   0   0
7.5   0.4003   0.5514   0   0   2.482e+08   0   0
7.6   0.408   0.5763   0   0   2.492e+08   0   0
7.7   0.4151   0.6012   0   0   2.5e+08   0   0
7.8   0.4218   0.6263   0   0   2.508e+08   0   0
7.9   0.428   0.6514   0   0   2.515e+08   0   0
8   0.4338   0.6766   0   0   2.522e+08   0   0
8.1   0.4391   0.7018   0   0   2.527e+08   0   0
8.2   0.444   0.7271   0   0   2.533e+08   0   0
8.3   0.4484   0.7525   0   0   2.537e+08   0   0
8.4   0.4485   0.7779   0   0   2.537e+08   0   0
8.5   0.4485   0.8032   0   0   2.537e+08   0   0
8.6   0.4485   0.8286   0   0   2.537e+08   0   0
8.7   0.4485   0.854   0   0   2.537e+08   0   0
8.8   0.4485   0.8794   0   0   2.537e+08   0   0
8.9   0.4485   0.9047   0   0   2.537e+08   0   0
9   0.4485   0.9301   0   0   2.537e+08   0   0
9.1   0.4485   0.9555   0   0   2.537e+08   0   0
9.2   0.4485   0.9809   0   0   2.537e+08   0   0
9.3   0.4485   1.006   0   0   2.537e+08   0   0
9.4   0.4485   1.032   0   0   2.537e+08   0   0
9.5   0.4485   1.057   0   0   2.537e+08   0   0
9.6   0.4485   1.082   0   0   2.537e+08   0   0
9.7   0.4485   1.108   -2.125e-06   0   2.537e+08   -1.416e+06   0
9.8   0.4495   1.133   -0.003695   0   2.436e+08   -7.126e+07   0
9.9   0.4504   1.156   -0.01414   0   2.147e+08   -1.356e+08   0
10   0.4514   1.175   -0.03052   0   1.693e+08   -1.894e+08   0
10.1   0.4523   1.189   -0.05158   0   1.108e+08   -2.287e+08   0
10.2   0.4533   1.197   -0.07571   0   4.381e+07   -2.504e+08   0
10.3   0.4542   1.198   -0.101   0   -2.65e+07   -2.53e+08   0
10.4   0.4552   1.192   -0.1256   0   -9.477e+07   -2.361e+08   0
10.5   0.4561   1.179   -0.1476   0   -1.558e+08   -2.013e+08   0
10.6   0.4571   1.161   -0.1653   0   -2.049e+08   -1.511e+08   0
10.7   0.4581   1.138   -0.1774   0   -2.385e+08   -8.946e+07   0
10.8   0.459   1.114   -0.1829   0   -2.54e+08   -2.103e+07   0
10.9   0.4599   1.088   -0.1815   0   -2.515e+08   4.136e+07   0
11   0.4599   1.063   -0.1774   0   -2.515e+08   4.136e+07   0
11.1   0.4599   1.038   -0.1733   0   -2.515e+08   4.136e+07   0
11.2   0.4599   1.013   -0.1691   0   -2.515e+08   4.136e+07   0
11.3   0.4599   0.9877   -0.165   0   -2.515e+08   4.136e+07   0
11.4   0.4599   0.9625   -0.1609   0   -2.515e+08   4.136e+07   0
11.5   0.4599   0.9374   -0.1567   0   -2.515e+08   4.136e+07   0
11.6   0.4599   0.9122   -0.1526   0   -2.515e+08   4.136e+07   0
11.7   0.4599   0.8871   -0.1485   0   -2.515e+08   4.136e+07   0
11.8   0.4599   0.8619   -0.1443   0   -2.515e+08   4.136e+07   0
11.9   0.4599   0.8368   -0.1402   0   -2.515e+08   4.136e+07   0
12   0.4599   0.8116   -0.1361   0   -2.515e+08   4.136e+07   0
12.1   0.4599   0.7865   -0.1319   0   -2.515e+08   4.136e+07   0
12.2   0.4599   0.7613   -0.1278   0   -2.515e+08   4.136e+07   0
12.3   0.4613   0.7362   -0.1236   0   -2.517e+08   4.138e+07   0
12.4   0.4671   0.711   -0.1195   0   -2.522e+08   4.148e+07   0
12.5   0.4729   0.6857   -0.1154   0   -2.528e+08   4.158e+07   0
12.6   0.4788   0.6604   -0.1112   0   -2.533e+08   4.168e+07   0
12.7   0.4846   0.635   -0.107   0   -2.539e+08   4.178e+07   0
12.8   0.4904   0.6096   -0.1028   0   -2.544e+08   4.187e+07   0
12.9   0.4961   0.5842   -0.09864   0   -2.549e+08   4.196e+07   0
13   0.5017   0.5587   -0.09444   0   -2.554e+08   4.205e+07   0
13.1   0.5071   0.5331   -0.09023   0   -2.558e+08   4.213e+07   0
13.2   0.5123   0.5075   -0.08601   0   -2.563e+08   4.221e+07   0
13.3   0.5173   0.4818   -0.08179   0   -2.567e+08   4.229e+07   0
13.4   0.522   0.4561   -0.07756   0   -2.571e+08   4.236e+07   0
13.5   0.5264   0.4304   -0.07332   0   -2.574e+08   4.243e+07   0
13.6   0.5303   0.4047   -0.06907   0   -2.577e+08   4.248e+07   0
13.7   0.5337   0.3789   -0.06482   0   -2.58e+08   4.253e+07   0
13.8   0.5365   0.3531   -0.06056   0   -2.582e+08   4.258e+07   0
13.9   0.5387   0.3272   -0.0563   0   -2.584e+08   4.261e+07   0
14   0.54   0.3014   -0.05204   0   -2.585e+08   4.263e+07   0
14.1   0.5404   0.2755   -0.04778   0   -2.585e+08   4.263e+07   0
14.2   0.5396   0.2497   -0.04352   0   -2.584e+08   4.262e+07   0
14.3   0.5373   0.2238   -0.03926   0   -2.583e+08   4.259e+07   0
14.4   0.5334   0.198   -0.035   0   -2.58e+08   4.252e+07   0
14.5   0.5306   0.1723   -0.03075   0   -2.578e+08   4.247e+07   0
14.6   0.5306   0.1465   -0.0265   0   -2.578e+08   4.247e+07   0
14.7   0.5306   0.1207   -0.02226   0   -2.578e+08   4.247e+07   0
14.8   0.5306   0.09493   -0.01801   0   -2.578e+08   4.247e+07   0
14.9   0.5306   0.06915   -0.01376   0   -2.578e+08   4.247e+07   0
15   0.5306   0.04338   -0.009515   0   -2.578e+08   4.247e+07   0
15.1   0.5306   0.0176   -0.005268   0   -2.578e+08   4.247e+07   0
15.2   0.5306   -0.008176   -0.00102   0   -2.578e+08   4.247e+07   0
15.3   0.5306   -0.03395   0.003227   0   -2.578e+08   4.247e+07   0
15.4   0.5306   -0.05973   0.007474   0   -2.578e+08   4.247e+07   0
15.5   0.5306   -0.0855   0.01172   0   -2.578e+08   4.247e+07   0
15.6   0.5306   -0.1113   0.01597   0   -2.578e+08   4.247e+07   0
15.7   0.5306   -0.1371   0.02022   0   -2.578e+08   4.247e+07   0
15.8   0.5306   -0.1628   0.02446   0   -2.578e+08   4.247e+07   0
15.9   0.5327   -0.1886   0.02871   0   -2.579e+08   4.249e+07   0
16   0.5549   -0.2145   0.03297   0   -2.596e+08   4.269e+07   0
16.1   0.575   -0.2405   0.03725   0   -2.61e+08   4.286e+07   0
16.2   0.5934   -0.2667   0.04154   0   -2.623e+08   4.301e+07   0
16.3   0.6103   -0.293   0.04585   0   -2.633e+08   4.315e+07   0
16.4   0.6259   -0.3194   0.05017   0   -2.643e+08   4.327e+07   0
16.5   0.6403   -0.3458   0.0545   0   -2.651e+08   4.338e+07   0
16.6   0.6537   -0.3724   0.05885   0   -2.659e+08   4.348e+07   0
16.7   0.666   -0.399   0.0632   0   -2.665e+08   4.357e+07   0
16.8   0.6774   -0.4257   0.06756   0   -2.671e+08   4.365e+07   0
16.9   0.6879   -0.4524   0.07193   0   -2.677e+08   4.373e+07   0
17   0.6976   -0.4792   0.07631   0   -2.681e+08   4.379e+07   0
17.1   0.7066   -0.506   0.08069   0   -2.686e+08   4.385e+07   0
17.2   0.7148   -0.5329   0.08508   0   -2.689e+08   4.391e+07   0
17.3   0.7223   -0.5598   0.08947   0   -2.693e+08   4.396e+07   0
17.4   0.7291   -0.5868   0.09387   0   -2.696e+08   4.4e+07   0
17.5   0.7353   -0.6137   0.09827   0   -2.699e+08   4.404e+07   0
17.6   0.7409   -0.6407   0.1027   0   -2.701e+08   4.408e+07   0
17.7   0.7459   -0.6678   0.1071   0   -2.703e+08   4.411e+07   0
17.8   0.7503   -0.6948   0.1115   0   -2.705e+08   4.413e+07   0
17.9   0.7542   -0.7219   0.1159   0   -2.707e+08   4.416e+07   0
18   0.757   -0.7489   0.1203   0   -2.708e+08   4.418e+07   0
18.1   0.757   -0.776   0.1247   0   -2.708e+08   4.418e+07   0
18.2   0.757   -0.8031   0.1292   0   -2.708e+08   4.418e+07   0
18.3   0.757   -0.8302   0.1336   0   -2.708e+08   4.418e+07   0
18.4   0.757   -0.8573   0.138   0   -2.708e+08   4.418e+07   0
18.5   0.757   -0.8843   0.1424   0   -2.708e+08   4.418e+07   0
18.6   0.757   -0.9114   0.1468   0   -2.708e+08   4.418e+07   0
18.7   0.757   -0.9385   0.1513   0   -2.708e+08   4.418e+07   0
18.8   0.757   -0.9656   0.1557   0   -2.708e+08   4.418e+07   0
18.9   0.757   -0.9927   0.1601   0   -2.708e+08   4.418e+07   0
19   0.757   -1.02   0.1645   0   -2.708e+08   4.418e+07   0
19.1   0.757   -1.047   0.1689   0   -2.708e+08   4.418e+07   0
19.2   0.757   -1.074   0.1733   0   -2.708e+08   4.418e+07   0
19.3   0.757   -1.101   0.1778   0   -2.708e+08   4.418e+07   0
19.4   0.757   -1.128   0.1822   0   -2.708e+08   4.418e+07   0
19.5   0.7588   -1.155   0.1885   0   -2.568e+08   9.684e+07   0
19.6   0.7613   -1.179   0.2016   0   -2.208e+08   1.632e+08   0
19.7   0.7638   -1.198   0.2208   0   -1.682e+08   2.171e+08   0
19.8   0.7663   -1.212   0.2446   0   -1.031e+08   2.547e+08   0
19.9   0.7688   -1.219   0.2711   0   -3.027e+07   2.732e+08   0
20   0.7714   -1.218   0.2985   0   4.469e+07   2.713e+08   0
20.1   0.7739   -1.21   0.3247   0   1.162e+08   2.493e+08   0
20.2   0.7765   -1.195   0.3477   0   1.791e+08   2.089e+08   0
20.3   0.779   -1.174   0.3659   0   2.287e+08   1.531e+08   0
20.4   0.7816   -1.15   0.3779   0   2.615e+08   8.623e+07   0
20.5   0.7841   -1.123   0.3829   0   2.752e+08   1.311e+07   0
20.6   0.7867   -1.095   0.3805   0   2.688e+08   -6.088e+07   0
20.7   0.7879   -1.069   0.3719   0   2.597e+08   -9.232e+07   0
20.8   0.7879   -1.043   0.3627   0   2.597e+08   -9.232e+07   0
20.9   0.7879   -1.017   0.3534   0   2.597e+08   -9.232e+07   0
21   0.7879   -0.9911   0.3442   0   2.597e+08   -9.232e+07   0
21.1   0.7879   -0.9651   0.335   0   2.597e+08   -9.232e+07   0
21.2   0.7879   -0.9391   0.3257   0   2.597e+08   -9.232e+07   0
21.3   0.7879   -0.9132   0.3165   0   2.597e+08   -9.232e+07   0
21.4   0.7879   -0.8872   0.3073   0   2.597e+08   -9.232e+07   0
21.5   0.7879   -0.8612   0.298   0   2.597e+08   -9.232e+07   0
21.6   0.7879   -0.8352   0.2888   0   2.597e+08   -9.232e+07   0
21.7   0.7879   -0.8093   0.2796   0   2.597e+08   -9.232e+07   0
21.8   0.7879   -0.7833   0.2703   0   2.597e+08   -9.232e+07   0
21.9   0.7879   -0.7573   0.2611   0   2.597e+08   -9.232e+07   0
22   0.7879   -0.7314   0.2519   0   2.597e+08   -9.232e+07   0
22.1   0.7891   -0.7054   0.2427   0   2.597e+08   -9.233e+07   0
22.2   0.7942   -0.6794   0.2334   0   2.599e+08   -9.239e+07   0
22.3   0.7991   -0.6534   0.2242   0   2.601e+08   -9.244e+07   0
22.4   0.8038   -0.6274   0.2149   0   2.603e+08   -9.248e+07   0
22.5   0.8084   -0.6014   0.2057   0   2.604e+08   -9.253e+07   0
22.6   0.8127   -0.5753   0.1964   0   2.606e+08   -9.257e+07   0
22.7   0.8167   -0.5492   0.1872   0   2.607e+08   -9.261e+07   0
22.8   0.8203   -0.5232   0.1779   0   2.609e+08   -9.264e+07   0
22.9   0.8236   -0.4971   0.1686   0   2.61e+08   -9.267e+07   0
23   0.8265   -0.471   0.1594   0   2.611e+08   -9.269e+07   0
23.1   0.8288   -0.4448   0.1501   0   2.612e+08   -9.271e+07   0
23.2   0.8305   -0.4187   0.1408   0   2.612e+08   -9.273e+07   0
23.3   0.8316   -0.3926   0.1316   0   2.613e+08   -9.273e+07   0
23.4   0.8319   -0.3665   0.1223   0   2.613e+08   -9.274e+07   0
23.5   0.8313   -0.3403   0.113   0   2.612e+08   -9.273e+07   0
23.6   0.8297   -0.3142   0.1037   0   2.612e+08   -9.272e+07   0
23.7   0.8269   -0.2881   0.09446   0   2.611e+08   -9.27e+07   0
23.8   0.8226   -0.262   0.08519   0   2.609e+08   -9.268e+07   0
23.9   0.8167   -0.2359   0.07593   0   2.607e+08   -9.264e+07   0
24   0.8088   -0.2099   0.06667   0   2.604e+08   -9.261e+07   0
24.1   0.7983   -0.1838   0.05741   0   2.6e+08   -9.256e+07   0
24.2   0.7963   -0.1578   0.04815   0   2.6e+08   -9.256e+07   0
24.3   0.7963   -0.1319   0.0389   0   2.6e+08   -9.256e+07   0
24.4   0.7963   -0.1059   0.02964   0   2.6e+08   -9.256e+07   0
24.5   0.7963   -0.07986   0.02038   0   2.6e+08   -9.256e+07   0
24.6   0.7963   -0.05386   0.01113   0   2.6e+08   -9.256e+07   0
24.7   0.7963   -0.02787   0.001873   0   2.6e+08   -9.256e+07   0
24.8   0.7963   -0.001872   -0.007383   0   2.6e+08   -9.256e+07   0
24.9   0.7963   0.02412   -0.01664   0   2.6e+08   -9.256e+07   0
25   0.7963   0.05012   -0.02589   0   2.6e+08   -9.256e+07   0
25.1   0.7963   0.07611   -0.03515   0   2.6e+08   -9.256e+07   0
25.2   0.7963   0.1021   -0.04441   0   2.6e+08   -9.256e+07   0
25.3   0.7963   0.1281   -0.05366   0   2.6e+08   -9.256e+07   0
25.4   0.7963   0.1541   -0.06292   0   2.6e+08   -9.256e+07   0
25.5   0.8015   0.1801   -0.07217   0   2.601e+08   -9.267e+07   0
25.6   0.8254   0.2061   -0.08147   0   2.609e+08   -9.316e+07   0
25.7   0.8467   0.2323   -0.0908   0   2.615e+08   -9.356e+07   0
25.8   0.8658   0.2584   -0.1002   0   2.621e+08   -9.389e+07   0
25.9   0.883   0.2847   -0.1096   0   2.625e+08   -9.417e+07   0
26   0.8987   0.311   -0.119   0   2.63e+08   -9.44e+07   0
26.1   0.9129   0.3373   -0.1285   0   2.633e+08   -9.461e+07   0
26.2   0.9258   0.3636   -0.1379   0   2.637e+08   -9.478e+07   0
26.3   0.9375   0.39   -0.1474   0   2.64e+08   -9.493e+07   0
26.4   0.9482   0.4164   -0.1569   0   2.642e+08   -9.507e+07   0
26.5   0.9579   0.4429   -0.1664   0   2.645e+08   -9.518e+07   0
26.6   0.9667   0.4693   -0.176   0   2.647e+08   -9.528e+07   0
26.7   0.9747   0.4958   -0.1855   0   2.649e+08   -9.537e+07   0
26.8   0.9819   0.5223   -0.195   0   2.65e+08   -9.545e+07   0
26.9   0.9883   0.5488   -0.2046   0   2.652e+08   -9.552e+07   0
27   0.994   0.5753   -0.2141   0   2.653e+08   -9.558e+07   0
27.1   0.999   0.6018   -0.2237   0   2.654e+08   -9.563e+07   0
27.2   1.003   0.6284   -0.2333   0   2.655e+08   -9.568e+07   0
27.3   1.007   0.6549   -0.2428   0   2.656e+08   -9.571e+07   0
27.4   1.01   0.6815   -0.2524   0   2.656e+08   -9.575e+07   0
27.5   1.013   0.7081   -0.262   0   2.657e+08   -9.577e+07   0
27.6   1.013   0.7346   -0.2716   0   2.657e+08   -9.577e+07   0
27.7   1.013   0.7612   -0.2811   0   2.657e+08   -9.577e+07   0
27.8   1.013   0.7878   -0.2907   0   2.657e+08   -9.577e+07   0
27.9   1.013   0.8144   -0.3003   0   2.657e+08   -9.577e+07   0
28   1.013   0.8409   -0.3099   0   2.657e+08   -9.577e+07   0
28.1   1.013   0.8675   -0.3194   0   2.657e+08   -9.577e+07   0
28.2   1.013   0.8941   -0.329   0   2.657e+08   -9.577e+07   0
28.3   1.013   0.9206   -0.3386   0   2.657e+08   -9.577e+07   0
28.4   1.013   0.9472   -0.3482   0   2.657e+08   -9.577e+07   0
28.5   1.013   0.9738   -0.3577   0   2.657e+08   -9.577e+07   0
28.6   1.013   1   -0.3673   0   2.657e+08   -9.577e+07   0
28.7   1.013   1.027   -0.3769   0   2.657e+08   -9.577e+07   0
28.8   1.013   1.053   -0.3865   0   2.657e+08   -9.577e+07   0
28.9   1.013   1.08   -0.3961   0   2.657e+08   -9.577e+07   0
29   1.017   1.106   -0.408   0   2.351e+08   -1.566e+08   0
29.1   1.024   1.126   -0.4272   0   1.747e+08   -2.222e+08   0
29.2   1.03   1.14   -0.4518   0   9.715e+07   -2.656e+08   0
29.3   1.036   1.145   -0.4794   0   1.026e+07   -2.828e+08   0
29.4   1.042   1.142   -0.5074   0   -7.737e+07   -2.723e+08   0
29.5   1.048   1.13   -0.533   0   -1.573e+08   -2.356e+08   0
29.6   1.055   1.111   -0.5537   0   -2.218e+08   -1.763e+08   0
29.7   1.061   1.086   -0.5676   0   -2.651e+08   -1.005e+08   0
29.8   1.067   1.059   -0.5734   0   -2.832e+08   -1.534e+07   0
29.9   1.074   1.03   -0.5706   0   -2.748e+08   7.097e+07   0
30   1.079   1.004   -0.5596   0   -2.499e+08   1.347e+08   0
30.1   1.079   0.9794   -0.5461   0   -2.499e+08   1.347e+08   0
30.2   1.079   0.9544   -0.5326   0   -2.499e+08   1.347e+08   0
30.3   1.079   0.9294   -0.5192   0   -2.499e+08   1.347e+08   0
30.4   1.079   0.9044   -0.5057   0   -2.499e+08   1.347e+08   0
30.5   1.079   0.8794   -0.4922   0   -2.499e+08   1.347e+08   0
30.6   1.079   0.8544   -0.4788   0   -2.499e+08   1.347e+08   0
30.7   1.079   0.8294   -0.4653   0   -2.499e+08   1.347e+08   0
30.8   1.079   0.8045   -0.4518   0   -2.499e+08   1.347e+08   0
30.9   1.079   0.7795   -0.4383   0   -2.499e+08   1.347e+08   0
31   1.079   0.7545   -0.4249   0   -2.499e+08   1.347e+08   0
31.1   1.079   0.7295   -0.4114   0   -2.499e+08   1.347e+08   0
31.2   1.079   0.7045   -0.3979   0   -2.499e+08   1.347e+08   0
31.3   1.079   0.6795   -0.3845   0   -2.499e+08   1.347e+08   0
31.4   1.079   0.6545   -0.371   0   -2.499e+08   1.347e+08   0
31.5   1.084   0.6295   -0.3575   0   -2.5e+08   1.347e+08   0
31.6   1.089   0.6045   -0.3441   0   -2.501e+08   1.348e+08   0
31.7   1.094   0.5795   -0.3306   0   -2.501e+08   1.349e+08   0
31.8   1.099   0.5545   -0.3171   0   -2.502e+08   1.349e+08   0
31.9   1.103   0.5295   -0.3036   0   -2.503e+08   1.35e+08   0
32   1.107   0.5044   -0.2901   0   -2.503e+08   1.351e+08   0
32.1   1.111   0.4794   -0.2766   0   -2.504e+08   1.351e+08   0
32.2   1.114   0.4543   -0.2631   0   -2.504e+08   1.352e+08   0
32.3   1.117   0.4293   -0.2495   0   -2.505e+08   1.352e+08   0
32.4   1.12   0.4043   -0.236   0   -2.505e+08   1.352e+08   0
32.5   1.122   0.3792   -0.2225   0   -2.505e+08   1.353e+08   0
32.6   1.123   0.3541   -0.209   0   -2.506e+08   1.353e+08   0
32.7   1.123   0.3291   -0.1954   0   -2.506e+08   1.353e+08   0
32.8   1.122   0.304   -0.1819   0   -2.506e+08   1.353e+08   0
32.9   1.121   0.279   -0.1684   0   -2.505e+08   1.353e+08   0
33   1.118   0.2539   -0.1549   0   -2.505e+08   1.352e+08   0
33.1   1.113   0.2289   -0.1413   0   -2.504e+08   1.351e+08   0
33.2   1.107   0.2038   -0.1278   0   -2.504e+08   1.35e+08   0
33.3   1.099   0.1788   -0.1143   0   -2.503e+08   1.348e+08   0
33.4   1.089   0.1538   -0.1009   0   -2.502e+08   1.346e+08   0
33.5   1.089   0.1288   -0.08741   0   -2.502e+08   1.346e+08   0
33.6   1.089   0.1037   -0.07395   0   -2.502e+08   1.346e+08   0
33.7   1.089   0.07872   -0.06049   0   -2.502e+08   1.346e+08   0
33.8   1.089   0.0537   -0.04703   0   -2.502e+08   1.346e+08   0
33.9   1.089   0.02868   -0.03357   0   -2.502e+08   1.346e+08   0
34   1.089   0.003661   -0.02011   0   -2.502e+08   1.346e+08   0
34.1   1.089   -0.02136   -0.006653   0   -2.502e+08   1.346e+08   0
34.2   1.089   -0.04638   0.006807   0   -2.502e+08   1.346e+08   0
34.3   1.089   -0.0714   0.02027   0   -2.502e+08   1.346e+08   0
34.4   1.089   -0.09642   0.03373   0   -2.502e+08   1.346e+08   0
34.5   1.089   -0.1214   0.04719   0   -2.502e+08   1.346e+08   0
34.6   1.089   -0.1465   0.06065   0   -2.502e+08   1.346e+08   0
34.7   1.089   -0.1715   0.07411   0   -2.502e+08   1.346e+08   0
34.8   1.113   -0.1965   0.08756   0   -2.508e+08   1.345e+08   0
34.9   1.135   -0.2216   0.101   0   -2.513e+08   1.344e+08   0
35   1.155   -0.2468   0.1144   0   -2.517e+08   1.344e+08   0
35.1   1.173   -0.272   0.1279   0   -2.521e+08   1.344e+08   0
35.2   1.19   -0.2972   0.1413   0   -2.524e+08   1.344e+08   0
35.3   1.205   -0.3224   0.1548   0   -2.527e+08   1.344e+08   0
35.4   1.218   -0.3477   0.1682   0   -2.529e+08   1.344e+08   0
35.5   1.23   -0.373   0.1817   0   -2.531e+08   1.344e+08   0
35.6   1.242   -0.3983   0.1951   0   -2.533e+08   1.345e+08   0
35.7   1.252   -0.4237   0.2085   0   -2.535e+08   1.345e+08   0
35.8   1.261   -0.449   0.222   0   -2.536e+08   1.345e+08   0
35.9   1.27   -0.4744   0.2354   0   -2.537e+08   1.345e+08   0
36   1.278   -0.4998   0.2489   0   -2.538e+08   1.345e+08   0
36.1   1.285   -0.5252   0.2624   0   -2.539e+08   1.346e+08   0
36.2   1.291   -0.5506   0.2758   0   -2.54e+08   1.346e+08   0
36.3   1.296   -0.576   0.2893   0   -2.541e+08   1.346e+08   0
36.4   1.301   -0.6014   0.3027   0   -2.542e+08   1.346e+08   0
36.5   1.305   -0.6268   0.3162   0   -2.542e+08   1.346e+08   0
36.6   1.309   -0.6522   0.3297   0   -2.543e+08   1.346e+08   0
36.7   1.312   -0.6777   0.3431   0   -2.543e+08   1.347e+08   0
36.8   1.312   -0.7031   0.3566   0   -2.543e+08   1.347e+08   0
36.9   1.312   -0.7285   0.3701   0   -2.543e+08   1.347e+08   0
37   1.312   -0.754   0.3835   0   -2.543e+08   1.347e+08   0
37.1   1.312   -0.7794   0.397   0   -2.543e+08   1.347e+08   0
37.2   1.312   -0.8048   0.4105   0   -2.543e+08   1.347e+08   0
37.3   1.312   -0.8303   0.4239   0   -2.543e+08   1.347e+08   0
37.4   1.312   -0.8557   0.4374   0   -2.543e+08   1.347e+08   0
37.5   1.312   -0.8811   0.4508   0   -2.543e+08   1.347e+08   0
37.6   1.312   -0.9066   0.4643   0   -2.543e+08   1.347e+08   0
37.7   1.312   -0.932   0.4778   0   -2.543e+08   1.347e+08   0
37.8   1.312   -0.9574   0.4912   0   -2.543e+08   1.347e+08   0
37.9   1.312   -0.9829   0.5047   0   -2.543e+08   1.347e+08   0
38   1.312   -1.008   0.5182   0   -2.543e+08   1.347e+08   0
38.1   1.312   -1.034   0.5316   0   -2.543e+08   1.347e+08   0
38.2   1.312   -1.059   0.5451   0   -2.543e+08   1.347e+08   0
38.3   1.312   -1.085   0.5586   0   -2.543e+08   1.347e+08   0
38.4   1.312   -1.11   0.572   0   -2.543e+08   1.347e+08   0
38.5   1.312   -1.135   0.5855   0   -2.543e+08   1.347e+08   0
38.6   1.312   -1.161   0.599   0   -2.543e+08   1.347e+08   0
38.7   1.312   -1.186   0.6124   0   -2.543e+08   1.347e+08   0
38.8   1.312   -1.212   0.6259   0   -2.543e+08   1.347e+08   0
38.9   1.312   -1.237   0.6394   0   -2.543e+08   1.347e+08   0
39   1.312   -1.263   0.6528   0   -2.543e+08   1.347e+08   0
39.1   1.312   -1.288   0.6663   0   -2.543e+08   1.347e+08   0
39.2   1.312   -1.313   0.6798   0   -2.543e+08   1.347e+08   0
39.3   1.312   -1.339   0.6932   0   -2.543e+08   1.347e+08   0
39.4   1.312   -1.364   0.7067   0   -2.543e+08   1.347e+08   0
39.5   1.312   -1.39   0.7202   0   -2.543e+08   1.347e+08   0
39.6   1.312   -1.415   0.7336   0   -2.543e+08   1.347e+08   0
39.7   1.312   -1.441   0.7471   0   -2.543e+08   1.347e+08   0
39.8   1.312   -1.466   0.7606   0   -2.543e+08   1.347e+08   0
39.9   1.312   -1.491   0.774   0   -2.543e+08   1.347e+08   0
40   1.312   -1.517   0.7875   0   -2.543e+08   1.347e+08   0
40.1   1.312   -1.542   0.8009   0   -2.543e+08   1.347e+08   0
40.2   1.312   -1.568   0.8144   0   -2.543e+08   1.347e+08   0
40.3   1.312   -1.593   0.8279   0   -2.543e+08   1.347e+08   0
40.4   1.312   -1.619   0.8413   0   -2.543e+08   1.347e+08   0
40.5   1.312   -1.644   0.8548   0   -2.543e+08   1.347e+08   0
40.6   1.312   -1.67   0.8683   0   -2.543e+08   1.347e+08   0
40.7   1.312   -1.695   0.8817   0   -2.543e+08   1.347e+08   0
40.8   1.312   -1.72   0.8952   0   -2.543e+08   1.347e+08   0
40.9   1.312   -1.746   0.9087   0   -2.543e+08   1.347e+08   0
41   1.312   -1.771   0.9221   0   -2.543e+08   1.347e+08   0
41.1   1.312   -1.797   0.9356   0   -2.543e+08   1.347e+08   0
41.2   1.312   -1.822   0.9491   0   -2.543e+08   1.347e+08   0
41.3   1.312   -1.848   0.9625   0   -2.543e+08   1.347e+08   0
41.4   1.312   -1.873   0.976   0   -2.543e+08   1.347e+08   0
41.5   1.312   -1.898   0.9895   0   -2.543e+08   1.347e+08   0
41.6   1.312   -1.924   1.003   0   -2.543e+08   1.347e+08   0
41.7   1.312   -1.949   1.016   0   -2.543e+08   1.347e+08   0
41.8   1.312   -1.975   1.03   0   -2.543e+08   1.347e+08   0
41.9   1.312   -2   1.043   0   -2.543e+08   1.347e+08   0
42   1.312   -2.026   1.057   0   -2.543e+08   1.347e+08   0
42.1   1.312   -2.051   1.07   0   -2.543e+08   1.347e+08   0
42.2   1.312   -2.076   1.084   0   -2.543e+08   1.347e+08   0
42.3   1.312   -2.102   1.097   0   -2.543e+08   1.347e+08   0
42.4   1.312   -2.127   1.111   0   -2.543e+08   1.347e+08   0
42.5   1.312   -2.153   1.124   0   -2.543e+08   1.347e+08   0
42.6   1.312   -2.178   1.138   0   -2.543e+08   1.347e+08   0
42.7   1.312   -2.204   1.151   0   -2.543e+08   1.347e+08   0
42.8   1.312   -2.229   1.165   0   -2.543e+08   1.347e+08   0
42.9   1.312   -2.254   1.178   0   -2.543e+08   1.347e+08   0
43   1.312   -2.28   1.191   0   -2.543e+08   1.347e+08   0
43.1   1.312   -2.305   1.205   0   -2.543e+08   1.347e+08   0
43.2   1.312   -2.331   1.218   0   -2.543e+08   1.347e+08   0
43.3   1.312   -2.356   1.232   0   -2.543e+08   1.347e+08   0
43.4   1.312   -2.382   1.245   0   -2.543e+08   1.347e+08   0
43.5   1.312   -2.407   1.259   0   -2.543e+08   1.347e+08   0
43.6   1.312   -2.432   1.272   0   -2.543e+08   1.347e+08   0
43.7   1.312   -2.458   1.286   0   -2.543e+08   1.347e+08   0
43.8   1.312   -2.483   1.299   0   -2.543e+08   1.347e+08   0
43.9   1.312   -2.509   1.313   0   -2.543e+08   1.347e+08   0
44   1.312   -2.534   1.326   0   -2.543e+08   1.347e+08   0
44.1   1.312   -2.56   1.34   0   -2.543e+08   1.347e+08   0
44.2   1.312   -2.585   1.353   0   -2.543e+08   1.347e+08   0
44.3   1.312   -2.611   1.366   0   -2.543e+08   1.347e+08   0
44.4   1.312   -2.636   1.38   0   -2.543e+08   1.347e+08   0
44.5   1.312   -2.661   1.393   0   -2.543e+08   1.347e+08   0
44.6   1.312   -2.687   1.407   0   -2.543e+08   1.347e+08   0
44.7   1.312   -2.712   1.42   0   -2.543e+08   1.347e+08   0
44.8   1.312   -2.738   1.434   0   -2.543e+08   1.347e+08   0
44.9   1.312   -2.763   1.447   0   -2.543e+08   1.347e+08   0
45   1.312   -2.789   1.461   0   -2.543e+08   1.347e+08   0
