0   0.04   -0.753   0   0   1.121e+08   0   0
0.1   0.04   -0.753   0   0   1.121e+08   0   0
0.2   0.04   -0.753   0   0   1.121e+08   0   0
0.3   0.04   -0.753   0   0   1.121e+08   0   0
0.4   0.04   -0.753   0   0   1.121e+08   0   0
0.5   0.04   -0.753   0   0   1.121e+08   0   0
0.6   0.04   -0.753   0   0   1.121e+08   0   0
0.7   0.04   -0.753   0   0   1.121e+08   0   0
0.8   0.04058   -0.7471   0   0   1.129e+08   0   0
0.9   0.04188   -0.7358   0   0   1.145e+08   0   0
1   0.04338   -0.7242   0   0   1.163e+08   0   0
1.1   0.0451   -0.7125   0   0   1.183e+08   0   0
1.2   0.04704   -0.7006   0   0   1.205e+08   0   0
1.3   0.04921   -0.6884   0   0   1.229e+08   0   0
1.4   0.05163   -0.676   0   0   1.254e+08   0   0
1.5   0.05429   -0.6633   0   0   1.282e+08   0   0
1.6   0.05721   -0.6503   0   0   1.311e+08   0   0
1.7   0.0604   -0.6371   0   0   1.341e+08   0   0
1.8   0.06385   -0.6235   0   0   1.373e+08   0   0
1.9   0.06759   -0.6096   0   0   1.406e+08   0   0
2   0.07161   -0.5954   0   0   1.44e+08   0   0
2.1   0.07592   -0.5808   0   0   1.475e+08   0   0
2.2   0.08053   -0.5659   0   0   1.51e+08   0   0
2.3   0.08543   -0.5506   0   0   1.546e+08   0   0
2.4   0.09062   -0.5349   0   0   1.582e+08   0   0
2.5   0.09611   -0.5189   0   0   1.619e+08   0   0
2.6   0.1019   -0.5026   0   0   1.655e+08   0   0
2.7   0.108   -0.4858   0   0   1.692e+08   0   0
2.8   0.1143   -0.4687   0   0   1.728e+08   0   0
2.9   0.1209   -0.4513   0   0   1.764e+08   0   0
3   0.1278   -0.4334   0   0   1.799e+08   0   0
3.1   0.1349   -0.4153   0   0   1.834e+08   0   0
3.2   0.1422   -0.3968   0   0   1.868e+08   0   0
3.3   0.1498   -0.3779   0   0   1.901e+08   0   0
3.4   0.1575   -0.3588   0   0   1.933e+08   0   0
3.5   0.1654   -0.3393   0   0   1.964e+08   0   0
3.6   0.1735   -0.3195   0   0   1.995e+08   0   0
3.7   0.1816   -0.2994   0   0   2.024e+08   0   0
3.8   0.1897   -0.279   0   0   2.051e+08   0   0
3.9   0.1979   -0.2584   0   0   2.078e+08   0   0
4   0.206   -0.2374   0   0   2.103e+08   0   0
4.1   0.214   -0.2163   0   0   2.127e+08   0   0
4.2   0.2217   -0.1949   0   0   2.149e+08   0   0
4.3   0.2241   -0.1734   0   0   2.155e+08   0   0
4.4   0.2241   -0.1518   0   0   2.155e+08   0   0
4.5   0.2241   -0.1303   0   0   2.155e+08   0   0
4.6   0.2241   -0.1087   0   0   2.155e+08   0   0
4.7   0.2241   -0.08716   0   0   2.155e+08   0   0
4.8   0.2241   -0.06561   0   0   2.155e+08   0   0
4.9   0.2241   -0.04406   0   0   2.155e+08   0   0
5   0.2241   -0.0225   0   0   2.155e+08   0   0
5.1   0.2241   -0.0009523   0   0   2.155e+08   0   0
5.2   0.2241   0.0206   0   0   2.155e+08   0   0
5.3   0.2241   0.04215   0   0   2.155e+08   0   0
5.4   0.2241   0.06371   0   0   2.155e+08   0   0
5.5   0.2241   0.08526   0   0   2.155e+08   0   0
5.6   0.2241   0.1068   0   0   2.155e+08   0   0
5.7   0.2241   0.1284   0   0   2.155e+08   0   0
5.8   0.2241   0.1499   0   0   2.155e+08   0   0
5.9   0.2241   0.1715   0   0   2.155e+08   0   0
6   0.2274   0.193   0   0   2.164e+08   0   0
6.1   0.2421   0.2149   0   0   2.202e+08   0   0
6.2   0.2563   0.2371   0   0   2.236e+08   0   0
6.3   0.27   0.2596   0   0   2.267e+08   0   0
6.4   0.2833   0.2824   0   0   2.295e+08   0   0
6.5   0.2961   0.3055   0   0   2.321e+08   0   0
6.6   0.3085   0.3288   0   0   2.344e+08   0   0
6.7   0.3204   0.3524   0   0   2.365e+08   0   0
6.8   0.3318   0.3761   0   0   2.384e+08   0   0
6.9   0.3428   0.4   0   0   2.402e+08   0   0
7   0.3533   0.4241   0   0   2.418e+08   0   0
7.1   0.3634   0.4484   0   0   2.433e+08   0   0
7.2   0.373   0.4728   0   0   2.446e+08   0   0
7.3   0.3821   0.4973   0   0   2.459e+08   0   0
7.4   0.3907   0.522   0   0   2.47e+08   0   0
7.5   0.3988   0.5467   0   0   2.48e+08   0   0
7.6   0.4065   0.5716   0   0   2.49e+08   0   0
7.7   0.4137   0.5965   0   0   2.499e+08   0   0
7.8   0.4204   0.6215   0   0   2.507e+08   0   0
7.9   0.4267   0.6466   0   0   2.514e+08   0   0
8   0.4325   0.6718   0   0   2.52e+08   0   0
8.1   0.4379   0.697   0   0   2.526e+08   0   0
8.2   0.4428   0.7223   0   0   2.531e+08   0   0
8.3   0.4473   0.7477   0   0   2.536e+08   0   0
8.4   0.4481   0.773   0   0   2.537e+08   0   0
8.5   0.4481   0.7984   0   0   2.537e+08   0   0
8.6   0.4481   0.8238   0   0   2.537e+08   0   0
8.7   0.4481   0.8491   0   0   2.537e+08   0   0
8.8   0.4481   0.8745   0   0   2.537e+08   0   0
8.9   0.4481   0.8999   0   0   2.537e+08   0   0
9   0.4481   0.9253   0   0   2.537e+08   0   0
9.1   0.4481   0.9506   0   0   2.537e+08   0   0
9.2   0.4481   0.976   0   0   2.537e+08   0   0
9.3   0.4481   1.001   0   0   2.537e+08   0   0
9.4   0.4481   1.027   0   0   2.537e+08   0   0
9.5   0.4481   1.052   0   0   2.537e+08   0   0
9.6   0.4481   1.077   0   0   2.537e+08   0   0
9.7   0.4481   1.103   0   0   2.537e+08   0   0
9.8   0.4489   1.128   -0.0024   0   2.472e+08   -5.757e+07   0
9.9   0.4499   1.152   -0.01154   0   2.219e+08   -1.234e+08   0
10   0.4508   1.172   -0.02683   0   1.794e+08   -1.797e+08   0
10.1   0.4518   1.187   -0.04708   0   1.232e+08   -2.222e+08   0
10.2   0.4527   1.196   -0.07073   0   5.75e+07   -2.476e+08   0
10.3   0.4537   1.198   -0.09598   0   -1.259e+07   -2.54e+08   0
10.4   0.4546   1.194   -0.1209   0   -8.171e+07   -2.409e+08   0
10.5   0.4556   1.182   -0.1435   0   -1.446e+08   -2.094e+08   0
10.6   0.4565   1.165   -0.1622   0   -1.964e+08   -1.62e+08   0
10.7   0.4575   1.143   -0.1754   0   -2.333e+08   -1.022e+08   0
10.8   0.4584   1.119   -0.1823   0   -2.524e+08   -3.471e+07   0
10.9   0.4594   1.093   -0.1822   0   -2.524e+08   3.543e+07   0
11   0.4595   1.068   -0.1781   0   -2.514e+08   4.168e+07   0
11.1   0.4595   1.043   -0.1739   0   -2.514e+08   4.168e+07   0
11.2   0.4595   1.018   -0.1698   0   -2.514e+08   4.168e+07   0
11.3   0.4595   0.9928   -0.1656   0   -2.514e+08   4.168e+07   0
11.4   0.4595   0.9677   -0.1614   0   -2.514e+08   4.168e+07   0
11.5   0.4595   0.9426   -0.1572   0   -2.514e+08   4.168e+07   0
11.6   0.4595   0.9174   -0.1531   0   -2.514e+08   4.168e+07   0
11.7   0.4595   0.8923   -0.1489   0   -2.514e+08   4.168e+07   0
11.8   0.4595   0.8671   -0.1447   0   -2.514e+08   4.168e+07   0
11.9   0.4595   0.842   -0.1406   0   -2.514e+08   4.168e+07   0
12   0.4595   0.8168   -0.1364   0   -2.514e+08   4.168e+07   0
12.1   0.4595   0.7917   -0.1322   0   -2.514e+08   4.168e+07   0
12.2   0.4595   0.7665   -0.1281   0   -2.514e+08   4.168e+07   0
12.3   0.4598   0.7414   -0.1239   0   -2.515e+08   4.169e+07   0
12.4   0.4655   0.7162   -0.1197   0   -2.52e+08   4.178e+07   0
12.5   0.4713   0.691   -0.1155   0   -2.526e+08   4.188e+07   0
12.6   0.4771   0.6657   -0.1114   0   -2.531e+08   4.197e+07   0
12.7   0.4829   0.6404   -0.1071   0   -2.537e+08   4.206e+07   0
12.8   0.4886   0.615   -0.1029   0   -2.542e+08   4.215e+07   0
12.9   0.4942   0.5895   -0.09872   0   -2.547e+08   4.224e+07   0
13   0.4998   0.564   -0.09449   0   -2.552e+08   4.232e+07   0
13.1   0.5051   0.5385   -0.09025   0   -2.556e+08   4.24e+07   0
13.2   0.5103   0.5129   -0.08601   0   -2.561e+08   4.248e+07   0
13.3   0.5153   0.4873   -0.08176   0   -2.565e+08   4.255e+07   0
13.4   0.5199   0.4616   -0.0775   0   -2.569e+08   4.262e+07   0
13.5   0.5242   0.4359   -0.07324   0   -2.572e+08   4.268e+07   0
13.6   0.5281   0.4102   -0.06897   0   -2.575e+08   4.273e+07   0
13.7   0.5314   0.3844   -0.06469   0   -2.578e+08   4.278e+07   0
13.8   0.5342   0.3586   -0.06041   0   -2.58e+08   4.281e+07   0
13.9   0.5363   0.3328   -0.05613   0   -2.582e+08   4.284e+07   0
14   0.5376   0.307   -0.05184   0   -2.583e+08   4.286e+07   0
14.1   0.538   0.2812   -0.04756   0   -2.583e+08   4.287e+07   0
14.2   0.5372   0.2553   -0.04327   0   -2.582e+08   4.285e+07   0
14.3   0.535   0.2295   -0.03899   0   -2.581e+08   4.282e+07   0
14.4   0.5312   0.2037   -0.03471   0   -2.578e+08   4.277e+07   0
14.5   0.5271   0.178   -0.03043   0   -2.574e+08   4.271e+07   0
14.6   0.5271   0.1522   -0.02616   0   -2.574e+08   4.271e+07   0
14.7   0.5271   0.1265   -0.02189   0   -2.574e+08   4.271e+07   0
14.8   0.5271   0.1007   -0.01762   0   -2.574e+08   4.271e+07   0
14.9   0.5271   0.075   -0.01335   0   -2.574e+08   4.271e+07   0
15   0.5271   0.04925   -0.009077   0   -2.574e+08   4.271e+07   0
15.1   0.5271   0.02351   -0.004806   0   -2.574e+08   4.271e+07   0
15.2   0.5271   -0.002234   -0.0005346   0   -2.574e+08   4.271e+07   0
15.3   0.5271   -0.02798   0.003736   0   -2.574e+08   4.271e+07   0
15.4   0.5271   -0.05372   0.008008   0   -2.574e+08   4.271e+07   0
15.5   0.5271   -0.07947   0.01228   0   -2.574e+08   4.271e+07   0
15.6   0.5271   -0.1052   0.01655   0   -2.574e+08   4.271e+07   0
15.7   0.5271   -0.131   0.02082   0   -2.574e+08   4.271e+07   0
15.8   0.5271   -0.1567   0.02509   0   -2.574e+08   4.271e+07   0
15.9   0.5271   -0.1824   0.02936   0   -2.574e+08   4.271e+07   0
16   0.5466   -0.2083   0.03364   0   -2.589e+08   4.293e+07   0
16.1   0.5672   -0.2342   0.03795   0   -2.604e+08   4.315e+07   0
16.2   0.5861   -0.2603   0.04227   0   -2.617e+08   4.335e+07   0
16.3   0.6033   -0.2866   0.04662   0   -2.628e+08   4.351e+07   0
16.4   0.6192   -0.3129   0.05098   0   -2.638e+08   4.366e+07   0
16.5   0.6339   -0.3393   0.05535   0   -2.647e+08   4.38e+07   0
16.6   0.6474   -0.3658   0.05973   0   -2.654e+08   4.391e+07   0
16.7   0.6599   -0.3924   0.06413   0   -2.661e+08   4.402e+07   0
16.8   0.6715   -0.4191   0.06854   0   -2.667e+08   4.411e+07   0
16.9   0.6822   -0.4458   0.07295   0   -2.673e+08   4.42e+07   0
17   0.692   -0.4725   0.07738   0   -2.678e+08   4.428e+07   0
17.1   0.7011   -0.4993   0.08181   0   -2.682e+08   4.434e+07   0
17.2   0.7094   -0.5261   0.08625   0   -2.686e+08   4.441e+07   0
17.3   0.717   -0.553   0.09069   0   -2.69e+08   4.446e+07   0
17.4   0.7239   -0.5799   0.09514   0   -2.693e+08   4.451e+07   0
17.5   0.7302   -0.6069   0.09959   0   -2.695e+08   4.456e+07   0
17.6   0.7358   -0.6338   0.104   0   -2.698e+08   4.459e+07   0
17.7   0.7408   -0.6608   0.1085   0   -2.7e+08   4.463e+07   0
17.8   0.7453   -0.6879   0.113   0   -2.702e+08   4.466e+07   0
17.9   0.7492   -0.7149   0.1174   0   -2.704e+08   4.469e+07   0
18   0.7526   -0.7419   0.1219   0   -2.705e+08   4.471e+07   0
18.1   0.7527   -0.769   0.1264   0   -2.705e+08   4.471e+07   0
18.2   0.7527   -0.796   0.1309   0   -2.705e+08   4.471e+07   0
18.3   0.7527   -0.8231   0.1353   0   -2.705e+08   4.471e+07   0
18.4   0.7527   -0.8501   0.1398   0   -2.705e+08   4.471e+07   0
18.5   0.7527   -0.8772   0.1443   0   -2.705e+08   4.471e+07   0
18.6   0.7527   -0.9042   0.1487   0   -2.705e+08   4.471e+07   0
18.7   0.7527   -0.9313   0.1532   0   -2.705e+08   4.471e+07   0
18.8   0.7527   -0.9583   0.1577   0   -2.705e+08   4.471e+07   0
18.9   0.7527   -0.9854   0.1622   0   -2.705e+08   4.471e+07   0
19   0.7527   -1.012   0.1666   0   -2.705e+08   4.471e+07   0
19.1   0.7527   -1.039   0.1711   0   -2.705e+08   4.471e+07   0
19.2   0.7527   -1.067   0.1756   0   -2.705e+08   4.471e+07   0
19.3   0.7527   -1.094   0.18   0   -2.705e+08   4.471e+07   0
19.4   0.7527   -1.121   0.1845   0   -2.705e+08   4.471e+07   0
19.5   0.7539   -1.148   0.1899   0   -2.622e+08   8.022e+07   0
19.6   0.7564   -1.172   0.2014   0   -2.304e+08   1.489e+08   0
19.7   0.7589   -1.193   0.2193   0   -1.811e+08   2.062e+08   0
19.8   0.7614   -1.208   0.2422   0   -1.182e+08   2.478e+08   0
19.9   0.764   -1.216   0.2683   0   -4.643e+07   2.707e+08   0
20   0.7665   -1.217   0.2957   0   2.874e+07   2.733e+08   0
20.1   0.769   -1.211   0.3222   0   1.017e+08   2.554e+08   0
20.2   0.7715   -1.197   0.3461   0   1.669e+08   2.185e+08   0
20.3   0.7741   -1.177   0.3654   0   2.198e+08   1.654e+08   0
20.4   0.7766   -1.154   0.3787   0   2.563e+08   1.002e+08   0
20.5   0.7792   -1.127   0.3851   0   2.739e+08   2.772e+07   0
20.6   0.7817   -1.099   0.3841   0   2.714e+08   -4.674e+07   0
20.7   0.7833   -1.073   0.3763   0   2.598e+08   -9.148e+07   0
20.8   0.7833   -1.047   0.3672   0   2.598e+08   -9.148e+07   0
20.9   0.7833   -1.021   0.358   0   2.598e+08   -9.148e+07   0
21   0.7833   -0.9951   0.3489   0   2.598e+08   -9.148e+07   0
21.1   0.7833   -0.9691   0.3397   0   2.598e+08   -9.148e+07   0
21.2   0.7833   -0.9431   0.3306   0   2.598e+08   -9.148e+07   0
21.3   0.7833   -0.9171   0.3214   0   2.598e+08   -9.148e+07   0
21.4   0.7833   -0.8912   0.3123   0   2.598e+08   -9.148e+07   0
21.5   0.7833   -0.8652   0.3031   0   2.598e+08   -9.148e+07   0
21.6   0.7833   -0.8392   0.294   0   2.598e+08   -9.148e+07   0
21.7   0.7833   -0.8132   0.2848   0   2.598e+08   -9.148e+07   0
21.8   0.7833   -0.7872   0.2757   0   2.598e+08   -9.148e+07   0
21.9   0.7833   -0.7613   0.2665   0   2.598e+08   -9.148e+07   0
22   0.7833   -0.7353   0.2574   0   2.598e+08   -9.148e+07   0
22.1   0.7836   -0.7093   0.2482   0   2.598e+08   -9.148e+07   0
22.2   0.7886   -0.6833   0.2391   0   2.6e+08   -9.155e+07   0
22.3   0.7935   -0.6573   0.2299   0   2.602e+08   -9.161e+07   0
22.4   0.7982   -0.6313   0.2208   0   2.603e+08   -9.166e+07   0
22.5   0.8027   -0.6052   0.2116   0   2.605e+08   -9.172e+07   0
22.6   0.8069   -0.5792   0.2024   0   2.607e+08   -9.177e+07   0
22.7   0.8109   -0.5531   0.1932   0   2.608e+08   -9.181e+07   0
22.8   0.8145   -0.527   0.184   0   2.609e+08   -9.186e+07   0
22.9   0.8178   -0.5009   0.1749   0   2.61e+08   -9.189e+07   0
23   0.8206   -0.4748   0.1657   0   2.611e+08   -9.193e+07   0
23.1   0.8229   -0.4487   0.1565   0   2.612e+08   -9.195e+07   0
23.2   0.8246   -0.4226   0.1473   0   2.613e+08   -9.197e+07   0
23.3   0.8256   -0.3964   0.1381   0   2.613e+08   -9.198e+07   0
23.4   0.8259   -0.3703   0.1289   0   2.613e+08   -9.198e+07   0
23.5   0.8253   -0.3442   0.1197   0   2.613e+08   -9.198e+07   0
23.6   0.8237   -0.3181   0.1105   0   2.612e+08   -9.196e+07   0
23.7   0.821   -0.2919   0.1013   0   2.611e+08   -9.193e+07   0
23.8   0.8168   -0.2658   0.0921   0   2.61e+08   -9.189e+07   0
23.9   0.8111   -0.2397   0.08292   0   2.608e+08   -9.182e+07   0
24   0.8033   -0.2137   0.07374   0   2.605e+08   -9.174e+07   0
24.1   0.7931   -0.1876   0.06457   0   2.602e+08   -9.163e+07   0
24.2   0.7886   -0.1616   0.05541   0   2.6e+08   -9.158e+07   0
24.3   0.7886   -0.1356   0.04625   0   2.6e+08   -9.158e+07   0
24.4   0.7886   -0.1096   0.0371   0   2.6e+08   -9.158e+07   0
24.5   0.7886   -0.08364   0.02794   0   2.6e+08   -9.158e+07   0
24.6   0.7886   -0.05764   0.01878   0   2.6e+08   -9.158e+07   0
24.7   0.7886   -0.03164   0.009625   0   2.6e+08   -9.158e+07   0
24.8   0.7886   -0.005639   0.0004671   0   2.6e+08   -9.158e+07   0
24.9   0.7886   0.02036   -0.00869   0   2.6e+08   -9.158e+07   0
25   0.7886   0.04636   -0.01785   0   2.6e+08   -9.158e+07   0
25.1   0.7886   0.07236   -0.02701   0   2.6e+08   -9.158e+07   0
25.2   0.7886   0.09836   -0.03616   0   2.6e+08   -9.158e+07   0
25.3   0.7886   0.1244   -0.04532   0   2.6e+08   -9.158e+07   0
25.4   0.7886   0.1504   -0.05448   0   2.6e+08   -9.158e+07   0
25.5   0.7886   0.1764   -0.06364   0   2.6e+08   -9.158e+07   0
25.6   0.8125   0.2024   -0.07281   0   2.608e+08   -9.191e+07   0
25.7   0.8343   0.2285   -0.08202   0   2.615e+08   -9.22e+07   0
25.8   0.8539   0.2547   -0.09125   0   2.622e+08   -9.245e+07   0
25.9   0.8715   0.2809   -0.1005   0   2.627e+08   -9.266e+07   0
26   0.8875   0.3072   -0.1098   0   2.632e+08   -9.284e+07   0
26.1   0.9019   0.3336   -0.1191   0   2.636e+08   -9.3e+07   0
26.2   0.9151   0.36   -0.1284   0   2.639e+08   -9.313e+07   0
26.3   0.927   0.3864   -0.1377   0   2.643e+08   -9.326e+07   0
26.4   0.9379   0.4128   -0.147   0   2.645e+08   -9.336e+07   0
26.5   0.9477   0.4393   -0.1564   0   2.648e+08   -9.346e+07   0
26.6   0.9567   0.4658   -0.1657   0   2.65e+08   -9.354e+07   0
26.7   0.9647   0.4923   -0.1751   0   2.652e+08   -9.362e+07   0
26.8   0.972   0.5188   -0.1844   0   2.654e+08   -9.368e+07   0
26.9   0.9784   0.5453   -0.1938   0   2.655e+08   -9.374e+07   0
27   0.9842   0.5719   -0.2032   0   2.657e+08   -9.379e+07   0
27.1   0.9893   0.5985   -0.2126   0   2.658e+08   -9.383e+07   0
27.2   0.9937   0.6251   -0.222   0   2.659e+08   -9.387e+07   0
27.3   0.9975   0.6517   -0.2313   0   2.66e+08   -9.39e+07   0
27.4   1.001   0.6783   -0.2407   0   2.661e+08   -9.393e+07   0
27.5   1.003   0.7049   -0.2501   0   2.661e+08   -9.395e+07   0
27.6   1.004   0.7315   -0.2595   0   2.661e+08   -9.396e+07   0
27.7   1.004   0.7581   -0.2689   0   2.661e+08   -9.396e+07   0
27.8   1.004   0.7847   -0.2783   0   2.661e+08   -9.396e+07   0
27.9   1.004   0.8113   -0.2877   0   2.661e+08   -9.396e+07   0
28   1.004   0.8379   -0.2971   0   2.661e+08   -9.396e+07   0
28.1   1.004   0.8645   -0.3065   0   2.661e+08   -9.396e+07   0
28.2   1.004   0.8912   -0.3159   0   2.661e+08   -9.396e+07   0
28.3   1.004   0.9178   -0.3253   0   2.661e+08   -9.396e+07   0
28.4   1.004   0.9444   -0.3347   0   2.661e+08   -9.396e+07   0
28.5   1.004   0.971   -0.3441   0   2.661e+08   -9.396e+07   0
28.6   1.004   0.9976   -0.3535   0   2.661e+08   -9.396e+07   0
28.7   1.004   1.024   -0.3629   0   2.661e+08   -9.396e+07   0
28.8   1.004   1.051   -0.3723   0   2.661e+08   -9.396e+07   0
28.9   1.004   1.077   -0.3817   0   2.661e+08   -9.396e+07   0
29   1.007   1.104   -0.3919   0   2.499e+08   -1.312e+08   0
29.1   1.013   1.126   -0.4088   0   1.962e+08   -2.031e+08   0
29.2   1.019   1.142   -0.4319   0   1.23e+08   -2.544e+08   0
29.3   1.025   1.15   -0.4589   0   3.768e+07   -2.802e+08   0
29.4   1.031   1.15   -0.4871   0   -5.111e+07   -2.782e+08   0
29.5   1.037   1.14   -0.5136   0   -1.346e+08   -2.489e+08   0
29.6   1.044   1.123   -0.536   0   -2.048e+08   -1.955e+08   0
29.7   1.05   1.1   -0.552   0   -2.55e+08   -1.234e+08   0
29.8   1.056   1.073   -0.5602   0   -2.806e+08   -3.963e+07   0
29.9   1.062   1.045   -0.5597   0   -2.795e+08   4.763e+07   0
30   1.069   1.018   -0.5507   0   -2.521e+08   1.301e+08   0
30.1   1.069   0.9929   -0.5371   0   -2.488e+08   1.363e+08   0
30.2   1.069   0.968   -0.5235   0   -2.488e+08   1.363e+08   0
30.3   1.069   0.9431   -0.5099   0   -2.488e+08   1.363e+08   0
30.4   1.069   0.9183   -0.4962   0   -2.488e+08   1.363e+08   0
30.5   1.069   0.8934   -0.4826   0   -2.488e+08   1.363e+08   0
30.6   1.069   0.8685   -0.469   0   -2.488e+08   1.363e+08   0
30.7   1.069   0.8436   -0.4554   0   -2.488e+08   1.363e+08   0
30.8   1.069   0.8187   -0.4417   0   -2.488e+08   1.363e+08   0
30.9   1.069   0.7939   -0.4281   0   -2.488e+08   1.363e+08   0
31   1.069   0.769   -0.4145   0   -2.488e+08   1.363e+08   0
31.1   1.069   0.7441   -0.4008   0   -2.488e+08   1.363e+08   0
31.2   1.069   0.7192   -0.3872   0   -2.488e+08   1.363e+08   0
31.3   1.069   0.6943   -0.3736   0   -2.488e+08   1.363e+08   0
31.4   1.069   0.6695   -0.3599   0   -2.488e+08   1.363e+08   0
31.5   1.073   0.6446   -0.3463   0   -2.489e+08   1.363e+08   0
31.6   1.078   0.6197   -0.3327   0   -2.49e+08   1.364e+08   0
31.7   1.083   0.5948   -0.319   0   -2.491e+08   1.364e+08   0
31.8   1.087   0.5699   -0.3054   0   -2.491e+08   1.365e+08   0
31.9   1.092   0.545   -0.2917   0   -2.492e+08   1.365e+08   0
32   1.096   0.52   -0.2781   0   -2.493e+08   1.365e+08   0
32.1   1.1   0.4951   -0.2644   0   -2.494e+08   1.366e+08   0
32.2   1.103   0.4702   -0.2508   0   -2.494e+08   1.366e+08   0
32.3   1.106   0.4452   -0.2371   0   -2.495e+08   1.366e+08   0
32.4   1.108   0.4203   -0.2235   0   -2.495e+08   1.366e+08   0
32.5   1.11   0.3953   -0.2098   0   -2.496e+08   1.366e+08   0
32.6   1.111   0.3704   -0.1961   0   -2.496e+08   1.366e+08   0
32.7   1.111   0.3454   -0.1825   0   -2.496e+08   1.366e+08   0
32.8   1.111   0.3204   -0.1688   0   -2.496e+08   1.366e+08   0
32.9   1.109   0.2955   -0.1551   0   -2.495e+08   1.366e+08   0
33   1.106   0.2705   -0.1415   0   -2.495e+08   1.366e+08   0
33.1   1.102   0.2456   -0.1278   0   -2.494e+08   1.366e+08   0
33.2   1.096   0.2207   -0.1142   0   -2.493e+08   1.366e+08   0
33.3   1.088   0.1957   -0.1005   0   -2.491e+08   1.365e+08   0
33.4   1.077   0.1708   -0.08686   0   -2.489e+08   1.365e+08   0
33.5   1.076   0.1459   -0.07321   0   -2.489e+08   1.364e+08   0
33.6   1.076   0.1211   -0.05957   0   -2.489e+08   1.364e+08   0
33.7   1.076   0.09617   -0.04592   0   -2.489e+08   1.364e+08   0
33.8   1.076   0.07128   -0.03228   0   -2.489e+08   1.364e+08   0
33.9   1.076   0.0464   -0.01863   0   -2.489e+08   1.364e+08   0
34   1.076   0.02151   -0.004986   0   -2.489e+08   1.364e+08   0
34.1   1.076   -0.003375   0.008659   0   -2.489e+08   1.364e+08   0
34.2   1.076   -0.02826   0.0223   0   -2.489e+08   1.364e+08   0
34.3   1.076   -0.05315   0.03595   0   -2.489e+08   1.364e+08   0
34.4   1.076   -0.07803   0.04959   0   -2.489e+08   1.364e+08   0
34.5   1.076   -0.1029   0.06324   0   -2.489e+08   1.364e+08   0
34.6   1.076   -0.1278   0.07688   0   -2.489e+08   1.364e+08   0
34.7   1.076   -0.1527   0.09053   0   -2.489e+08   1.364e+08   0
34.8   1.092   -0.1776   0.1042   0   -2.491e+08   1.367e+08   0
34.9   1.115   -0.2025   0.1179   0   -2.494e+08   1.37e+08   0
35   1.135   -0.2275   0.1316   0   -2.497e+08   1.373e+08   0
35.1   1.154   -0.2525   0.1453   0   -2.5e+08   1.375e+08   0
35.2   1.171   -0.2775   0.1591   0   -2.502e+08   1.377e+08   0
35.3   1.186   -0.3025   0.1729   0   -2.504e+08   1.379e+08   0
35.4   1.2   -0.3276   0.1867   0   -2.506e+08   1.38e+08   0
35.5   1.213   -0.3526   0.2005   0   -2.508e+08   1.381e+08   0
35.6   1.224   -0.3777   0.2143   0   -2.509e+08   1.383e+08   0
35.7   1.235   -0.4028   0.2281   0   -2.511e+08   1.384e+08   0
35.8   1.244   -0.4279   0.242   0   -2.512e+08   1.384e+08   0
35.9   1.253   -0.4531   0.2558   0   -2.513e+08   1.385e+08   0
36   1.261   -0.4782   0.2697   0   -2.514e+08   1.386e+08   0
36.1   1.268   -0.5033   0.2835   0   -2.515e+08   1.386e+08   0
36.2   1.274   -0.5285   0.2974   0   -2.515e+08   1.387e+08   0
36.3   1.28   -0.5536   0.3113   0   -2.516e+08   1.387e+08   0
36.4   1.285   -0.5788   0.3251   0   -2.517e+08   1.388e+08   0
36.5   1.289   -0.604   0.339   0   -2.517e+08   1.388e+08   0
36.6   1.293   -0.6291   0.3529   0   -2.518e+08   1.388e+08   0
36.7   1.296   -0.6543   0.3668   0   -2.518e+08   1.389e+08   0
36.8   1.296   -0.6795   0.3807   0   -2.518e+08   1.389e+08   0
36.9   1.296   -0.7047   0.3946   0   -2.518e+08   1.389e+08   0
37   1.296   -0.7299   0.4085   0   -2.518e+08   1.389e+08   0
37.1   1.296   -0.755   0.4223   0   -2.518e+08   1.389e+08   0
37.2   1.296   -0.7802   0.4362   0   -2.518e+08   1.389e+08   0
37.3   1.296   -0.8054   0.4501   0   -2.518e+08   1.389e+08   0
37.4   1.296   -0.8306   0.464   0   -2.518e+08   1.389e+08   0
37.5   1.296   -0.8558   0.4779   0   -2.518e+08   1.389e+08   0
37.6   1.296   -0.8809   0.4918   0   -2.518e+08   1.389e+08   0
37.7   1.296   -0.9061   0.5057   0   -2.518e+08   1.389e+08   0
37.8   1.296   -0.9313   0.5196   0   -2.518e+08   1.389e+08   0
37.9   1.296   -0.9565   0.5334   0   -2.518e+08   1.389e+08   0
38   1.296   -0.9817   0.5473   0   -2.518e+08   1.389e+08   0
38.1   1.296   -1.007   0.5612   0   -2.518e+08   1.389e+08   0
38.2   1.296   -1.032   0.5751   0   -2.518e+08   1.389e+08   0
38.3   1.296   -1.057   0.589   0   -2.518e+08   1.389e+08   0
38.4   1.296   -1.082   0.6029   0   -2.518e+08   1.389e+08   0
38.5   1.296   -1.108   0.6168   0   -2.518e+08   1.389e+08   0
38.6   1.296   -1.133   0.6307   0   -2.518e+08   1.389e+08   0
38.7   1.296   -1.158   0.6445   0   -2.518e+08   1.389e+08   0
38.8   1.296   -1.183   0.6584   0   -2.518e+08   1.389e+08   0
38.9   1.296   -1.208   0.6723   0   -2.518e+08   1.389e+08   0
39   1.296   -1.233   0.6862   0   -2.518e+08   1.389e+08   0
39.1   1.296   -1.259   0.7001   0   -2.518e+08   1.389e+08   0
39.2   1.296   -1.284   0.714   0   -2.518e+08   1.389e+08   0
39.3   1.296   -1.309   0.7279   0   -2.518e+08   1.389e+08   0
39.4   1.296   -1.334   0.7418   0   -2.518e+08   1.389e+08   0
39.5   1.296   -1.359   0.7556   0   -2.518e+08   1.389e+08   0
39.6   1.296   -1.385   0.7695   0   -2.518e+08   1.389e+08   0
39.7   1.296   -1.41   0.7834   0   -2.518e+08   1.389e+08   0
39.8   1.296   -1.435   0.7973   0   -2.518e+08   1.389e+08   0
39.9   1.296   -1.46   0.8112   0   -2.518e+08   1.389e+08   0
40   1.296   -1.485   0.8251   0   -2.518e+08   1.389e+08   0
40.1   1.296   -1.51   0.839   0   -2.518e+08   1.389e+08   0
40.2   1.296   -1.536   0.8529   0   -2.518e+08   1.389e+08   0
40.3   1.296   -1.561   0.8667   0   -2.518e+08   1.389e+08   0
40.4   1.296   -1.586   0.8806   0   -2.518e+08   1.389e+08   0
40.5   1.296   -1.611   0.8945   0   -2.518e+08   1.389e+08   0
40.6   1.296   -1.636   0.9084   0   -2.518e+08   1.389e+08   0
40.7   1.296   -1.662   0.9223   0   -2.518e+08   1.389e+08   0
40.8   1.296   -1.687   0.9362   0   -2.518e+08   1.389e+08   0
40.9   1.296   -1.712   0.9501   0   -2.518e+08   1.389e+08   0
41   1.296   -1.737   0.964   0   -2.518e+08   1.389e+08   0
41.1   1.296   -1.762   0.9778   0   -2.518e+08   1.389e+08   0
41.2   1.296   -1.787   0.9917   0   -2.518e+08   1.389e+08   0
41.3   1.296   -1.813   1.006   0   -2.518e+08   1.389e+08   0
41.4   1.296   -1.838   1.02   0   -2.518e+08   1.389e+08   0
41.5   1.296   -1.863   1.033   0   -2.518e+08   1.389e+08   0
41.6   1.296   -1.888   1.047   0   -2.518e+08   1.389e+08   0
41.7   1.296   -1.913   1.061   0   -2.518e+08   1.389e+08   0
41.8   1.296   -1.939   1.075   0   -2.518e+08   1.389e+08   0
41.9   1.296   -1.964   1.089   0   -2.518e+08   1.389e+08   0
42   1.296   -1.989   1.103   0   -2.518e+08   1.389e+08   0
42.1   1.296   -2.014   1.117   0   -2.518e+08   1.389e+08   0
42.2   1.296   -2.039   1.131   0   -2.518e+08   1.389e+08   0
42.3   1.296   -2.064   1.144   0   -2.518e+08   1.389e+08   0
42.4   1.296   -2.09   1.158   0   -2.518e+08   1.389e+08   0
42.5   1.296   -2.115   1.172   0   -2.518e+08   1.389e+08   0
42.6   1.296   -2.14   1.186   0   -2.518e+08   1.389e+08   0
42.7   1.296   -2.165   1.2   0   -2.518e+08   1.389e+08   0
42.8   1.296   -2.19   1.214   0   -2.518e+08   1.389e+08   0
42.9   1.296   -2.215   1.228   0   -2.518e+08   1.389e+08   0
43   1.296   -2.241   1.242   0   -2.518e+08   1.389e+08   0
43.1   1.296   -2.266   1.256   0   -2.518e+08   1.389e+08   0
43.2   1.296   -2.291   1.269   0   -2.518e+08   1.389e+08   0
43.3   1.296   -2.316   1.283   0   -2.518e+08   1.389e+08   0
43.4   1.296   -2.341   1.297   0   -2.518e+08   1.389e+08   0
43.5   1.296   -2.367   1.311   0   -2.518e+08   1.389e+08   0
43.6   1.296   -2.392   1.325   0   -2.518e+08   1.389e+08   0
43.7   1.296   -2.417   1.339   0   -2.518e+08   1.389e+08   0
43.8   1.296   -2.442   1.353   0   -2.518e+08   1.389e+08   0
43.9   1.296   -2.467   1.367   0   -2.518e+08   1.389e+08   0
44   1.296   -2.492   1.381   0   -2.518e+08   1.389e+08   0
44.1   1.296   -2.518   1.394   0   -2.518e+08   1.389e+08   0
44.2   1.296   -2.543   1.408   0   -2.518e+08   1.389e+08   0
44.3   1.296   -2.568   1.422   0   -2.518e+08   1.389e+08   0
44.4   1.296   -2.593   1.436   0   -2.518e+08   1.389e+08   0
44.5   1.296   -2.618   1.45   0   -2.518e+08   1.389e+08   0
44.6   1.296   -2.644   1.464   0   -2.518e+08   1.389e+08   0
44.7   1.296   -2.669   1.478   0   -2.518e+08   1.389e+08   0
44.8   1.296   -2.694   1.492   0   -2.518e+08   1.389e+08   0
44.9   1.296   -2.719   1.506   0   -2.518e+08   1.389e+08   0
45   1.296   -2.744   1.519   0   -2.518e+08   1.389e+08   0
