0   0.04   -0.753   0   0   1.121e+08   0   0
0.1   0.04   -0.753   0   0   1.121e+08   0   0
0.2   0.04   -0.753   0   0   1.121e+08   0   0
0.3   0.04   -0.753   0   0   1.121e+08   0   0
0.4   0.04   -0.753   0   0   1.121e+08   0   0
0.5   0.04   -0.753   0   0   1.121e+08   0   0
0.6   0.04   -0.753   0   0   1.121e+08   0   0
0.7   0.04   -0.753   0   0   1.121e+08   0   0
0.8   0.04036   -0.7494   0   0   1.126e+08   0   0
0.9   0.04165   -0.738   0   0   1.142e+08   0   0
1   0.04314   -0.7265   0   0   1.16e+08   0   0
1.1   0.04485   -0.7148   0   0   1.18e+08   0   0
1.2   0.04678   -0.7029   0   0   1.202e+08   0   0
1.3   0.04894   -0.6908   0   0   1.226e+08   0   0
1.4   0.05134   -0.6784   0   0   1.251e+08   0   0
1.5   0.05399   -0.6657   0   0   1.279e+08   0   0
1.6   0.05689   -0.6528   0   0   1.308e+08   0   0
1.7   0.06005   -0.6396   0   0   1.338e+08   0   0
1.8   0.06349   -0.626   0   0   1.37e+08   0   0
1.9   0.0672   -0.6122   0   0   1.403e+08   0   0
2   0.0712   -0.598   0   0   1.437e+08   0   0
2.1   0.07548   -0.5834   0   0   1.471e+08   0   0
2.2   0.08005   -0.5686   0   0   1.507e+08   0   0
2.3   0.08491   -0.5533   0   0   1.542e+08   0   0
2.4   0.09007   -0.5377   0   0   1.579e+08   0   0
2.5   0.09552   -0.5217   0   0   1.615e+08   0   0
2.6   0.1013   -0.5054   0   0   1.651e+08   0   0
2.7   0.1073   -0.4887   0   0   1.688e+08   0   0
2.8   0.1136   -0.4716   0   0   1.724e+08   0   0
2.9   0.1201   -0.4542   0   0   1.759e+08   0   0
3   0.1269   -0.4365   0   0   1.795e+08   0   0
3.1   0.134   -0.4183   0   0   1.829e+08   0   0
3.2   0.1412   -0.3999   0   0   1.863e+08   0   0
3.3   0.1487   -0.3811   0   0   1.896e+08   0   0
3.4   0.1564   -0.3619   0   0   1.928e+08   0   0
3.5   0.1642   -0.3425   0   0   1.959e+08   0   0
3.6   0.1721   -0.3228   0   0   1.99e+08   0   0
3.7   0.1801   -0.3027   0   0   2.018e+08   0   0
3.8   0.1882   -0.2824   0   0   2.046e+08   0   0
3.9   0.1962   -0.2618   0   0   2.072e+08   0   0
4   0.2042   -0.2409   0   0   2.097e+08   0   0
4.1   0.212   -0.2198   0   0   2.121e+08   0   0
4.2   0.2196   -0.1985   0   0   2.143e+08   0   0
4.3   0.2231   -0.177   0   0   2.152e+08   0   0
4.4   0.2231   -0.1555   0   0   2.152e+08   0   0
4.5   0.2231   -0.134   0   0   2.152e+08   0   0
4.6   0.2231   -0.1125   0   0   2.152e+08   0   0
4.7   0.2231   -0.09093   0   0   2.152e+08   0   0
4.8   0.2231   -0.0694   0   0   2.152e+08   0   0
4.9   0.2231   -0.04788   0   0   2.152e+08   0   0
5   0.2231   -0.02635   0   0   2.152e+08   0   0
5.1   0.2231   -0.004827   0   0   2.152e+08   0   0
5.2   0.2231   0.0167   0   0   2.152e+08   0   0
5.3   0.2231   0.03822   0   0   2.152e+08   0   0
5.4   0.2231   0.05975   0   0   2.152e+08   0   0
5.5   0.2231   0.08127   0   0   2.152e+08   0   0
5.6   0.2231   0.1028   0   0   2.152e+08   0   0
5.7   0.2231   0.1243   0   0   2.152e+08   0   0
5.8   0.2231   0.1458   0   0   2.152e+08   0   0
5.9   0.2231   0.1674   0   0   2.152e+08   0   0
6   0.2236   0.1889   0   0   2.154e+08   0   0
6.1   0.2385   0.2106   0   0   2.193e+08   0   0
6.2   0.2529   0.2327   0   0   2.228e+08   0   0
6.3   0.2668   0.2552   0   0   2.26e+08   0   0
6.4   0.2803   0.2779   0   0   2.289e+08   0   0
6.5   0.2933   0.301   0   0   2.315e+08   0   0
6.6   0.3058   0.3242   0   0   2.339e+08   0   0
6.7   0.3178   0.3477   0   0   2.36e+08   0   0
6.8   0.3294   0.3714   0   0   2.38e+08   0   0
6.9   0.3405   0.3953   0   0   2.398e+08   0   0
7   0.3511   0.4194   0   0   2.415e+08   0   0
7.1   0.3613   0.4436   0   0   2.43e+08   0   0
7.2   0.3709   0.468   0   0   2.443e+08   0   0
7.3   0.3801   0.4925   0   0   2.456e+08   0   0
7.4   0.3888   0.5171   0   0   2.468e+08   0   0
7.5   0.397   0.5418   0   0   2.478e+08   0   0
7.6   0.4048   0.5667   0   0   2.488e+08   0   0
7.7   0.412   0.5916   0   0   2.497e+08   0   0
7.8   0.4188   0.6166   0   0   2.505e+08   0   0
7.9   0.4251   0.6417   0   0   2.512e+08   0   0
8   0.431   0.6668   0   0   2.518e+08   0   0
8.1   0.4364   0.6921   0   0   2.524e+08   0   0
8.2   0.4413   0.7173   0   0   2.53e+08   0   0
8.3   0.4458   0.7427   0   0   2.535e+08   0   0
8.4   0.4475   0.768   0   0   2.536e+08   0   0
8.5   0.4475   0.7934   0   0   2.536e+08   0   0
8.6   0.4475   0.8187   0   0   2.536e+08   0   0
8.7   0.4475   0.8441   0   0   2.536e+08   0   0
8.8   0.4475   0.8695   0   0   2.536e+08   0   0
8.9   0.4475   0.8948   0   0   2.536e+08   0   0
9   0.4475   0.9202   0   0   2.536e+08   0   0
9.1   0.4475   0.9456   0   0   2.536e+08   0   0
9.2   0.4475   0.9709   0   0   2.536e+08   0   0
9.3   0.4475   0.9963   0   0   2.536e+08   0   0
9.4   0.4475   1.022   0   0   2.536e+08   0   0
9.5   0.4475   1.047   0   0   2.536e+08   0   0
9.6   0.4475   1.072   0   0   2.536e+08   0   0
9.7   0.4475   1.098   0   0   2.536e+08   0   0
9.8   0.4481   1.123   -0.00138   0   2.499e+08   -4.371e+07   0
9.9   0.4491   1.147   -0.009196   0   2.283e+08   -1.109e+08   0
10   0.45   1.168   -0.02334   0   1.89e+08   -1.695e+08   0
10.1   0.451   1.184   -0.04271   0   1.352e+08   -2.15e+08   0
10.2   0.4519   1.195   -0.06583   0   7.095e+07   -2.44e+08   0
10.3   0.4529   1.198   -0.0909   0   1.272e+06   -2.542e+08   0
10.4   0.4538   1.195   -0.116   0   -6.849e+07   -2.449e+08   0
10.5   0.4548   1.185   -0.1392   0   -1.33e+08   -2.169e+08   0
10.6   0.4557   1.169   -0.1588   0   -1.873e+08   -1.723e+08   0
10.7   0.4567   1.148   -0.1732   0   -2.274e+08   -1.145e+08   0
10.8   0.4576   1.124   -0.1813   0   -2.501e+08   -4.811e+07   0
10.9   0.4586   1.098   -0.1826   0   -2.538e+08   2.196e+07   0
11   0.4589   1.073   -0.1787   0   -2.514e+08   4.151e+07   0
11.1   0.4589   1.048   -0.1746   0   -2.514e+08   4.151e+07   0
11.2   0.4589   1.023   -0.1704   0   -2.514e+08   4.151e+07   0
11.3   0.4589   0.9977   -0.1663   0   -2.514e+08   4.151e+07   0
11.4   0.4589   0.9725   -0.1621   0   -2.514e+08   4.151e+07   0
11.5   0.4589   0.9474   -0.158   0   -2.514e+08   4.151e+07   0
11.6   0.4589   0.9223   -0.1538   0   -2.514e+08   4.151e+07   0
11.7   0.4589   0.8971   -0.1497   0   -2.514e+08   4.151e+07   0
11.8   0.4589   0.872   -0.1455   0   -2.514e+08   4.151e+07   0
11.9   0.4589   0.8468   -0.1414   0   -2.514e+08   4.151e+07   0
12   0.4589   0.8217   -0.1372   0   -2.514e+08   4.151e+07   0
12.1   0.4589   0.7966   -0.1331   0   -2.514e+08   4.151e+07   0
12.2   0.4589   0.7714   -0.1289   0   -2.514e+08   4.151e+07   0
12.3   0.4589   0.7463   -0.1248   0   -2.514e+08   4.151e+07   0
12.4   0.4637   0.7211   -0.1206   0   -2.519e+08   4.159e+07   0
12.5   0.4695   0.6959   -0.1165   0   -2.524e+08   4.169e+07   0
12.6   0.4752   0.6706   -0.1123   0   -2.53e+08   4.178e+07   0
12.7   0.4809   0.6453   -0.1081   0   -2.535e+08   4.187e+07   0
12.8   0.4866   0.6199   -0.1039   0   -2.54e+08   4.196e+07   0
12.9   0.4922   0.5945   -0.09972   0   -2.545e+08   4.205e+07   0
13   0.4977   0.569   -0.09551   0   -2.55e+08   4.214e+07   0
13.1   0.503   0.5435   -0.09129   0   -2.555e+08   4.222e+07   0
13.2   0.5081   0.5179   -0.08706   0   -2.559e+08   4.229e+07   0
13.3   0.513   0.4923   -0.08283   0   -2.563e+08   4.237e+07   0
13.4   0.5176   0.4667   -0.07859   0   -2.567e+08   4.243e+07   0
13.5   0.5218   0.441   -0.07434   0   -2.57e+08   4.249e+07   0
13.6   0.5257   0.4152   -0.07009   0   -2.573e+08   4.255e+07   0
13.7   0.529   0.3895   -0.06583   0   -2.576e+08   4.26e+07   0
13.8   0.5317   0.3637   -0.06157   0   -2.578e+08   4.264e+07   0
13.9   0.5338   0.3379   -0.05731   0   -2.58e+08   4.266e+07   0
14   0.5351   0.3121   -0.05304   0   -2.581e+08   4.268e+07   0
14.1   0.5354   0.2863   -0.04877   0   -2.581e+08   4.269e+07   0
14.2   0.5347   0.2605   -0.0445   0   -2.581e+08   4.268e+07   0
14.3   0.5325   0.2347   -0.04024   0   -2.579e+08   4.265e+07   0
14.4   0.5288   0.2089   -0.03597   0   -2.576e+08   4.259e+07   0
14.5   0.5235   0.1832   -0.03172   0   -2.572e+08   4.251e+07   0
14.6   0.5235   0.1575   -0.02747   0   -2.572e+08   4.251e+07   0
14.7   0.5235   0.1318   -0.02322   0   -2.572e+08   4.251e+07   0
14.8   0.5235   0.1061   -0.01897   0   -2.572e+08   4.251e+07   0
14.9   0.5235   0.08033   -0.01472   0   -2.572e+08   4.251e+07   0
15   0.5235   0.05462   -0.01047   0   -2.572e+08   4.251e+07   0
15.1   0.5235   0.0289   -0.006216   0   -2.572e+08   4.251e+07   0
15.2   0.5235   0.003181   -0.001965   0   -2.572e+08   4.251e+07   0
15.3   0.5235   -0.02254   0.002286   0   -2.572e+08   4.251e+07   0
15.4   0.5235   -0.04825   0.006536   0   -2.572e+08   4.251e+07   0
15.5   0.5235   -0.07397   0.01079   0   -2.572e+08   4.251e+07   0
15.6   0.5235   -0.09969   0.01504   0   -2.572e+08   4.251e+07   0
15.7   0.5235   -0.1254   0.01929   0   -2.572e+08   4.251e+07   0
15.8   0.5235   -0.1511   0.02354   0   -2.572e+08   4.251e+07   0
15.9   0.5235   -0.1768   0.02779   0   -2.572e+08   4.251e+07   0
16   0.5382   -0.2026   0.03205   0   -2.583e+08   4.266e+07   0
16.1   0.5593   -0.2285   0.03632   0   -2.599e+08   4.288e+07   0
16.2   0.5786   -0.2546   0.04062   0   -2.613e+08   4.307e+07   0
16.3   0.5962   -0.2808   0.04494   0   -2.624e+08   4.323e+07   0
16.4   0.6124   -0.3071   0.04927   0   -2.634e+08   4.338e+07   0
16.5   0.6273   -0.3334   0.05361   0   -2.643e+08   4.351e+07   0
16.6   0.641   -0.3599   0.05797   0   -2.651e+08   4.362e+07   0
16.7   0.6537   -0.3865   0.06234   0   -2.658e+08   4.373e+07   0
16.8   0.6655   -0.4131   0.06671   0   -2.665e+08   4.382e+07   0
16.9   0.6763   -0.4398   0.0711   0   -2.67e+08   4.391e+07   0
17   0.6863   -0.4665   0.07549   0   -2.675e+08   4.398e+07   0
17.1   0.6954   -0.4933   0.0799   0   -2.68e+08   4.405e+07   0
17.2   0.7038   -0.5201   0.0843   0   -2.684e+08   4.411e+07   0
17.3   0.7115   -0.5469   0.08872   0   -2.687e+08   4.416e+07   0
17.4   0.7185   -0.5738   0.09314   0   -2.691e+08   4.421e+07   0
17.5   0.7248   -0.6007   0.09756   0   -2.694e+08   4.426e+07   0
17.6   0.7305   -0.6277   0.102   0   -2.696e+08   4.43e+07   0
17.7   0.7356   -0.6547   0.1064   0   -2.698e+08   4.433e+07   0
17.8   0.7401   -0.6817   0.1109   0   -2.7e+08   4.436e+07   0
17.9   0.744   -0.7087   0.1153   0   -2.702e+08   4.439e+07   0
18   0.7475   -0.7357   0.1197   0   -2.703e+08   4.441e+07   0
18.1   0.7483   -0.7627   0.1242   0   -2.704e+08   4.442e+07   0
18.2   0.7483   -0.7898   0.1286   0   -2.704e+08   4.442e+07   0
18.3   0.7483   -0.8168   0.1331   0   -2.704e+08   4.442e+07   0
18.4   0.7483   -0.8438   0.1375   0   -2.704e+08   4.442e+07   0
18.5   0.7483   -0.8709   0.1419   0   -2.704e+08   4.442e+07   0
18.6   0.7483   -0.8979   0.1464   0   -2.704e+08   4.442e+07   0
18.7   0.7483   -0.925   0.1508   0   -2.704e+08   4.442e+07   0
18.8   0.7483   -0.952   0.1553   0   -2.704e+08   4.442e+07   0
18.9   0.7483   -0.979   0.1597   0   -2.704e+08   4.442e+07   0
19   0.7483   -1.006   0.1641   0   -2.704e+08   4.442e+07   0
19.1   0.7483   -1.033   0.1686   0   -2.704e+08   4.442e+07   0
19.2   0.7483   -1.06   0.173   0   -2.704e+08   4.442e+07   0
19.3   0.7483   -1.087   0.1775   0   -2.704e+08   4.442e+07   0
19.4   0.7483   -1.114   0.1819   0   -2.704e+08   4.442e+07   0
19.5   0.7489   -1.141   0.1865   0   -2.672e+08   6.088e+07   0
19.6   0.7513   -1.167   0.1963   0   -2.403e+08   1.319e+08   0
19.7   0.7538   -1.189   0.2127   0   -1.951e+08   1.927e+08   0
19.8   0.7563   -1.205   0.2344   0   -1.35e+08   2.388e+08   0
19.9   0.7588   -1.215   0.2598   0   -6.477e+07   2.667e+08   0
20   0.7613   -1.218   0.2871   0   1.03e+07   2.744e+08   0
20.1   0.7638   -1.213   0.314   0   8.45e+07   2.613e+08   0
20.2   0.7664   -1.201   0.3387   0   1.523e+08   2.287e+08   0
20.3   0.7689   -1.183   0.3592   0   2.086e+08   1.79e+08   0
20.4   0.7714   -1.16   0.374   0   2.493e+08   1.16e+08   0
20.5   0.774   -1.134   0.382   0   2.714e+08   4.453e+07   0
20.6   0.7765   -1.106   0.3827   0   2.735e+08   -3.018e+07   0
20.7   0.7787   -1.08   0.3761   0   2.594e+08   -9.209e+07   0
20.8   0.7787   -1.054   0.3668   0   2.594e+08   -9.209e+07   0
20.9   0.7787   -1.028   0.3576   0   2.594e+08   -9.209e+07   0
21   0.7787   -1.002   0.3484   0   2.594e+08   -9.209e+07   0
21.1   0.7787   -0.9759   0.3392   0   2.594e+08   -9.209e+07   0
21.2   0.7787   -0.95   0.33   0   2.594e+08   -9.209e+07   0
21.3   0.7787   -0.924   0.3208   0   2.594e+08   -9.209e+07   0
21.4   0.7787   -0.8981   0.3116   0   2.594e+08   -9.209e+07   0
21.5   0.7787   -0.8722   0.3024   0   2.594e+08   -9.209e+07   0
21.6   0.7787   -0.8462   0.2932   0   2.594e+08   -9.209e+07   0
21.7   0.7787   -0.8203   0.284   0   2.594e+08   -9.209e+07   0
21.8   0.7787   -0.7943   0.2748   0   2.594e+08   -9.209e+07   0
21.9   0.7787   -0.7684   0.2656   0   2.594e+08   -9.209e+07   0
22   0.7787   -0.7425   0.2563   0   2.594e+08   -9.209e+07   0
22.1   0.7787   -0.7165   0.2471   0   2.594e+08   -9.209e+07   0
22.2   0.7827   -0.6906   0.2379   0   2.595e+08   -9.213e+07   0
22.3   0.7875   -0.6646   0.2287   0   2.597e+08   -9.218e+07   0
22.4   0.7922   -0.6386   0.2195   0   2.599e+08   -9.223e+07   0
22.5   0.7966   -0.6126   0.2103   0   2.601e+08   -9.228e+07   0
22.6   0.8008   -0.5866   0.201   0   2.602e+08   -9.232e+07   0
22.7   0.8047   -0.5606   0.1918   0   2.604e+08   -9.236e+07   0
22.8   0.8083   -0.5345   0.1826   0   2.605e+08   -9.239e+07   0
22.9   0.8115   -0.5085   0.1733   0   2.606e+08   -9.242e+07   0
23   0.8143   -0.4824   0.1641   0   2.607e+08   -9.245e+07   0
23.1   0.8166   -0.4564   0.1548   0   2.608e+08   -9.247e+07   0
23.2   0.8182   -0.4303   0.1456   0   2.608e+08   -9.249e+07   0
23.3   0.8193   -0.4042   0.1363   0   2.609e+08   -9.25e+07   0
23.4   0.8196   -0.3781   0.1271   0   2.609e+08   -9.25e+07   0
23.5   0.819   -0.352   0.1178   0   2.609e+08   -9.249e+07   0
23.6   0.8174   -0.3259   0.1086   0   2.608e+08   -9.248e+07   0
23.7   0.8147   -0.2998   0.09934   0   2.607e+08   -9.246e+07   0
23.8   0.8107   -0.2738   0.0901   0   2.606e+08   -9.243e+07   0
23.9   0.8051   -0.2477   0.08086   0   2.604e+08   -9.239e+07   0
24   0.7975   -0.2217   0.07162   0   2.601e+08   -9.235e+07   0
24.1   0.7877   -0.1957   0.06239   0   2.597e+08   -9.229e+07   0
24.2   0.78   -0.1698   0.05316   0   2.594e+08   -9.225e+07   0
24.3   0.78   -0.1438   0.04393   0   2.594e+08   -9.225e+07   0
24.4   0.78   -0.1179   0.03471   0   2.594e+08   -9.225e+07   0
24.5   0.78   -0.09195   0.02548   0   2.594e+08   -9.225e+07   0
24.6   0.78   -0.06602   0.01626   0   2.594e+08   -9.225e+07   0
24.7   0.78   -0.04008   0.007033   0   2.594e+08   -9.225e+07   0
24.8   0.78   -0.01414   -0.002192   0   2.594e+08   -9.225e+07   0
24.9   0.78   0.0118   -0.01142   0   2.594e+08   -9.225e+07   0
25   0.78   0.03774   -0.02064   0   2.594e+08   -9.225e+07   0
25.1   0.78   0.06368   -0.02987   0   2.594e+08   -9.225e+07   0
25.2   0.78   0.08962   -0.03909   0   2.594e+08   -9.225e+07   0
25.3   0.78   0.1156   -0.04832   0   2.594e+08   -9.225e+07   0
25.4   0.78   0.1415   -0.05754   0   2.594e+08   -9.225e+07   0
25.5   0.78   0.1674   -0.06677   0   2.594e+08   -9.225e+07   0
25.6   0.7975   0.1934   -0.07601   0   2.6e+08   -9.262e+07   0
25.7   0.8201   0.2194   -0.08529   0   2.607e+08   -9.306e+07   0
25.8   0.8402   0.2455   -0.09462   0   2.613e+08   -9.342e+07   0
25.9   0.8582   0.2717   -0.104   0   2.619e+08   -9.372e+07   0
26   0.8745   0.2979   -0.1134   0   2.623e+08   -9.397e+07   0
26.1   0.8893   0.3242   -0.1228   0   2.627e+08   -9.418e+07   0
26.2   0.9027   0.3505   -0.1322   0   2.631e+08   -9.437e+07   0
26.3   0.9149   0.3768   -0.1416   0   2.634e+08   -9.453e+07   0
26.4   0.9259   0.4031   -0.1511   0   2.637e+08   -9.467e+07   0
26.5   0.9359   0.4295   -0.1606   0   2.64e+08   -9.479e+07   0
26.6   0.945   0.4559   -0.1701   0   2.642e+08   -9.49e+07   0
26.7   0.9532   0.4824   -0.1796   0   2.644e+08   -9.499e+07   0
26.8   0.9605   0.5088   -0.1891   0   2.646e+08   -9.508e+07   0
26.9   0.9671   0.5353   -0.1986   0   2.647e+08   -9.515e+07   0
27   0.9729   0.5618   -0.2081   0   2.649e+08   -9.521e+07   0
27.1   0.978   0.5883   -0.2176   0   2.65e+08   -9.526e+07   0
27.2   0.9825   0.6148   -0.2271   0   2.651e+08   -9.531e+07   0
27.3   0.9863   0.6413   -0.2367   0   2.652e+08   -9.535e+07   0
27.4   0.9896   0.6678   -0.2462   0   2.652e+08   -9.538e+07   0
27.5   0.9923   0.6943   -0.2557   0   2.653e+08   -9.541e+07   0
27.6   0.9934   0.7208   -0.2653   0   2.653e+08   -9.542e+07   0
27.7   0.9934   0.7474   -0.2748   0   2.653e+08   -9.542e+07   0
27.8   0.9934   0.7739   -0.2844   0   2.653e+08   -9.542e+07   0
27.9   0.9934   0.8004   -0.2939   0   2.653e+08   -9.542e+07   0
28   0.9934   0.827   -0.3035   0   2.653e+08   -9.542e+07   0
28.1   0.9934   0.8535   -0.313   0   2.653e+08   -9.542e+07   0
28.2   0.9934   0.88   -0.3225   0   2.653e+08   -9.542e+07   0
28.3   0.9934   0.9066   -0.3321   0   2.653e+08   -9.542e+07   0
28.4   0.9934   0.9331   -0.3416   0   2.653e+08   -9.542e+07   0
28.5   0.9934   0.9596   -0.3512   0   2.653e+08   -9.542e+07   0
28.6   0.9934   0.9862   -0.3607   0   2.653e+08   -9.542e+07   0
28.7   0.9934   1.013   -0.3703   0   2.653e+08   -9.542e+07   0
28.8   0.9934   1.039   -0.3798   0   2.653e+08   -9.542e+07   0
28.9   0.9934   1.066   -0.3893   0   2.653e+08   -9.542e+07   0
29   0.9946   1.092   -0.399   0   2.59e+08   -1.115e+08   0
29.1   1.001   1.116   -0.4142   0   2.106e+08   -1.878e+08   0
29.2   1.007   1.134   -0.436   0   1.408e+08   -2.447e+08   0
29.3   1.013   1.144   -0.4623   0   5.694e+07   -2.766e+08   0
29.4   1.019   1.145   -0.4904   0   -3.24e+07   -2.807e+08   0
29.5   1.025   1.137   -0.5175   0   -1.182e+08   -2.568e+08   0
29.6   1.031   1.121   -0.5409   0   -1.922e+08   -2.076e+08   0
29.7   1.037   1.099   -0.5583   0   -2.47e+08   -1.381e+08   0
29.8   1.044   1.073   -0.568   0   -2.777e+08   -5.543e+07   0
29.9   1.05   1.045   -0.5691   0   -2.814e+08   3.237e+07   0
30   1.056   1.017   -0.5616   0   -2.582e+08   1.168e+08   0
30.1   1.058   0.9923   -0.5483   0   -2.493e+08   1.349e+08   0
30.2   1.058   0.9674   -0.5348   0   -2.493e+08   1.349e+08   0
30.3   1.058   0.9425   -0.5213   0   -2.493e+08   1.349e+08   0
30.4   1.058   0.9176   -0.5078   0   -2.493e+08   1.349e+08   0
30.5   1.058   0.8926   -0.4943   0   -2.493e+08   1.349e+08   0
30.6   1.058   0.8677   -0.4808   0   -2.493e+08   1.349e+08   0
30.7   1.058   0.8428   -0.4673   0   -2.493e+08   1.349e+08   0
30.8   1.058   0.8179   -0.4538   0   -2.493e+08   1.349e+08   0
30.9   1.058   0.7929   -0.4403   0   -2.493e+08   1.349e+08   0
31   1.058   0.768   -0.4269   0   -2.493e+08   1.349e+08   0
31.1   1.058   0.7431   -0.4134   0   -2.493e+08   1.349e+08   0
31.2   1.058   0.7181   -0.3999   0   -2.493e+08   1.349e+08   0
31.3   1.058   0.6932   -0.3864   0   -2.493e+08   1.349e+08   0
31.4   1.058   0.6683   -0.3729   0   -2.493e+08   1.349e+08   0
31.5   1.06   0.6434   -0.3594   0   -2.493e+08   1.349e+08   0
31.6   1.065   0.6184   -0.3459   0   -2.494e+08   1.35e+08   0
31.7   1.07   0.5935   -0.3324   0   -2.495e+08   1.351e+08   0
31.8   1.075   0.5685   -0.3189   0   -2.496e+08   1.351e+08   0
31.9   1.079   0.5436   -0.3054   0   -2.496e+08   1.352e+08   0
32   1.083   0.5186   -0.2919   0   -2.497e+08   1.352e+08   0
32.1   1.087   0.4936   -0.2783   0   -2.498e+08   1.353e+08   0
32.2   1.09   0.4686   -0.2648   0   -2.498e+08   1.353e+08   0
32.3   1.093   0.4437   -0.2513   0   -2.499e+08   1.353e+08   0
32.4   1.095   0.4187   -0.2377   0   -2.499e+08   1.354e+08   0
32.5   1.097   0.3937   -0.2242   0   -2.499e+08   1.354e+08   0
32.6   1.098   0.3687   -0.2107   0   -2.499e+08   1.354e+08   0
32.7   1.098   0.3437   -0.1971   0   -2.5e+08   1.354e+08   0
32.8   1.098   0.3187   -0.1836   0   -2.499e+08   1.354e+08   0
32.9   1.096   0.2937   -0.17   0   -2.499e+08   1.354e+08   0
33   1.093   0.2687   -0.1565   0   -2.499e+08   1.353e+08   0
33.1   1.089   0.2437   -0.143   0   -2.498e+08   1.353e+08   0
33.2   1.083   0.2187   -0.1294   0   -2.497e+08   1.352e+08   0
33.3   1.075   0.1938   -0.1159   0   -2.496e+08   1.351e+08   0
33.4   1.065   0.1688   -0.1024   0   -2.495e+08   1.349e+08   0
33.5   1.061   0.1439   -0.08895   0   -2.494e+08   1.348e+08   0
33.6   1.061   0.1189   -0.07547   0   -2.494e+08   1.348e+08   0
33.7   1.061   0.094   -0.06199   0   -2.494e+08   1.348e+08   0
33.8   1.061   0.06906   -0.04851   0   -2.494e+08   1.348e+08   0
33.9   1.061   0.04412   -0.03503   0   -2.494e+08   1.348e+08   0
34   1.061   0.01917   -0.02156   0   -2.494e+08   1.348e+08   0
34.1   1.061   -0.005768   -0.008077   0   -2.494e+08   1.348e+08   0
34.2   1.061   -0.03071   0.005401   0   -2.494e+08   1.348e+08   0
34.3   1.061   -0.05565   0.01888   0   -2.494e+08   1.348e+08   0
34.4   1.061   -0.08059   0.03236   0   -2.494e+08   1.348e+08   0
34.5   1.061   -0.1055   0.04584   0   -2.494e+08   1.348e+08   0
34.6   1.061   -0.1305   0.05932   0   -2.494e+08   1.348e+08   0
34.7   1.061   -0.1554   0.07279   0   -2.494e+08   1.348e+08   0
34.8   1.071   -0.1804   0.08627   0   -2.497e+08   1.348e+08   0
34.9   1.095   -0.2054   0.09975   0   -2.502e+08   1.348e+08   0
35   1.116   -0.2304   0.1132   0   -2.506e+08   1.349e+08   0
35.1   1.135   -0.2555   0.1267   0   -2.51e+08   1.349e+08   0
35.2   1.153   -0.2806   0.1402   0   -2.513e+08   1.35e+08   0
35.3   1.168   -0.3058   0.1537   0   -2.516e+08   1.351e+08   0
35.4   1.182   -0.3309   0.1672   0   -2.519e+08   1.351e+08   0
35.5   1.195   -0.3561   0.1808   0   -2.521e+08   1.352e+08   0
35.6   1.207   -0.3813   0.1943   0   -2.523e+08   1.352e+08   0
35.7   1.217   -0.4066   0.2078   0   -2.524e+08   1.353e+08   0
35.8   1.227   -0.4318   0.2213   0   -2.526e+08   1.353e+08   0
35.9   1.236   -0.4571   0.2349   0   -2.527e+08   1.353e+08   0
36   1.244   -0.4824   0.2484   0   -2.528e+08   1.354e+08   0
36.1   1.251   -0.5077   0.2619   0   -2.529e+08   1.354e+08   0
36.2   1.257   -0.533   0.2755   0   -2.53e+08   1.354e+08   0
36.3   1.263   -0.5583   0.289   0   -2.531e+08   1.355e+08   0
36.4   1.268   -0.5836   0.3026   0   -2.532e+08   1.355e+08   0
36.5   1.272   -0.6089   0.3161   0   -2.532e+08   1.355e+08   0
36.6   1.276   -0.6342   0.3297   0   -2.533e+08   1.355e+08   0
36.7   1.279   -0.6596   0.3432   0   -2.533e+08   1.356e+08   0
36.8   1.28   -0.6849   0.3568   0   -2.533e+08   1.356e+08   0
36.9   1.28   -0.7102   0.3703   0   -2.533e+08   1.356e+08   0
37   1.28   -0.7356   0.3839   0   -2.533e+08   1.356e+08   0
37.1   1.28   -0.7609   0.3975   0   -2.533e+08   1.356e+08   0
37.2   1.28   -0.7862   0.411   0   -2.533e+08   1.356e+08   0
37.3   1.28   -0.8116   0.4246   0   -2.533e+08   1.356e+08   0
37.4   1.28   -0.8369   0.4381   0   -2.533e+08   1.356e+08   0
37.5   1.28   -0.8622   0.4517   0   -2.533e+08   1.356e+08   0
37.6   1.28   -0.8876   0.4652   0   -2.533e+08   1.356e+08   0
37.7   1.28   -0.9129   0.4788   0   -2.533e+08   1.356e+08   0
37.8   1.28   -0.9382   0.4923   0   -2.533e+08   1.356e+08   0
37.9   1.28   -0.9636   0.5059   0   -2.533e+08   1.356e+08   0
38   1.28   -0.9889   0.5195   0   -2.533e+08   1.356e+08   0
38.1   1.28   -1.014   0.533   0   -2.533e+08   1.356e+08   0
38.2   1.28   -1.04   0.5466   0   -2.533e+08   1.356e+08   0
38.3   1.28   -1.065   0.5601   0   -2.533e+08   1.356e+08   0
38.4   1.28   -1.09   0.5737   0   -2.533e+08   1.356e+08   0
38.5   1.28   -1.116   0.5872   0   -2.533e+08   1.356e+08   0
38.6   1.28   -1.141   0.6008   0   -2.533e+08   1.356e+08   0
38.7   1.28   -1.166   0.6143   0   -2.533e+08   1.356e+08   0
38.8   1.28   -1.192   0.6279   0   -2.533e+08   1.356e+08   0
38.9   1.28   -1.217   0.6415   0   -2.533e+08   1.356e+08   0
39   1.28   -1.242   0.655   0   -2.533e+08   1.356e+08   0
39.1   1.28   -1.268   0.6686   0   -2.533e+08   1.356e+08   0
39.2   1.28   -1.293   0.6821   0   -2.533e+08   1.356e+08   0
39.3   1.28   -1.318   0.6957   0   -2.533e+08   1.356e+08   0
39.4   1.28   -1.344   0.7092   0   -2.533e+08   1.356e+08   0
39.5   1.28   -1.369   0.7228   0   -2.533e+08   1.356e+08   0
39.6   1.28   -1.394   0.7363   0   -2.533e+08   1.356e+08   0
39.7   1.28   -1.42   0.7499   0   -2.533e+08   1.356e+08   0
39.8   1.28   -1.445   0.7635   0   -2.533e+08   1.356e+08   0
39.9   1.28   -1.47   0.777   0   -2.533e+08   1.356e+08   0
40   1.28   -1.496   0.7906   0   -2.533e+08   1.356e+08   0
40.1   1.28   -1.521   0.8041   0   -2.533e+08   1.356e+08   0
40.2   1.28   -1.546   0.8177   0   -2.533e+08   1.356e+08   0
40.3   1.28   -1.572   0.8312   0   -2.533e+08   1.356e+08   0
40.4   1.28   -1.597   0.8448   0   -2.533e+08   1.356e+08   0
40.5   1.28   -1.622   0.8583   0   -2.533e+08   1.356e+08   0
40.6   1.28   -1.648   0.8719   0   -2.533e+08   1.356e+08   0
40.7   1.28   -1.673   0.8855   0   -2.533e+08   1.356e+08   0
40.8   1.28   -1.698   0.899   0   -2.533e+08   1.356e+08   0
40.9   1.28   -1.724   0.9126   0   -2.533e+08   1.356e+08   0
41   1.28   -1.749   0.9261   0   -2.533e+08   1.356e+08   0
41.1   1.28   -1.774   0.9397   0   -2.533e+08   1.356e+08   0
41.2   1.28   -1.8   0.9532   0   -2.533e+08   1.356e+08   0
41.3   1.28   -1.825   0.9668   0   -2.533e+08   1.356e+08   0
41.4   1.28   -1.85   0.9803   0   -2.533e+08   1.356e+08   0
41.5   1.28   -1.876   0.9939   0   -2.533e+08   1.356e+08   0
41.6   1.28   -1.901   1.007   0   -2.533e+08   1.356e+08   0
41.7   1.28   -1.926   1.021   0   -2.533e+08   1.356e+08   0
41.8   1.28   -1.952   1.035   0   -2.533e+08   1.356e+08   0
41.9   1.28   -1.977   1.048   0   -2.533e+08   1.356e+08   0
42   1.28   -2.002   1.062   0   -2.533e+08   1.356e+08   0
42.1   1.28   -2.028   1.075   0   -2.533e+08   1.356e+08   0
42.2   1.28   -2.053   1.089   0   -2.533e+08   1.356e+08   0
42.3   1.28   -2.078   1.102   0   -2.533e+08   1.356e+08   0
42.4   1.28   -2.104   1.116   0   -2.533e+08   1.356e+08   0
42.5   1.28   -2.129   1.129   0   -2.533e+08   1.356e+08   0
42.6   1.28   -2.154   1.143   0   -2.533e+08   1.356e+08   0
42.7   1.28   -2.18   1.157   0   -2.533e+08   1.356e+08   0
42.8   1.28   -2.205   1.17   0   -2.533e+08   1.356e+08   0
42.9   1.28   -2.23   1.184   0   -2.533e+08   1.356e+08   0
43   1.28   -2.256   1.197   0   -2.533e+08   1.356e+08   0
43.1   1.28   -2.281   1.211   0   -2.533e+08   1.356e+08   0
43.2   1.28   -2.306   1.224   0   -2.533e+08   1.356e+08   0
43.3   1.28   -2.332   1.238   0   -2.533e+08   1.356e+08   0
43.4   1.28   -2.357   1.251   0   -2.533e+08   1.356e+08   0
43.5   1.28   -2.382   1.265   0   -2.533e+08   1.356e+08   0
43.6   1.28   -2.408   1.279   0   -2.533e+08   1.356e+08   0
43.7   1.28   -2.433   1.292   0   -2.533e+08   1.356e+08   0
43.8   1.28   -2.458   1.306   0   -2.533e+08   1.356e+08   0
43.9   1.28   -2.484   1.319   0   -2.533e+08   1.356e+08   0
44   1.28   -2.509   1.333   0   -2.533e+08   1.356e+08   0
44.1   1.28   -2.534   1.346   0   -2.533e+08   1.356e+08   0
44.2   1.28   -2.56   1.36   0   -2.533e+08   1.356e+08   0
44.3   1.28   -2.585   1.373   0   -2.533e+08   1.356e+08   0
44.4   1.28   -2.61   1.387   0   -2.533e+08   1.356e+08   0
44.5   1.28   -2.636   1.401   0   -2.533e+08   1.356e+08   0
44.6   1.28   -2.661   1.414   0   -2.533e+08   1.356e+08   0
44.7   1.28   -2.686   1.428   0   -2.533e+08   1.356e+08   0
44.8   1.28   -2.712   1.441   0   -2.533e+08   1.356e+08   0
44.9   1.28   -2.737   1.455   0   -2.533e+08   1.356e+08   0
45   1.28   -2.762   1.468   0   -2.533e+08   1.356e+08   0
