0   0.04   -0.753   0   0   1.121e+08   0   0
0.1   0.03997   -0.7486   0   0   1.121e+08   0   0
0.2   0.04   -0.7374   0   0   1.121e+08   0   0
0.3   0.04023   -0.7262   0   0   1.124e+08   0   0
0.4   0.04065   -0.7149   0   0   1.129e+08   0   0
0.5   0.04127   -0.7036   0   0   1.137e+08   0   0
0.6   0.0421   -0.6921   0   0   1.147e+08   0   0
0.7   0.04314   -0.6806   0   0   1.16e+08   0   0
0.8   0.04441   -0.6689   0   0   1.175e+08   0   0
0.9   0.04592   -0.6571   0   0   1.192e+08   0   0
1   0.04768   -0.6451   0   0   1.212e+08   0   0
1.1   0.04969   -0.6329   0   0   1.234e+08   0   0
1.2   0.05198   -0.6204   0   0   1.258e+08   0   0
1.3   0.05454   -0.6077   0   0   1.285e+08   0   0
1.4   0.05741   -0.5947   0   0   1.313e+08   0   0
1.5   0.06059   -0.5814   0   0   1.343e+08   0   0
1.6   0.06409   -0.5678   0   0   1.375e+08   0   0
1.7   0.06792   -0.5539   0   0   1.409e+08   0   0
1.8   0.07211   -0.5396   0   0   1.444e+08   0   0
1.9   0.07667   -0.525   0   0   1.481e+08   0   0
2   0.0816   -0.51   0   0   1.518e+08   0   0
2.1   0.08692   -0.4946   0   0   1.557e+08   0   0
2.2   0.09265   -0.4789   0   0   1.596e+08   0   0
2.3   0.0988   -0.4627   0   0   1.636e+08   0   0
2.4   0.1054   -0.4462   0   0   1.676e+08   0   0
2.5   0.1124   -0.4292   0   0   1.717e+08   0   0
2.6   0.1198   -0.4118   0   0   1.758e+08   0   0
2.7   0.1277   -0.394   0   0   1.799e+08   0   0
2.8   0.1361   -0.3758   0   0   1.839e+08   0   0
2.9   0.1449   -0.3572   0   0   1.88e+08   0   0
3   0.1543   -0.3382   0   0   1.92e+08   0   0
3.1   0.1641   -0.3188   0   0   1.959e+08   0   0
3.2   0.1744   -0.2991   0   0   1.998e+08   0   0
3.3   0.1852   -0.2789   0   0   2.036e+08   0   0
3.4   0.1966   -0.2583   0   0   2.074e+08   0   0
3.5   0.2085   -0.2374   0   0   2.111e+08   0   0
3.6   0.2211   -0.2161   0   0   2.147e+08   0   0
3.7   0.2343   -0.1945   0   0   2.182e+08   0   0
3.8   0.2382   -0.1726   0   0   2.192e+08   0   0
3.9   0.2382   -0.1506   0   0   2.192e+08   0   0
4   0.2382   -0.1287   0   0   2.192e+08   0   0
4.1   0.2382   -0.1068   0   0   2.192e+08   0   0
4.2   0.2382   -0.08486   0   0   2.192e+08   0   0
4.3   0.2382   -0.06293   0   0   2.192e+08   0   0
4.4   0.2382   -0.04101   0   0   2.192e+08   0   0
4.5   0.2382   -0.01909   0   0   2.192e+08   0   0
4.6   0.2382   0.002837   0   0   2.192e+08   0   0
4.7   0.2382   0.02476   0   0   2.192e+08   0   0
4.8   0.2382   0.04668   0   0   2.192e+08   0   0
4.9   0.2382   0.06861   0   0   2.192e+08   0   0
5   0.2382   0.09053   0   0   2.192e+08   0   0
5.1   0.2382   0.1125   0   0   2.192e+08   0   0
5.2   0.2382   0.1344   0   0   2.192e+08   0   0
5.3   0.2382   0.1563   0   0   2.192e+08   0   0
5.4   0.2382   0.1782   0   0   2.192e+08   0   0
5.5   0.2432   0.2002   0   0   2.205e+08   0   0
5.6   0.2526   0.2224   0   0   2.228e+08   0   0
5.7   0.2622   0.2447   0   0   2.25e+08   0   0
5.8   0.2719   0.2673   0   0   2.271e+08   0   0
5.9   0.2817   0.2902   0   0   2.292e+08   0   0
6   0.2915   0.3132   0   0   2.312e+08   0   0
6.1   0.3013   0.3364   0   0   2.33e+08   0   0
6.2   0.311   0.3598   0   0   2.348e+08   0   0
6.3   0.3206   0.3834   0   0   2.365e+08   0   0
6.4   0.33   0.4071   0   0   2.381e+08   0   0
6.5   0.3394   0.431   0   0   2.396e+08   0   0
6.6   0.3485   0.455   0   0   2.411e+08   0   0
6.7   0.3574   0.4792   0   0   2.424e+08   0   0
6.8   0.3661   0.5035   0   0   2.437e+08   0   0
6.9   0.3745   0.5279   0   0   2.448e+08   0   0
7   0.3827   0.5525   0   0   2.459e+08   0   0
7.1   0.3906   0.5771   0   0   2.47e+08   0   0
7.2   0.3981   0.6019   0   0   2.48e+08   0   0
7.3   0.4054   0.6267   0   0   2.489e+08   0   0
7.4   0.4124   0.6516   0   0   2.497e+08   0   0
7.5   0.419   0.6766   0   0   2.505e+08   0   0
7.6   0.4253   0.7017   0   0   2.512e+08   0   0
7.7   0.4312   0.7269   0   0   2.519e+08   0   0
7.8   0.4368   0.7521   0   0   2.525e+08   0   0
7.9   0.437   0.7773   0   0   2.525e+08   0   0
8   0.437   0.8026   0   0   2.525e+08   0   0
8.1   0.437   0.8279   0   0   2.525e+08   0   0
8.2   0.437   0.8531   0   0   2.525e+08   0   0
8.3   0.437   0.8784   0   0   2.525e+08   0   0
8.4   0.437   0.9036   0   0   2.525e+08   0   0
8.5   0.437   0.9289   0   0   2.525e+08   0   0
8.6   0.437   0.9541   0   0   2.525e+08   0   0
8.7   0.437   0.9794   0   0   2.525e+08   0   0
8.8   0.437   1.005   0   0   2.525e+08   0   0
8.9   0.437   1.03   0   0   2.525e+08   0   0
9   0.437   1.055   0   0   2.525e+08   0   0
9.1   0.437   1.08   0   0   2.525e+08   0   0
9.2   0.437   1.106   0   0   2.525e+08   0   0
9.3   0.4379   1.131   -0.0031   0   2.439e+08   -6.557e+07   0
9.4   0.4388   1.154   -0.01302   0   2.161e+08   -1.309e+08   0
9.5   0.4397   1.173   -0.029   0   1.713e+08   -1.86e+08   0
9.6   0.4407   1.187   -0.04977   0   1.129e+08   -2.263e+08   0
9.7   0.4416   1.195   -0.0737   0   4.568e+07   -2.489e+08   0
9.8   0.4425   1.196   -0.0989   0   -2.513e+07   -2.519e+08   0
9.9   0.4435   1.19   -0.1234   0   -9.396e+07   -2.351e+08   0
10   0.4444   1.178   -0.1453   0   -1.554e+08   -2e+08   0
10.1   0.4453   1.16   -0.1628   0   -2.048e+08   -1.493e+08   0
10.2   0.4463   1.137   -0.1747   0   -2.381e+08   -8.697e+07   0
10.3   0.4472   1.113   -0.1799   0   -2.53e+08   -1.788e+07   0
10.4   0.448   1.087   -0.1783   0   -2.503e+08   4.145e+07   0
10.5   0.448   1.062   -0.1741   0   -2.503e+08   4.145e+07   0
10.6   0.448   1.037   -0.17   0   -2.503e+08   4.145e+07   0
10.7   0.448   1.012   -0.1658   0   -2.503e+08   4.145e+07   0
10.8   0.448   0.9873   -0.1617   0   -2.503e+08   4.145e+07   0
10.9   0.448   0.9623   -0.1575   0   -2.503e+08   4.145e+07   0
11   0.448   0.9372   -0.1534   0   -2.503e+08   4.145e+07   0
11.1   0.448   0.9122   -0.1492   0   -2.503e+08   4.145e+07   0
11.2   0.448   0.8872   -0.1451   0   -2.503e+08   4.145e+07   0
11.3   0.448   0.8622   -0.141   0   -2.503e+08   4.145e+07   0
11.4   0.448   0.8371   -0.1368   0   -2.503e+08   4.145e+07   0
11.5   0.448   0.8121   -0.1327   0   -2.503e+08   4.145e+07   0
11.6   0.448   0.7871   -0.1285   0   -2.503e+08   4.145e+07   0
11.7   0.448   0.762   -0.1244   0   -2.503e+08   4.145e+07   0
11.8   0.4495   0.737   -0.1202   0   -2.504e+08   4.147e+07   0
11.9   0.4557   0.7119   -0.1161   0   -2.511e+08   4.157e+07   0
12   0.4622   0.6868   -0.1119   0   -2.517e+08   4.167e+07   0
12.1   0.4688   0.6616   -0.1077   0   -2.524e+08   4.177e+07   0
12.2   0.4756   0.6363   -0.1036   0   -2.53e+08   4.187e+07   0
12.3   0.4825   0.611   -0.09937   0   -2.537e+08   4.197e+07   0
12.4   0.4896   0.5856   -0.09517   0   -2.543e+08   4.207e+07   0
12.5   0.4968   0.5601   -0.09096   0   -2.549e+08   4.217e+07   0
12.6   0.504   0.5346   -0.08674   0   -2.556e+08   4.227e+07   0
12.7   0.5113   0.509   -0.08251   0   -2.562e+08   4.236e+07   0
12.8   0.5186   0.4834   -0.07826   0   -2.568e+08   4.245e+07   0
12.9   0.5259   0.4577   -0.07401   0   -2.574e+08   4.254e+07   0
13   0.5332   0.4319   -0.06976   0   -2.579e+08   4.263e+07   0
13.1   0.5404   0.4061   -0.06549   0   -2.585e+08   4.271e+07   0
13.2   0.5474   0.3802   -0.06121   0   -2.59e+08   4.279e+07   0
13.3   0.5542   0.3543   -0.05693   0   -2.595e+08   4.286e+07   0
13.4   0.5607   0.3283   -0.05264   0   -2.6e+08   4.293e+07   0
13.5   0.5669   0.3023   -0.04835   0   -2.604e+08   4.299e+07   0
13.6   0.5726   0.2762   -0.04404   0   -2.608e+08   4.305e+07   0
13.7   0.5778   0.2501   -0.03974   0   -2.612e+08   4.31e+07   0
13.8   0.5822   0.224   -0.03542   0   -2.615e+08   4.314e+07   0
13.9   0.5857   0.1978   -0.03111   0   -2.617e+08   4.317e+07   0
14   0.587   0.1716   -0.02679   0   -2.618e+08   4.318e+07   0
14.1   0.587   0.1455   -0.02247   0   -2.618e+08   4.318e+07   0
14.2   0.587   0.1193   -0.01816   0   -2.618e+08   4.318e+07   0
14.3   0.587   0.09309   -0.01384   0   -2.618e+08   4.318e+07   0
14.4   0.587   0.06691   -0.009519   0   -2.618e+08   4.318e+07   0
14.5   0.587   0.04073   -0.005201   0   -2.618e+08   4.318e+07   0
14.6   0.587   0.01455   -0.0008834   0   -2.618e+08   4.318e+07   0
14.7   0.587   -0.01163   0.003435   0   -2.618e+08   4.318e+07   0
14.8   0.587   -0.03781   0.007753   0   -2.618e+08   4.318e+07   0
14.9   0.587   -0.06399   0.01207   0   -2.618e+08   4.318e+07   0
15   0.587   -0.09017   0.01639   0   -2.618e+08   4.318e+07   0
15.1   0.587   -0.1164   0.02071   0   -2.618e+08   4.318e+07   0
15.2   0.587   -0.1425   0.02502   0   -2.618e+08   4.318e+07   0
15.3   0.587   -0.1687   0.02934   0   -2.618e+08   4.318e+07   0
15.4   0.5937   -0.1949   0.03366   0   -2.622e+08   4.327e+07   0
15.5   0.6119   -0.2212   0.038   0   -2.634e+08   4.35e+07   0
15.6   0.6289   -0.2476   0.04236   0   -2.644e+08   4.369e+07   0
15.7   0.6449   -0.2741   0.04674   0   -2.653e+08   4.387e+07   0
15.8   0.66   -0.3006   0.05113   0   -2.661e+08   4.403e+07   0
15.9   0.6742   -0.3273   0.05554   0   -2.669e+08   4.417e+07   0
16   0.6877   -0.354   0.05997   0   -2.675e+08   4.429e+07   0
16.1   0.7005   -0.3808   0.0644   0   -2.682e+08   4.441e+07   0
16.2   0.7127   -0.4076   0.06885   0   -2.687e+08   4.451e+07   0
16.3   0.7241   -0.4345   0.0733   0   -2.693e+08   4.461e+07   0
16.4   0.735   -0.4615   0.07777   0   -2.697e+08   4.47e+07   0
16.5   0.7453   -0.4885   0.08224   0   -2.702e+08   4.478e+07   0
16.6   0.755   -0.5155   0.08673   0   -2.706e+08   4.485e+07   0
16.7   0.7641   -0.5426   0.09122   0   -2.71e+08   4.492e+07   0
16.8   0.7727   -0.5697   0.09571   0   -2.713e+08   4.498e+07   0
16.9   0.7807   -0.5969   0.1002   0   -2.716e+08   4.504e+07   0
17   0.7882   -0.624   0.1047   0   -2.719e+08   4.509e+07   0
17.1   0.7952   -0.6513   0.1092   0   -2.722e+08   4.514e+07   0
17.2   0.8017   -0.6785   0.1137   0   -2.724e+08   4.518e+07   0
17.3   0.8077   -0.7057   0.1183   0   -2.726e+08   4.522e+07   0
17.4   0.8132   -0.733   0.1228   0   -2.728e+08   4.526e+07   0
17.5   0.8151   -0.7603   0.1273   0   -2.729e+08   4.527e+07   0
17.6   0.8151   -0.7876   0.1318   0   -2.729e+08   4.527e+07   0
17.7   0.8151   -0.8149   0.1364   0   -2.729e+08   4.527e+07   0
17.8   0.8151   -0.8422   0.1409   0   -2.729e+08   4.527e+07   0
17.9   0.8151   -0.8695   0.1454   0   -2.729e+08   4.527e+07   0
18   0.8151   -0.8968   0.15   0   -2.729e+08   4.527e+07   0
18.1   0.8151   -0.924   0.1545   0   -2.729e+08   4.527e+07   0
18.2   0.8151   -0.9513   0.159   0   -2.729e+08   4.527e+07   0
18.3   0.8151   -0.9786   0.1635   0   -2.729e+08   4.527e+07   0
18.4   0.8151   -1.006   0.1681   0   -2.729e+08   4.527e+07   0
18.5   0.8151   -1.033   0.1726   0   -2.729e+08   4.527e+07   0
18.6   0.8151   -1.061   0.1771   0   -2.729e+08   4.527e+07   0
18.7   0.8151   -1.088   0.1816   0   -2.729e+08   4.527e+07   0
18.8   0.8151   -1.115   0.1862   0   -2.729e+08   4.527e+07   0
18.9   0.8159   -1.142   0.191   0   -2.685e+08   6.674e+07   0
19   0.8185   -1.168   0.2012   0   -2.419e+08   1.345e+08   0
19.1   0.8212   -1.19   0.2177   0   -1.986e+08   1.929e+08   0
19.2   0.8239   -1.207   0.2394   0   -1.417e+08   2.38e+08   0
19.3   0.8266   -1.218   0.2648   0   -7.515e+07   2.667e+08   0
19.4   0.8293   -1.222   0.2921   0   -3.579e+06   2.771e+08   0
19.5   0.832   -1.219   0.3196   0   6.815e+07   2.687e+08   0
19.6   0.8347   -1.208   0.3452   0   1.352e+08   2.422e+08   0
19.7   0.8374   -1.192   0.3674   0   1.93e+08   1.993e+08   0
19.8   0.8401   -1.17   0.3846   0   2.378e+08   1.431e+08   0
19.9   0.8428   -1.145   0.3957   0   2.666e+08   7.742e+07   0
20   0.8456   -1.117   0.3998   0   2.776e+08   6.657e+06   0
20.1   0.8483   -1.09   0.3969   0   2.702e+08   -6.445e+07   0
20.2   0.8494   -1.064   0.3882   0   2.62e+08   -9.261e+07   0
20.3   0.8494   -1.037   0.3789   0   2.62e+08   -9.261e+07   0
20.4   0.8494   -1.011   0.3697   0   2.62e+08   -9.261e+07   0
20.5   0.8494   -0.985   0.3604   0   2.62e+08   -9.261e+07   0
20.6   0.8494   -0.9588   0.3512   0   2.62e+08   -9.261e+07   0
20.7   0.8494   -0.9326   0.3419   0   2.62e+08   -9.261e+07   0
20.8   0.8494   -0.9064   0.3326   0   2.62e+08   -9.261e+07   0
20.9   0.8494   -0.8802   0.3234   0   2.62e+08   -9.261e+07   0
21   0.8494   -0.854   0.3141   0   2.62e+08   -9.261e+07   0
21.1   0.8494   -0.8278   0.3049   0   2.62e+08   -9.261e+07   0
21.2   0.8494   -0.8016   0.2956   0   2.62e+08   -9.261e+07   0
21.3   0.8494   -0.7754   0.2863   0   2.62e+08   -9.261e+07   0
21.4   0.8494   -0.7492   0.2771   0   2.62e+08   -9.261e+07   0
21.5   0.8494   -0.723   0.2678   0   2.62e+08   -9.261e+07   0
21.6   0.8516   -0.6968   0.2585   0   2.62e+08   -9.264e+07   0
21.7   0.8579   -0.6706   0.2493   0   2.622e+08   -9.274e+07   0
21.8   0.8643   -0.6444   0.24   0   2.624e+08   -9.283e+07   0
21.9   0.8707   -0.6181   0.2307   0   2.626e+08   -9.292e+07   0
22   0.8772   -0.5919   0.2214   0   2.628e+08   -9.301e+07   0
22.1   0.8836   -0.5656   0.2121   0   2.629e+08   -9.311e+07   0
22.2   0.8899   -0.5393   0.2028   0   2.631e+08   -9.32e+07   0
22.3   0.8961   -0.513   0.1935   0   2.633e+08   -9.329e+07   0
22.4   0.9022   -0.4866   0.1841   0   2.634e+08   -9.337e+07   0
22.5   0.9081   -0.4603   0.1748   0   2.636e+08   -9.346e+07   0
22.6   0.9137   -0.4339   0.1654   0   2.637e+08   -9.354e+07   0
22.7   0.9191   -0.4075   0.1561   0   2.639e+08   -9.362e+07   0
22.8   0.9241   -0.3811   0.1467   0   2.64e+08   -9.37e+07   0
22.9   0.9286   -0.3547   0.1373   0   2.641e+08   -9.376e+07   0
23   0.9326   -0.3283   0.128   0   2.642e+08   -9.383e+07   0
23.1   0.936   -0.3019   0.1186   0   2.643e+08   -9.388e+07   0
23.2   0.9385   -0.2754   0.1092   0   2.644e+08   -9.392e+07   0
23.3   0.9402   -0.249   0.0998   0   2.644e+08   -9.395e+07   0
23.4   0.9406   -0.2226   0.0904   0   2.644e+08   -9.396e+07   0
23.5   0.9396   -0.1961   0.08101   0   2.644e+08   -9.394e+07   0
23.6   0.9373   -0.1697   0.07162   0   2.643e+08   -9.389e+07   0
23.7   0.9373   -0.1433   0.06223   0   2.643e+08   -9.389e+07   0
23.8   0.9373   -0.1168   0.05284   0   2.643e+08   -9.389e+07   0
23.9   0.9373   -0.09039   0.04345   0   2.643e+08   -9.389e+07   0
24   0.9373   -0.06396   0.03406   0   2.643e+08   -9.389e+07   0
24.1   0.9373   -0.03752   0.02467   0   2.643e+08   -9.389e+07   0
24.2   0.9373   -0.01109   0.01528   0   2.643e+08   -9.389e+07   0
24.3   0.9373   0.01534   0.005894   0   2.643e+08   -9.389e+07   0
24.4   0.9373   0.04178   -0.003496   0   2.643e+08   -9.389e+07   0
24.5   0.9373   0.06821   -0.01288   0   2.643e+08   -9.389e+07   0
24.6   0.9373   0.09464   -0.02227   0   2.643e+08   -9.389e+07   0
24.7   0.9373   0.1211   -0.03166   0   2.643e+08   -9.389e+07   0
24.8   0.9373   0.1475   -0.04105   0   2.643e+08   -9.389e+07   0
24.9   0.9373   0.1739   -0.05044   0   2.643e+08   -9.389e+07   0
25   0.9538   0.2004   -0.05983   0   2.648e+08   -9.386e+07   0
25.1   0.9744   0.2269   -0.06921   0   2.654e+08   -9.384e+07   0
25.2   0.9932   0.2535   -0.0786   0   2.659e+08   -9.384e+07   0
25.3   1.011   0.2801   -0.08798   0   2.663e+08   -9.385e+07   0
25.4   1.027   0.3067   -0.09737   0   2.667e+08   -9.387e+07   0
25.5   1.042   0.3334   -0.1068   0   2.671e+08   -9.39e+07   0
25.6   1.056   0.3601   -0.1161   0   2.674e+08   -9.393e+07   0
25.7   1.069   0.3869   -0.1255   0   2.677e+08   -9.396e+07   0
25.8   1.081   0.4137   -0.1349   0   2.679e+08   -9.399e+07   0
25.9   1.092   0.4405   -0.1443   0   2.682e+08   -9.402e+07   0
26   1.103   0.4673   -0.1537   0   2.684e+08   -9.405e+07   0
26.1   1.113   0.4942   -0.1631   0   2.686e+08   -9.408e+07   0
26.2   1.122   0.521   -0.1726   0   2.687e+08   -9.411e+07   0
26.3   1.131   0.5479   -0.182   0   2.689e+08   -9.413e+07   0
26.4   1.138   0.5748   -0.1914   0   2.69e+08   -9.416e+07   0
26.5   1.146   0.6017   -0.2008   0   2.692e+08   -9.418e+07   0
26.6   1.152   0.6286   -0.2102   0   2.693e+08   -9.421e+07   0
26.7   1.159   0.6556   -0.2196   0   2.694e+08   -9.423e+07   0
26.8   1.164   0.6825   -0.2291   0   2.695e+08   -9.425e+07   0
26.9   1.169   0.7095   -0.2385   0   2.696e+08   -9.427e+07   0
27   1.17   0.7364   -0.2479   0   2.696e+08   -9.427e+07   0
27.1   1.17   0.7634   -0.2573   0   2.696e+08   -9.427e+07   0
27.2   1.17   0.7903   -0.2668   0   2.696e+08   -9.427e+07   0
27.3   1.17   0.8173   -0.2762   0   2.696e+08   -9.427e+07   0
27.4   1.17   0.8443   -0.2856   0   2.696e+08   -9.427e+07   0
27.5   1.17   0.8712   -0.2951   0   2.696e+08   -9.427e+07   0
27.6   1.17   0.8982   -0.3045   0   2.696e+08   -9.427e+07   0
27.7   1.17   0.9251   -0.3139   0   2.696e+08   -9.427e+07   0
27.8   1.17   0.9521   -0.3233   0   2.696e+08   -9.427e+07   0
27.9   1.17   0.9791   -0.3328   0   2.696e+08   -9.427e+07   0
28   1.17   1.006   -0.3422   0   2.696e+08   -9.427e+07   0
28.1   1.17   1.033   -0.3516   0   2.696e+08   -9.427e+07   0
28.2   1.17   1.06   -0.361   0   2.696e+08   -9.427e+07   0
28.3   1.17   1.087   -0.3705   0   2.696e+08   -9.427e+07   0
28.4   1.174   1.113   -0.3813   0   2.494e+08   -1.393e+08   0
28.5   1.181   1.136   -0.3986   0   1.998e+08   -2.044e+08   0
28.6   1.188   1.153   -0.4217   0   1.34e+08   -2.526e+08   0
28.7   1.195   1.162   -0.4485   0   5.757e+07   -2.802e+08   0
28.8   1.202   1.164   -0.477   0   -2.322e+07   -2.852e+08   0
28.9   1.209   1.158   -0.5048   0   -1.019e+08   -2.675e+08   0
29   1.216   1.144   -0.5297   0   -1.723e+08   -2.287e+08   0
29.1   1.223   1.124   -0.5499   0   -2.29e+08   -1.722e+08   0
29.2   1.23   1.099   -0.5637   0   -2.677e+08   -1.024e+08   0
29.3   1.238   1.071   -0.57   0   -2.856e+08   -2.503e+07   0
29.4   1.245   1.042   -0.5685   0   -2.817e+08   5.405e+07   0
29.5   1.252   1.015   -0.5593   0   -2.564e+08   1.288e+08   0
29.6   1.253   0.9898   -0.5456   0   -2.52e+08   1.372e+08   0
29.7   1.253   0.9646   -0.5319   0   -2.52e+08   1.372e+08   0
29.8   1.253   0.9394   -0.5182   0   -2.52e+08   1.372e+08   0
29.9   1.253   0.9142   -0.5045   0   -2.52e+08   1.372e+08   0
30   1.253   0.889   -0.4907   0   -2.52e+08   1.372e+08   0
30.1   1.253   0.8638   -0.477   0   -2.52e+08   1.372e+08   0
30.2   1.253   0.8386   -0.4633   0   -2.52e+08   1.372e+08   0
30.3   1.253   0.8134   -0.4496   0   -2.52e+08   1.372e+08   0
30.4   1.253   0.7882   -0.4359   0   -2.52e+08   1.372e+08   0
30.5   1.253   0.763   -0.4222   0   -2.52e+08   1.372e+08   0
30.6   1.253   0.7378   -0.4084   0   -2.52e+08   1.372e+08   0
30.7   1.253   0.7126   -0.3947   0   -2.52e+08   1.372e+08   0
30.8   1.253   0.6874   -0.381   0   -2.52e+08   1.372e+08   0
30.9   1.253   0.6622   -0.3673   0   -2.52e+08   1.372e+08   0
31   1.258   0.637   -0.3536   0   -2.521e+08   1.372e+08   0
31.1   1.265   0.6118   -0.3398   0   -2.522e+08   1.373e+08   0
31.2   1.271   0.5866   -0.3261   0   -2.523e+08   1.373e+08   0
31.3   1.278   0.5613   -0.3124   0   -2.523e+08   1.374e+08   0
31.4   1.285   0.5361   -0.2986   0   -2.524e+08   1.374e+08   0
31.5   1.291   0.5108   -0.2849   0   -2.525e+08   1.375e+08   0
31.6   1.297   0.4856   -0.2711   0   -2.525e+08   1.375e+08   0
31.7   1.303   0.4603   -0.2574   0   -2.526e+08   1.376e+08   0
31.8   1.309   0.4351   -0.2436   0   -2.527e+08   1.376e+08   0
31.9   1.315   0.4098   -0.2299   0   -2.527e+08   1.377e+08   0
32   1.321   0.3845   -0.2161   0   -2.528e+08   1.377e+08   0
32.1   1.326   0.3592   -0.2023   0   -2.529e+08   1.378e+08   0
32.2   1.33   0.334   -0.1885   0   -2.529e+08   1.378e+08   0
32.3   1.334   0.3087   -0.1748   0   -2.529e+08   1.378e+08   0
32.4   1.338   0.2834   -0.161   0   -2.53e+08   1.379e+08   0
32.5   1.341   0.2581   -0.1472   0   -2.53e+08   1.379e+08   0
32.6   1.342   0.2328   -0.1334   0   -2.53e+08   1.379e+08   0
32.7   1.343   0.2075   -0.1196   0   -2.53e+08   1.379e+08   0
32.8   1.342   0.1822   -0.1058   0   -2.53e+08   1.379e+08   0
32.9   1.34   0.1569   -0.09201   0   -2.53e+08   1.379e+08   0
33   1.34   0.1316   -0.07822   0   -2.53e+08   1.379e+08   0
33.1   1.34   0.1063   -0.06443   0   -2.53e+08   1.379e+08   0
33.2   1.34   0.08095   -0.05064   0   -2.53e+08   1.379e+08   0
33.3   1.34   0.05565   -0.03686   0   -2.53e+08   1.379e+08   0
33.4   1.34   0.03035   -0.02307   0   -2.53e+08   1.379e+08   0
33.5   1.34   0.005052   -0.009277   0   -2.53e+08   1.379e+08   0
33.6   1.34   -0.02025   0.004512   0   -2.53e+08   1.379e+08   0
33.7   1.34   -0.04555   0.0183   0   -2.53e+08   1.379e+08   0
33.8   1.34   -0.07085   0.03209   0   -2.53e+08   1.379e+08   0
33.9   1.34   -0.09615   0.04588   0   -2.53e+08   1.379e+08   0
34   1.34   -0.1214   0.05967   0   -2.53e+08   1.379e+08   0
34.1   1.34   -0.1467   0.07346   0   -2.53e+08   1.379e+08   0
34.2   1.343   -0.1721   0.08725   0   -2.531e+08   1.379e+08   0
34.3   1.365   -0.1974   0.101   0   -2.533e+08   1.379e+08   0
34.4   1.385   -0.2227   0.1148   0   -2.536e+08   1.38e+08   0
34.5   1.404   -0.2481   0.1286   0   -2.538e+08   1.38e+08   0
34.6   1.421   -0.2735   0.1424   0   -2.54e+08   1.381e+08   0
34.7   1.436   -0.2989   0.1563   0   -2.542e+08   1.381e+08   0
34.8   1.451   -0.3243   0.1701   0   -2.543e+08   1.382e+08   0
34.9   1.465   -0.3498   0.1839   0   -2.545e+08   1.382e+08   0
35   1.477   -0.3752   0.1977   0   -2.546e+08   1.383e+08   0
35.1   1.489   -0.4007   0.2115   0   -2.547e+08   1.383e+08   0
35.2   1.5   -0.4262   0.2254   0   -2.548e+08   1.383e+08   0
35.3   1.511   -0.4516   0.2392   0   -2.549e+08   1.384e+08   0
35.4   1.521   -0.4771   0.253   0   -2.55e+08   1.384e+08   0
35.5   1.53   -0.5026   0.2669   0   -2.551e+08   1.384e+08   0
35.6   1.538   -0.5282   0.2807   0   -2.552e+08   1.385e+08   0
35.7   1.546   -0.5537   0.2946   0   -2.552e+08   1.385e+08   0
35.8   1.553   -0.5792   0.3084   0   -2.553e+08   1.385e+08   0
35.9   1.56   -0.6047   0.3223   0   -2.554e+08   1.385e+08   0
36   1.566   -0.6303   0.3361   0   -2.554e+08   1.385e+08   0
36.1   1.571   -0.6558   0.35   0   -2.555e+08   1.386e+08   0
36.2   1.573   -0.6814   0.3638   0   -2.555e+08   1.386e+08   0
36.3   1.573   -0.7069   0.3777   0   -2.555e+08   1.386e+08   0
36.4   1.573   -0.7325   0.3916   0   -2.555e+08   1.386e+08   0
36.5   1.573   -0.758   0.4054   0   -2.555e+08   1.386e+08   0
36.6   1.573   -0.7836   0.4193   0   -2.555e+08   1.386e+08   0
36.7   1.573   -0.8091   0.4331   0   -2.555e+08   1.386e+08   0
36.8   1.573   -0.8347   0.447   0   -2.555e+08   1.386e+08   0
36.9   1.573   -0.8602   0.4608   0   -2.555e+08   1.386e+08   0
37   1.573   -0.8858   0.4747   0   -2.555e+08   1.386e+08   0
37.1   1.573   -0.9113   0.4886   0   -2.555e+08   1.386e+08   0
37.2   1.573   -0.9369   0.5024   0   -2.555e+08   1.386e+08   0
37.3   1.573   -0.9624   0.5163   0   -2.555e+08   1.386e+08   0
37.4   1.573   -0.988   0.5301   0   -2.555e+08   1.386e+08   0
37.5   1.573   -1.013   0.544   0   -2.555e+08   1.386e+08   0
37.6   1.573   -1.039   0.5578   0   -2.555e+08   1.386e+08   0
37.7   1.573   -1.065   0.5717   0   -2.555e+08   1.386e+08   0
37.8   1.573   -1.09   0.5856   0   -2.555e+08   1.386e+08   0
37.9   1.573   -1.116   0.5994   0   -2.555e+08   1.386e+08   0
38   1.573   -1.141   0.6133   0   -2.555e+08   1.386e+08   0
38.1   1.573   -1.167   0.6271   0   -2.555e+08   1.386e+08   0
38.2   1.573   -1.192   0.641   0   -2.555e+08   1.386e+08   0
38.3   1.573   -1.218   0.6548   0   -2.555e+08   1.386e+08   0
38.4   1.573   -1.243   0.6687   0   -2.555e+08   1.386e+08   0
38.5   1.573   -1.269   0.6826   0   -2.555e+08   1.386e+08   0
38.6   1.573   -1.295   0.6964   0   -2.555e+08   1.386e+08   0
38.7   1.573   -1.32   0.7103   0   -2.555e+08   1.386e+08   0
38.8   1.573   -1.346   0.7241   0   -2.555e+08   1.386e+08   0
38.9   1.573   -1.371   0.738   0   -2.555e+08   1.386e+08   0
39   1.573   -1.397   0.7518   0   -2.555e+08   1.386e+08   0
39.1   1.573   -1.422   0.7657   0   -2.555e+08   1.386e+08   0
39.2   1.573   -1.448   0.7796   0   -2.555e+08   1.386e+08   0
39.3   1.573   -1.473   0.7934   0   -2.555e+08   1.386e+08   0
39.4   1.573   -1.499   0.8073   0   -2.555e+08   1.386e+08   0
39.5   1.573   -1.524   0.8211   0   -2.555e+08   1.386e+08   0
39.6   1.573   -1.55   0.835   0   -2.555e+08   1.386e+08   0
39.7   1.573   -1.576   0.8488   0   -2.555e+08   1.386e+08   0
39.8   1.573   -1.601   0.8627   0   -2.555e+08   1.386e+08   0
39.9   1.573   -1.627   0.8766   0   -2.555e+08   1.386e+08   0
40   1.573   -1.652   0.8904   0   -2.555e+08   1.386e+08   0
40.1   1.573   -1.678   0.9043   0   -2.555e+08   1.386e+08   0
40.2   1.573   -1.703   0.9181   0   -2.555e+08   1.386e+08   0
40.3   1.573   -1.729   0.932   0   -2.555e+08   1.386e+08   0
40.4   1.573   -1.754   0.9458   0   -2.555e+08   1.386e+08   0
40.5   1.573   -1.78   0.9597   0   -2.555e+08   1.386e+08   0
40.6   1.573   -1.805   0.9736   0   -2.555e+08   1.386e+08   0
40.7   1.573   -1.831   0.9874   0   -2.555e+08   1.386e+08   0
40.8   1.573   -1.857   1.001   0   -2.555e+08   1.386e+08   0
40.9   1.573   -1.882   1.015   0   -2.555e+08   1.386e+08   0
41   1.573   -1.908   1.029   0   -2.555e+08   1.386e+08   0
41.1   1.573   -1.933   1.043   0   -2.555e+08   1.386e+08   0
41.2   1.573   -1.959   1.057   0   -2.555e+08   1.386e+08   0
41.3   1.573   -1.984   1.071   0   -2.555e+08   1.386e+08   0
41.4   1.573   -2.01   1.084   0   -2.555e+08   1.386e+08   0
41.5   1.573   -2.035   1.098   0   -2.555e+08   1.386e+08   0
41.6   1.573   -2.061   1.112   0   -2.555e+08   1.386e+08   0
41.7   1.573   -2.087   1.126   0   -2.555e+08   1.386e+08   0
41.8   1.573   -2.112   1.14   0   -2.555e+08   1.386e+08   0
41.9   1.573   -2.138   1.154   0   -2.555e+08   1.386e+08   0
42   1.573   -2.163   1.168   0   -2.555e+08   1.386e+08   0
42.1   1.573   -2.189   1.181   0   -2.555e+08   1.386e+08   0
42.2   1.573   -2.214   1.195   0   -2.555e+08   1.386e+08   0
42.3   1.573   -2.24   1.209   0   -2.555e+08   1.386e+08   0
42.4   1.573   -2.265   1.223   0   -2.555e+08   1.386e+08   0
42.5   1.573   -2.291   1.237   0   -2.555e+08   1.386e+08   0
42.6   1.573   -2.316   1.251   0   -2.555e+08   1.386e+08   0
42.7   1.573   -2.342   1.265   0   -2.555e+08   1.386e+08   0
42.8   1.573   -2.368   1.278   0   -2.555e+08   1.386e+08   0
42.9   1.573   -2.393   1.292   0   -2.555e+08   1.386e+08   0
43   1.573   -2.419   1.306   0   -2.555e+08   1.386e+08   0
43.1   1.573   -2.444   1.32   0   -2.555e+08   1.386e+08   0
43.2   1.573   -2.47   1.334   0   -2.555e+08   1.386e+08   0
43.3   1.573   -2.495   1.348   0   -2.555e+08   1.386e+08   0
43.4   1.573   -2.521   1.362   0   -2.555e+08   1.386e+08   0
43.5   1.573   -2.546   1.375   0   -2.555e+08   1.386e+08   0
43.6   1.573   -2.572   1.389   0   -2.555e+08   1.386e+08   0
43.7   1.573   -2.597   1.403   0   -2.555e+08   1.386e+08   0
43.8   1.573   -2.623   1.417   0   -2.555e+08   1.386e+08   0
43.9   1.573   -2.649   1.431   0   -2.555e+08   1.386e+08   0
44   1.573   -2.674   1.445   0   -2.555e+08   1.386e+08   0
44.1   1.573   -2.7   1.459   0   -2.555e+08   1.386e+08   0
44.2   1.573   -2.725   1.472   0   -2.555e+08   1.386e+08   0
44.3   1.573   -2.751   1.486   0   -2.555e+08   1.386e+08   0
44.4   1.573   -2.776   1.5   0   -2.555e+08   1.386e+08   0
44.5   1.573   -2.802   1.514   0   -2.555e+08   1.386e+08   0
44.6   1.573   -2.827   1.528   0   -2.555e+08   1.386e+08   0
44.7   1.573   -2.853   1.542   0   -2.555e+08   1.386e+08   0
44.8   1.573   -2.878   1.556   0   -2.555e+08   1.386e+08   0
44.9   1.573   -2.904   1.569   0   -2.555e+08   1.386e+08   0
45   1.573   -2.93   1.583   0   -2.555e+08   1.386e+08   0
