0   0.04   -0.753   0   0   1.121e+08   0   0
0.1   0.04   -0.753   0   0   1.121e+08   0   0
0.2   0.04   -0.753   0   0   1.121e+08   0   0
0.3   0.04   -0.753   0   0   1.121e+08   0   0
0.4   0.04   -0.753   0   0   1.121e+08   0   0
0.5   0.04   -0.753   0   0   1.121e+08   0   0
0.6   0.04   -0.753   0   0   1.121e+08   0   0
0.7   0.04   -0.753   0   0   1.121e+08   0   0
0.8   0.04013   -0.7516   0   0   1.123e+08   0   0
0.9   0.04141   -0.7403   0   0   1.139e+08   0   0
1   0.0429   -0.7288   0   0   1.157e+08   0   0
1.1   0.04459   -0.7172   0   0   1.177e+08   0   0
1.2   0.04651   -0.7053   0   0   1.199e+08   0   0
1.3   0.04866   -0.6932   0   0   1.223e+08   0   0
1.4   0.05105   -0.6808   0   0   1.248e+08   0   0
1.5   0.05368   -0.6682   0   0   1.276e+08   0   0
1.6   0.05656   -0.6553   0   0   1.305e+08   0   0
1.7   0.05971   -0.6421   0   0   1.335e+08   0   0
1.8   0.06312   -0.6286   0   0   1.367e+08   0   0
1.9   0.06681   -0.6148   0   0   1.399e+08   0   0
2   0.07078   -0.6006   0   0   1.433e+08   0   0
2.1   0.07503   -0.5861   0   0   1.468e+08   0   0
2.2   0.07957   -0.5712   0   0   1.503e+08   0   0
2.3   0.0844   -0.556   0   0   1.539e+08   0   0
2.4   0.08951   -0.5405   0   0   1.575e+08   0   0
2.5   0.09492   -0.5245   0   0   1.611e+08   0   0
2.6   0.1006   -0.5082   0   0   1.647e+08   0   0
2.7   0.1066   -0.4916   0   0   1.684e+08   0   0
2.8   0.1128   -0.4746   0   0   1.72e+08   0   0
2.9   0.1193   -0.4572   0   0   1.755e+08   0   0
3   0.1261   -0.4395   0   0   1.79e+08   0   0
3.1   0.133   -0.4214   0   0   1.825e+08   0   0
3.2   0.1402   -0.403   0   0   1.859e+08   0   0
3.3   0.1476   -0.3842   0   0   1.891e+08   0   0
3.4   0.1552   -0.3651   0   0   1.924e+08   0   0
3.5   0.1629   -0.3457   0   0   1.955e+08   0   0
3.6   0.1707   -0.3261   0   0   1.984e+08   0   0
3.7   0.1787   -0.3061   0   0   2.013e+08   0   0
3.8   0.1866   -0.2858   0   0   2.041e+08   0   0
3.9   0.1945   -0.2652   0   0   2.067e+08   0   0
4   0.2023   -0.2444   0   0   2.092e+08   0   0
4.1   0.21   -0.2234   0   0   2.115e+08   0   0
4.2   0.2175   -0.2022   0   0   2.137e+08   0   0
4.3   0.2222   -0.1807   0   0   2.15e+08   0   0
4.4   0.2222   -0.1592   0   0   2.15e+08   0   0
4.5   0.2222   -0.1377   0   0   2.15e+08   0   0
4.6   0.2222   -0.1162   0   0   2.15e+08   0   0
4.7   0.2222   -0.0947   0   0   2.15e+08   0   0
4.8   0.2222   -0.07321   0   0   2.15e+08   0   0
4.9   0.2222   -0.05171   0   0   2.15e+08   0   0
5   0.2222   -0.03021   0   0   2.15e+08   0   0
5.1   0.2222   -0.008712   0   0   2.15e+08   0   0
5.2   0.2222   0.01279   0   0   2.15e+08   0   0
5.3   0.2222   0.03428   0   0   2.15e+08   0   0
5.4   0.2222   0.05578   0   0   2.15e+08   0   0
5.5   0.2222   0.07728   0   0   2.15e+08   0   0
5.6   0.2222   0.09878   0   0   2.15e+08   0   0
5.7   0.2222   0.1203   0   0   2.15e+08   0   0
5.8   0.2222   0.1418   0   0   2.15e+08   0   0
5.9   0.2222   0.1633   0   0   2.15e+08   0   0
6   0.2222   0.1848   0   0   2.15e+08   0   0
6.1   0.2347   0.2064   0   0   2.183e+08   0   0
6.2   0.2493   0.2284   0   0   2.22e+08   0   0
6.3   0.2635   0.2508   0   0   2.253e+08   0   0
6.4   0.2771   0.2735   0   0   2.282e+08   0   0
6.5   0.2903   0.2964   0   0   2.309e+08   0   0
6.6   0.3029   0.3197   0   0   2.333e+08   0   0
6.7   0.3151   0.3431   0   0   2.356e+08   0   0
6.8   0.3268   0.3668   0   0   2.376e+08   0   0
6.9   0.3381   0.3906   0   0   2.394e+08   0   0
7   0.3488   0.4146   0   0   2.411e+08   0   0
7.1   0.359   0.4388   0   0   2.426e+08   0   0
7.2   0.3688   0.4632   0   0   2.44e+08   0   0
7.3   0.378   0.4876   0   0   2.453e+08   0   0
7.4   0.3868   0.5122   0   0   2.465e+08   0   0
7.5   0.3951   0.5369   0   0   2.476e+08   0   0
7.6   0.4029   0.5617   0   0   2.485e+08   0   0
7.7   0.4102   0.5866   0   0   2.494e+08   0   0
7.8   0.4171   0.6116   0   0   2.503e+08   0   0
7.9   0.4234   0.6367   0   0   2.51e+08   0   0
8   0.4293   0.6618   0   0   2.517e+08   0   0
8.1   0.4347   0.687   0   0   2.523e+08   0   0
8.2   0.4397   0.7123   0   0   2.528e+08   0   0
8.3   0.4442   0.7376   0   0   2.533e+08   0   0
8.4   0.4468   0.7629   0   0   2.536e+08   0   0
8.5   0.4468   0.7883   0   0   2.536e+08   0   0
8.6   0.4468   0.8136   0   0   2.536e+08   0   0
8.7   0.4468   0.839   0   0   2.536e+08   0   0
8.8   0.4468   0.8644   0   0   2.536e+08   0   0
8.9   0.4468   0.8897   0   0   2.536e+08   0   0
9   0.4468   0.9151   0   0   2.536e+08   0   0
9.1   0.4468   0.9404   0   0   2.536e+08   0   0
9.2   0.4468   0.9658   0   0   2.536e+08   0   0
9.3   0.4468   0.9911   0   0   2.536e+08   0   0
9.4   0.4468   1.016   0   0   2.536e+08   0   0
9.5   0.4468   1.042   0   0   2.536e+08   0   0
9.6   0.4468   1.067   0   0   2.536e+08   0   0
9.7   0.4468   1.093   0   0   2.536e+08   0   0
9.8   0.4472   1.118   -0.0006394   0   2.519e+08   -2.971e+07   0
9.9   0.4481   1.142   -0.007103   0   2.34e+08   -9.804e+07   0
10   0.449   1.164   -0.02006   0   1.98e+08   -1.588e+08   0
10.1   0.45   1.181   -0.0385   0   1.467e+08   -2.072e+08   0
10.2   0.4509   1.193   -0.061   0   8.413e+07   -2.397e+08   0
10.3   0.4519   1.198   -0.08584   0   1.508e+07   -2.536e+08   0
10.4   0.4528   1.196   -0.1111   0   -5.513e+07   -2.481e+08   0
10.5   0.4538   1.187   -0.1348   0   -1.211e+08   -2.236e+08   0
10.6   0.4547   1.172   -0.1552   0   -1.778e+08   -1.82e+08   0
10.7   0.4557   1.152   -0.1707   0   -2.209e+08   -1.264e+08   0
10.8   0.4567   1.128   -0.1801   0   -2.471e+08   -6.126e+07   0
10.9   0.4576   1.103   -0.1827   0   -2.545e+08   8.559e+06   0
11   0.4581   1.078   -0.1793   0   -2.513e+08   4.147e+07   0
11.1   0.4581   1.053   -0.1752   0   -2.513e+08   4.147e+07   0
11.2   0.4581   1.028   -0.171   0   -2.513e+08   4.147e+07   0
11.3   0.4581   1.002   -0.1669   0   -2.513e+08   4.147e+07   0
11.4   0.4581   0.9773   -0.1627   0   -2.513e+08   4.147e+07   0
11.5   0.4581   0.9521   -0.1586   0   -2.513e+08   4.147e+07   0
11.6   0.4581   0.927   -0.1544   0   -2.513e+08   4.147e+07   0
11.7   0.4581   0.9019   -0.1503   0   -2.513e+08   4.147e+07   0
11.8   0.4581   0.8767   -0.1462   0   -2.513e+08   4.147e+07   0
11.9   0.4581   0.8516   -0.142   0   -2.513e+08   4.147e+07   0
12   0.4581   0.8265   -0.1379   0   -2.513e+08   4.147e+07   0
12.1   0.4581   0.8013   -0.1337   0   -2.513e+08   4.147e+07   0
12.2   0.4581   0.7762   -0.1296   0   -2.513e+08   4.147e+07   0
12.3   0.4581   0.7511   -0.1254   0   -2.513e+08   4.147e+07   0
12.4   0.4618   0.7259   -0.1213   0   -2.517e+08   4.153e+07   0
12.5   0.4675   0.7007   -0.1171   0   -2.523e+08   4.163e+07   0
12.6   0.4732   0.6755   -0.1129   0   -2.528e+08   4.172e+07   0
12.7   0.4789   0.6502   -0.1088   0   -2.533e+08   4.182e+07   0
12.8   0.4845   0.6248   -0.1046   0   -2.538e+08   4.19e+07   0
12.9   0.4901   0.5994   -0.1004   0   -2.543e+08   4.199e+07   0
13   0.4955   0.5739   -0.09619   0   -2.548e+08   4.208e+07   0
13.1   0.5008   0.5484   -0.09197   0   -2.553e+08   4.216e+07   0
13.2   0.5058   0.5229   -0.08775   0   -2.557e+08   4.223e+07   0
13.3   0.5107   0.4973   -0.08353   0   -2.561e+08   4.23e+07   0
13.4   0.5152   0.4716   -0.07929   0   -2.565e+08   4.237e+07   0
13.5   0.5194   0.446   -0.07505   0   -2.568e+08   4.243e+07   0
13.6   0.5232   0.4203   -0.07081   0   -2.572e+08   4.249e+07   0
13.7   0.5265   0.3945   -0.06656   0   -2.574e+08   4.253e+07   0
13.8   0.5292   0.3688   -0.0623   0   -2.576e+08   4.257e+07   0
13.9   0.5312   0.343   -0.05804   0   -2.578e+08   4.26e+07   0
14   0.5325   0.3172   -0.05378   0   -2.579e+08   4.262e+07   0
14.1   0.5328   0.2914   -0.04952   0   -2.579e+08   4.262e+07   0
14.2   0.5321   0.2657   -0.04526   0   -2.579e+08   4.261e+07   0
14.3   0.53   0.2399   -0.041   0   -2.577e+08   4.258e+07   0
14.4   0.5263   0.2141   -0.03674   0   -2.574e+08   4.253e+07   0
14.5   0.5206   0.1884   -0.03249   0   -2.569e+08   4.244e+07   0
14.6   0.5198   0.1627   -0.02825   0   -2.569e+08   4.243e+07   0
14.7   0.5198   0.137   -0.02401   0   -2.569e+08   4.243e+07   0
14.8   0.5198   0.1113   -0.01977   0   -2.569e+08   4.243e+07   0
14.9   0.5198   0.08565   -0.01552   0   -2.569e+08   4.243e+07   0
15   0.5198   0.05996   -0.01128   0   -2.569e+08   4.243e+07   0
15.1   0.5198   0.03428   -0.007038   0   -2.569e+08   4.243e+07   0
15.2   0.5198   0.008589   -0.002796   0   -2.569e+08   4.243e+07   0
15.3   0.5198   -0.0171   0.001447   0   -2.569e+08   4.243e+07   0
15.4   0.5198   -0.04279   0.005689   0   -2.569e+08   4.243e+07   0
15.5   0.5198   -0.06848   0.009932   0   -2.569e+08   4.243e+07   0
15.6   0.5198   -0.09416   0.01417   0   -2.569e+08   4.243e+07   0
15.7   0.5198   -0.1199   0.01842   0   -2.569e+08   4.243e+07   0
15.8   0.5198   -0.1455   0.02266   0   -2.569e+08   4.243e+07   0
15.9   0.5198   -0.1712   0.0269   0   -2.569e+08   4.243e+07   0
16   0.5296   -0.1969   0.03115   0   -2.577e+08   4.253e+07   0
16.1   0.5512   -0.2228   0.03541   0   -2.593e+08   4.276e+07   0
16.2   0.5709   -0.2488   0.0397   0   -2.607e+08   4.296e+07   0
16.3   0.5889   -0.2749   0.044   0   -2.619e+08   4.313e+07   0
16.4   0.6054   -0.3012   0.04832   0   -2.63e+08   4.328e+07   0
16.5   0.6205   -0.3275   0.05266   0   -2.639e+08   4.342e+07   0
16.6   0.6345   -0.354   0.05701   0   -2.648e+08   4.354e+07   0
16.7   0.6474   -0.3805   0.06137   0   -2.655e+08   4.365e+07   0
16.8   0.6593   -0.4071   0.06574   0   -2.661e+08   4.374e+07   0
16.9   0.6703   -0.4337   0.07011   0   -2.667e+08   4.383e+07   0
17   0.6803   -0.4604   0.0745   0   -2.672e+08   4.391e+07   0
17.1   0.6896   -0.4871   0.0789   0   -2.677e+08   4.398e+07   0
17.2   0.6981   -0.5139   0.0833   0   -2.681e+08   4.404e+07   0
17.3   0.7059   -0.5408   0.0877   0   -2.685e+08   4.41e+07   0
17.4   0.7129   -0.5676   0.09212   0   -2.688e+08   4.415e+07   0
17.5   0.7193   -0.5945   0.09653   0   -2.691e+08   4.419e+07   0
17.6   0.725   -0.6214   0.101   0   -2.694e+08   4.423e+07   0
17.7   0.7302   -0.6484   0.1054   0   -2.696e+08   4.427e+07   0
17.8   0.7347   -0.6754   0.1098   0   -2.698e+08   4.43e+07   0
17.9   0.7387   -0.7024   0.1142   0   -2.7e+08   4.433e+07   0
18   0.7422   -0.7294   0.1187   0   -2.701e+08   4.435e+07   0
18.1   0.7437   -0.7564   0.1231   0   -2.702e+08   4.436e+07   0
18.2   0.7437   -0.7834   0.1275   0   -2.702e+08   4.436e+07   0
18.3   0.7437   -0.8104   0.132   0   -2.702e+08   4.436e+07   0
18.4   0.7437   -0.8374   0.1364   0   -2.702e+08   4.436e+07   0
18.5   0.7437   -0.8645   0.1409   0   -2.702e+08   4.436e+07   0
18.6   0.7437   -0.8915   0.1453   0   -2.702e+08   4.436e+07   0
18.7   0.7437   -0.9185   0.1497   0   -2.702e+08   4.436e+07   0
18.8   0.7437   -0.9455   0.1542   0   -2.702e+08   4.436e+07   0
18.9   0.7437   -0.9725   0.1586   0   -2.702e+08   4.436e+07   0
19   0.7437   -0.9995   0.163   0   -2.702e+08   4.436e+07   0
19.1   0.7437   -1.027   0.1675   0   -2.702e+08   4.436e+07   0
19.2   0.7437   -1.054   0.1719   0   -2.702e+08   4.436e+07   0
19.3   0.7437   -1.081   0.1763   0   -2.702e+08   4.436e+07   0
19.4   0.7437   -1.108   0.1808   0   -2.702e+08   4.436e+07   0
19.5   0.7437   -1.135   0.1852   0   -2.702e+08   4.436e+07   0
19.6   0.7462   -1.161   0.1932   0   -2.483e+08   1.157e+08   0
19.7   0.7486   -1.184   0.2081   0   -2.069e+08   1.796e+08   0
19.8   0.7511   -1.202   0.2287   0   -1.498e+08   2.296e+08   0
19.9   0.7536   -1.213   0.2535   0   -8.119e+07   2.619e+08   0
20   0.7561   -1.218   0.2805   0   -6.492e+06   2.743e+08   0
20.1   0.7586   -1.214   0.3077   0   6.861e+07   2.657e+08   0
20.2   0.7611   -1.204   0.3329   0   1.384e+08   2.371e+08   0
20.3   0.7636   -1.187   0.3544   0   1.977e+08   1.906e+08   0
20.4   0.7661   -1.165   0.3705   0   2.421e+08   1.299e+08   0
20.5   0.7687   -1.139   0.38   0   2.683e+08   5.947e+07   0
20.6   0.7712   -1.112   0.3822   0   2.745e+08   -1.526e+07   0
20.7   0.7737   -1.085   0.3769   0   2.603e+08   -8.878e+07   0
20.8   0.7738   -1.059   0.3678   0   2.594e+08   -9.161e+07   0
20.9   0.7738   -1.033   0.3586   0   2.594e+08   -9.161e+07   0
21   0.7738   -1.007   0.3495   0   2.594e+08   -9.161e+07   0
21.1   0.7738   -0.9811   0.3403   0   2.594e+08   -9.161e+07   0
21.2   0.7738   -0.9552   0.3311   0   2.594e+08   -9.161e+07   0
21.3   0.7738   -0.9293   0.322   0   2.594e+08   -9.161e+07   0
21.4   0.7738   -0.9033   0.3128   0   2.594e+08   -9.161e+07   0
21.5   0.7738   -0.8774   0.3036   0   2.594e+08   -9.161e+07   0
21.6   0.7738   -0.8514   0.2945   0   2.594e+08   -9.161e+07   0
21.7   0.7738   -0.8255   0.2853   0   2.594e+08   -9.161e+07   0
21.8   0.7738   -0.7996   0.2762   0   2.594e+08   -9.161e+07   0
21.9   0.7738   -0.7736   0.267   0   2.594e+08   -9.161e+07   0
22   0.7738   -0.7477   0.2578   0   2.594e+08   -9.161e+07   0
22.1   0.7738   -0.7218   0.2487   0   2.594e+08   -9.161e+07   0
22.2   0.7769   -0.6958   0.2395   0   2.595e+08   -9.165e+07   0
22.3   0.7816   -0.6699   0.2304   0   2.597e+08   -9.17e+07   0
22.4   0.7863   -0.6439   0.2212   0   2.598e+08   -9.175e+07   0
22.5   0.7907   -0.6179   0.212   0   2.6e+08   -9.18e+07   0
22.6   0.7948   -0.5919   0.2028   0   2.601e+08   -9.185e+07   0
22.7   0.7987   -0.5659   0.1936   0   2.603e+08   -9.189e+07   0
22.8   0.8023   -0.5398   0.1844   0   2.604e+08   -9.192e+07   0
22.9   0.8054   -0.5138   0.1752   0   2.605e+08   -9.195e+07   0
23   0.8082   -0.4877   0.166   0   2.606e+08   -9.198e+07   0
23.1   0.8104   -0.4617   0.1569   0   2.607e+08   -9.2e+07   0
23.2   0.8121   -0.4356   0.1476   0   2.608e+08   -9.202e+07   0
23.3   0.8131   -0.4095   0.1384   0   2.608e+08   -9.203e+07   0
23.4   0.8134   -0.3834   0.1292   0   2.608e+08   -9.203e+07   0
23.5   0.8128   -0.3573   0.12   0   2.608e+08   -9.203e+07   0
23.6   0.8113   -0.3313   0.1108   0   2.607e+08   -9.201e+07   0
23.7   0.8086   -0.3052   0.1016   0   2.606e+08   -9.199e+07   0
23.8   0.8047   -0.2791   0.09244   0   2.605e+08   -9.196e+07   0
23.9   0.7992   -0.2531   0.08325   0   2.603e+08   -9.192e+07   0
24   0.7918   -0.2271   0.07406   0   2.6e+08   -9.186e+07   0
24.1   0.7822   -0.2011   0.06488   0   2.596e+08   -9.18e+07   0
24.2   0.772   -0.1752   0.0557   0   2.592e+08   -9.173e+07   0
24.3   0.772   -0.1492   0.04653   0   2.592e+08   -9.173e+07   0
24.4   0.772   -0.1233   0.03735   0   2.592e+08   -9.173e+07   0
24.5   0.772   -0.09739   0.02818   0   2.592e+08   -9.173e+07   0
24.6   0.772   -0.07147   0.01901   0   2.592e+08   -9.173e+07   0
24.7   0.772   -0.04555   0.009832   0   2.592e+08   -9.173e+07   0
24.8   0.772   -0.01962   0.0006586   0   2.592e+08   -9.173e+07   0
24.9   0.772   0.006302   -0.008515   0   2.592e+08   -9.173e+07   0
25   0.772   0.03223   -0.01769   0   2.592e+08   -9.173e+07   0
25.1   0.772   0.05815   -0.02686   0   2.592e+08   -9.173e+07   0
25.2   0.772   0.08407   -0.03604   0   2.592e+08   -9.173e+07   0
25.3   0.772   0.11   -0.04521   0   2.592e+08   -9.173e+07   0
25.4   0.772   0.1359   -0.05438   0   2.592e+08   -9.173e+07   0
25.5   0.772   0.1618   -0.06356   0   2.592e+08   -9.173e+07   0
25.6   0.7839   0.1878   -0.07273   0   2.597e+08   -9.198e+07   0
25.7   0.8071   0.2138   -0.08196   0   2.604e+08   -9.242e+07   0
25.8   0.8277   0.2399   -0.09122   0   2.611e+08   -9.278e+07   0
25.9   0.8462   0.266   -0.1005   0   2.617e+08   -9.308e+07   0
26   0.8628   0.2922   -0.1098   0   2.622e+08   -9.334e+07   0
26.1   0.8779   0.3184   -0.1192   0   2.626e+08   -9.355e+07   0
26.2   0.8915   0.3447   -0.1285   0   2.63e+08   -9.374e+07   0
26.3   0.9039   0.371   -0.1379   0   2.633e+08   -9.39e+07   0
26.4   0.9151   0.3974   -0.1473   0   2.636e+08   -9.404e+07   0
26.5   0.9253   0.4237   -0.1567   0   2.639e+08   -9.417e+07   0
26.6   0.9344   0.4501   -0.1662   0   2.641e+08   -9.428e+07   0
26.7   0.9427   0.4766   -0.1756   0   2.643e+08   -9.437e+07   0
26.8   0.9501   0.503   -0.185   0   2.645e+08   -9.445e+07   0
26.9   0.9568   0.5295   -0.1945   0   2.647e+08   -9.452e+07   0
27   0.9627   0.5559   -0.2039   0   2.648e+08   -9.459e+07   0
27.1   0.9679   0.5824   -0.2134   0   2.649e+08   -9.464e+07   0
27.2   0.9724   0.6089   -0.2229   0   2.65e+08   -9.469e+07   0
27.3   0.9763   0.6354   -0.2323   0   2.651e+08   -9.473e+07   0
27.4   0.9796   0.662   -0.2418   0   2.652e+08   -9.476e+07   0
27.5   0.9823   0.6885   -0.2513   0   2.653e+08   -9.479e+07   0
27.6   0.9839   0.715   -0.2608   0   2.653e+08   -9.48e+07   0
27.7   0.9839   0.7415   -0.2702   0   2.653e+08   -9.48e+07   0
27.8   0.9839   0.7681   -0.2797   0   2.653e+08   -9.48e+07   0
27.9   0.9839   0.7946   -0.2892   0   2.653e+08   -9.48e+07   0
28   0.9839   0.8211   -0.2987   0   2.653e+08   -9.48e+07   0
28.1   0.9839   0.8477   -0.3082   0   2.653e+08   -9.48e+07   0
28.2   0.9839   0.8742   -0.3176   0   2.653e+08   -9.48e+07   0
28.3   0.9839   0.9007   -0.3271   0   2.653e+08   -9.48e+07   0
28.4   0.9839   0.9272   -0.3366   0   2.653e+08   -9.48e+07   0
28.5   0.9839   0.9538   -0.3461   0   2.653e+08   -9.48e+07   0
28.6   0.9839   0.9803   -0.3556   0   2.653e+08   -9.48e+07   0
28.7   0.9839   1.007   -0.365   0   2.653e+08   -9.48e+07   0
28.8   0.9839   1.033   -0.3745   0   2.653e+08   -9.48e+07   0
28.9   0.9839   1.06   -0.384   0   2.653e+08   -9.48e+07   0
29   0.9839   1.086   -0.3935   0   2.653e+08   -9.48e+07   0
29.1   0.9894   1.111   -0.4065   0   2.259e+08   -1.686e+08   0
29.2   0.9954   1.131   -0.4267   0   1.608e+08   -2.317e+08   0
29.3   1.001   1.143   -0.4521   0   7.936e+07   -2.708e+08   0
29.4   1.008   1.146   -0.48   0   -9.916e+06   -2.821e+08   0
29.5   1.014   1.141   -0.5075   0   -9.794e+07   -2.649e+08   0
29.6   1.02   1.127   -0.532   0   -1.759e+08   -2.212e+08   0
29.7   1.026   1.106   -0.551   0   -2.361e+08   -1.556e+08   0
29.8   1.032   1.08   -0.5626   0   -2.728e+08   -7.474e+07   0
29.9   1.038   1.052   -0.5656   0   -2.827e+08   1.315e+07   0
30   1.045   1.025   -0.5599   0   -2.651e+08   9.952e+07   0
30.1   1.047   0.9996   -0.5471   0   -2.486e+08   1.356e+08   0
30.2   1.047   0.9747   -0.5336   0   -2.486e+08   1.356e+08   0
30.3   1.047   0.9499   -0.52   0   -2.486e+08   1.356e+08   0
30.4   1.047   0.925   -0.5064   0   -2.486e+08   1.356e+08   0
30.5   1.047   0.9002   -0.4929   0   -2.486e+08   1.356e+08   0
30.6   1.047   0.8753   -0.4793   0   -2.486e+08   1.356e+08   0
30.7   1.047   0.8504   -0.4657   0   -2.486e+08   1.356e+08   0
30.8   1.047   0.8256   -0.4522   0   -2.486e+08   1.356e+08   0
30.9   1.047   0.8007   -0.4386   0   -2.486e+08   1.356e+08   0
31   1.047   0.7758   -0.4251   0   -2.486e+08   1.356e+08   0
31.1   1.047   0.751   -0.4115   0   -2.486e+08   1.356e+08   0
31.2   1.047   0.7261   -0.3979   0   -2.486e+08   1.356e+08   0
31.3   1.047   0.7013   -0.3844   0   -2.486e+08   1.356e+08   0
31.4   1.047   0.6764   -0.3708   0   -2.486e+08   1.356e+08   0
31.5   1.049   0.6515   -0.3572   0   -2.487e+08   1.357e+08   0
31.6   1.054   0.6267   -0.3437   0   -2.488e+08   1.357e+08   0
31.7   1.059   0.6018   -0.3301   0   -2.488e+08   1.358e+08   0
31.8   1.063   0.5769   -0.3165   0   -2.489e+08   1.358e+08   0
31.9   1.067   0.552   -0.3029   0   -2.49e+08   1.358e+08   0
32   1.071   0.5271   -0.2893   0   -2.491e+08   1.359e+08   0
32.1   1.075   0.5022   -0.2758   0   -2.491e+08   1.359e+08   0
32.2   1.078   0.4773   -0.2622   0   -2.492e+08   1.36e+08   0
32.3   1.081   0.4523   -0.2486   0   -2.492e+08   1.36e+08   0
32.4   1.083   0.4274   -0.235   0   -2.493e+08   1.36e+08   0
32.5   1.085   0.4025   -0.2214   0   -2.493e+08   1.36e+08   0
32.6   1.086   0.3776   -0.2078   0   -2.493e+08   1.36e+08   0
32.7   1.087   0.3526   -0.1941   0   -2.493e+08   1.36e+08   0
32.8   1.086   0.3277   -0.1805   0   -2.493e+08   1.36e+08   0
32.9   1.084   0.3028   -0.1669   0   -2.493e+08   1.36e+08   0
33   1.082   0.2778   -0.1533   0   -2.493e+08   1.36e+08   0
33.1   1.078   0.2529   -0.1397   0   -2.492e+08   1.36e+08   0
33.2   1.072   0.228   -0.1261   0   -2.491e+08   1.359e+08   0
33.3   1.064   0.2031   -0.1126   0   -2.489e+08   1.358e+08   0
33.4   1.054   0.1782   -0.09899   0   -2.488e+08   1.357e+08   0
33.5   1.047   0.1533   -0.08543   0   -2.486e+08   1.356e+08   0
33.6   1.047   0.1285   -0.07187   0   -2.486e+08   1.356e+08   0
33.7   1.047   0.1036   -0.05831   0   -2.486e+08   1.356e+08   0
33.8   1.047   0.07875   -0.04475   0   -2.486e+08   1.356e+08   0
33.9   1.047   0.05389   -0.03119   0   -2.486e+08   1.356e+08   0
34   1.047   0.02902   -0.01763   0   -2.486e+08   1.356e+08   0
34.1   1.047   0.004161   -0.004066   0   -2.486e+08   1.356e+08   0
34.2   1.047   -0.0207   0.009495   0   -2.486e+08   1.356e+08   0
34.3   1.047   -0.04557   0.02306   0   -2.486e+08   1.356e+08   0
34.4   1.047   -0.07043   0.03662   0   -2.486e+08   1.356e+08   0
34.5   1.047   -0.09529   0.05018   0   -2.486e+08   1.356e+08   0
34.6   1.047   -0.1202   0.06374   0   -2.486e+08   1.356e+08   0
34.7   1.047   -0.145   0.0773   0   -2.486e+08   1.356e+08   0
34.8   1.051   -0.1699   0.09086   0   -2.487e+08   1.356e+08   0
34.9   1.076   -0.1948   0.1044   0   -2.492e+08   1.359e+08   0
35   1.097   -0.2197   0.118   0   -2.496e+08   1.36e+08   0
35.1   1.117   -0.2447   0.1316   0   -2.499e+08   1.362e+08   0
35.2   1.135   -0.2697   0.1453   0   -2.502e+08   1.363e+08   0
35.3   1.15   -0.2947   0.1589   0   -2.505e+08   1.365e+08   0
35.4   1.165   -0.3198   0.1726   0   -2.507e+08   1.366e+08   0
35.5   1.178   -0.3449   0.1862   0   -2.509e+08   1.367e+08   0
35.6   1.19   -0.37   0.1999   0   -2.511e+08   1.368e+08   0
35.7   1.201   -0.3951   0.2136   0   -2.513e+08   1.369e+08   0
35.8   1.21   -0.4202   0.2273   0   -2.514e+08   1.369e+08   0
35.9   1.219   -0.4454   0.241   0   -2.515e+08   1.37e+08   0
36   1.227   -0.4705   0.2547   0   -2.516e+08   1.37e+08   0
36.1   1.235   -0.4957   0.2684   0   -2.517e+08   1.371e+08   0
36.2   1.241   -0.5209   0.2821   0   -2.518e+08   1.371e+08   0
36.3   1.247   -0.5461   0.2958   0   -2.519e+08   1.372e+08   0
36.4   1.252   -0.5713   0.3095   0   -2.52e+08   1.372e+08   0
36.5   1.256   -0.5965   0.3232   0   -2.52e+08   1.372e+08   0
36.6   1.26   -0.6217   0.337   0   -2.521e+08   1.373e+08   0
36.7   1.263   -0.6469   0.3507   0   -2.521e+08   1.373e+08   0
36.8   1.265   -0.6721   0.3644   0   -2.522e+08   1.373e+08   0
36.9   1.265   -0.6973   0.3782   0   -2.522e+08   1.373e+08   0
37   1.265   -0.7225   0.3919   0   -2.522e+08   1.373e+08   0
37.1   1.265   -0.7478   0.4056   0   -2.522e+08   1.373e+08   0
37.2   1.265   -0.773   0.4194   0   -2.522e+08   1.373e+08   0
37.3   1.265   -0.7982   0.4331   0   -2.522e+08   1.373e+08   0
37.4   1.265   -0.8234   0.4468   0   -2.522e+08   1.373e+08   0
37.5   1.265   -0.8486   0.4605   0   -2.522e+08   1.373e+08   0
37.6   1.265   -0.8738   0.4743   0   -2.522e+08   1.373e+08   0
37.7   1.265   -0.8991   0.488   0   -2.522e+08   1.373e+08   0
37.8   1.265   -0.9243   0.5017   0   -2.522e+08   1.373e+08   0
37.9   1.265   -0.9495   0.5155   0   -2.522e+08   1.373e+08   0
38   1.265   -0.9747   0.5292   0   -2.522e+08   1.373e+08   0
38.1   1.265   -0.9999   0.5429   0   -2.522e+08   1.373e+08   0
38.2   1.265   -1.025   0.5567   0   -2.522e+08   1.373e+08   0
38.3   1.265   -1.05   0.5704   0   -2.522e+08   1.373e+08   0
38.4   1.265   -1.076   0.5841   0   -2.522e+08   1.373e+08   0
38.5   1.265   -1.101   0.5979   0   -2.522e+08   1.373e+08   0
38.6   1.265   -1.126   0.6116   0   -2.522e+08   1.373e+08   0
38.7   1.265   -1.151   0.6253   0   -2.522e+08   1.373e+08   0
38.8   1.265   -1.176   0.639   0   -2.522e+08   1.373e+08   0
38.9   1.265   -1.202   0.6528   0   -2.522e+08   1.373e+08   0
39   1.265   -1.227   0.6665   0   -2.522e+08   1.373e+08   0
39.1   1.265   -1.252   0.6802   0   -2.522e+08   1.373e+08   0
39.2   1.265   -1.277   0.694   0   -2.522e+08   1.373e+08   0
39.3   1.265   -1.302   0.7077   0   -2.522e+08   1.373e+08   0
39.4   1.265   -1.328   0.7214   0   -2.522e+08   1.373e+08   0
39.5   1.265   -1.353   0.7352   0   -2.522e+08   1.373e+08   0
39.6   1.265   -1.378   0.7489   0   -2.522e+08   1.373e+08   0
39.7   1.265   -1.403   0.7626   0   -2.522e+08   1.373e+08   0
39.8   1.265   -1.429   0.7764   0   -2.522e+08   1.373e+08   0
39.9   1.265   -1.454   0.7901   0   -2.522e+08   1.373e+08   0
40   1.265   -1.479   0.8038   0   -2.522e+08   1.373e+08   0
40.1   1.265   -1.504   0.8175   0   -2.522e+08   1.373e+08   0
40.2   1.265   -1.529   0.8313   0   -2.522e+08   1.373e+08   0
40.3   1.265   -1.555   0.845   0   -2.522e+08   1.373e+08   0
40.4   1.265   -1.58   0.8587   0   -2.522e+08   1.373e+08   0
40.5   1.265   -1.605   0.8725   0   -2.522e+08   1.373e+08   0
40.6   1.265   -1.63   0.8862   0   -2.522e+08   1.373e+08   0
40.7   1.265   -1.656   0.8999   0   -2.522e+08   1.373e+08   0
40.8   1.265   -1.681   0.9137   0   -2.522e+08   1.373e+08   0
40.9   1.265   -1.706   0.9274   0   -2.522e+08   1.373e+08   0
41   1.265   -1.731   0.9411   0   -2.522e+08   1.373e+08   0
41.1   1.265   -1.756   0.9548   0   -2.522e+08   1.373e+08   0
41.2   1.265   -1.782   0.9686   0   -2.522e+08   1.373e+08   0
41.3   1.265   -1.807   0.9823   0   -2.522e+08   1.373e+08   0
41.4   1.265   -1.832   0.996   0   -2.522e+08   1.373e+08   0
41.5   1.265   -1.857   1.01   0   -2.522e+08   1.373e+08   0
41.6   1.265   -1.882   1.024   0   -2.522e+08   1.373e+08   0
41.7   1.265   -1.908   1.037   0   -2.522e+08   1.373e+08   0
41.8   1.265   -1.933   1.051   0   -2.522e+08   1.373e+08   0
41.9   1.265   -1.958   1.065   0   -2.522e+08   1.373e+08   0
42   1.265   -1.983   1.078   0   -2.522e+08   1.373e+08   0
42.1   1.265   -2.009   1.092   0   -2.522e+08   1.373e+08   0
42.2   1.265   -2.034   1.106   0   -2.522e+08   1.373e+08   0
42.3   1.265   -2.059   1.12   0   -2.522e+08   1.373e+08   0
42.4   1.265   -2.084   1.133   0   -2.522e+08   1.373e+08   0
42.5   1.265   -2.109   1.147   0   -2.522e+08   1.373e+08   0
42.6   1.265   -2.135   1.161   0   -2.522e+08   1.373e+08   0
42.7   1.265   -2.16   1.175   0   -2.522e+08   1.373e+08   0
42.8   1.265   -2.185   1.188   0   -2.522e+08   1.373e+08   0
42.9   1.265   -2.21   1.202   0   -2.522e+08   1.373e+08   0
43   1.265   -2.235   1.216   0   -2.522e+08   1.373e+08   0
43.1   1.265   -2.261   1.229   0   -2.522e+08   1.373e+08   0
43.2   1.265   -2.286   1.243   0   -2.522e+08   1.373e+08   0
43.3   1.265   -2.311   1.257   0   -2.522e+08   1.373e+08   0
43.4   1.265   -2.336   1.271   0   -2.522e+08   1.373e+08   0
43.5   1.265   -2.362   1.284   0   -2.522e+08   1.373e+08   0
43.6   1.265   -2.387   1.298   0   -2.522e+08   1.373e+08   0
43.7   1.265   -2.412   1.312   0   -2.522e+08   1.373e+08   0
43.8   1.265   -2.437   1.326   0   -2.522e+08   1.373e+08   0
43.9   1.265   -2.462   1.339   0   -2.522e+08   1.373e+08   0
44   1.265   -2.488   1.353   0   -2.522e+08   1.373e+08   0
44.1   1.265   -2.513   1.367   0   -2.522e+08   1.373e+08   0
44.2   1.265   -2.538   1.38   0   -2.522e+08   1.373e+08   0
44.3   1.265   -2.563   1.394   0   -2.522e+08   1.373e+08   0
44.4   1.265   -2.588   1.408   0   -2.522e+08   1.373e+08   0
44.5   1.265   -2.614   1.422   0   -2.522e+08   1.373e+08   0
44.6   1.265   -2.639   1.435   0   -2.522e+08   1.373e+08   0
44.7   1.265   -2.664   1.449   0   -2.522e+08   1.373e+08   0
44.8   1.265   -2.689   1.463   0   -2.522e+08   1.373e+08   0
44.9   1.265   -2.715   1.477   0   -2.522e+08   1.373e+08   0
45   1.265   -2.74   1.49   0   -2.522e+08   1.373e+08   0
