0   0.04   -0.753   0   0   1.121e+08   0   0
0.1   0.04   -0.753   0   0   1.121e+08   0   0
0.2   0.04   -0.753   0   0   1.121e+08   0   0
0.3   0.04   -0.753   0   0   1.121e+08   0   0
0.4   0.04   -0.753   0   0   1.121e+08   0   0
0.5   0.04   -0.753   0   0   1.121e+08   0   0
0.6   0.04   -0.753   0   0   1.121e+08   0   0
0.7   0.04   -0.753   0   0   1.121e+08   0   0
0.8   0.04   -0.753   0   0   1.121e+08   0   0
0.9   0.04115   -0.7427   0   0   1.136e+08   0   0
1   0.04263   -0.7313   0   0   1.154e+08   0   0
1.1   0.04432   -0.7196   0   0   1.174e+08   0   0
1.2   0.04623   -0.7078   0   0   1.196e+08   0   0
1.3   0.04836   -0.6957   0   0   1.219e+08   0   0
1.4   0.05073   -0.6834   0   0   1.245e+08   0   0
1.5   0.05335   -0.6708   0   0   1.272e+08   0   0
1.6   0.05621   -0.6579   0   0   1.301e+08   0   0
1.7   0.05934   -0.6448   0   0   1.331e+08   0   0
1.8   0.06273   -0.6313   0   0   1.363e+08   0   0
1.9   0.06639   -0.6175   0   0   1.396e+08   0   0
2   0.07033   -0.6034   0   0   1.429e+08   0   0
2.1   0.07455   -0.5889   0   0   1.464e+08   0   0
2.2   0.07906   -0.5741   0   0   1.499e+08   0   0
2.3   0.08385   -0.5589   0   0   1.535e+08   0   0
2.4   0.08893   -0.5434   0   0   1.571e+08   0   0
2.5   0.09429   -0.5275   0   0   1.607e+08   0   0
2.6   0.09993   -0.5112   0   0   1.643e+08   0   0
2.7   0.1058   -0.4946   0   0   1.679e+08   0   0
2.8   0.112   -0.4777   0   0   1.715e+08   0   0
2.9   0.1185   -0.4603   0   0   1.751e+08   0   0
3   0.1252   -0.4426   0   0   1.786e+08   0   0
3.1   0.1321   -0.4246   0   0   1.82e+08   0   0
3.2   0.1392   -0.4062   0   0   1.854e+08   0   0
3.3   0.1465   -0.3875   0   0   1.887e+08   0   0
3.4   0.154   -0.3685   0   0   1.918e+08   0   0
3.5   0.1616   -0.3492   0   0   1.949e+08   0   0
3.6   0.1693   -0.3295   0   0   1.979e+08   0   0
3.7   0.1771   -0.3096   0   0   2.008e+08   0   0
3.8   0.1849   -0.2894   0   0   2.035e+08   0   0
3.9   0.1927   -0.2689   0   0   2.061e+08   0   0
4   0.2005   -0.2481   0   0   2.086e+08   0   0
4.1   0.208   -0.2272   0   0   2.109e+08   0   0
4.2   0.2153   -0.206   0   0   2.13e+08   0   0
4.3   0.2211   -0.1846   0   0   2.147e+08   0   0
4.4   0.2211   -0.1631   0   0   2.147e+08   0   0
4.5   0.2211   -0.1416   0   0   2.147e+08   0   0
4.6   0.2211   -0.1202   0   0   2.147e+08   0   0
4.7   0.2211   -0.09869   0   0   2.147e+08   0   0
4.8   0.2211   -0.07722   0   0   2.147e+08   0   0
4.9   0.2211   -0.05576   0   0   2.147e+08   0   0
5   0.2211   -0.03429   0   0   2.147e+08   0   0
5.1   0.2211   -0.01282   0   0   2.147e+08   0   0
5.2   0.2211   0.008649   0   0   2.147e+08   0   0
5.3   0.2211   0.03012   0   0   2.147e+08   0   0
5.4   0.2211   0.05159   0   0   2.147e+08   0   0
5.5   0.2211   0.07305   0   0   2.147e+08   0   0
5.6   0.2211   0.09452   0   0   2.147e+08   0   0
5.7   0.2211   0.116   0   0   2.147e+08   0   0
5.8   0.2211   0.1375   0   0   2.147e+08   0   0
5.9   0.2211   0.1589   0   0   2.147e+08   0   0
6   0.2211   0.1804   0   0   2.147e+08   0   0
6.1   0.2307   0.2019   0   0   2.173e+08   0   0
6.2   0.2456   0.2239   0   0   2.211e+08   0   0
6.3   0.26   0.2462   0   0   2.245e+08   0   0
6.4   0.2738   0.2688   0   0   2.275e+08   0   0
6.5   0.2872   0.2917   0   0   2.303e+08   0   0
6.6   0.3   0.3148   0   0   2.328e+08   0   0
6.7   0.3124   0.3382   0   0   2.351e+08   0   0
6.8   0.3242   0.3618   0   0   2.371e+08   0   0
6.9   0.3356   0.3856   0   0   2.39e+08   0   0
7   0.3464   0.4096   0   0   2.407e+08   0   0
7.1   0.3568   0.4338   0   0   2.423e+08   0   0
7.2   0.3666   0.4581   0   0   2.437e+08   0   0
7.3   0.376   0.4825   0   0   2.45e+08   0   0
7.4   0.3848   0.5071   0   0   2.462e+08   0   0
7.5   0.3932   0.5318   0   0   2.473e+08   0   0
7.6   0.401   0.5566   0   0   2.483e+08   0   0
7.7   0.4084   0.5814   0   0   2.492e+08   0   0
7.8   0.4153   0.6064   0   0   2.5e+08   0   0
7.9   0.4217   0.6314   0   0   2.508e+08   0   0
8   0.4277   0.6566   0   0   2.515e+08   0   0
8.1   0.4331   0.6817   0   0   2.521e+08   0   0
8.2   0.4381   0.707   0   0   2.526e+08   0   0
8.3   0.4427   0.7323   0   0   2.531e+08   0   0
8.4   0.4461   0.7576   0   0   2.535e+08   0   0
8.5   0.4461   0.7829   0   0   2.535e+08   0   0
8.6   0.4461   0.8083   0   0   2.535e+08   0   0
8.7   0.4461   0.8336   0   0   2.535e+08   0   0
8.8   0.4461   0.859   0   0   2.535e+08   0   0
8.9   0.4461   0.8843   0   0   2.535e+08   0   0
9   0.4461   0.9097   0   0   2.535e+08   0   0
9.1   0.4461   0.935   0   0   2.535e+08   0   0
9.2   0.4461   0.9604   0   0   2.535e+08   0   0
9.3   0.4461   0.9857   0   0   2.535e+08   0   0
9.4   0.4461   1.011   0   0   2.535e+08   0   0
9.5   0.4461   1.036   0   0   2.535e+08   0   0
9.6   0.4461   1.062   0   0   2.535e+08   0   0
9.7   0.4461   1.087   0   0   2.535e+08   0   0
9.8   0.4463   1.112   -0.0001489   0   2.531e+08   -1.418e+07   0
9.9   0.4472   1.137   -0.0051   0   2.395e+08   -8.351e+07   0
10   0.4481   1.16   -0.0167   0   2.072e+08   -1.464e+08   0
10.1   0.4491   1.178   -0.03405   0   1.59e+08   -1.979e+08   0
10.2   0.45   1.191   -0.0558   0   9.841e+07   -2.341e+08   0
10.3   0.451   1.197   -0.08028   0   3.028e+07   -2.522e+08   0
10.4   0.4519   1.197   -0.1056   0   -4.016e+07   -2.509e+08   0
10.5   0.4529   1.189   -0.1298   0   -1.075e+08   -2.303e+08   0
10.6   0.4538   1.176   -0.151   0   -1.666e+08   -1.921e+08   0
10.7   0.4548   1.157   -0.1677   0   -2.129e+08   -1.392e+08   0
10.8   0.4557   1.134   -0.1785   0   -2.43e+08   -7.565e+07   0
10.9   0.4567   1.109   -0.1826   0   -2.545e+08   -6.354e+06   0
11   0.4574   1.083   -0.18   0   -2.513e+08   4.136e+07   0
11.1   0.4574   1.058   -0.1759   0   -2.513e+08   4.136e+07   0
11.2   0.4574   1.033   -0.1718   0   -2.513e+08   4.136e+07   0
11.3   0.4574   1.008   -0.1676   0   -2.513e+08   4.136e+07   0
11.4   0.4574   0.9827   -0.1635   0   -2.513e+08   4.136e+07   0
11.5   0.4574   0.9576   -0.1593   0   -2.513e+08   4.136e+07   0
11.6   0.4574   0.9325   -0.1552   0   -2.513e+08   4.136e+07   0
11.7   0.4574   0.9074   -0.1511   0   -2.513e+08   4.136e+07   0
11.8   0.4574   0.8822   -0.1469   0   -2.513e+08   4.136e+07   0
11.9   0.4574   0.8571   -0.1428   0   -2.513e+08   4.136e+07   0
12   0.4574   0.832   -0.1387   0   -2.513e+08   4.136e+07   0
12.1   0.4574   0.8069   -0.1345   0   -2.513e+08   4.136e+07   0
12.2   0.4574   0.7817   -0.1304   0   -2.513e+08   4.136e+07   0
12.3   0.4574   0.7566   -0.1263   0   -2.513e+08   4.136e+07   0
12.4   0.4598   0.7315   -0.1221   0   -2.515e+08   4.141e+07   0
12.5   0.4655   0.7063   -0.118   0   -2.521e+08   4.15e+07   0
12.6   0.4711   0.6811   -0.1138   0   -2.526e+08   4.16e+07   0
12.7   0.4768   0.6558   -0.1097   0   -2.531e+08   4.169e+07   0
12.8   0.4823   0.6304   -0.1055   0   -2.537e+08   4.178e+07   0
12.9   0.4878   0.605   -0.1013   0   -2.542e+08   4.187e+07   0
13   0.4932   0.5796   -0.0971   0   -2.546e+08   4.195e+07   0
13.1   0.4984   0.5541   -0.09291   0   -2.551e+08   4.203e+07   0
13.2   0.5034   0.5286   -0.0887   0   -2.555e+08   4.211e+07   0
13.3   0.5082   0.503   -0.08448   0   -2.559e+08   4.218e+07   0
13.4   0.5127   0.4774   -0.08026   0   -2.563e+08   4.225e+07   0
13.5   0.5168   0.4517   -0.07603   0   -2.567e+08   4.231e+07   0
13.6   0.5205   0.4261   -0.0718   0   -2.57e+08   4.236e+07   0
13.7   0.5238   0.4003   -0.06756   0   -2.572e+08   4.241e+07   0
13.8   0.5265   0.3746   -0.06332   0   -2.574e+08   4.245e+07   0
13.9   0.5285   0.3489   -0.05907   0   -2.576e+08   4.248e+07   0
14   0.5297   0.3231   -0.05483   0   -2.577e+08   4.249e+07   0
14.1   0.53   0.2973   -0.05058   0   -2.577e+08   4.25e+07   0
14.2   0.5293   0.2716   -0.04633   0   -2.577e+08   4.249e+07   0
14.3   0.5273   0.2458   -0.04208   0   -2.575e+08   4.246e+07   0
14.4   0.5237   0.2201   -0.03784   0   -2.572e+08   4.24e+07   0
14.5   0.5182   0.1944   -0.0336   0   -2.568e+08   4.231e+07   0
14.6   0.5157   0.1687   -0.02937   0   -2.566e+08   4.227e+07   0
14.7   0.5157   0.143   -0.02514   0   -2.566e+08   4.227e+07   0
14.8   0.5157   0.1174   -0.02092   0   -2.566e+08   4.227e+07   0
14.9   0.5157   0.09174   -0.01669   0   -2.566e+08   4.227e+07   0
15   0.5157   0.06608   -0.01246   0   -2.566e+08   4.227e+07   0
15.1   0.5157   0.04042   -0.008234   0   -2.566e+08   4.227e+07   0
15.2   0.5157   0.01477   -0.004006   0   -2.566e+08   4.227e+07   0
15.3   0.5157   -0.01089   0.000221   0   -2.566e+08   4.227e+07   0
15.4   0.5157   -0.03654   0.004449   0   -2.566e+08   4.227e+07   0
15.5   0.5157   -0.0622   0.008676   0   -2.566e+08   4.227e+07   0
15.6   0.5157   -0.08786   0.0129   0   -2.566e+08   4.227e+07   0
15.7   0.5157   -0.1135   0.01713   0   -2.566e+08   4.227e+07   0
15.8   0.5157   -0.1392   0.02136   0   -2.566e+08   4.227e+07   0
15.9   0.5157   -0.1648   0.02559   0   -2.566e+08   4.227e+07   0
16   0.5197   -0.1905   0.02981   0   -2.569e+08   4.232e+07   0
16.1   0.542   -0.2163   0.03406   0   -2.587e+08   4.255e+07   0
16.2   0.5622   -0.2422   0.03832   0   -2.601e+08   4.275e+07   0
16.3   0.5806   -0.2683   0.04261   0   -2.614e+08   4.293e+07   0
16.4   0.5975   -0.2945   0.04691   0   -2.625e+08   4.309e+07   0
16.5   0.6129   -0.3208   0.05123   0   -2.635e+08   4.323e+07   0
16.6   0.6272   -0.3472   0.05555   0   -2.643e+08   4.335e+07   0
16.7   0.6403   -0.3737   0.05989   0   -2.651e+08   4.346e+07   0
16.8   0.6524   -0.4002   0.06425   0   -2.658e+08   4.356e+07   0
16.9   0.6635   -0.4268   0.06861   0   -2.664e+08   4.364e+07   0
17   0.6737   -0.4535   0.07297   0   -2.669e+08   4.372e+07   0
17.1   0.6831   -0.4802   0.07735   0   -2.674e+08   4.379e+07   0
17.2   0.6917   -0.507   0.08173   0   -2.678e+08   4.386e+07   0
17.3   0.6996   -0.5338   0.08612   0   -2.682e+08   4.392e+07   0
17.4   0.7067   -0.5606   0.09052   0   -2.685e+08   4.397e+07   0
17.5   0.7132   -0.5875   0.09491   0   -2.688e+08   4.401e+07   0
17.6   0.719   -0.6144   0.09932   0   -2.691e+08   4.405e+07   0
17.7   0.7242   -0.6413   0.1037   0   -2.694e+08   4.409e+07   0
17.8   0.7288   -0.6682   0.1081   0   -2.696e+08   4.412e+07   0
17.9   0.7328   -0.6952   0.1125   0   -2.697e+08   4.415e+07   0
18   0.7363   -0.7222   0.117   0   -2.699e+08   4.417e+07   0
18.1   0.7387   -0.7492   0.1214   0   -2.7e+08   4.419e+07   0
18.2   0.7387   -0.7762   0.1258   0   -2.7e+08   4.419e+07   0
18.3   0.7387   -0.8032   0.1302   0   -2.7e+08   4.419e+07   0
18.4   0.7387   -0.8302   0.1346   0   -2.7e+08   4.419e+07   0
18.5   0.7387   -0.8572   0.1391   0   -2.7e+08   4.419e+07   0
18.6   0.7387   -0.8842   0.1435   0   -2.7e+08   4.419e+07   0
18.7   0.7387   -0.9112   0.1479   0   -2.7e+08   4.419e+07   0
18.8   0.7387   -0.9382   0.1523   0   -2.7e+08   4.419e+07   0
18.9   0.7387   -0.9652   0.1567   0   -2.7e+08   4.419e+07   0
19   0.7387   -0.9922   0.1612   0   -2.7e+08   4.419e+07   0
19.1   0.7387   -1.019   0.1656   0   -2.7e+08   4.419e+07   0
19.2   0.7387   -1.046   0.17   0   -2.7e+08   4.419e+07   0
19.3   0.7387   -1.073   0.1744   0   -2.7e+08   4.419e+07   0
19.4   0.7387   -1.1   0.1788   0   -2.7e+08   4.419e+07   0
19.5   0.7387   -1.127   0.1832   0   -2.7e+08   4.419e+07   0
19.6   0.7404   -1.154   0.1895   0   -2.565e+08   9.528e+07   0
19.7   0.7428   -1.178   0.2025   0   -2.203e+08   1.625e+08   0
19.8   0.7453   -1.197   0.2216   0   -1.671e+08   2.17e+08   0
19.9   0.7477   -1.211   0.2454   0   -1.009e+08   2.547e+08   0
20   0.7502   -1.217   0.2719   0   -2.712e+07   2.727e+08   0
20.1   0.7527   -1.216   0.2992   0   4.869e+07   2.698e+08   0
20.2   0.7552   -1.207   0.3252   0   1.207e+08   2.463e+08   0
20.3   0.7577   -1.192   0.3478   0   1.834e+08   2.041e+08   0
20.4   0.7602   -1.171   0.3654   0   2.322e+08   1.464e+08   0
20.5   0.7627   -1.146   0.3767   0   2.634e+08   7.777e+07   0
20.6   0.7652   -1.119   0.3807   0   2.747e+08   3.352e+06   0
20.7   0.7677   -1.092   0.3773   0   2.654e+08   -7.123e+07   0
20.8   0.7685   -1.066   0.3683   0   2.59e+08   -9.208e+07   0
20.9   0.7685   -1.04   0.3591   0   2.59e+08   -9.208e+07   0
21   0.7685   -1.014   0.3499   0   2.59e+08   -9.208e+07   0
21.1   0.7685   -0.9882   0.3407   0   2.59e+08   -9.208e+07   0
21.2   0.7685   -0.9623   0.3315   0   2.59e+08   -9.208e+07   0
21.3   0.7685   -0.9364   0.3223   0   2.59e+08   -9.208e+07   0
21.4   0.7685   -0.9105   0.3131   0   2.59e+08   -9.208e+07   0
21.5   0.7685   -0.8846   0.3039   0   2.59e+08   -9.208e+07   0
21.6   0.7685   -0.8587   0.2947   0   2.59e+08   -9.208e+07   0
21.7   0.7685   -0.8328   0.2855   0   2.59e+08   -9.208e+07   0
21.8   0.7685   -0.8069   0.2763   0   2.59e+08   -9.208e+07   0
21.9   0.7685   -0.781   0.2671   0   2.59e+08   -9.208e+07   0
22   0.7685   -0.7551   0.2578   0   2.59e+08   -9.208e+07   0
22.1   0.7685   -0.7293   0.2486   0   2.59e+08   -9.208e+07   0
22.2   0.7702   -0.7034   0.2394   0   2.59e+08   -9.21e+07   0
22.3   0.7749   -0.6774   0.2302   0   2.592e+08   -9.215e+07   0
22.4   0.7795   -0.6515   0.221   0   2.594e+08   -9.22e+07   0
22.5   0.7839   -0.6256   0.2118   0   2.596e+08   -9.224e+07   0
22.6   0.788   -0.5996   0.2026   0   2.597e+08   -9.228e+07   0
22.7   0.7918   -0.5736   0.1933   0   2.599e+08   -9.231e+07   0
22.8   0.7953   -0.5476   0.1841   0   2.6e+08   -9.234e+07   0
22.9   0.7984   -0.5216   0.1749   0   2.601e+08   -9.237e+07   0
23   0.8011   -0.4956   0.1656   0   2.602e+08   -9.239e+07   0
23.1   0.8033   -0.4696   0.1564   0   2.603e+08   -9.241e+07   0
23.2   0.805   -0.4435   0.1471   0   2.603e+08   -9.242e+07   0
23.3   0.806   -0.4175   0.1379   0   2.604e+08   -9.243e+07   0
23.4   0.8063   -0.3915   0.1286   0   2.604e+08   -9.243e+07   0
23.5   0.8057   -0.3654   0.1194   0   2.604e+08   -9.243e+07   0
23.6   0.8042   -0.3394   0.1102   0   2.603e+08   -9.242e+07   0
23.7   0.8016   -0.3134   0.1009   0   2.602e+08   -9.24e+07   0
23.8   0.7978   -0.2874   0.09168   0   2.601e+08   -9.238e+07   0
23.9   0.7924   -0.2614   0.08244   0   2.599e+08   -9.236e+07   0
24   0.7853   -0.2354   0.07321   0   2.596e+08   -9.233e+07   0
24.1   0.776   -0.2094   0.06398   0   2.592e+08   -9.23e+07   0
24.2   0.764   -0.1835   0.05475   0   2.587e+08   -9.228e+07   0
24.3   0.7622   -0.1577   0.04552   0   2.586e+08   -9.228e+07   0
24.4   0.7622   -0.1318   0.03629   0   2.586e+08   -9.228e+07   0
24.5   0.7622   -0.106   0.02707   0   2.586e+08   -9.228e+07   0
24.6   0.7622   -0.0801   0.01784   0   2.586e+08   -9.228e+07   0
24.7   0.7622   -0.05424   0.008609   0   2.586e+08   -9.228e+07   0
24.8   0.7622   -0.02838   -0.0006185   0   2.586e+08   -9.228e+07   0
24.9   0.7622   -0.002516   -0.009846   0   2.586e+08   -9.228e+07   0
25   0.7622   0.02335   -0.01907   0   2.586e+08   -9.228e+07   0
25.1   0.7622   0.04921   -0.0283   0   2.586e+08   -9.228e+07   0
25.2   0.7622   0.07507   -0.03753   0   2.586e+08   -9.228e+07   0
25.3   0.7622   0.1009   -0.04676   0   2.586e+08   -9.228e+07   0
25.4   0.7622   0.1268   -0.05599   0   2.586e+08   -9.228e+07   0
25.5   0.7622   0.1527   -0.06521   0   2.586e+08   -9.228e+07   0
25.6   0.7669   0.1785   -0.07444   0   2.588e+08   -9.24e+07   0
25.7   0.7909   0.2044   -0.08371   0   2.596e+08   -9.3e+07   0
25.8   0.8122   0.2304   -0.09304   0   2.603e+08   -9.348e+07   0
25.9   0.8312   0.2565   -0.1024   0   2.608e+08   -9.387e+07   0
26   0.8483   0.2826   -0.1118   0   2.613e+08   -9.419e+07   0
26.1   0.8637   0.3088   -0.1212   0   2.618e+08   -9.447e+07   0
26.2   0.8776   0.335   -0.1307   0   2.622e+08   -9.47e+07   0
26.3   0.8903   0.3612   -0.1402   0   2.625e+08   -9.49e+07   0
26.4   0.9017   0.3875   -0.1497   0   2.628e+08   -9.507e+07   0
26.5   0.912   0.4138   -0.1592   0   2.631e+08   -9.522e+07   0
26.6   0.9214   0.4401   -0.1687   0   2.633e+08   -9.535e+07   0
26.7   0.9298   0.4664   -0.1783   0   2.635e+08   -9.546e+07   0
26.8   0.9373   0.4928   -0.1878   0   2.637e+08   -9.556e+07   0
26.9   0.944   0.5192   -0.1974   0   2.639e+08   -9.565e+07   0
27   0.95   0.5456   -0.2069   0   2.64e+08   -9.572e+07   0
27.1   0.9553   0.572   -0.2165   0   2.642e+08   -9.578e+07   0
27.2   0.9598   0.5984   -0.2261   0   2.643e+08   -9.584e+07   0
27.3   0.9638   0.6248   -0.2357   0   2.644e+08   -9.588e+07   0
27.4   0.9671   0.6513   -0.2453   0   2.644e+08   -9.592e+07   0
27.5   0.9699   0.6777   -0.2549   0   2.645e+08   -9.595e+07   0
27.6   0.9721   0.7042   -0.2645   0   2.646e+08   -9.598e+07   0
27.7   0.9722   0.7306   -0.2741   0   2.646e+08   -9.598e+07   0
27.8   0.9722   0.7571   -0.2837   0   2.646e+08   -9.598e+07   0
27.9   0.9722   0.7835   -0.2933   0   2.646e+08   -9.598e+07   0
28   0.9722   0.81   -0.3029   0   2.646e+08   -9.598e+07   0
28.1   0.9722   0.8365   -0.3125   0   2.646e+08   -9.598e+07   0
28.2   0.9722   0.8629   -0.3221   0   2.646e+08   -9.598e+07   0
28.3   0.9722   0.8894   -0.3317   0   2.646e+08   -9.598e+07   0
28.4   0.9722   0.9158   -0.3413   0   2.646e+08   -9.598e+07   0
28.5   0.9722   0.9423   -0.3509   0   2.646e+08   -9.598e+07   0
28.6   0.9722   0.9687   -0.3604   0   2.646e+08   -9.598e+07   0
28.7   0.9722   0.9952   -0.37   0   2.646e+08   -9.598e+07   0
28.8   0.9722   1.022   -0.3796   0   2.646e+08   -9.598e+07   0
28.9   0.9722   1.048   -0.3892   0   2.646e+08   -9.598e+07   0
29   0.9722   1.075   -0.3988   0   2.646e+08   -9.598e+07   0
29.1   0.9758   1.1   -0.4101   0   2.399e+08   -1.473e+08   0
29.2   0.9818   1.121   -0.4285   0   1.803e+08   -2.165e+08   0
29.3   0.9877   1.136   -0.4527   0   1.019e+08   -2.628e+08   0
29.4   0.9937   1.141   -0.4801   0   1.317e+07   -2.817e+08   0
29.5   0.9997   1.138   -0.508   0   -7.666e+07   -2.715e+08   0
29.6   1.006   1.126   -0.5335   0   -1.584e+08   -2.336e+08   0
29.7   1.012   1.107   -0.5539   0   -2.239e+08   -1.722e+08   0
29.8   1.018   1.082   -0.5673   0   -2.666e+08   -9.359e+07   0
29.9   1.024   1.054   -0.5722   0   -2.826e+08   -5.881e+06   0
30   1.03   1.027   -0.5684   0   -2.706e+08   8.216e+07   0
30.1   1.034   1.001   -0.5566   0   -2.493e+08   1.339e+08   0
30.2   1.034   0.976   -0.5432   0   -2.493e+08   1.339e+08   0
30.3   1.034   0.9511   -0.5298   0   -2.493e+08   1.339e+08   0
30.4   1.034   0.9262   -0.5164   0   -2.493e+08   1.339e+08   0
30.5   1.034   0.9013   -0.503   0   -2.493e+08   1.339e+08   0
30.6   1.034   0.8763   -0.4896   0   -2.493e+08   1.339e+08   0
30.7   1.034   0.8514   -0.4762   0   -2.493e+08   1.339e+08   0
30.8   1.034   0.8265   -0.4628   0   -2.493e+08   1.339e+08   0
30.9   1.034   0.8016   -0.4495   0   -2.493e+08   1.339e+08   0
31   1.034   0.7766   -0.4361   0   -2.493e+08   1.339e+08   0
31.1   1.034   0.7517   -0.4227   0   -2.493e+08   1.339e+08   0
31.2   1.034   0.7268   -0.4093   0   -2.493e+08   1.339e+08   0
31.3   1.034   0.7019   -0.3959   0   -2.493e+08   1.339e+08   0
31.4   1.034   0.6769   -0.3825   0   -2.493e+08   1.339e+08   0
31.5   1.035   0.652   -0.3691   0   -2.493e+08   1.339e+08   0
31.6   1.04   0.6271   -0.3558   0   -2.493e+08   1.339e+08   0
31.7   1.044   0.6021   -0.3424   0   -2.494e+08   1.34e+08   0
31.8   1.049   0.5772   -0.329   0   -2.495e+08   1.341e+08   0
31.9   1.053   0.5522   -0.3155   0   -2.496e+08   1.341e+08   0
32   1.057   0.5273   -0.3021   0   -2.496e+08   1.342e+08   0
32.1   1.061   0.5023   -0.2887   0   -2.497e+08   1.343e+08   0
32.2   1.064   0.4773   -0.2753   0   -2.497e+08   1.343e+08   0
32.3   1.067   0.4524   -0.2618   0   -2.498e+08   1.343e+08   0
32.4   1.069   0.4274   -0.2484   0   -2.498e+08   1.344e+08   0
32.5   1.071   0.4024   -0.235   0   -2.499e+08   1.344e+08   0
32.6   1.072   0.3774   -0.2215   0   -2.499e+08   1.344e+08   0
32.7   1.072   0.3524   -0.2081   0   -2.499e+08   1.344e+08   0
32.8   1.071   0.3274   -0.1946   0   -2.499e+08   1.344e+08   0
32.9   1.07   0.3025   -0.1812   0   -2.498e+08   1.344e+08   0
33   1.067   0.2775   -0.1678   0   -2.498e+08   1.343e+08   0
33.1   1.063   0.2525   -0.1543   0   -2.498e+08   1.343e+08   0
33.2   1.058   0.2275   -0.1409   0   -2.497e+08   1.342e+08   0
33.3   1.05   0.2026   -0.1275   0   -2.496e+08   1.34e+08   0
33.4   1.04   0.1776   -0.1141   0   -2.495e+08   1.338e+08   0
33.5   1.03   0.1527   -0.1008   0   -2.493e+08   1.335e+08   0
33.6   1.03   0.1277   -0.0874   0   -2.493e+08   1.335e+08   0
33.7   1.03   0.1028   -0.07406   0   -2.493e+08   1.335e+08   0
33.8   1.03   0.07786   -0.06071   0   -2.493e+08   1.335e+08   0
33.9   1.03   0.05292   -0.04736   0   -2.493e+08   1.335e+08   0
34   1.03   0.02799   -0.03401   0   -2.493e+08   1.335e+08   0
34.1   1.03   0.003055   -0.02066   0   -2.493e+08   1.335e+08   0
34.2   1.03   -0.02188   -0.007311   0   -2.493e+08   1.335e+08   0
34.3   1.03   -0.04681   0.006038   0   -2.493e+08   1.335e+08   0
34.4   1.03   -0.07175   0.01939   0   -2.493e+08   1.335e+08   0
34.5   1.03   -0.09668   0.03274   0   -2.493e+08   1.335e+08   0
34.6   1.03   -0.1216   0.04609   0   -2.493e+08   1.335e+08   0
34.7   1.03   -0.1466   0.05943   0   -2.493e+08   1.335e+08   0
34.8   1.03   -0.1715   0.07278   0   -2.493e+08   1.335e+08   0
34.9   1.053   -0.1965   0.08613   0   -2.5e+08   1.334e+08   0
35   1.076   -0.2215   0.09946   0   -2.506e+08   1.333e+08   0
35.1   1.096   -0.2466   0.1128   0   -2.51e+08   1.333e+08   0
35.2   1.114   -0.2717   0.1261   0   -2.514e+08   1.333e+08   0
35.3   1.13   -0.2968   0.1394   0   -2.518e+08   1.333e+08   0
35.4   1.145   -0.322   0.1528   0   -2.521e+08   1.333e+08   0
35.5   1.158   -0.3473   0.1661   0   -2.523e+08   1.333e+08   0
35.6   1.17   -0.3725   0.1794   0   -2.526e+08   1.333e+08   0
35.7   1.181   -0.3978   0.1928   0   -2.528e+08   1.334e+08   0
35.8   1.191   -0.4231   0.2061   0   -2.529e+08   1.334e+08   0
35.9   1.2   -0.4484   0.2195   0   -2.531e+08   1.334e+08   0
36   1.208   -0.4737   0.2328   0   -2.532e+08   1.334e+08   0
36.1   1.215   -0.499   0.2461   0   -2.534e+08   1.335e+08   0
36.2   1.222   -0.5244   0.2595   0   -2.535e+08   1.335e+08   0
36.3   1.228   -0.5497   0.2728   0   -2.536e+08   1.335e+08   0
36.4   1.233   -0.5751   0.2862   0   -2.536e+08   1.335e+08   0
36.5   1.237   -0.6004   0.2995   0   -2.537e+08   1.335e+08   0
36.6   1.241   -0.6258   0.3129   0   -2.538e+08   1.335e+08   0
36.7   1.244   -0.6512   0.3262   0   -2.538e+08   1.336e+08   0
36.8   1.247   -0.6766   0.3396   0   -2.538e+08   1.336e+08   0
36.9   1.247   -0.702   0.353   0   -2.538e+08   1.336e+08   0
37   1.247   -0.7273   0.3663   0   -2.538e+08   1.336e+08   0
37.1   1.247   -0.7527   0.3797   0   -2.538e+08   1.336e+08   0
37.2   1.247   -0.7781   0.393   0   -2.538e+08   1.336e+08   0
37.3   1.247   -0.8035   0.4064   0   -2.538e+08   1.336e+08   0
37.4   1.247   -0.8289   0.4197   0   -2.538e+08   1.336e+08   0
37.5   1.247   -0.8543   0.4331   0   -2.538e+08   1.336e+08   0
37.6   1.247   -0.8796   0.4465   0   -2.538e+08   1.336e+08   0
37.7   1.247   -0.905   0.4598   0   -2.538e+08   1.336e+08   0
37.8   1.247   -0.9304   0.4732   0   -2.538e+08   1.336e+08   0
37.9   1.247   -0.9558   0.4865   0   -2.538e+08   1.336e+08   0
38   1.247   -0.9812   0.4999   0   -2.538e+08   1.336e+08   0
38.1   1.247   -1.007   0.5132   0   -2.538e+08   1.336e+08   0
38.2   1.247   -1.032   0.5266   0   -2.538e+08   1.336e+08   0
38.3   1.247   -1.057   0.54   0   -2.538e+08   1.336e+08   0
38.4   1.247   -1.083   0.5533   0   -2.538e+08   1.336e+08   0
38.5   1.247   -1.108   0.5667   0   -2.538e+08   1.336e+08   0
38.6   1.247   -1.133   0.58   0   -2.538e+08   1.336e+08   0
38.7   1.247   -1.159   0.5934   0   -2.538e+08   1.336e+08   0
38.8   1.247   -1.184   0.6067   0   -2.538e+08   1.336e+08   0
38.9   1.247   -1.21   0.6201   0   -2.538e+08   1.336e+08   0
39   1.247   -1.235   0.6334   0   -2.538e+08   1.336e+08   0
39.1   1.247   -1.26   0.6468   0   -2.538e+08   1.336e+08   0
39.2   1.247   -1.286   0.6602   0   -2.538e+08   1.336e+08   0
39.3   1.247   -1.311   0.6735   0   -2.538e+08   1.336e+08   0
39.4   1.247   -1.337   0.6869   0   -2.538e+08   1.336e+08   0
39.5   1.247   -1.362   0.7002   0   -2.538e+08   1.336e+08   0
39.6   1.247   -1.387   0.7136   0   -2.538e+08   1.336e+08   0
39.7   1.247   -1.413   0.7269   0   -2.538e+08   1.336e+08   0
39.8   1.247   -1.438   0.7403   0   -2.538e+08   1.336e+08   0
39.9   1.247   -1.464   0.7537   0   -2.538e+08   1.336e+08   0
40   1.247   -1.489   0.767   0   -2.538e+08   1.336e+08   0
40.1   1.247   -1.514   0.7804   0   -2.538e+08   1.336e+08   0
40.2   1.247   -1.54   0.7937   0   -2.538e+08   1.336e+08   0
40.3   1.247   -1.565   0.8071   0   -2.538e+08   1.336e+08   0
40.4   1.247   -1.59   0.8204   0   -2.538e+08   1.336e+08   0
40.5   1.247   -1.616   0.8338   0   -2.538e+08   1.336e+08   0
40.6   1.247   -1.641   0.8472   0   -2.538e+08   1.336e+08   0
40.7   1.247   -1.667   0.8605   0   -2.538e+08   1.336e+08   0
40.8   1.247   -1.692   0.8739   0   -2.538e+08   1.336e+08   0
40.9   1.247   -1.717   0.8872   0   -2.538e+08   1.336e+08   0
41   1.247   -1.743   0.9006   0   -2.538e+08   1.336e+08   0
41.1   1.247   -1.768   0.9139   0   -2.538e+08   1.336e+08   0
41.2   1.247   -1.794   0.9273   0   -2.538e+08   1.336e+08   0
41.3   1.247   -1.819   0.9406   0   -2.538e+08   1.336e+08   0
41.4   1.247   -1.844   0.954   0   -2.538e+08   1.336e+08   0
41.5   1.247   -1.87   0.9674   0   -2.538e+08   1.336e+08   0
41.6   1.247   -1.895   0.9807   0   -2.538e+08   1.336e+08   0
41.7   1.247   -1.92   0.9941   0   -2.538e+08   1.336e+08   0
41.8   1.247   -1.946   1.007   0   -2.538e+08   1.336e+08   0
41.9   1.247   -1.971   1.021   0   -2.538e+08   1.336e+08   0
42   1.247   -1.997   1.034   0   -2.538e+08   1.336e+08   0
42.1   1.247   -2.022   1.048   0   -2.538e+08   1.336e+08   0
42.2   1.247   -2.047   1.061   0   -2.538e+08   1.336e+08   0
42.3   1.247   -2.073   1.074   0   -2.538e+08   1.336e+08   0
42.4   1.247   -2.098   1.088   0   -2.538e+08   1.336e+08   0
42.5   1.247   -2.124   1.101   0   -2.538e+08   1.336e+08   0
42.6   1.247   -2.149   1.114   0   -2.538e+08   1.336e+08   0
42.7   1.247   -2.174   1.128   0   -2.538e+08   1.336e+08   0
42.8   1.247   -2.2   1.141   0   -2.538e+08   1.336e+08   0
42.9   1.247   -2.225   1.154   0   -2.538e+08   1.336e+08   0
43   1.247   -2.25   1.168   0   -2.538e+08   1.336e+08   0
43.1   1.247   -2.276   1.181   0   -2.538e+08   1.336e+08   0
43.2   1.247   -2.301   1.194   0   -2.538e+08   1.336e+08   0
43.3   1.247   -2.327   1.208   0   -2.538e+08   1.336e+08   0
43.4   1.247   -2.352   1.221   0   -2.538e+08   1.336e+08   0
43.5   1.247   -2.377   1.234   0   -2.538e+08   1.336e+08   0
43.6   1.247   -2.403   1.248   0   -2.538e+08   1.336e+08   0
43.7   1.247   -2.428   1.261   0   -2.538e+08   1.336e+08   0
43.8   1.247   -2.454   1.275   0   -2.538e+08   1.336e+08   0
43.9   1.247   -2.479   1.288   0   -2.538e+08   1.336e+08   0
44   1.247   -2.504   1.301   0   -2.538e+08   1.336e+08   0
44.1   1.247   -2.53   1.315   0   -2.538e+08   1.336e+08   0
44.2   1.247   -2.555   1.328   0   -2.538e+08   1.336e+08   0
44.3   1.247   -2.58   1.341   0   -2.538e+08   1.336e+08   0
44.4   1.247   -2.606   1.355   0   -2.538e+08   1.336e+08   0
44.5   1.247   -2.631   1.368   0   -2.538e+08   1.336e+08   0
44.6   1.247   -2.657   1.381   0   -2.538e+08   1.336e+08   0
44.7   1.247   -2.682   1.395   0   -2.538e+08   1.336e+08   0
44.8   1.247   -2.707   1.408   0   -2.538e+08   1.336e+08   0
44.9   1.247   -2.733   1.421   0   -2.538e+08   1.336e+08   0
45   1.247   -2.758   1.435   0   -2.538e+08   1.336e+08   0
