0   0.04   -0.753   0   0   1.121e+08   0   0
0.1   0.04   -0.753   0   0   1.121e+08   0   0
0.2   0.04   -0.753   0   0   1.121e+08   0   0
0.3   0.04   -0.753   0   0   1.121e+08   0   0
0.4   0.04   -0.753   0   0   1.121e+08   0   0
0.5   0.04   -0.753   0   0   1.121e+08   0   0
0.6   0.04   -0.753   0   0   1.121e+08   0   0
0.7   0.04   -0.753   0   0   1.121e+08   0   0
0.8   0.04   -0.753   0   0   1.121e+08   0   0
0.9   0.04091   -0.745   0   0   1.133e+08   0   0
1   0.04238   -0.7336   0   0   1.151e+08   0   0
1.1   0.04405   -0.7219   0   0   1.17e+08   0   0
1.2   0.04595   -0.7101   0   0   1.192e+08   0   0
1.3   0.04807   -0.6981   0   0   1.216e+08   0   0
1.4   0.05043   -0.6858   0   0   1.242e+08   0   0
1.5   0.05302   -0.6732   0   0   1.269e+08   0   0
1.6   0.05587   -0.6604   0   0   1.298e+08   0   0
1.7   0.05898   -0.6473   0   0   1.328e+08   0   0
1.8   0.06235   -0.6338   0   0   1.36e+08   0   0
1.9   0.06598   -0.6201   0   0   1.392e+08   0   0
2   0.0699   -0.606   0   0   1.426e+08   0   0
2.1   0.07409   -0.5916   0   0   1.46e+08   0   0
2.2   0.07856   -0.5768   0   0   1.495e+08   0   0
2.3   0.08332   -0.5617   0   0   1.531e+08   0   0
2.4   0.08836   -0.5462   0   0   1.567e+08   0   0
2.5   0.09368   -0.5303   0   0   1.603e+08   0   0
2.6   0.09928   -0.5141   0   0   1.639e+08   0   0
2.7   0.1051   -0.4975   0   0   1.675e+08   0   0
2.8   0.1113   -0.4806   0   0   1.711e+08   0   0
2.9   0.1177   -0.4633   0   0   1.746e+08   0   0
3   0.1243   -0.4457   0   0   1.781e+08   0   0
3.1   0.1311   -0.4277   0   0   1.815e+08   0   0
3.2   0.1382   -0.4094   0   0   1.849e+08   0   0
3.3   0.1454   -0.3907   0   0   1.882e+08   0   0
3.4   0.1528   -0.3717   0   0   1.914e+08   0   0
3.5   0.1604   -0.3524   0   0   1.944e+08   0   0
3.6   0.168   -0.3328   0   0   1.974e+08   0   0
3.7   0.1757   -0.313   0   0   2.003e+08   0   0
3.8   0.1834   -0.2928   0   0   2.03e+08   0   0
3.9   0.1911   -0.2724   0   0   2.056e+08   0   0
4   0.1987   -0.2517   0   0   2.08e+08   0   0
4.1   0.2061   -0.2308   0   0   2.103e+08   0   0
4.2   0.2132   -0.2096   0   0   2.124e+08   0   0
4.3   0.22   -0.1883   0   0   2.144e+08   0   0
4.4   0.2201   -0.1668   0   0   2.144e+08   0   0
4.5   0.2201   -0.1454   0   0   2.144e+08   0   0
4.6   0.2201   -0.1239   0   0   2.144e+08   0   0
4.7   0.2201   -0.1025   0   0   2.144e+08   0   0
4.8   0.2201   -0.08107   0   0   2.144e+08   0   0
4.9   0.2201   -0.05963   0   0   2.144e+08   0   0
5   0.2201   -0.03819   0   0   2.144e+08   0   0
5.1   0.2201   -0.01675   0   0   2.144e+08   0   0
5.2   0.2201   0.004694   0   0   2.144e+08   0   0
5.3   0.2201   0.02613   0   0   2.144e+08   0   0
5.4   0.2201   0.04757   0   0   2.144e+08   0   0
5.5   0.2201   0.06902   0   0   2.144e+08   0   0
5.6   0.2201   0.09046   0   0   2.144e+08   0   0
5.7   0.2201   0.1119   0   0   2.144e+08   0   0
5.8   0.2201   0.1333   0   0   2.144e+08   0   0
5.9   0.2201   0.1548   0   0   2.144e+08   0   0
6   0.2201   0.1762   0   0   2.144e+08   0   0
6.1   0.2268   0.1977   0   0   2.162e+08   0   0
6.2   0.2419   0.2195   0   0   2.202e+08   0   0
6.3   0.2565   0.2417   0   0   2.237e+08   0   0
6.4   0.2705   0.2643   0   0   2.268e+08   0   0
6.5   0.284   0.2871   0   0   2.297e+08   0   0
6.6   0.2971   0.3102   0   0   2.322e+08   0   0
6.7   0.3095   0.3335   0   0   2.346e+08   0   0
6.8   0.3215   0.3571   0   0   2.367e+08   0   0
6.9   0.333   0.3809   0   0   2.386e+08   0   0
7   0.344   0.4048   0   0   2.404e+08   0   0
7.1   0.3544   0.4289   0   0   2.42e+08   0   0
7.2   0.3644   0.4532   0   0   2.434e+08   0   0
7.3   0.3738   0.4776   0   0   2.447e+08   0   0
7.4   0.3827   0.5021   0   0   2.46e+08   0   0
7.5   0.3912   0.5268   0   0   2.471e+08   0   0
7.6   0.3991   0.5515   0   0   2.481e+08   0   0
7.7   0.4065   0.5764   0   0   2.49e+08   0   0
7.8   0.4135   0.6013   0   0   2.498e+08   0   0
7.9   0.4199   0.6264   0   0   2.506e+08   0   0
8   0.4259   0.6515   0   0   2.513e+08   0   0
8.1   0.4314   0.6766   0   0   2.519e+08   0   0
8.2   0.4365   0.7018   0   0   2.525e+08   0   0
8.3   0.441   0.7271   0   0   2.529e+08   0   0
8.4   0.4452   0.7524   0   0   2.534e+08   0   0
8.5   0.4453   0.7778   0   0   2.534e+08   0   0
8.6   0.4453   0.8031   0   0   2.534e+08   0   0
8.7   0.4453   0.8284   0   0   2.534e+08   0   0
8.8   0.4453   0.8538   0   0   2.534e+08   0   0
8.9   0.4453   0.8791   0   0   2.534e+08   0   0
9   0.4453   0.9045   0   0   2.534e+08   0   0
9.1   0.4453   0.9298   0   0   2.534e+08   0   0
9.2   0.4453   0.9551   0   0   2.534e+08   0   0
9.3   0.4453   0.9805   0   0   2.534e+08   0   0
9.4   0.4453   1.006   0   0   2.534e+08   0   0
9.5   0.4453   1.031   0   0   2.534e+08   0   0
9.6   0.4453   1.057   0   0   2.534e+08   0   0
9.7   0.4453   1.082   0   0   2.534e+08   0   0
9.8   0.4453   1.107   0   0   2.534e+08   0   0
9.9   0.4462   1.132   -0.00356   0   2.436e+08   -7.003e+07   0
10   0.4472   1.155   -0.01389   0   2.149e+08   -1.346e+08   0
10.1   0.4481   1.175   -0.03019   0   1.695e+08   -1.887e+08   0
10.2   0.4491   1.189   -0.05119   0   1.11e+08   -2.282e+08   0
10.3   0.45   1.196   -0.07528   0   4.396e+07   -2.501e+08   0
10.4   0.4509   1.197   -0.1006   0   -2.649e+07   -2.526e+08   0
10.5   0.4519   1.191   -0.1251   0   -9.49e+07   -2.357e+08   0
10.6   0.4528   1.178   -0.1471   0   -1.56e+08   -2.007e+08   0
10.7   0.4538   1.16   -0.1647   0   -2.051e+08   -1.503e+08   0
10.8   0.4548   1.138   -0.1767   0   -2.385e+08   -8.841e+07   0
10.9   0.4557   1.113   -0.1821   0   -2.537e+08   -1.977e+07   0
11   0.4565   1.088   -0.1806   0   -2.512e+08   4.134e+07   0
11.1   0.4565   1.063   -0.1765   0   -2.512e+08   4.134e+07   0
11.2   0.4565   1.038   -0.1723   0   -2.512e+08   4.134e+07   0
11.3   0.4565   1.012   -0.1682   0   -2.512e+08   4.134e+07   0
11.4   0.4565   0.9874   -0.1641   0   -2.512e+08   4.134e+07   0
11.5   0.4565   0.9622   -0.1599   0   -2.512e+08   4.134e+07   0
11.6   0.4565   0.9371   -0.1558   0   -2.512e+08   4.134e+07   0
11.7   0.4565   0.912   -0.1517   0   -2.512e+08   4.134e+07   0
11.8   0.4565   0.8869   -0.1475   0   -2.512e+08   4.134e+07   0
11.9   0.4565   0.8618   -0.1434   0   -2.512e+08   4.134e+07   0
12   0.4565   0.8367   -0.1393   0   -2.512e+08   4.134e+07   0
12.1   0.4565   0.8115   -0.1351   0   -2.512e+08   4.134e+07   0
12.2   0.4565   0.7864   -0.131   0   -2.512e+08   4.134e+07   0
12.3   0.4565   0.7613   -0.1269   0   -2.512e+08   4.134e+07   0
12.4   0.458   0.7362   -0.1227   0   -2.513e+08   4.137e+07   0
12.5   0.4636   0.711   -0.1186   0   -2.519e+08   4.146e+07   0
12.6   0.4692   0.6858   -0.1144   0   -2.524e+08   4.156e+07   0
12.7   0.4748   0.6605   -0.1103   0   -2.53e+08   4.165e+07   0
12.8   0.4803   0.6352   -0.1061   0   -2.535e+08   4.174e+07   0
12.9   0.4858   0.6098   -0.1019   0   -2.54e+08   4.183e+07   0
13   0.4911   0.5844   -0.09773   0   -2.545e+08   4.191e+07   0
13.1   0.4963   0.5589   -0.09354   0   -2.549e+08   4.199e+07   0
13.2   0.5012   0.5334   -0.08933   0   -2.553e+08   4.207e+07   0
13.3   0.506   0.5079   -0.08512   0   -2.558e+08   4.214e+07   0
13.4   0.5104   0.4823   -0.08091   0   -2.561e+08   4.22e+07   0
13.5   0.5145   0.4566   -0.07668   0   -2.565e+08   4.226e+07   0
13.6   0.5182   0.431   -0.07246   0   -2.568e+08   4.232e+07   0
13.7   0.5214   0.4053   -0.06822   0   -2.57e+08   4.236e+07   0
13.8   0.524   0.3796   -0.06398   0   -2.572e+08   4.24e+07   0
13.9   0.526   0.3538   -0.05974   0   -2.574e+08   4.243e+07   0
14   0.5272   0.3281   -0.0555   0   -2.575e+08   4.245e+07   0
14.1   0.5275   0.3024   -0.05125   0   -2.575e+08   4.245e+07   0
14.2   0.5268   0.2766   -0.04701   0   -2.575e+08   4.244e+07   0
14.3   0.5248   0.2509   -0.04277   0   -2.573e+08   4.241e+07   0
14.4   0.5213   0.2251   -0.03853   0   -2.57e+08   4.236e+07   0
14.5   0.5159   0.1995   -0.0343   0   -2.566e+08   4.227e+07   0
14.6   0.512   0.1738   -0.03007   0   -2.563e+08   4.221e+07   0
14.7   0.512   0.1482   -0.02585   0   -2.563e+08   4.221e+07   0
14.8   0.512   0.1226   -0.02163   0   -2.563e+08   4.221e+07   0
14.9   0.512   0.09695   -0.01741   0   -2.563e+08   4.221e+07   0
15   0.512   0.07133   -0.01319   0   -2.563e+08   4.221e+07   0
15.1   0.512   0.0457   -0.008967   0   -2.563e+08   4.221e+07   0
15.2   0.512   0.02007   -0.004746   0   -2.563e+08   4.221e+07   0
15.3   0.512   -0.005551   -0.0005249   0   -2.563e+08   4.221e+07   0
15.4   0.512   -0.03118   0.003696   0   -2.563e+08   4.221e+07   0
15.5   0.512   -0.0568   0.007917   0   -2.563e+08   4.221e+07   0
15.6   0.512   -0.08243   0.01214   0   -2.563e+08   4.221e+07   0
15.7   0.512   -0.1081   0.01636   0   -2.563e+08   4.221e+07   0
15.8   0.512   -0.1337   0.02058   0   -2.563e+08   4.221e+07   0
15.9   0.512   -0.1593   0.0248   0   -2.563e+08   4.221e+07   0
16   0.512   -0.1849   0.02902   0   -2.563e+08   4.221e+07   0
16.1   0.5337   -0.2106   0.03326   0   -2.58e+08   4.245e+07   0
16.2   0.5543   -0.2365   0.03751   0   -2.596e+08   4.266e+07   0
16.3   0.5731   -0.2626   0.04179   0   -2.609e+08   4.285e+07   0
16.4   0.5903   -0.2887   0.04608   0   -2.621e+08   4.301e+07   0
16.5   0.606   -0.315   0.05039   0   -2.631e+08   4.316e+07   0
16.6   0.6205   -0.3413   0.05471   0   -2.64e+08   4.329e+07   0
16.7   0.6338   -0.3677   0.05905   0   -2.647e+08   4.34e+07   0
16.8   0.6461   -0.3943   0.06339   0   -2.654e+08   4.351e+07   0
16.9   0.6573   -0.4208   0.06775   0   -2.66e+08   4.36e+07   0
17   0.6677   -0.4475   0.07211   0   -2.666e+08   4.368e+07   0
17.1   0.6772   -0.4742   0.07648   0   -2.671e+08   4.375e+07   0
17.2   0.6859   -0.5009   0.08086   0   -2.675e+08   4.382e+07   0
17.3   0.6939   -0.5277   0.08525   0   -2.679e+08   4.388e+07   0
17.4   0.7011   -0.5545   0.08964   0   -2.683e+08   4.393e+07   0
17.5   0.7076   -0.5813   0.09403   0   -2.686e+08   4.398e+07   0
17.6   0.7134   -0.6082   0.09843   0   -2.689e+08   4.402e+07   0
17.7   0.7187   -0.6351   0.1028   0   -2.691e+08   4.406e+07   0
17.8   0.7233   -0.662   0.1072   0   -2.693e+08   4.409e+07   0
17.9   0.7274   -0.6889   0.1117   0   -2.695e+08   4.412e+07   0
18   0.7309   -0.7159   0.1161   0   -2.696e+08   4.414e+07   0
18.1   0.7339   -0.7429   0.1205   0   -2.698e+08   4.416e+07   0
18.2   0.7339   -0.7699   0.1249   0   -2.698e+08   4.416e+07   0
18.3   0.7339   -0.7968   0.1293   0   -2.698e+08   4.416e+07   0
18.4   0.7339   -0.8238   0.1337   0   -2.698e+08   4.416e+07   0
18.5   0.7339   -0.8508   0.1381   0   -2.698e+08   4.416e+07   0
18.6   0.7339   -0.8778   0.1426   0   -2.698e+08   4.416e+07   0
18.7   0.7339   -0.9047   0.147   0   -2.698e+08   4.416e+07   0
18.8   0.7339   -0.9317   0.1514   0   -2.698e+08   4.416e+07   0
18.9   0.7339   -0.9587   0.1558   0   -2.698e+08   4.416e+07   0
19   0.7339   -0.9857   0.1602   0   -2.698e+08   4.416e+07   0
19.1   0.7339   -1.013   0.1646   0   -2.698e+08   4.416e+07   0
19.2   0.7339   -1.04   0.1691   0   -2.698e+08   4.416e+07   0
19.3   0.7339   -1.067   0.1735   0   -2.698e+08   4.416e+07   0
19.4   0.7339   -1.094   0.1779   0   -2.698e+08   4.416e+07   0
19.5   0.7339   -1.121   0.1823   0   -2.698e+08   4.416e+07   0
19.6   0.735   -1.147   0.1875   0   -2.621e+08   7.79e+07   0
19.7   0.7374   -1.172   0.1989   0   -2.303e+08   1.476e+08   0
19.8   0.7399   -1.193   0.2167   0   -1.805e+08   2.057e+08   0
19.9   0.7424   -1.208   0.2395   0   -1.167e+08   2.476e+08   0
20   0.7448   -1.216   0.2656   0   -4.391e+07   2.703e+08   0
20.1   0.7473   -1.216   0.2929   0   3.22e+07   2.721e+08   0
20.2   0.7498   -1.209   0.3193   0   1.057e+08   2.528e+08   0
20.3   0.7522   -1.195   0.3428   0   1.711e+08   2.142e+08   0
20.4   0.7547   -1.176   0.3616   0   2.233e+08   1.593e+08   0
20.5   0.7572   -1.151   0.3742   0   2.584e+08   9.23e+07   0
20.6   0.7597   -1.124   0.3797   0   2.739e+08   1.837e+07   0
20.7   0.7622   -1.097   0.3778   0   2.686e+08   -5.686e+07   0
20.8   0.7634   -1.071   0.3694   0   2.589e+08   -9.176e+07   0
20.9   0.7634   -1.045   0.3602   0   2.589e+08   -9.176e+07   0
21   0.7634   -1.019   0.351   0   2.589e+08   -9.176e+07   0
21.1   0.7634   -0.9934   0.3419   0   2.589e+08   -9.176e+07   0
21.2   0.7634   -0.9675   0.3327   0   2.589e+08   -9.176e+07   0
21.3   0.7634   -0.9416   0.3235   0   2.589e+08   -9.176e+07   0
21.4   0.7634   -0.9157   0.3143   0   2.589e+08   -9.176e+07   0
21.5   0.7634   -0.8898   0.3052   0   2.589e+08   -9.176e+07   0
21.6   0.7634   -0.8639   0.296   0   2.589e+08   -9.176e+07   0
21.7   0.7634   -0.8381   0.2868   0   2.589e+08   -9.176e+07   0
21.8   0.7634   -0.8122   0.2776   0   2.589e+08   -9.176e+07   0
21.9   0.7634   -0.7863   0.2685   0   2.589e+08   -9.176e+07   0
22   0.7634   -0.7604   0.2593   0   2.589e+08   -9.176e+07   0
22.1   0.7634   -0.7345   0.2501   0   2.589e+08   -9.176e+07   0
22.2   0.7642   -0.7086   0.2409   0   2.589e+08   -9.177e+07   0
22.3   0.7689   -0.6827   0.2317   0   2.591e+08   -9.182e+07   0
22.4   0.7734   -0.6568   0.2226   0   2.593e+08   -9.187e+07   0
22.5   0.7777   -0.6309   0.2134   0   2.594e+08   -9.191e+07   0
22.6   0.7818   -0.6049   0.2042   0   2.596e+08   -9.195e+07   0
22.7   0.7856   -0.579   0.195   0   2.597e+08   -9.198e+07   0
22.8   0.7891   -0.553   0.1858   0   2.599e+08   -9.202e+07   0
22.9   0.7922   -0.527   0.1766   0   2.6e+08   -9.204e+07   0
23   0.7948   -0.501   0.1674   0   2.601e+08   -9.207e+07   0
23.1   0.797   -0.475   0.1582   0   2.602e+08   -9.209e+07   0
23.2   0.7986   -0.449   0.149   0   2.602e+08   -9.21e+07   0
23.3   0.7996   -0.4229   0.1397   0   2.602e+08   -9.211e+07   0
23.4   0.7999   -0.3969   0.1305   0   2.603e+08   -9.211e+07   0
23.5   0.7993   -0.3709   0.1213   0   2.602e+08   -9.21e+07   0
23.6   0.7979   -0.3449   0.1121   0   2.602e+08   -9.209e+07   0
23.7   0.7953   -0.3189   0.1029   0   2.601e+08   -9.208e+07   0
23.8   0.7915   -0.2929   0.0937   0   2.599e+08   -9.206e+07   0
23.9   0.7863   -0.2669   0.0845   0   2.597e+08   -9.203e+07   0
24   0.7793   -0.2409   0.0753   0   2.595e+08   -9.2e+07   0
24.1   0.7703   -0.215   0.0661   0   2.591e+08   -9.196e+07   0
24.2   0.7587   -0.1891   0.0569   0   2.586e+08   -9.193e+07   0
24.3   0.754   -0.1633   0.04771   0   2.584e+08   -9.192e+07   0
24.4   0.754   -0.1374   0.03852   0   2.584e+08   -9.192e+07   0
24.5   0.754   -0.1116   0.02933   0   2.584e+08   -9.192e+07   0
24.6   0.754   -0.08575   0.02013   0   2.584e+08   -9.192e+07   0
24.7   0.754   -0.05991   0.01094   0   2.584e+08   -9.192e+07   0
24.8   0.754   -0.03407   0.001749   0   2.584e+08   -9.192e+07   0
24.9   0.754   -0.008234   -0.007444   0   2.584e+08   -9.192e+07   0
25   0.754   0.0176   -0.01664   0   2.584e+08   -9.192e+07   0
25.1   0.754   0.04344   -0.02583   0   2.584e+08   -9.192e+07   0
25.2   0.754   0.06928   -0.03502   0   2.584e+08   -9.192e+07   0
25.3   0.754   0.09512   -0.04421   0   2.584e+08   -9.192e+07   0
25.4   0.754   0.121   -0.05341   0   2.584e+08   -9.192e+07   0
25.5   0.754   0.1468   -0.0626   0   2.584e+08   -9.192e+07   0
25.6   0.754   0.1726   -0.07179   0   2.584e+08   -9.192e+07   0
25.7   0.7775   0.1985   -0.08101   0   2.592e+08   -9.252e+07   0
25.8   0.7993   0.2245   -0.09029   0   2.599e+08   -9.302e+07   0
25.9   0.8188   0.2505   -0.09961   0   2.605e+08   -9.343e+07   0
26   0.8362   0.2766   -0.109   0   2.611e+08   -9.376e+07   0
26.1   0.8519   0.3027   -0.1184   0   2.615e+08   -9.405e+07   0
26.2   0.8661   0.3289   -0.1278   0   2.619e+08   -9.429e+07   0
26.3   0.879   0.3551   -0.1372   0   2.623e+08   -9.449e+07   0
26.4   0.8906   0.3813   -0.1467   0   2.626e+08   -9.467e+07   0
26.5   0.9011   0.4076   -0.1562   0   2.629e+08   -9.482e+07   0
26.6   0.9105   0.4339   -0.1656   0   2.631e+08   -9.496e+07   0
26.7   0.9191   0.4602   -0.1751   0   2.634e+08   -9.507e+07   0
26.8   0.9267   0.4866   -0.1847   0   2.636e+08   -9.517e+07   0
26.9   0.9335   0.5129   -0.1942   0   2.637e+08   -9.526e+07   0
27   0.9396   0.5393   -0.2037   0   2.639e+08   -9.534e+07   0
27.1   0.9449   0.5657   -0.2132   0   2.64e+08   -9.54e+07   0
27.2   0.9495   0.5921   -0.2228   0   2.641e+08   -9.546e+07   0
27.3   0.9535   0.6185   -0.2323   0   2.642e+08   -9.55e+07   0
27.4   0.9568   0.645   -0.2419   0   2.643e+08   -9.554e+07   0
27.5   0.9596   0.6714   -0.2514   0   2.644e+08   -9.557e+07   0
27.6   0.9619   0.6978   -0.261   0   2.644e+08   -9.56e+07   0
27.7   0.9624   0.7243   -0.2706   0   2.644e+08   -9.56e+07   0
27.8   0.9624   0.7507   -0.2801   0   2.644e+08   -9.56e+07   0
27.9   0.9624   0.7772   -0.2897   0   2.644e+08   -9.56e+07   0
28   0.9624   0.8036   -0.2992   0   2.644e+08   -9.56e+07   0
28.1   0.9624   0.8301   -0.3088   0   2.644e+08   -9.56e+07   0
28.2   0.9624   0.8565   -0.3184   0   2.644e+08   -9.56e+07   0
28.3   0.9624   0.883   -0.3279   0   2.644e+08   -9.56e+07   0
28.4   0.9624   0.9094   -0.3375   0   2.644e+08   -9.56e+07   0
28.5   0.9624   0.9358   -0.3471   0   2.644e+08   -9.56e+07   0
28.6   0.9624   0.9623   -0.3566   0   2.644e+08   -9.56e+07   0
28.7   0.9624   0.9887   -0.3662   0   2.644e+08   -9.56e+07   0
28.8   0.9624   1.015   -0.3757   0   2.644e+08   -9.56e+07   0
28.9   0.9624   1.042   -0.3853   0   2.644e+08   -9.56e+07   0
29   0.9624   1.068   -0.3949   0   2.644e+08   -9.56e+07   0
29.1   0.9645   1.094   -0.405   0   2.517e+08   -1.254e+08   0
29.2   0.9703   1.117   -0.4214   0   1.98e+08   -2e+08   0
29.3   0.9762   1.133   -0.4443   0   1.233e+08   -2.531e+08   0
29.4   0.9822   1.141   -0.4712   0   3.588e+07   -2.794e+08   0
29.5   0.9881   1.14   -0.4992   0   -5.507e+07   -2.764e+08   0
29.6   0.9941   1.13   -0.5255   0   -1.401e+08   -2.447e+08   0
29.7   1   1.112   -0.5473   0   -2.104e+08   -1.88e+08   0
29.8   1.006   1.089   -0.5624   0   -2.59e+08   -1.122e+08   0
29.9   1.012   1.062   -0.5693   0   -2.813e+08   -2.523e+07   0
30   1.018   1.033   -0.5672   0   -2.752e+08   6.401e+07   0
30.1   1.024   1.007   -0.5567   0   -2.488e+08   1.342e+08   0
30.2   1.024   0.9825   -0.5433   0   -2.488e+08   1.342e+08   0
30.3   1.024   0.9576   -0.5299   0   -2.488e+08   1.342e+08   0
30.4   1.024   0.9327   -0.5164   0   -2.488e+08   1.342e+08   0
30.5   1.024   0.9078   -0.503   0   -2.488e+08   1.342e+08   0
30.6   1.024   0.883   -0.4896   0   -2.488e+08   1.342e+08   0
30.7   1.024   0.8581   -0.4762   0   -2.488e+08   1.342e+08   0
30.8   1.024   0.8332   -0.4628   0   -2.488e+08   1.342e+08   0
30.9   1.024   0.8083   -0.4493   0   -2.488e+08   1.342e+08   0
31   1.024   0.7834   -0.4359   0   -2.488e+08   1.342e+08   0
31.1   1.024   0.7586   -0.4225   0   -2.488e+08   1.342e+08   0
31.2   1.024   0.7337   -0.4091   0   -2.488e+08   1.342e+08   0
31.3   1.024   0.7088   -0.3957   0   -2.488e+08   1.342e+08   0
31.4   1.024   0.6839   -0.3822   0   -2.488e+08   1.342e+08   0
31.5   1.024   0.659   -0.3688   0   -2.488e+08   1.342e+08   0
31.6   1.028   0.6342   -0.3554   0   -2.489e+08   1.343e+08   0
31.7   1.033   0.6093   -0.342   0   -2.49e+08   1.343e+08   0
31.8   1.037   0.5844   -0.3285   0   -2.49e+08   1.344e+08   0
31.9   1.041   0.5595   -0.3151   0   -2.491e+08   1.344e+08   0
32   1.045   0.5345   -0.3016   0   -2.492e+08   1.345e+08   0
32.1   1.049   0.5096   -0.2882   0   -2.493e+08   1.345e+08   0
32.2   1.052   0.4847   -0.2747   0   -2.493e+08   1.346e+08   0
32.3   1.055   0.4598   -0.2613   0   -2.494e+08   1.346e+08   0
32.4   1.057   0.4348   -0.2478   0   -2.494e+08   1.347e+08   0
32.5   1.058   0.4099   -0.2343   0   -2.494e+08   1.347e+08   0
32.6   1.06   0.3849   -0.2209   0   -2.494e+08   1.347e+08   0
32.7   1.06   0.36   -0.2074   0   -2.494e+08   1.347e+08   0
32.8   1.059   0.335   -0.1939   0   -2.494e+08   1.347e+08   0
32.9   1.058   0.3101   -0.1805   0   -2.494e+08   1.347e+08   0
33   1.055   0.2852   -0.167   0   -2.494e+08   1.346e+08   0
33.1   1.051   0.2602   -0.1535   0   -2.493e+08   1.346e+08   0
33.2   1.046   0.2353   -0.1401   0   -2.492e+08   1.345e+08   0
33.3   1.038   0.2104   -0.1267   0   -2.491e+08   1.343e+08   0
33.4   1.029   0.1855   -0.1132   0   -2.49e+08   1.341e+08   0
33.5   1.017   0.1606   -0.09983   0   -2.488e+08   1.339e+08   0
33.6   1.016   0.1357   -0.08644   0   -2.488e+08   1.339e+08   0
33.7   1.016   0.1108   -0.07305   0   -2.488e+08   1.339e+08   0
33.8   1.016   0.08596   -0.05967   0   -2.488e+08   1.339e+08   0
33.9   1.016   0.06108   -0.04628   0   -2.488e+08   1.339e+08   0
34   1.016   0.03621   -0.0329   0   -2.488e+08   1.339e+08   0
34.1   1.016   0.01133   -0.01951   0   -2.488e+08   1.339e+08   0
34.2   1.016   -0.01355   -0.006125   0   -2.488e+08   1.339e+08   0
34.3   1.016   -0.03843   0.007261   0   -2.488e+08   1.339e+08   0
34.4   1.016   -0.06331   0.02065   0   -2.488e+08   1.339e+08   0
34.5   1.016   -0.08819   0.03403   0   -2.488e+08   1.339e+08   0
34.6   1.016   -0.1131   0.04742   0   -2.488e+08   1.339e+08   0
34.7   1.016   -0.1379   0.0608   0   -2.488e+08   1.339e+08   0
34.8   1.016   -0.1628   0.07419   0   -2.488e+08   1.339e+08   0
34.9   1.033   -0.1877   0.08758   0   -2.492e+08   1.339e+08   0
35   1.056   -0.2127   0.101   0   -2.498e+08   1.339e+08   0
35.1   1.077   -0.2377   0.1144   0   -2.503e+08   1.339e+08   0
35.2   1.095   -0.2627   0.1277   0   -2.507e+08   1.34e+08   0
35.3   1.112   -0.2878   0.1411   0   -2.51e+08   1.34e+08   0
35.4   1.127   -0.3129   0.1545   0   -2.513e+08   1.341e+08   0
35.5   1.14   -0.3381   0.168   0   -2.516e+08   1.341e+08   0
35.6   1.152   -0.3632   0.1814   0   -2.518e+08   1.342e+08   0
35.7   1.164   -0.3884   0.1948   0   -2.52e+08   1.342e+08   0
35.8   1.174   -0.4136   0.2082   0   -2.522e+08   1.342e+08   0
35.9   1.183   -0.4388   0.2216   0   -2.523e+08   1.343e+08   0
36   1.191   -0.4641   0.2351   0   -2.525e+08   1.343e+08   0
36.1   1.198   -0.4893   0.2485   0   -2.526e+08   1.344e+08   0
36.2   1.205   -0.5146   0.2619   0   -2.527e+08   1.344e+08   0
36.3   1.211   -0.5399   0.2754   0   -2.528e+08   1.344e+08   0
36.4   1.216   -0.5651   0.2888   0   -2.528e+08   1.344e+08   0
36.5   1.221   -0.5904   0.3023   0   -2.529e+08   1.345e+08   0
36.6   1.224   -0.6157   0.3157   0   -2.53e+08   1.345e+08   0
36.7   1.228   -0.641   0.3292   0   -2.53e+08   1.345e+08   0
36.8   1.231   -0.6663   0.3426   0   -2.531e+08   1.345e+08   0
36.9   1.231   -0.6916   0.3561   0   -2.531e+08   1.345e+08   0
37   1.231   -0.717   0.3695   0   -2.531e+08   1.345e+08   0
37.1   1.231   -0.7423   0.383   0   -2.531e+08   1.345e+08   0
37.2   1.231   -0.7676   0.3964   0   -2.531e+08   1.345e+08   0
37.3   1.231   -0.7929   0.4099   0   -2.531e+08   1.345e+08   0
37.4   1.231   -0.8182   0.4233   0   -2.531e+08   1.345e+08   0
37.5   1.231   -0.8435   0.4368   0   -2.531e+08   1.345e+08   0
37.6   1.231   -0.8688   0.4502   0   -2.531e+08   1.345e+08   0
37.7   1.231   -0.8941   0.4637   0   -2.531e+08   1.345e+08   0
37.8   1.231   -0.9194   0.4771   0   -2.531e+08   1.345e+08   0
37.9   1.231   -0.9447   0.4906   0   -2.531e+08   1.345e+08   0
38   1.231   -0.97   0.504   0   -2.531e+08   1.345e+08   0
38.1   1.231   -0.9953   0.5175   0   -2.531e+08   1.345e+08   0
38.2   1.231   -1.021   0.5309   0   -2.531e+08   1.345e+08   0
38.3   1.231   -1.046   0.5444   0   -2.531e+08   1.345e+08   0
38.4   1.231   -1.071   0.5578   0   -2.531e+08   1.345e+08   0
38.5   1.231   -1.097   0.5713   0   -2.531e+08   1.345e+08   0
38.6   1.231   -1.122   0.5847   0   -2.531e+08   1.345e+08   0
38.7   1.231   -1.147   0.5982   0   -2.531e+08   1.345e+08   0
38.8   1.231   -1.172   0.6117   0   -2.531e+08   1.345e+08   0
38.9   1.231   -1.198   0.6251   0   -2.531e+08   1.345e+08   0
39   1.231   -1.223   0.6386   0   -2.531e+08   1.345e+08   0
39.1   1.231   -1.248   0.652   0   -2.531e+08   1.345e+08   0
39.2   1.231   -1.274   0.6655   0   -2.531e+08   1.345e+08   0
39.3   1.231   -1.299   0.6789   0   -2.531e+08   1.345e+08   0
39.4   1.231   -1.324   0.6924   0   -2.531e+08   1.345e+08   0
39.5   1.231   -1.35   0.7058   0   -2.531e+08   1.345e+08   0
39.6   1.231   -1.375   0.7193   0   -2.531e+08   1.345e+08   0
39.7   1.231   -1.4   0.7327   0   -2.531e+08   1.345e+08   0
39.8   1.231   -1.426   0.7462   0   -2.531e+08   1.345e+08   0
39.9   1.231   -1.451   0.7596   0   -2.531e+08   1.345e+08   0
40   1.231   -1.476   0.7731   0   -2.531e+08   1.345e+08   0
40.1   1.231   -1.501   0.7865   0   -2.531e+08   1.345e+08   0
40.2   1.231   -1.527   0.8   0   -2.531e+08   1.345e+08   0
40.3   1.231   -1.552   0.8134   0   -2.531e+08   1.345e+08   0
40.4   1.231   -1.577   0.8269   0   -2.531e+08   1.345e+08   0
40.5   1.231   -1.603   0.8403   0   -2.531e+08   1.345e+08   0
40.6   1.231   -1.628   0.8538   0   -2.531e+08   1.345e+08   0
40.7   1.231   -1.653   0.8672   0   -2.531e+08   1.345e+08   0
40.8   1.231   -1.679   0.8807   0   -2.531e+08   1.345e+08   0
40.9   1.231   -1.704   0.8941   0   -2.531e+08   1.345e+08   0
41   1.231   -1.729   0.9076   0   -2.531e+08   1.345e+08   0
41.1   1.231   -1.755   0.921   0   -2.531e+08   1.345e+08   0
41.2   1.231   -1.78   0.9345   0   -2.531e+08   1.345e+08   0
41.3   1.231   -1.805   0.9479   0   -2.531e+08   1.345e+08   0
41.4   1.231   -1.83   0.9614   0   -2.531e+08   1.345e+08   0
41.5   1.231   -1.856   0.9748   0   -2.531e+08   1.345e+08   0
41.6   1.231   -1.881   0.9883   0   -2.531e+08   1.345e+08   0
41.7   1.231   -1.906   1.002   0   -2.531e+08   1.345e+08   0
41.8   1.231   -1.932   1.015   0   -2.531e+08   1.345e+08   0
41.9   1.231   -1.957   1.029   0   -2.531e+08   1.345e+08   0
42   1.231   -1.982   1.042   0   -2.531e+08   1.345e+08   0
42.1   1.231   -2.008   1.056   0   -2.531e+08   1.345e+08   0
42.2   1.231   -2.033   1.069   0   -2.531e+08   1.345e+08   0
42.3   1.231   -2.058   1.082   0   -2.531e+08   1.345e+08   0
42.4   1.231   -2.084   1.096   0   -2.531e+08   1.345e+08   0
42.5   1.231   -2.109   1.109   0   -2.531e+08   1.345e+08   0
42.6   1.231   -2.134   1.123   0   -2.531e+08   1.345e+08   0
42.7   1.231   -2.159   1.136   0   -2.531e+08   1.345e+08   0
42.8   1.231   -2.185   1.15   0   -2.531e+08   1.345e+08   0
42.9   1.231   -2.21   1.163   0   -2.531e+08   1.345e+08   0
43   1.231   -2.235   1.177   0   -2.531e+08   1.345e+08   0
43.1   1.231   -2.261   1.19   0   -2.531e+08   1.345e+08   0
43.2   1.231   -2.286   1.204   0   -2.531e+08   1.345e+08   0
43.3   1.231   -2.311   1.217   0   -2.531e+08   1.345e+08   0
43.4   1.231   -2.337   1.23   0   -2.531e+08   1.345e+08   0
43.5   1.231   -2.362   1.244   0   -2.531e+08   1.345e+08   0
43.6   1.231   -2.387   1.257   0   -2.531e+08   1.345e+08   0
43.7   1.231   -2.413   1.271   0   -2.531e+08   1.345e+08   0
43.8   1.231   -2.438   1.284   0   -2.531e+08   1.345e+08   0
43.9   1.231   -2.463   1.298   0   -2.531e+08   1.345e+08   0
44   1.231   -2.488   1.311   0   -2.531e+08   1.345e+08   0
44.1   1.231   -2.514   1.325   0   -2.531e+08   1.345e+08   0
44.2   1.231   -2.539   1.338   0   -2.531e+08   1.345e+08   0
44.3   1.231   -2.564   1.351   0   -2.531e+08   1.345e+08   0
44.4   1.231   -2.59   1.365   0   -2.531e+08   1.345e+08   0
44.5   1.231   -2.615   1.378   0   -2.531e+08   1.345e+08   0
44.6   1.231   -2.64   1.392   0   -2.531e+08   1.345e+08   0
44.7   1.231   -2.666   1.405   0   -2.531e+08   1.345e+08   0
44.8   1.231   -2.691   1.419   0   -2.531e+08   1.345e+08   0
44.9   1.231   -2.716   1.432   0   -2.531e+08   1.345e+08   0
45   1.231   -2.742   1.446   0   -2.531e+08   1.345e+08   0
