0   0.04   -0.753   0   0   1.121e+08   0   0
0.1   0.04   -0.753   0   0   1.121e+08   0   0
0.2   0.04   -0.753   0   0   1.121e+08   0   0
0.3   0.04   -0.753   0   0   1.121e+08   0   0
0.4   0.04   -0.753   0   0   1.121e+08   0   0
0.5   0.04   -0.753   0   0   1.121e+08   0   0
0.6   0.04   -0.753   0   0   1.121e+08   0   0
0.7   0.04   -0.753   0   0   1.121e+08   0   0
0.8   0.04   -0.753   0   0   1.121e+08   0   0
0.9   0.04065   -0.7472   0   0   1.13e+08   0   0
1   0.04211   -0.7358   0   0   1.147e+08   0   0
1.1   0.04378   -0.7243   0   0   1.167e+08   0   0
1.2   0.04567   -0.7125   0   0   1.189e+08   0   0
1.3   0.04778   -0.7005   0   0   1.213e+08   0   0
1.4   0.05012   -0.6882   0   0   1.238e+08   0   0
1.5   0.0527   -0.6757   0   0   1.266e+08   0   0
1.6   0.05553   -0.6629   0   0   1.294e+08   0   0
1.7   0.05861   -0.6498   0   0   1.325e+08   0   0
1.8   0.06196   -0.6364   0   0   1.356e+08   0   0
1.9   0.06557   -0.6227   0   0   1.389e+08   0   0
2   0.06946   -0.6086   0   0   1.422e+08   0   0
2.1   0.07362   -0.5942   0   0   1.456e+08   0   0
2.2   0.07806   -0.5795   0   0   1.491e+08   0   0
2.3   0.08279   -0.5644   0   0   1.527e+08   0   0
2.4   0.08779   -0.5489   0   0   1.563e+08   0   0
2.5   0.09307   -0.5331   0   0   1.599e+08   0   0
2.6   0.09862   -0.517   0   0   1.635e+08   0   0
2.7   0.1044   -0.5004   0   0   1.671e+08   0   0
2.8   0.1105   -0.4836   0   0   1.706e+08   0   0
2.9   0.1168   -0.4663   0   0   1.742e+08   0   0
3   0.1234   -0.4487   0   0   1.777e+08   0   0
3.1   0.1302   -0.4308   0   0   1.811e+08   0   0
3.2   0.1372   -0.4125   0   0   1.844e+08   0   0
3.3   0.1443   -0.3939   0   0   1.877e+08   0   0
3.4   0.1517   -0.375   0   0   1.909e+08   0   0
3.5   0.1591   -0.3557   0   0   1.939e+08   0   0
3.6   0.1666   -0.3362   0   0   1.969e+08   0   0
3.7   0.1742   -0.3163   0   0   1.997e+08   0   0
3.8   0.1818   -0.2962   0   0   2.025e+08   0   0
3.9   0.1894   -0.2758   0   0   2.05e+08   0   0
4   0.1969   -0.2552   0   0   2.075e+08   0   0
4.1   0.2042   -0.2344   0   0   2.097e+08   0   0
4.2   0.2112   -0.2133   0   0   2.118e+08   0   0
4.3   0.2179   -0.192   0   0   2.138e+08   0   0
4.4   0.219   -0.1706   0   0   2.141e+08   0   0
4.5   0.219   -0.1492   0   0   2.141e+08   0   0
4.6   0.219   -0.1278   0   0   2.141e+08   0   0
4.7   0.219   -0.1064   0   0   2.141e+08   0   0
4.8   0.219   -0.08494   0   0   2.141e+08   0   0
4.9   0.219   -0.06353   0   0   2.141e+08   0   0
5   0.219   -0.04213   0   0   2.141e+08   0   0
5.1   0.219   -0.02072   0   0   2.141e+08   0   0
5.2   0.219   0.0006935   0   0   2.141e+08   0   0
5.3   0.219   0.0221   0   0   2.141e+08   0   0
5.4   0.219   0.04351   0   0   2.141e+08   0   0
5.5   0.219   0.06492   0   0   2.141e+08   0   0
5.6   0.219   0.08633   0   0   2.141e+08   0   0
5.7   0.219   0.1077   0   0   2.141e+08   0   0
5.8   0.219   0.1292   0   0   2.141e+08   0   0
5.9   0.219   0.1506   0   0   2.141e+08   0   0
6   0.219   0.172   0   0   2.141e+08   0   0
6.1   0.2226   0.1934   0   0   2.151e+08   0   0
6.2   0.238   0.2151   0   0   2.192e+08   0   0
6.3   0.2528   0.2372   0   0   2.228e+08   0   0
6.4   0.267   0.2597   0   0   2.261e+08   0   0
6.5   0.2808   0.2824   0   0   2.29e+08   0   0
6.6   0.2939   0.3055   0   0   2.316e+08   0   0
6.7   0.3066   0.3287   0   0   2.34e+08   0   0
6.8   0.3187   0.3523   0   0   2.362e+08   0   0
6.9   0.3303   0.376   0   0   2.382e+08   0   0
7   0.3414   0.3999   0   0   2.399e+08   0   0
7.1   0.352   0.424   0   0   2.416e+08   0   0
7.2   0.362   0.4482   0   0   2.431e+08   0   0
7.3   0.3715   0.4726   0   0   2.444e+08   0   0
7.4   0.3805   0.4971   0   0   2.457e+08   0   0
7.5   0.3891   0.5217   0   0   2.468e+08   0   0
7.6   0.3971   0.5464   0   0   2.478e+08   0   0
7.7   0.4045   0.5713   0   0   2.488e+08   0   0
7.8   0.4115   0.5962   0   0   2.496e+08   0   0
7.9   0.4181   0.6212   0   0   2.504e+08   0   0
8   0.4241   0.6463   0   0   2.511e+08   0   0
8.1   0.4296   0.6714   0   0   2.517e+08   0   0
8.2   0.4347   0.6966   0   0   2.523e+08   0   0
8.3   0.4393   0.7218   0   0   2.528e+08   0   0
8.4   0.4435   0.7471   0   0   2.532e+08   0   0
8.5   0.4444   0.7725   0   0   2.533e+08   0   0
8.6   0.4444   0.7978   0   0   2.533e+08   0   0
8.7   0.4444   0.8231   0   0   2.533e+08   0   0
8.8   0.4444   0.8485   0   0   2.533e+08   0   0
8.9   0.4444   0.8738   0   0   2.533e+08   0   0
9   0.4444   0.8991   0   0   2.533e+08   0   0
9.1   0.4444   0.9245   0   0   2.533e+08   0   0
9.2   0.4444   0.9498   0   0   2.533e+08   0   0
9.3   0.4444   0.9751   0   0   2.533e+08   0   0
9.4   0.4444   1   0   0   2.533e+08   0   0
9.5   0.4444   1.026   0   0   2.533e+08   0   0
9.6   0.4444   1.051   0   0   2.533e+08   0   0
9.7   0.4444   1.076   0   0   2.533e+08   0   0
9.8   0.4444   1.102   0   0   2.533e+08   0   0
9.9   0.4451   1.127   -0.002179   0   2.474e+08   -5.494e+07   0
10   0.446   1.151   -0.01108   0   2.226e+08   -1.212e+08   0
10.1   0.447   1.171   -0.02616   0   1.806e+08   -1.78e+08   0
10.2   0.4479   1.186   -0.04627   0   1.245e+08   -2.21e+08   0
10.3   0.4488   1.195   -0.06983   0   5.885e+07   -2.469e+08   0
10.4   0.4498   1.198   -0.09502   0   -1.138e+07   -2.536e+08   0
10.5   0.4507   1.193   -0.1199   0   -8.071e+07   -2.408e+08   0
10.6   0.4517   1.182   -0.1425   0   -1.438e+08   -2.094e+08   0
10.7   0.4526   1.165   -0.1612   0   -1.959e+08   -1.62e+08   0
10.8   0.4536   1.143   -0.1745   0   -2.329e+08   -1.021e+08   0
10.9   0.4545   1.119   -0.1813   0   -2.52e+08   -3.443e+07   0
11   0.4555   1.093   -0.1812   0   -2.519e+08   3.587e+07   0
11.1   0.4556   1.068   -0.1771   0   -2.511e+08   4.145e+07   0
11.2   0.4556   1.043   -0.1729   0   -2.511e+08   4.145e+07   0
11.3   0.4556   1.018   -0.1688   0   -2.511e+08   4.145e+07   0
11.4   0.4556   0.9928   -0.1646   0   -2.511e+08   4.145e+07   0
11.5   0.4556   0.9677   -0.1605   0   -2.511e+08   4.145e+07   0
11.6   0.4556   0.9426   -0.1563   0   -2.511e+08   4.145e+07   0
11.7   0.4556   0.9175   -0.1522   0   -2.511e+08   4.145e+07   0
11.8   0.4556   0.8924   -0.1481   0   -2.511e+08   4.145e+07   0
11.9   0.4556   0.8673   -0.1439   0   -2.511e+08   4.145e+07   0
12   0.4556   0.8422   -0.1398   0   -2.511e+08   4.145e+07   0
12.1   0.4556   0.8171   -0.1356   0   -2.511e+08   4.145e+07   0
12.2   0.4556   0.792   -0.1315   0   -2.511e+08   4.145e+07   0
12.3   0.4556   0.7668   -0.1273   0   -2.511e+08   4.145e+07   0
12.4   0.4558   0.7417   -0.1232   0   -2.511e+08   4.145e+07   0
12.5   0.4614   0.7166   -0.119   0   -2.517e+08   4.154e+07   0
12.6   0.4669   0.6914   -0.1149   0   -2.522e+08   4.164e+07   0
12.7   0.4725   0.6662   -0.1107   0   -2.527e+08   4.173e+07   0
12.8   0.4779   0.6409   -0.1065   0   -2.532e+08   4.181e+07   0
12.9   0.4833   0.6155   -0.1023   0   -2.537e+08   4.19e+07   0
13   0.4886   0.5901   -0.09816   0   -2.542e+08   4.198e+07   0
13.1   0.4937   0.5647   -0.09395   0   -2.547e+08   4.206e+07   0
13.2   0.4986   0.5392   -0.08974   0   -2.551e+08   4.213e+07   0
13.3   0.5033   0.5137   -0.08553   0   -2.555e+08   4.22e+07   0
13.4   0.5077   0.4881   -0.08131   0   -2.559e+08   4.226e+07   0
13.5   0.5117   0.4625   -0.07708   0   -2.562e+08   4.232e+07   0
13.6   0.5153   0.4368   -0.07284   0   -2.565e+08   4.237e+07   0
13.7   0.5185   0.4112   -0.0686   0   -2.568e+08   4.241e+07   0
13.8   0.5211   0.3855   -0.06436   0   -2.57e+08   4.245e+07   0
13.9   0.523   0.3598   -0.06011   0   -2.571e+08   4.248e+07   0
14   0.5242   0.3341   -0.05586   0   -2.572e+08   4.249e+07   0
14.1   0.5245   0.3083   -0.05161   0   -2.573e+08   4.25e+07   0
14.2   0.5238   0.2826   -0.04736   0   -2.572e+08   4.249e+07   0
14.3   0.5219   0.2569   -0.04312   0   -2.571e+08   4.246e+07   0
14.4   0.5185   0.2312   -0.03887   0   -2.568e+08   4.241e+07   0
14.5   0.5132   0.2055   -0.03463   0   -2.563e+08   4.234e+07   0
14.6   0.5076   0.1799   -0.03041   0   -2.559e+08   4.225e+07   0
14.7   0.5076   0.1544   -0.02618   0   -2.559e+08   4.225e+07   0
14.8   0.5076   0.1288   -0.02196   0   -2.559e+08   4.225e+07   0
14.9   0.5076   0.1032   -0.01773   0   -2.559e+08   4.225e+07   0
15   0.5076   0.07759   -0.01351   0   -2.559e+08   4.225e+07   0
15.1   0.5076   0.052   -0.00928   0   -2.559e+08   4.225e+07   0
15.2   0.5076   0.02642   -0.005054   0   -2.559e+08   4.225e+07   0
15.3   0.5076   0.0008286   -0.0008291   0   -2.559e+08   4.225e+07   0
15.4   0.5076   -0.02476   0.003396   0   -2.559e+08   4.225e+07   0
15.5   0.5076   -0.05035   0.007621   0   -2.559e+08   4.225e+07   0
15.6   0.5076   -0.07593   0.01185   0   -2.559e+08   4.225e+07   0
15.7   0.5076   -0.1015   0.01607   0   -2.559e+08   4.225e+07   0
15.8   0.5076   -0.1271   0.0203   0   -2.559e+08   4.225e+07   0
15.9   0.5076   -0.1527   0.02452   0   -2.559e+08   4.225e+07   0
16   0.5076   -0.1783   0.02875   0   -2.559e+08   4.225e+07   0
16.1   0.5239   -0.2039   0.03298   0   -2.572e+08   4.245e+07   0
16.2   0.5451   -0.2297   0.03724   0   -2.589e+08   4.271e+07   0
16.3   0.5644   -0.2557   0.04152   0   -2.603e+08   4.292e+07   0
16.4   0.5819   -0.2818   0.04582   0   -2.615e+08   4.311e+07   0
16.5   0.598   -0.308   0.05014   0   -2.625e+08   4.327e+07   0
16.6   0.6128   -0.3343   0.05448   0   -2.635e+08   4.341e+07   0
16.7   0.6263   -0.3607   0.05882   0   -2.643e+08   4.354e+07   0
16.8   0.6388   -0.3871   0.06318   0   -2.65e+08   4.365e+07   0
16.9   0.6502   -0.4137   0.06755   0   -2.656e+08   4.375e+07   0
17   0.6608   -0.4403   0.07193   0   -2.662e+08   4.384e+07   0
17.1   0.6704   -0.4669   0.07632   0   -2.667e+08   4.392e+07   0
17.2   0.6792   -0.4936   0.08072   0   -2.672e+08   4.4e+07   0
17.3   0.6873   -0.5203   0.08512   0   -2.676e+08   4.406e+07   0
17.4   0.6946   -0.5471   0.08953   0   -2.679e+08   4.412e+07   0
17.5   0.7012   -0.5739   0.09395   0   -2.682e+08   4.417e+07   0
17.6   0.7071   -0.6008   0.09836   0   -2.685e+08   4.421e+07   0
17.7   0.7124   -0.6276   0.1028   0   -2.688e+08   4.425e+07   0
17.8   0.717   -0.6545   0.1072   0   -2.69e+08   4.429e+07   0
17.9   0.7211   -0.6814   0.1116   0   -2.692e+08   4.432e+07   0
18   0.7247   -0.7083   0.1161   0   -2.693e+08   4.434e+07   0
18.1   0.7277   -0.7353   0.1205   0   -2.695e+08   4.436e+07   0
18.2   0.7285   -0.7622   0.125   0   -2.695e+08   4.437e+07   0
18.3   0.7285   -0.7892   0.1294   0   -2.695e+08   4.437e+07   0
18.4   0.7285   -0.8161   0.1338   0   -2.695e+08   4.437e+07   0
18.5   0.7285   -0.8431   0.1383   0   -2.695e+08   4.437e+07   0
18.6   0.7285   -0.87   0.1427   0   -2.695e+08   4.437e+07   0
18.7   0.7285   -0.897   0.1471   0   -2.695e+08   4.437e+07   0
18.8   0.7285   -0.9239   0.1516   0   -2.695e+08   4.437e+07   0
18.9   0.7285   -0.9509   0.156   0   -2.695e+08   4.437e+07   0
19   0.7285   -0.9778   0.1604   0   -2.695e+08   4.437e+07   0
19.1   0.7285   -1.005   0.1649   0   -2.695e+08   4.437e+07   0
19.2   0.7285   -1.032   0.1693   0   -2.695e+08   4.437e+07   0
19.3   0.7285   -1.059   0.1738   0   -2.695e+08   4.437e+07   0
19.4   0.7285   -1.086   0.1782   0   -2.695e+08   4.437e+07   0
19.5   0.7285   -1.113   0.1826   0   -2.695e+08   4.437e+07   0
19.6   0.7289   -1.14   0.1872   0   -2.671e+08   5.727e+07   0
19.7   0.7313   -1.165   0.1966   0   -2.406e+08   1.295e+08   0
19.8   0.7337   -1.187   0.2128   0   -1.952e+08   1.914e+08   0
19.9   0.7362   -1.204   0.2344   0   -1.344e+08   2.381e+08   0
20   0.7386   -1.213   0.2598   0   -6.321e+07   2.662e+08   0
20.1   0.7411   -1.216   0.287   0   1.288e+07   2.734e+08   0
20.2   0.7435   -1.211   0.3138   0   8.788e+07   2.593e+08   0
20.3   0.746   -1.199   0.3382   0   1.56e+08   2.252e+08   0
20.4   0.7485   -1.18   0.3582   0   2.12e+08   1.736e+08   0
20.5   0.7509   -1.157   0.3724   0   2.516e+08   1.088e+08   0
20.6   0.7534   -1.13   0.3796   0   2.719e+08   3.577e+07   0
20.7   0.7559   -1.103   0.3794   0   2.714e+08   -3.994e+07   0
20.8   0.7577   -1.077   0.372   0   2.587e+08   -9.142e+07   0
20.9   0.7577   -1.051   0.3629   0   2.587e+08   -9.142e+07   0
21   0.7577   -1.025   0.3537   0   2.587e+08   -9.142e+07   0
21.1   0.7577   -0.9989   0.3446   0   2.587e+08   -9.142e+07   0
21.2   0.7577   -0.9731   0.3354   0   2.587e+08   -9.142e+07   0
21.3   0.7577   -0.9472   0.3263   0   2.587e+08   -9.142e+07   0
21.4   0.7577   -0.9213   0.3172   0   2.587e+08   -9.142e+07   0
21.5   0.7577   -0.8955   0.308   0   2.587e+08   -9.142e+07   0
21.6   0.7577   -0.8696   0.2989   0   2.587e+08   -9.142e+07   0
21.7   0.7577   -0.8437   0.2897   0   2.587e+08   -9.142e+07   0
21.8   0.7577   -0.8178   0.2806   0   2.587e+08   -9.142e+07   0
21.9   0.7577   -0.792   0.2715   0   2.587e+08   -9.142e+07   0
22   0.7577   -0.7661   0.2623   0   2.587e+08   -9.142e+07   0
22.1   0.7577   -0.7402   0.2532   0   2.587e+08   -9.142e+07   0
22.2   0.7577   -0.7143   0.244   0   2.587e+08   -9.142e+07   0
22.3   0.762   -0.6885   0.2349   0   2.589e+08   -9.146e+07   0
22.4   0.7665   -0.6626   0.2257   0   2.591e+08   -9.151e+07   0
22.5   0.7707   -0.6367   0.2166   0   2.592e+08   -9.156e+07   0
22.6   0.7748   -0.6107   0.2074   0   2.594e+08   -9.16e+07   0
22.7   0.7785   -0.5848   0.1983   0   2.595e+08   -9.164e+07   0
22.8   0.7819   -0.5588   0.1891   0   2.597e+08   -9.168e+07   0
22.9   0.785   -0.5328   0.1799   0   2.598e+08   -9.171e+07   0
23   0.7876   -0.5069   0.1708   0   2.599e+08   -9.173e+07   0
23.1   0.7898   -0.4809   0.1616   0   2.6e+08   -9.175e+07   0
23.2   0.7914   -0.4549   0.1524   0   2.6e+08   -9.177e+07   0
23.3   0.7923   -0.4289   0.1432   0   2.601e+08   -9.178e+07   0
23.4   0.7926   -0.4028   0.134   0   2.601e+08   -9.178e+07   0
23.5   0.7921   -0.3768   0.1249   0   2.601e+08   -9.177e+07   0
23.6   0.7906   -0.3508   0.1157   0   2.6e+08   -9.176e+07   0
23.7   0.7881   -0.3248   0.1065   0   2.599e+08   -9.174e+07   0
23.8   0.7844   -0.2989   0.09734   0   2.598e+08   -9.172e+07   0
23.9   0.7793   -0.2729   0.08817   0   2.596e+08   -9.168e+07   0
24   0.7725   -0.2469   0.07901   0   2.593e+08   -9.164e+07   0
24.1   0.7637   -0.221   0.06985   0   2.589e+08   -9.158e+07   0
24.2   0.7525   -0.1952   0.06069   0   2.585e+08   -9.153e+07   0
24.3   0.7445   -0.1693   0.05154   0   2.581e+08   -9.149e+07   0
24.4   0.7445   -0.1435   0.04239   0   2.581e+08   -9.149e+07   0
24.5   0.7445   -0.1177   0.03324   0   2.581e+08   -9.149e+07   0
24.6   0.7445   -0.09191   0.02409   0   2.581e+08   -9.149e+07   0
24.7   0.7445   -0.0661   0.01495   0   2.581e+08   -9.149e+07   0
24.8   0.7445   -0.04029   0.005796   0   2.581e+08   -9.149e+07   0
24.9   0.7445   -0.01448   -0.003353   0   2.581e+08   -9.149e+07   0
25   0.7445   0.01133   -0.0125   0   2.581e+08   -9.149e+07   0
25.1   0.7445   0.03714   -0.02165   0   2.581e+08   -9.149e+07   0
25.2   0.7445   0.06295   -0.0308   0   2.581e+08   -9.149e+07   0
25.3   0.7445   0.08876   -0.03995   0   2.581e+08   -9.149e+07   0
25.4   0.7445   0.1146   -0.0491   0   2.581e+08   -9.149e+07   0
25.5   0.7445   0.1404   -0.05825   0   2.581e+08   -9.149e+07   0
25.6   0.7445   0.1662   -0.0674   0   2.581e+08   -9.149e+07   0
25.7   0.7613   0.192   -0.07656   0   2.587e+08   -9.19e+07   0
25.8   0.7839   0.2179   -0.08578   0   2.595e+08   -9.239e+07   0
25.9   0.8039   0.2439   -0.09504   0   2.602e+08   -9.28e+07   0
26   0.8218   0.27   -0.1043   0   2.608e+08   -9.313e+07   0
26.1   0.8379   0.2961   -0.1137   0   2.613e+08   -9.341e+07   0
26.2   0.8524   0.3222   -0.123   0   2.617e+08   -9.365e+07   0
26.3   0.8655   0.3484   -0.1324   0   2.621e+08   -9.385e+07   0
26.4   0.8774   0.3746   -0.1418   0   2.624e+08   -9.403e+07   0
26.5   0.8881   0.4009   -0.1512   0   2.627e+08   -9.418e+07   0
26.6   0.8977   0.4272   -0.1606   0   2.63e+08   -9.431e+07   0
26.7   0.9063   0.4535   -0.1701   0   2.632e+08   -9.442e+07   0
26.8   0.9141   0.4798   -0.1795   0   2.634e+08   -9.452e+07   0
26.9   0.921   0.5062   -0.189   0   2.636e+08   -9.461e+07   0
27   0.9271   0.5325   -0.1984   0   2.637e+08   -9.468e+07   0
27.1   0.9325   0.5589   -0.2079   0   2.639e+08   -9.475e+07   0
27.2   0.9372   0.5853   -0.2174   0   2.64e+08   -9.48e+07   0
27.3   0.9412   0.6117   -0.2269   0   2.641e+08   -9.485e+07   0
27.4   0.9446   0.6381   -0.2363   0   2.642e+08   -9.489e+07   0
27.5   0.9474   0.6645   -0.2458   0   2.643e+08   -9.492e+07   0
27.6   0.9497   0.691   -0.2553   0   2.643e+08   -9.494e+07   0
27.7   0.9508   0.7174   -0.2648   0   2.643e+08   -9.496e+07   0
27.8   0.9508   0.7438   -0.2743   0   2.643e+08   -9.496e+07   0
27.9   0.9508   0.7703   -0.2838   0   2.643e+08   -9.496e+07   0
28   0.9508   0.7967   -0.2933   0   2.643e+08   -9.496e+07   0
28.1   0.9508   0.8231   -0.3028   0   2.643e+08   -9.496e+07   0
28.2   0.9508   0.8496   -0.3123   0   2.643e+08   -9.496e+07   0
28.3   0.9508   0.876   -0.3218   0   2.643e+08   -9.496e+07   0
28.4   0.9508   0.9024   -0.3313   0   2.643e+08   -9.496e+07   0
28.5   0.9508   0.9289   -0.3408   0   2.643e+08   -9.496e+07   0
28.6   0.9508   0.9553   -0.3503   0   2.643e+08   -9.496e+07   0
28.7   0.9508   0.9818   -0.3598   0   2.643e+08   -9.496e+07   0
28.8   0.9508   1.008   -0.3693   0   2.643e+08   -9.496e+07   0
28.9   0.9508   1.035   -0.3788   0   2.643e+08   -9.496e+07   0
29   0.9508   1.061   -0.3883   0   2.643e+08   -9.496e+07   0
29.1   0.9509   1.087   -0.3978   0   2.637e+08   -9.671e+07   0
29.2   0.9567   1.112   -0.4116   0   2.18e+08   -1.773e+08   0
29.3   0.9626   1.13   -0.4327   0   1.489e+08   -2.385e+08   0
29.4   0.9684   1.141   -0.4585   0   6.393e+07   -2.74e+08   0
29.5   0.9743   1.143   -0.4865   0   -2.759e+07   -2.801e+08   0
29.6   0.9802   1.135   -0.5136   0   -1.159e+08   -2.567e+08   0
29.7   0.9862   1.12   -0.5369   0   -1.919e+08   -2.064e+08   0
29.8   0.9922   1.098   -0.5541   0   -2.477e+08   -1.347e+08   0
29.9   0.9982   1.071   -0.5633   0   -2.777e+08   -4.938e+07   0
30   1.004   1.043   -0.5637   0   -2.793e+08   4.078e+07   0
30.1   1.01   1.016   -0.5552   0   -2.524e+08   1.265e+08   0
30.2   1.011   0.9914   -0.5418   0   -2.483e+08   1.345e+08   0
30.3   1.011   0.9666   -0.5283   0   -2.483e+08   1.345e+08   0
30.4   1.011   0.9418   -0.5149   0   -2.483e+08   1.345e+08   0
30.5   1.011   0.9169   -0.5014   0   -2.483e+08   1.345e+08   0
30.6   1.011   0.8921   -0.488   0   -2.483e+08   1.345e+08   0
30.7   1.011   0.8673   -0.4745   0   -2.483e+08   1.345e+08   0
30.8   1.011   0.8424   -0.4611   0   -2.483e+08   1.345e+08   0
30.9   1.011   0.8176   -0.4476   0   -2.483e+08   1.345e+08   0
31   1.011   0.7928   -0.4342   0   -2.483e+08   1.345e+08   0
31.1   1.011   0.768   -0.4207   0   -2.483e+08   1.345e+08   0
31.2   1.011   0.7431   -0.4072   0   -2.483e+08   1.345e+08   0
31.3   1.011   0.7183   -0.3938   0   -2.483e+08   1.345e+08   0
31.4   1.011   0.6935   -0.3803   0   -2.483e+08   1.345e+08   0
31.5   1.011   0.6686   -0.3669   0   -2.483e+08   1.345e+08   0
31.6   1.014   0.6438   -0.3534   0   -2.483e+08   1.346e+08   0
31.7   1.019   0.619   -0.34   0   -2.484e+08   1.346e+08   0
31.8   1.023   0.5941   -0.3265   0   -2.485e+08   1.347e+08   0
31.9   1.027   0.5693   -0.313   0   -2.486e+08   1.347e+08   0
32   1.031   0.5444   -0.2996   0   -2.487e+08   1.348e+08   0
32.1   1.034   0.5195   -0.2861   0   -2.487e+08   1.348e+08   0
32.2   1.038   0.4947   -0.2726   0   -2.488e+08   1.349e+08   0
32.3   1.04   0.4698   -0.2591   0   -2.489e+08   1.349e+08   0
32.4   1.042   0.4449   -0.2456   0   -2.489e+08   1.349e+08   0
32.5   1.044   0.42   -0.2321   0   -2.489e+08   1.349e+08   0
32.6   1.045   0.3951   -0.2186   0   -2.489e+08   1.349e+08   0
32.7   1.045   0.3702   -0.2051   0   -2.49e+08   1.349e+08   0
32.8   1.045   0.3453   -0.1916   0   -2.489e+08   1.349e+08   0
32.9   1.043   0.3204   -0.1782   0   -2.489e+08   1.349e+08   0
33   1.041   0.2955   -0.1647   0   -2.489e+08   1.349e+08   0
33.1   1.037   0.2707   -0.1512   0   -2.488e+08   1.348e+08   0
33.2   1.032   0.2458   -0.1377   0   -2.487e+08   1.348e+08   0
33.3   1.025   0.2209   -0.1242   0   -2.486e+08   1.347e+08   0
33.4   1.015   0.1961   -0.1108   0   -2.484e+08   1.345e+08   0
33.5   1.003   0.1712   -0.09731   0   -2.482e+08   1.344e+08   0
33.6   0.9991   0.1464   -0.08388   0   -2.481e+08   1.343e+08   0
33.7   0.9991   0.1216   -0.07045   0   -2.481e+08   1.343e+08   0
33.8   0.9991   0.09681   -0.05702   0   -2.481e+08   1.343e+08   0
33.9   0.9991   0.072   -0.04359   0   -2.481e+08   1.343e+08   0
34   0.9991   0.04719   -0.03016   0   -2.481e+08   1.343e+08   0
34.1   0.9991   0.02239   -0.01673   0   -2.481e+08   1.343e+08   0
34.2   0.9991   -0.002423   -0.003299   0   -2.481e+08   1.343e+08   0
34.3   0.9991   -0.02723   0.01013   0   -2.481e+08   1.343e+08   0
34.4   0.9991   -0.05204   0.02356   0   -2.481e+08   1.343e+08   0
34.5   0.9991   -0.07685   0.03699   0   -2.481e+08   1.343e+08   0
34.6   0.9991   -0.1017   0.05042   0   -2.481e+08   1.343e+08   0
34.7   0.9991   -0.1265   0.06385   0   -2.481e+08   1.343e+08   0
34.8   0.9991   -0.1513   0.07728   0   -2.481e+08   1.343e+08   0
34.9   1.008   -0.1761   0.09071   0   -2.483e+08   1.344e+08   0
35   1.032   -0.2009   0.1042   0   -2.488e+08   1.346e+08   0
35.1   1.053   -0.2258   0.1176   0   -2.493e+08   1.347e+08   0
35.2   1.072   -0.2508   0.1311   0   -2.497e+08   1.349e+08   0
35.3   1.089   -0.2758   0.1446   0   -2.5e+08   1.35e+08   0
35.4   1.105   -0.3008   0.1581   0   -2.503e+08   1.351e+08   0
35.5   1.119   -0.3258   0.1716   0   -2.505e+08   1.352e+08   0
35.6   1.131   -0.3509   0.1851   0   -2.507e+08   1.353e+08   0
35.7   1.143   -0.376   0.1987   0   -2.509e+08   1.354e+08   0
35.8   1.153   -0.4011   0.2122   0   -2.511e+08   1.354e+08   0
35.9   1.162   -0.4262   0.2258   0   -2.513e+08   1.355e+08   0
36   1.171   -0.4513   0.2393   0   -2.514e+08   1.356e+08   0
36.1   1.178   -0.4765   0.2529   0   -2.515e+08   1.356e+08   0
36.2   1.185   -0.5016   0.2664   0   -2.516e+08   1.357e+08   0
36.3   1.191   -0.5268   0.28   0   -2.517e+08   1.357e+08   0
36.4   1.196   -0.552   0.2936   0   -2.518e+08   1.358e+08   0
36.5   1.201   -0.5772   0.3072   0   -2.519e+08   1.358e+08   0
36.6   1.205   -0.6023   0.3207   0   -2.519e+08   1.358e+08   0
36.7   1.208   -0.6275   0.3343   0   -2.52e+08   1.358e+08   0
36.8   1.211   -0.6527   0.3479   0   -2.52e+08   1.359e+08   0
36.9   1.212   -0.6779   0.3615   0   -2.52e+08   1.359e+08   0
37   1.212   -0.7031   0.3751   0   -2.52e+08   1.359e+08   0
37.1   1.212   -0.7283   0.3887   0   -2.52e+08   1.359e+08   0
37.2   1.212   -0.7535   0.4023   0   -2.52e+08   1.359e+08   0
37.3   1.212   -0.7787   0.4158   0   -2.52e+08   1.359e+08   0
37.4   1.212   -0.8039   0.4294   0   -2.52e+08   1.359e+08   0
37.5   1.212   -0.8291   0.443   0   -2.52e+08   1.359e+08   0
37.6   1.212   -0.8544   0.4566   0   -2.52e+08   1.359e+08   0
37.7   1.212   -0.8796   0.4702   0   -2.52e+08   1.359e+08   0
37.8   1.212   -0.9048   0.4838   0   -2.52e+08   1.359e+08   0
37.9   1.212   -0.93   0.4974   0   -2.52e+08   1.359e+08   0
38   1.212   -0.9552   0.5109   0   -2.52e+08   1.359e+08   0
38.1   1.212   -0.9804   0.5245   0   -2.52e+08   1.359e+08   0
38.2   1.212   -1.006   0.5381   0   -2.52e+08   1.359e+08   0
38.3   1.212   -1.031   0.5517   0   -2.52e+08   1.359e+08   0
38.4   1.212   -1.056   0.5653   0   -2.52e+08   1.359e+08   0
38.5   1.212   -1.081   0.5789   0   -2.52e+08   1.359e+08   0
38.6   1.212   -1.106   0.5925   0   -2.52e+08   1.359e+08   0
38.7   1.212   -1.132   0.606   0   -2.52e+08   1.359e+08   0
38.8   1.212   -1.157   0.6196   0   -2.52e+08   1.359e+08   0
38.9   1.212   -1.182   0.6332   0   -2.52e+08   1.359e+08   0
39   1.212   -1.207   0.6468   0   -2.52e+08   1.359e+08   0
39.1   1.212   -1.232   0.6604   0   -2.52e+08   1.359e+08   0
39.2   1.212   -1.258   0.674   0   -2.52e+08   1.359e+08   0
39.3   1.212   -1.283   0.6876   0   -2.52e+08   1.359e+08   0
39.4   1.212   -1.308   0.7011   0   -2.52e+08   1.359e+08   0
39.5   1.212   -1.333   0.7147   0   -2.52e+08   1.359e+08   0
39.6   1.212   -1.358   0.7283   0   -2.52e+08   1.359e+08   0
39.7   1.212   -1.384   0.7419   0   -2.52e+08   1.359e+08   0
39.8   1.212   -1.409   0.7555   0   -2.52e+08   1.359e+08   0
39.9   1.212   -1.434   0.7691   0   -2.52e+08   1.359e+08   0
40   1.212   -1.459   0.7827   0   -2.52e+08   1.359e+08   0
40.1   1.212   -1.484   0.7962   0   -2.52e+08   1.359e+08   0
40.2   1.212   -1.51   0.8098   0   -2.52e+08   1.359e+08   0
40.3   1.212   -1.535   0.8234   0   -2.52e+08   1.359e+08   0
40.4   1.212   -1.56   0.837   0   -2.52e+08   1.359e+08   0
40.5   1.212   -1.585   0.8506   0   -2.52e+08   1.359e+08   0
40.6   1.212   -1.61   0.8642   0   -2.52e+08   1.359e+08   0
40.7   1.212   -1.636   0.8778   0   -2.52e+08   1.359e+08   0
40.8   1.212   -1.661   0.8913   0   -2.52e+08   1.359e+08   0
40.9   1.212   -1.686   0.9049   0   -2.52e+08   1.359e+08   0
41   1.212   -1.711   0.9185   0   -2.52e+08   1.359e+08   0
41.1   1.212   -1.736   0.9321   0   -2.52e+08   1.359e+08   0
41.2   1.212   -1.762   0.9457   0   -2.52e+08   1.359e+08   0
41.3   1.212   -1.787   0.9593   0   -2.52e+08   1.359e+08   0
41.4   1.212   -1.812   0.9729   0   -2.52e+08   1.359e+08   0
41.5   1.212   -1.837   0.9865   0   -2.52e+08   1.359e+08   0
41.6   1.212   -1.862   1   0   -2.52e+08   1.359e+08   0
41.7   1.212   -1.888   1.014   0   -2.52e+08   1.359e+08   0
41.8   1.212   -1.913   1.027   0   -2.52e+08   1.359e+08   0
41.9   1.212   -1.938   1.041   0   -2.52e+08   1.359e+08   0
42   1.212   -1.963   1.054   0   -2.52e+08   1.359e+08   0
42.1   1.212   -1.988   1.068   0   -2.52e+08   1.359e+08   0
42.2   1.212   -2.014   1.082   0   -2.52e+08   1.359e+08   0
42.3   1.212   -2.039   1.095   0   -2.52e+08   1.359e+08   0
42.4   1.212   -2.064   1.109   0   -2.52e+08   1.359e+08   0
42.5   1.212   -2.089   1.122   0   -2.52e+08   1.359e+08   0
42.6   1.212   -2.114   1.136   0   -2.52e+08   1.359e+08   0
42.7   1.212   -2.14   1.149   0   -2.52e+08   1.359e+08   0
42.8   1.212   -2.165   1.163   0   -2.52e+08   1.359e+08   0
42.9   1.212   -2.19   1.177   0   -2.52e+08   1.359e+08   0
43   1.212   -2.215   1.19   0   -2.52e+08   1.359e+08   0
43.1   1.212   -2.24   1.204   0   -2.52e+08   1.359e+08   0
43.2   1.212   -2.266   1.217   0   -2.52e+08   1.359e+08   0
43.3   1.212   -2.291   1.231   0   -2.52e+08   1.359e+08   0
43.4   1.212   -2.316   1.245   0   -2.52e+08   1.359e+08   0
43.5   1.212   -2.341   1.258   0   -2.52e+08   1.359e+08   0
43.6   1.212   -2.366   1.272   0   -2.52e+08   1.359e+08   0
43.7   1.212   -2.392   1.285   0   -2.52e+08   1.359e+08   0
43.8   1.212   -2.417   1.299   0   -2.52e+08   1.359e+08   0
43.9   1.212   -2.442   1.313   0   -2.52e+08   1.359e+08   0
44   1.212   -2.467   1.326   0   -2.52e+08   1.359e+08   0
44.1   1.212   -2.492   1.34   0   -2.52e+08   1.359e+08   0
44.2   1.212   -2.518   1.353   0   -2.52e+08   1.359e+08   0
44.3   1.212   -2.543   1.367   0   -2.52e+08   1.359e+08   0
44.4   1.212   -2.568   1.38   0   -2.52e+08   1.359e+08   0
44.5   1.212   -2.593   1.394   0   -2.52e+08   1.359e+08   0
44.6   1.212   -2.618   1.408   0   -2.52e+08   1.359e+08   0
44.7   1.212   -2.644   1.421   0   -2.52e+08   1.359e+08   0
44.8   1.212   -2.669   1.435   0   -2.52e+08   1.359e+08   0
44.9   1.212   -2.694   1.448   0   -2.52e+08   1.359e+08   0
45   1.212   -2.719   1.462   0   -2.52e+08   1.359e+08   0
