0   0.04   -0.753   0   0   1.121e+08   0   0
0.1   0.04   -0.753   0   0   1.121e+08   0   0
0.2   0.04   -0.753   0   0   1.121e+08   0   0
0.3   0.04   -0.753   0   0   1.121e+08   0   0
0.4   0.04   -0.753   0   0   1.121e+08   0   0
0.5   0.04   -0.753   0   0   1.121e+08   0   0
0.6   0.04   -0.753   0   0   1.121e+08   0   0
0.7   0.04   -0.753   0   0   1.121e+08   0   0
0.8   0.04   -0.753   0   0   1.121e+08   0   0
0.9   0.0404   -0.7495   0   0   1.126e+08   0   0
1   0.04185   -0.7381   0   0   1.144e+08   0   0
1.1   0.04351   -0.7266   0   0   1.164e+08   0   0
1.2   0.04538   -0.7148   0   0   1.186e+08   0   0
1.3   0.04747   -0.7029   0   0   1.21e+08   0   0
1.4   0.0498   -0.6906   0   0   1.235e+08   0   0
1.5   0.05237   -0.6782   0   0   1.262e+08   0   0
1.6   0.05518   -0.6654   0   0   1.291e+08   0   0
1.7   0.05824   -0.6523   0   0   1.321e+08   0   0
1.8   0.06157   -0.639   0   0   1.352e+08   0   0
1.9   0.06516   -0.6253   0   0   1.385e+08   0   0
2   0.06902   -0.6113   0   0   1.418e+08   0   0
2.1   0.07315   -0.5969   0   0   1.453e+08   0   0
2.2   0.07756   -0.5822   0   0   1.488e+08   0   0
2.3   0.08225   -0.5671   0   0   1.523e+08   0   0
2.4   0.08721   -0.5517   0   0   1.559e+08   0   0
2.5   0.09245   -0.536   0   0   1.595e+08   0   0
2.6   0.09796   -0.5198   0   0   1.631e+08   0   0
2.7   0.1037   -0.5034   0   0   1.667e+08   0   0
2.8   0.1098   -0.4865   0   0   1.702e+08   0   0
2.9   0.116   -0.4693   0   0   1.737e+08   0   0
3   0.1225   -0.4518   0   0   1.772e+08   0   0
3.1   0.1293   -0.4339   0   0   1.806e+08   0   0
3.2   0.1362   -0.4156   0   0   1.84e+08   0   0
3.3   0.1433   -0.3971   0   0   1.872e+08   0   0
3.4   0.1505   -0.3782   0   0   1.904e+08   0   0
3.5   0.1579   -0.359   0   0   1.934e+08   0   0
3.6   0.1653   -0.3395   0   0   1.964e+08   0   0
3.7   0.1728   -0.3197   0   0   1.992e+08   0   0
3.8   0.1803   -0.2997   0   0   2.019e+08   0   0
3.9   0.1878   -0.2793   0   0   2.045e+08   0   0
4   0.1951   -0.2588   0   0   2.069e+08   0   0
4.1   0.2023   -0.238   0   0   2.092e+08   0   0
4.2   0.2092   -0.2169   0   0   2.113e+08   0   0
4.3   0.2157   -0.1957   0   0   2.132e+08   0   0
4.4   0.2179   -0.1743   0   0   2.138e+08   0   0
4.5   0.2179   -0.153   0   0   2.138e+08   0   0
4.6   0.2179   -0.1316   0   0   2.138e+08   0   0
4.7   0.2179   -0.1102   0   0   2.138e+08   0   0
4.8   0.2179   -0.08883   0   0   2.138e+08   0   0
4.9   0.2179   -0.06746   0   0   2.138e+08   0   0
5   0.2179   -0.04608   0   0   2.138e+08   0   0
5.1   0.2179   -0.0247   0   0   2.138e+08   0   0
5.2   0.2179   -0.003319   0   0   2.138e+08   0   0
5.3   0.2179   0.01806   0   0   2.138e+08   0   0
5.4   0.2179   0.03944   0   0   2.138e+08   0   0
5.5   0.2179   0.06082   0   0   2.138e+08   0   0
5.6   0.2179   0.0822   0   0   2.138e+08   0   0
5.7   0.2179   0.1036   0   0   2.138e+08   0   0
5.8   0.2179   0.125   0   0   2.138e+08   0   0
5.9   0.2179   0.1463   0   0   2.138e+08   0   0
6   0.2179   0.1677   0   0   2.138e+08   0   0
6.1   0.2184   0.1891   0   0   2.139e+08   0   0
6.2   0.234   0.2107   0   0   2.182e+08   0   0
6.3   0.249   0.2327   0   0   2.219e+08   0   0
6.4   0.2635   0.2551   0   0   2.253e+08   0   0
6.5   0.2774   0.2778   0   0   2.283e+08   0   0
6.6   0.2908   0.3007   0   0   2.31e+08   0   0
6.7   0.3036   0.324   0   0   2.335e+08   0   0
6.8   0.3159   0.3474   0   0   2.357e+08   0   0
6.9   0.3276   0.3711   0   0   2.377e+08   0   0
7   0.3388   0.395   0   0   2.395e+08   0   0
7.1   0.3495   0.419   0   0   2.412e+08   0   0
7.2   0.3596   0.4432   0   0   2.427e+08   0   0
7.3   0.3693   0.4675   0   0   2.441e+08   0   0
7.4   0.3783   0.492   0   0   2.454e+08   0   0
7.5   0.3869   0.5166   0   0   2.465e+08   0   0
7.6   0.395   0.5413   0   0   2.476e+08   0   0
7.7   0.4026   0.5661   0   0   2.485e+08   0   0
7.8   0.4096   0.591   0   0   2.494e+08   0   0
7.9   0.4162   0.616   0   0   2.502e+08   0   0
8   0.4222   0.641   0   0   2.509e+08   0   0
8.1   0.4278   0.6662   0   0   2.515e+08   0   0
8.2   0.4329   0.6913   0   0   2.521e+08   0   0
8.3   0.4376   0.7166   0   0   2.526e+08   0   0
8.4   0.4418   0.7418   0   0   2.53e+08   0   0
8.5   0.4435   0.7672   0   0   2.532e+08   0   0
8.6   0.4435   0.7925   0   0   2.532e+08   0   0
8.7   0.4435   0.8178   0   0   2.532e+08   0   0
8.8   0.4435   0.8431   0   0   2.532e+08   0   0
8.9   0.4435   0.8684   0   0   2.532e+08   0   0
9   0.4435   0.8938   0   0   2.532e+08   0   0
9.1   0.4435   0.9191   0   0   2.532e+08   0   0
9.2   0.4435   0.9444   0   0   2.532e+08   0   0
9.3   0.4435   0.9697   0   0   2.532e+08   0   0
9.4   0.4435   0.9951   0   0   2.532e+08   0   0
9.5   0.4435   1.02   0   0   2.532e+08   0   0
9.6   0.4435   1.046   0   0   2.532e+08   0   0
9.7   0.4435   1.071   0   0   2.532e+08   0   0
9.8   0.4435   1.096   0   0   2.532e+08   0   0
9.9   0.444   1.122   -0.001172   0   2.5e+08   -4.032e+07   0
10   0.4449   1.146   -0.008668   0   2.292e+08   -1.08e+08   0
10.1   0.4459   1.167   -0.02254   0   1.905e+08   -1.672e+08   0
10.2   0.4468   1.183   -0.04172   0   1.37e+08   -2.134e+08   0
10.3   0.4477   1.194   -0.0647   0   7.288e+07   -2.43e+08   0
10.4   0.4487   1.198   -0.0897   0   3.106e+06   -2.537e+08   0
10.5   0.4496   1.194   -0.1148   0   -6.69e+07   -2.449e+08   0
10.6   0.4506   1.184   -0.138   0   -1.317e+08   -2.171e+08   0
10.7   0.4515   1.168   -0.1576   0   -1.864e+08   -1.726e+08   0
10.8   0.4525   1.147   -0.1721   0   -2.267e+08   -1.149e+08   0
10.9   0.4534   1.123   -0.1802   0   -2.496e+08   -4.832e+07   0
11   0.4544   1.098   -0.1815   0   -2.534e+08   2.193e+07   0
11.1   0.4546   1.073   -0.1777   0   -2.511e+08   4.083e+07   0
11.2   0.4546   1.048   -0.1736   0   -2.511e+08   4.083e+07   0
11.3   0.4546   1.023   -0.1695   0   -2.511e+08   4.083e+07   0
11.4   0.4546   0.9977   -0.1655   0   -2.511e+08   4.083e+07   0
11.5   0.4546   0.9726   -0.1614   0   -2.511e+08   4.083e+07   0
11.6   0.4546   0.9475   -0.1573   0   -2.511e+08   4.083e+07   0
11.7   0.4546   0.9224   -0.1532   0   -2.511e+08   4.083e+07   0
11.8   0.4546   0.8973   -0.1491   0   -2.511e+08   4.083e+07   0
11.9   0.4546   0.8722   -0.145   0   -2.511e+08   4.083e+07   0
12   0.4546   0.8471   -0.141   0   -2.511e+08   4.083e+07   0
12.1   0.4546   0.822   -0.1369   0   -2.511e+08   4.083e+07   0
12.2   0.4546   0.7968   -0.1328   0   -2.511e+08   4.083e+07   0
12.3   0.4546   0.7717   -0.1287   0   -2.511e+08   4.083e+07   0
12.4   0.4546   0.7466   -0.1246   0   -2.511e+08   4.083e+07   0
12.5   0.4593   0.7215   -0.1205   0   -2.515e+08   4.091e+07   0
12.6   0.4648   0.6963   -0.1164   0   -2.521e+08   4.101e+07   0
12.7   0.4703   0.6711   -0.1123   0   -2.526e+08   4.11e+07   0
12.8   0.4757   0.6458   -0.1082   0   -2.531e+08   4.12e+07   0
12.9   0.4811   0.6205   -0.1041   0   -2.536e+08   4.128e+07   0
13   0.4863   0.5951   -0.09996   0   -2.541e+08   4.137e+07   0
13.1   0.4913   0.5696   -0.09582   0   -2.546e+08   4.145e+07   0
13.2   0.4962   0.5442   -0.09167   0   -2.55e+08   4.153e+07   0
13.3   0.5008   0.5186   -0.08752   0   -2.554e+08   4.161e+07   0
13.4   0.5052   0.4931   -0.08335   0   -2.558e+08   4.168e+07   0
13.5   0.5091   0.4675   -0.07918   0   -2.561e+08   4.174e+07   0
13.6   0.5127   0.4419   -0.075   0   -2.564e+08   4.18e+07   0
13.7   0.5158   0.4162   -0.07082   0   -2.566e+08   4.185e+07   0
13.8   0.5184   0.3905   -0.06663   0   -2.569e+08   4.189e+07   0
13.9   0.5203   0.3648   -0.06244   0   -2.57e+08   4.192e+07   0
14   0.5215   0.3391   -0.05825   0   -2.571e+08   4.193e+07   0
14.1   0.5218   0.3134   -0.05406   0   -2.571e+08   4.194e+07   0
14.2   0.5211   0.2877   -0.04986   0   -2.571e+08   4.193e+07   0
14.3   0.5192   0.262   -0.04567   0   -2.569e+08   4.19e+07   0
14.4   0.5159   0.2363   -0.04149   0   -2.566e+08   4.184e+07   0
14.5   0.5108   0.2107   -0.03731   0   -2.562e+08   4.175e+07   0
14.6   0.5035   0.1851   -0.03314   0   -2.556e+08   4.161e+07   0
14.7   0.5035   0.1595   -0.02898   0   -2.556e+08   4.161e+07   0
14.8   0.5035   0.134   -0.02481   0   -2.556e+08   4.161e+07   0
14.9   0.5035   0.1084   -0.02065   0   -2.556e+08   4.161e+07   0
15   0.5035   0.08285   -0.01649   0   -2.556e+08   4.161e+07   0
15.1   0.5035   0.05729   -0.01233   0   -2.556e+08   4.161e+07   0
15.2   0.5035   0.03173   -0.00817   0   -2.556e+08   4.161e+07   0
15.3   0.5035   0.006164   -0.004009   0   -2.556e+08   4.161e+07   0
15.4   0.5035   -0.0194   0.0001526   0   -2.556e+08   4.161e+07   0
15.5   0.5035   -0.04496   0.004314   0   -2.556e+08   4.161e+07   0
15.6   0.5035   -0.07052   0.008475   0   -2.556e+08   4.161e+07   0
15.7   0.5035   -0.09609   0.01264   0   -2.556e+08   4.161e+07   0
15.8   0.5035   -0.1216   0.0168   0   -2.556e+08   4.161e+07   0
15.9   0.5035   -0.1472   0.02096   0   -2.556e+08   4.161e+07   0
16   0.5035   -0.1728   0.02512   0   -2.556e+08   4.161e+07   0
16.1   0.5146   -0.1984   0.02928   0   -2.566e+08   4.171e+07   0
16.2   0.5364   -0.2241   0.03346   0   -2.583e+08   4.189e+07   0
16.3   0.5561   -0.25   0.03766   0   -2.598e+08   4.206e+07   0
16.4   0.574   -0.2761   0.04187   0   -2.611e+08   4.22e+07   0
16.5   0.5904   -0.3022   0.0461   0   -2.622e+08   4.233e+07   0
16.6   0.6054   -0.3285   0.05034   0   -2.631e+08   4.245e+07   0
16.7   0.6192   -0.3548   0.05459   0   -2.64e+08   4.256e+07   0
16.8   0.6318   -0.3813   0.05885   0   -2.647e+08   4.265e+07   0
16.9   0.6435   -0.4078   0.06312   0   -2.654e+08   4.274e+07   0
17   0.6541   -0.4344   0.0674   0   -2.66e+08   4.281e+07   0
17.1   0.6639   -0.461   0.07169   0   -2.665e+08   4.288e+07   0
17.2   0.6728   -0.4877   0.07598   0   -2.67e+08   4.295e+07   0
17.3   0.681   -0.5144   0.08027   0   -2.674e+08   4.3e+07   0
17.4   0.6884   -0.5412   0.08458   0   -2.678e+08   4.305e+07   0
17.5   0.695   -0.5679   0.08888   0   -2.681e+08   4.31e+07   0
17.6   0.701   -0.5948   0.0932   0   -2.684e+08   4.314e+07   0
17.7   0.7064   -0.6216   0.09751   0   -2.687e+08   4.317e+07   0
17.8   0.7111   -0.6485   0.1018   0   -2.689e+08   4.32e+07   0
17.9   0.7152   -0.6754   0.1062   0   -2.691e+08   4.323e+07   0
18   0.7188   -0.7023   0.1105   0   -2.692e+08   4.325e+07   0
18.1   0.7218   -0.7292   0.1148   0   -2.694e+08   4.327e+07   0
18.2   0.7233   -0.7562   0.1191   0   -2.694e+08   4.328e+07   0
18.3   0.7233   -0.7831   0.1235   0   -2.694e+08   4.328e+07   0
18.4   0.7233   -0.8101   0.1278   0   -2.694e+08   4.328e+07   0
18.5   0.7233   -0.837   0.1321   0   -2.694e+08   4.328e+07   0
18.6   0.7233   -0.864   0.1364   0   -2.694e+08   4.328e+07   0
18.7   0.7233   -0.8909   0.1408   0   -2.694e+08   4.328e+07   0
18.8   0.7233   -0.9179   0.1451   0   -2.694e+08   4.328e+07   0
18.9   0.7233   -0.9448   0.1494   0   -2.694e+08   4.328e+07   0
19   0.7233   -0.9717   0.1538   0   -2.694e+08   4.328e+07   0
19.1   0.7233   -0.9987   0.1581   0   -2.694e+08   4.328e+07   0
19.2   0.7233   -1.026   0.1624   0   -2.694e+08   4.328e+07   0
19.3   0.7233   -1.053   0.1667   0   -2.694e+08   4.328e+07   0
19.4   0.7233   -1.08   0.1711   0   -2.694e+08   4.328e+07   0
19.5   0.7233   -1.106   0.1754   0   -2.694e+08   4.328e+07   0
19.6   0.7233   -1.133   0.1797   0   -2.694e+08   4.328e+07   0
19.7   0.7254   -1.16   0.187   0   -2.505e+08   1.086e+08   0
19.8   0.7278   -1.183   0.2013   0   -2.102e+08   1.743e+08   0
19.9   0.7302   -1.201   0.2214   0   -1.533e+08   2.261e+08   0
20   0.7327   -1.213   0.2459   0   -8.437e+07   2.6e+08   0
20.1   0.7351   -1.218   0.2728   0   -8.812e+06   2.733e+08   0
20.2   0.7375   -1.215   0.2999   0   6.735e+07   2.651e+08   0
20.3   0.74   -1.204   0.3251   0   1.382e+08   2.362e+08   0
20.4   0.7424   -1.187   0.3465   0   1.981e+08   1.889e+08   0
20.5   0.7449   -1.165   0.3623   0   2.426e+08   1.27e+08   0
20.6   0.7474   -1.139   0.3715   0   2.683e+08   5.535e+07   0
20.7   0.7498   -1.112   0.3732   0   2.733e+08   -2.049e+07   0
20.8   0.7523   -1.085   0.3674   0   2.581e+08   -9.253e+07   0
20.9   0.7523   -1.06   0.3581   0   2.581e+08   -9.253e+07   0
21   0.7523   -1.034   0.3489   0   2.581e+08   -9.253e+07   0
21.1   0.7523   -1.008   0.3396   0   2.581e+08   -9.253e+07   0
21.2   0.7523   -0.9822   0.3303   0   2.581e+08   -9.253e+07   0
21.3   0.7523   -0.9564   0.3211   0   2.581e+08   -9.253e+07   0
21.4   0.7523   -0.9306   0.3118   0   2.581e+08   -9.253e+07   0
21.5   0.7523   -0.9048   0.3026   0   2.581e+08   -9.253e+07   0
21.6   0.7523   -0.879   0.2933   0   2.581e+08   -9.253e+07   0
21.7   0.7523   -0.8532   0.2841   0   2.581e+08   -9.253e+07   0
21.8   0.7523   -0.8274   0.2748   0   2.581e+08   -9.253e+07   0
21.9   0.7523   -0.8015   0.2656   0   2.581e+08   -9.253e+07   0
22   0.7523   -0.7757   0.2563   0   2.581e+08   -9.253e+07   0
22.1   0.7523   -0.7499   0.2471   0   2.581e+08   -9.253e+07   0
22.2   0.7523   -0.7241   0.2378   0   2.581e+08   -9.253e+07   0
22.3   0.7553   -0.6983   0.2286   0   2.582e+08   -9.255e+07   0
22.4   0.7597   -0.6725   0.2193   0   2.584e+08   -9.258e+07   0
22.5   0.7639   -0.6466   0.21   0   2.586e+08   -9.261e+07   0
22.6   0.7679   -0.6208   0.2008   0   2.587e+08   -9.264e+07   0
22.7   0.7716   -0.5949   0.1915   0   2.589e+08   -9.266e+07   0
22.8   0.775   -0.569   0.1823   0   2.59e+08   -9.268e+07   0
22.9   0.778   -0.5431   0.173   0   2.591e+08   -9.27e+07   0
23   0.7806   -0.5172   0.1637   0   2.593e+08   -9.271e+07   0
23.1   0.7827   -0.4912   0.1544   0   2.593e+08   -9.272e+07   0
23.2   0.7843   -0.4653   0.1452   0   2.594e+08   -9.272e+07   0
23.3   0.7852   -0.4393   0.1359   0   2.594e+08   -9.273e+07   0
23.4   0.7855   -0.4134   0.1266   0   2.595e+08   -9.273e+07   0
23.5   0.7849   -0.3875   0.1173   0   2.594e+08   -9.273e+07   0
23.6   0.7835   -0.3615   0.1081   0   2.594e+08   -9.273e+07   0
23.7   0.7811   -0.3356   0.0988   0   2.593e+08   -9.273e+07   0
23.8   0.7775   -0.3097   0.08953   0   2.591e+08   -9.273e+07   0
23.9   0.7725   -0.2838   0.08026   0   2.589e+08   -9.274e+07   0
24   0.766   -0.2579   0.07098   0   2.586e+08   -9.276e+07   0
24.1   0.7575   -0.232   0.0617   0   2.582e+08   -9.281e+07   0
24.2   0.7467   -0.2063   0.05242   0   2.577e+08   -9.29e+07   0
24.3   0.7344   -0.1805   0.04312   0   2.571e+08   -9.303e+07   0
24.4   0.7344   -0.1548   0.03382   0   2.571e+08   -9.303e+07   0
24.5   0.7344   -0.1291   0.02452   0   2.571e+08   -9.303e+07   0
24.6   0.7344   -0.1034   0.01521   0   2.571e+08   -9.303e+07   0
24.7   0.7344   -0.07768   0.005911   0   2.571e+08   -9.303e+07   0
24.8   0.7344   -0.05197   -0.003392   0   2.571e+08   -9.303e+07   0
24.9   0.7344   -0.02626   -0.01269   0   2.571e+08   -9.303e+07   0
25   0.7344   -0.000556   -0.022   0   2.571e+08   -9.303e+07   0
25.1   0.7344   0.02515   -0.0313   0   2.571e+08   -9.303e+07   0
25.2   0.7344   0.05086   -0.0406   0   2.571e+08   -9.303e+07   0
25.3   0.7344   0.07657   -0.04991   0   2.571e+08   -9.303e+07   0
25.4   0.7344   0.1023   -0.05921   0   2.571e+08   -9.303e+07   0
25.5   0.7344   0.128   -0.06851   0   2.571e+08   -9.303e+07   0
25.6   0.7344   0.1537   -0.07781   0   2.571e+08   -9.303e+07   0
25.7   0.7449   0.1794   -0.08713   0   2.574e+08   -9.346e+07   0
25.8   0.7681   0.2052   -0.09652   0   2.581e+08   -9.434e+07   0
25.9   0.7886   0.231   -0.106   0   2.587e+08   -9.503e+07   0
26   0.807   0.2569   -0.1155   0   2.593e+08   -9.559e+07   0
26.1   0.8234   0.2829   -0.1251   0   2.598e+08   -9.605e+07   0
26.2   0.8382   0.3089   -0.1347   0   2.602e+08   -9.642e+07   0
26.3   0.8516   0.3349   -0.1444   0   2.605e+08   -9.674e+07   0
26.4   0.8637   0.361   -0.1541   0   2.609e+08   -9.701e+07   0
26.5   0.8745   0.3871   -0.1638   0   2.611e+08   -9.724e+07   0
26.6   0.8843   0.4132   -0.1735   0   2.614e+08   -9.744e+07   0
26.7   0.8931   0.4394   -0.1833   0   2.616e+08   -9.761e+07   0
26.8   0.901   0.4655   -0.193   0   2.618e+08   -9.776e+07   0
26.9   0.908   0.4917   -0.2028   0   2.62e+08   -9.788e+07   0
27   0.9142   0.5179   -0.2126   0   2.621e+08   -9.799e+07   0
27.1   0.9196   0.5442   -0.2224   0   2.623e+08   -9.808e+07   0
27.2   0.9244   0.5704   -0.2322   0   2.624e+08   -9.815e+07   0
27.3   0.9285   0.5966   -0.2421   0   2.625e+08   -9.822e+07   0
27.4   0.9319   0.6229   -0.2519   0   2.626e+08   -9.827e+07   0
27.5   0.9348   0.6492   -0.2617   0   2.626e+08   -9.831e+07   0
27.6   0.937   0.6754   -0.2715   0   2.627e+08   -9.835e+07   0
27.7   0.9387   0.7017   -0.2814   0   2.627e+08   -9.837e+07   0
27.8   0.9387   0.728   -0.2912   0   2.627e+08   -9.837e+07   0
27.9   0.9387   0.7542   -0.3011   0   2.627e+08   -9.837e+07   0
28   0.9387   0.7805   -0.3109   0   2.627e+08   -9.837e+07   0
28.1   0.9387   0.8068   -0.3207   0   2.627e+08   -9.837e+07   0
28.2   0.9387   0.8331   -0.3306   0   2.627e+08   -9.837e+07   0
28.3   0.9387   0.8593   -0.3404   0   2.627e+08   -9.837e+07   0
28.4   0.9387   0.8856   -0.3502   0   2.627e+08   -9.837e+07   0
28.5   0.9387   0.9119   -0.3601   0   2.627e+08   -9.837e+07   0
28.6   0.9387   0.9382   -0.3699   0   2.627e+08   -9.837e+07   0
28.7   0.9387   0.9644   -0.3797   0   2.627e+08   -9.837e+07   0
28.8   0.9387   0.9907   -0.3896   0   2.627e+08   -9.837e+07   0
28.9   0.9387   1.017   -0.3994   0   2.627e+08   -9.837e+07   0
29   0.9387   1.043   -0.4093   0   2.627e+08   -9.837e+07   0
29.1   0.9387   1.07   -0.4191   0   2.627e+08   -9.837e+07   0
29.2   0.943   1.095   -0.4314   0   2.297e+08   -1.613e+08   0
29.3   0.9488   1.114   -0.4511   0   1.644e+08   -2.277e+08   0
29.4   0.9546   1.127   -0.4762   0   8.13e+07   -2.69e+08   0
29.5   0.9604   1.13   -0.5039   0   -1.039e+07   -2.809e+08   0
29.6   0.9662   1.125   -0.5313   0   -1.007e+08   -2.626e+08   0
29.7   0.9721   1.111   -0.5555   0   -1.8e+08   -2.163e+08   0
29.8   0.978   1.089   -0.5738   0   -2.4e+08   -1.472e+08   0
29.9   0.984   1.063   -0.5843   0   -2.746e+08   -6.282e+07   0
30   0.9899   1.035   -0.586   0   -2.805e+08   2.79e+07   0
30.1   0.9959   1.008   -0.5788   0   -2.573e+08   1.155e+08   0
30.2   0.9971   0.9831   -0.5658   0   -2.498e+08   1.31e+08   0
30.3   0.9971   0.9582   -0.5527   0   -2.498e+08   1.31e+08   0
30.4   0.9971   0.9332   -0.5396   0   -2.498e+08   1.31e+08   0
30.5   0.9971   0.9082   -0.5265   0   -2.498e+08   1.31e+08   0
30.6   0.9971   0.8832   -0.5134   0   -2.498e+08   1.31e+08   0
30.7   0.9971   0.8582   -0.5003   0   -2.498e+08   1.31e+08   0
30.8   0.9971   0.8333   -0.4872   0   -2.498e+08   1.31e+08   0
30.9   0.9971   0.8083   -0.4741   0   -2.498e+08   1.31e+08   0
31   0.9971   0.7833   -0.461   0   -2.498e+08   1.31e+08   0
31.1   0.9971   0.7583   -0.4479   0   -2.498e+08   1.31e+08   0
31.2   0.9971   0.7333   -0.4348   0   -2.498e+08   1.31e+08   0
31.3   0.9971   0.7084   -0.4217   0   -2.498e+08   1.31e+08   0
31.4   0.9971   0.6834   -0.4086   0   -2.498e+08   1.31e+08   0
31.5   0.9971   0.6584   -0.3955   0   -2.498e+08   1.31e+08   0
31.6   0.9992   0.6334   -0.3824   0   -2.498e+08   1.31e+08   0
31.7   1.004   0.6084   -0.3693   0   -2.499e+08   1.311e+08   0
31.8   1.008   0.5834   -0.3562   0   -2.5e+08   1.312e+08   0
31.9   1.012   0.5584   -0.343   0   -2.5e+08   1.313e+08   0
32   1.016   0.5334   -0.3299   0   -2.501e+08   1.314e+08   0
32.1   1.019   0.5084   -0.3168   0   -2.501e+08   1.315e+08   0
32.2   1.022   0.4834   -0.3036   0   -2.502e+08   1.316e+08   0
32.3   1.025   0.4584   -0.2904   0   -2.502e+08   1.317e+08   0
32.4   1.027   0.4334   -0.2773   0   -2.502e+08   1.317e+08   0
32.5   1.029   0.4084   -0.2641   0   -2.502e+08   1.318e+08   0
32.6   1.03   0.3833   -0.2509   0   -2.503e+08   1.318e+08   0
32.7   1.03   0.3583   -0.2377   0   -2.503e+08   1.318e+08   0
32.8   1.03   0.3333   -0.2246   0   -2.502e+08   1.318e+08   0
32.9   1.028   0.3083   -0.2114   0   -2.502e+08   1.317e+08   0
33   1.026   0.2832   -0.1982   0   -2.502e+08   1.316e+08   0
33.1   1.022   0.2582   -0.1851   0   -2.502e+08   1.315e+08   0
33.2   1.017   0.2332   -0.1719   0   -2.502e+08   1.313e+08   0
33.3   1.01   0.2082   -0.1588   0   -2.501e+08   1.31e+08   0
33.4   1.001   0.1832   -0.1457   0   -2.501e+08   1.307e+08   0
33.5   0.9903   0.1582   -0.1327   0   -2.501e+08   1.301e+08   0
33.6   0.9811   0.1332   -0.1197   0   -2.501e+08   1.296e+08   0
33.7   0.9811   0.1082   -0.1067   0   -2.501e+08   1.296e+08   0
33.8   0.9811   0.08314   -0.09378   0   -2.501e+08   1.296e+08   0
33.9   0.9811   0.05813   -0.08082   0   -2.501e+08   1.296e+08   0
34   0.9811   0.03313   -0.06786   0   -2.501e+08   1.296e+08   0
34.1   0.9811   0.008117   -0.0549   0   -2.501e+08   1.296e+08   0
34.2   0.9811   -0.01689   -0.04195   0   -2.501e+08   1.296e+08   0
34.3   0.9811   -0.0419   -0.02899   0   -2.501e+08   1.296e+08   0
34.4   0.9811   -0.06691   -0.01603   0   -2.501e+08   1.296e+08   0
34.5   0.9811   -0.09192   -0.003069   0   -2.501e+08   1.296e+08   0
34.6   0.9811   -0.1169   0.00989   0   -2.501e+08   1.296e+08   0
34.7   0.9811   -0.1419   0.02285   0   -2.501e+08   1.296e+08   0
34.8   0.9811   -0.1669   0.03581   0   -2.501e+08   1.296e+08   0
34.9   0.9901   -0.192   0.04876   0   -2.505e+08   1.293e+08   0
35   1.014   -0.2171   0.06165   0   -2.515e+08   1.286e+08   0
35.1   1.035   -0.2422   0.07449   0   -2.523e+08   1.281e+08   0
35.2   1.053   -0.2675   0.08728   0   -2.529e+08   1.277e+08   0
35.3   1.07   -0.2928   0.1   0   -2.535e+08   1.274e+08   0
35.4   1.086   -0.3182   0.1128   0   -2.539e+08   1.272e+08   0
35.5   1.1   -0.3436   0.1255   0   -2.543e+08   1.271e+08   0
35.6   1.112   -0.3691   0.1382   0   -2.547e+08   1.269e+08   0
35.7   1.124   -0.3945   0.1509   0   -2.55e+08   1.268e+08   0
35.8   1.134   -0.4201   0.1635   0   -2.552e+08   1.267e+08   0
35.9   1.143   -0.4456   0.1762   0   -2.554e+08   1.267e+08   0
36   1.152   -0.4711   0.1889   0   -2.556e+08   1.266e+08   0
36.1   1.159   -0.4967   0.2015   0   -2.558e+08   1.266e+08   0
36.2   1.166   -0.5223   0.2142   0   -2.56e+08   1.266e+08   0
36.3   1.172   -0.5479   0.2269   0   -2.561e+08   1.265e+08   0
36.4   1.177   -0.5735   0.2395   0   -2.562e+08   1.265e+08   0
36.5   1.182   -0.5991   0.2522   0   -2.563e+08   1.265e+08   0
36.6   1.186   -0.6248   0.2648   0   -2.564e+08   1.265e+08   0
36.7   1.189   -0.6504   0.2775   0   -2.564e+08   1.265e+08   0
36.8   1.192   -0.6761   0.2901   0   -2.565e+08   1.265e+08   0
36.9   1.193   -0.7017   0.3028   0   -2.565e+08   1.265e+08   0
37   1.193   -0.7274   0.3154   0   -2.565e+08   1.265e+08   0
37.1   1.193   -0.753   0.3281   0   -2.565e+08   1.265e+08   0
37.2   1.193   -0.7787   0.3407   0   -2.565e+08   1.265e+08   0
37.3   1.193   -0.8043   0.3534   0   -2.565e+08   1.265e+08   0
37.4   1.193   -0.83   0.366   0   -2.565e+08   1.265e+08   0
37.5   1.193   -0.8556   0.3787   0   -2.565e+08   1.265e+08   0
37.6   1.193   -0.8813   0.3913   0   -2.565e+08   1.265e+08   0
37.7   1.193   -0.9069   0.404   0   -2.565e+08   1.265e+08   0
37.8   1.193   -0.9326   0.4166   0   -2.565e+08   1.265e+08   0
37.9   1.193   -0.9582   0.4293   0   -2.565e+08   1.265e+08   0
38   1.193   -0.9839   0.4419   0   -2.565e+08   1.265e+08   0
38.1   1.193   -1.01   0.4546   0   -2.565e+08   1.265e+08   0
38.2   1.193   -1.035   0.4672   0   -2.565e+08   1.265e+08   0
38.3   1.193   -1.061   0.4799   0   -2.565e+08   1.265e+08   0
38.4   1.193   -1.086   0.4925   0   -2.565e+08   1.265e+08   0
38.5   1.193   -1.112   0.5052   0   -2.565e+08   1.265e+08   0
38.6   1.193   -1.138   0.5178   0   -2.565e+08   1.265e+08   0
38.7   1.193   -1.163   0.5305   0   -2.565e+08   1.265e+08   0
38.8   1.193   -1.189   0.5431   0   -2.565e+08   1.265e+08   0
38.9   1.193   -1.215   0.5558   0   -2.565e+08   1.265e+08   0
39   1.193   -1.24   0.5684   0   -2.565e+08   1.265e+08   0
39.1   1.193   -1.266   0.5811   0   -2.565e+08   1.265e+08   0
39.2   1.193   -1.292   0.5937   0   -2.565e+08   1.265e+08   0
39.3   1.193   -1.317   0.6063   0   -2.565e+08   1.265e+08   0
39.4   1.193   -1.343   0.619   0   -2.565e+08   1.265e+08   0
39.5   1.193   -1.369   0.6316   0   -2.565e+08   1.265e+08   0
39.6   1.193   -1.394   0.6443   0   -2.565e+08   1.265e+08   0
39.7   1.193   -1.42   0.6569   0   -2.565e+08   1.265e+08   0
39.8   1.193   -1.446   0.6696   0   -2.565e+08   1.265e+08   0
39.9   1.193   -1.471   0.6822   0   -2.565e+08   1.265e+08   0
40   1.193   -1.497   0.6949   0   -2.565e+08   1.265e+08   0
40.1   1.193   -1.523   0.7075   0   -2.565e+08   1.265e+08   0
40.2   1.193   -1.548   0.7202   0   -2.565e+08   1.265e+08   0
40.3   1.193   -1.574   0.7328   0   -2.565e+08   1.265e+08   0
40.4   1.193   -1.599   0.7455   0   -2.565e+08   1.265e+08   0
40.5   1.193   -1.625   0.7581   0   -2.565e+08   1.265e+08   0
40.6   1.193   -1.651   0.7708   0   -2.565e+08   1.265e+08   0
40.7   1.193   -1.676   0.7834   0   -2.565e+08   1.265e+08   0
40.8   1.193   -1.702   0.7961   0   -2.565e+08   1.265e+08   0
40.9   1.193   -1.728   0.8087   0   -2.565e+08   1.265e+08   0
41   1.193   -1.753   0.8214   0   -2.565e+08   1.265e+08   0
41.1   1.193   -1.779   0.834   0   -2.565e+08   1.265e+08   0
41.2   1.193   -1.805   0.8467   0   -2.565e+08   1.265e+08   0
41.3   1.193   -1.83   0.8593   0   -2.565e+08   1.265e+08   0
41.4   1.193   -1.856   0.872   0   -2.565e+08   1.265e+08   0
41.5   1.193   -1.882   0.8846   0   -2.565e+08   1.265e+08   0
41.6   1.193   -1.907   0.8973   0   -2.565e+08   1.265e+08   0
41.7   1.193   -1.933   0.9099   0   -2.565e+08   1.265e+08   0
41.8   1.193   -1.959   0.9226   0   -2.565e+08   1.265e+08   0
41.9   1.193   -1.984   0.9352   0   -2.565e+08   1.265e+08   0
42   1.193   -2.01   0.9479   0   -2.565e+08   1.265e+08   0
42.1   1.193   -2.036   0.9605   0   -2.565e+08   1.265e+08   0
42.2   1.193   -2.061   0.9732   0   -2.565e+08   1.265e+08   0
42.3   1.193   -2.087   0.9858   0   -2.565e+08   1.265e+08   0
42.4   1.193   -2.112   0.9985   0   -2.565e+08   1.265e+08   0
42.5   1.193   -2.138   1.011   0   -2.565e+08   1.265e+08   0
42.6   1.193   -2.164   1.024   0   -2.565e+08   1.265e+08   0
42.7   1.193   -2.189   1.036   0   -2.565e+08   1.265e+08   0
42.8   1.193   -2.215   1.049   0   -2.565e+08   1.265e+08   0
42.9   1.193   -2.241   1.062   0   -2.565e+08   1.265e+08   0
43   1.193   -2.266   1.074   0   -2.565e+08   1.265e+08   0
43.1   1.193   -2.292   1.087   0   -2.565e+08   1.265e+08   0
43.2   1.193   -2.318   1.1   0   -2.565e+08   1.265e+08   0
43.3   1.193   -2.343   1.112   0   -2.565e+08   1.265e+08   0
43.4   1.193   -2.369   1.125   0   -2.565e+08   1.265e+08   0
43.5   1.193   -2.395   1.138   0   -2.565e+08   1.265e+08   0
43.6   1.193   -2.42   1.15   0   -2.565e+08   1.265e+08   0
43.7   1.193   -2.446   1.163   0   -2.565e+08   1.265e+08   0
43.8   1.193   -2.472   1.176   0   -2.565e+08   1.265e+08   0
43.9   1.193   -2.497   1.188   0   -2.565e+08   1.265e+08   0
44   1.193   -2.523   1.201   0   -2.565e+08   1.265e+08   0
44.1   1.193   -2.549   1.214   0   -2.565e+08   1.265e+08   0
44.2   1.193   -2.574   1.226   0   -2.565e+08   1.265e+08   0
44.3   1.193   -2.6   1.239   0   -2.565e+08   1.265e+08   0
44.4   1.193   -2.626   1.251   0   -2.565e+08   1.265e+08   0
44.5   1.193   -2.651   1.264   0   -2.565e+08   1.265e+08   0
44.6   1.193   -2.677   1.277   0   -2.565e+08   1.265e+08   0
44.7   1.193   -2.702   1.289   0   -2.565e+08   1.265e+08   0
44.8   1.193   -2.728   1.302   0   -2.565e+08   1.265e+08   0
44.9   1.193   -2.754   1.315   0   -2.565e+08   1.265e+08   0
45   1.193   -2.779   1.327   0   -2.565e+08   1.265e+08   0
