0   0.04   -0.753   0   0   1.121e+08   0   0
0.1   0.04   -0.753   0   0   1.121e+08   0   0
0.2   0.04   -0.753   0   0   1.121e+08   0   0
0.3   0.04   -0.753   0   0   1.121e+08   0   0
0.4   0.04   -0.753   0   0   1.121e+08   0   0
0.5   0.04   -0.753   0   0   1.121e+08   0   0
0.6   0.04   -0.753   0   0   1.121e+08   0   0
0.7   0.04   -0.753   0   0   1.121e+08   0   0
0.8   0.04   -0.753   0   0   1.121e+08   0   0
0.9   0.04013   -0.7517   0   0   1.123e+08   0   0
1   0.04158   -0.7404   0   0   1.141e+08   0   0
1.1   0.04322   -0.7289   0   0   1.161e+08   0   0
1.2   0.04509   -0.7172   0   0   1.182e+08   0   0
1.3   0.04717   -0.7052   0   0   1.206e+08   0   0
1.4   0.04948   -0.6931   0   0   1.232e+08   0   0
1.5   0.05203   -0.6806   0   0   1.259e+08   0   0
1.6   0.05482   -0.6679   0   0   1.287e+08   0   0
1.7   0.05787   -0.6549   0   0   1.317e+08   0   0
1.8   0.06117   -0.6415   0   0   1.349e+08   0   0
1.9   0.06474   -0.6279   0   0   1.381e+08   0   0
2   0.06857   -0.6139   0   0   1.415e+08   0   0
2.1   0.07267   -0.5996   0   0   1.449e+08   0   0
2.2   0.07705   -0.5849   0   0   1.484e+08   0   0
2.3   0.08171   -0.5699   0   0   1.519e+08   0   0
2.4   0.08663   -0.5545   0   0   1.555e+08   0   0
2.5   0.09183   -0.5388   0   0   1.59e+08   0   0
2.6   0.09729   -0.5227   0   0   1.626e+08   0   0
2.7   0.103   -0.5063   0   0   1.662e+08   0   0
2.8   0.109   -0.4895   0   0   1.698e+08   0   0
2.9   0.1152   -0.4723   0   0   1.733e+08   0   0
3   0.1217   -0.4548   0   0   1.768e+08   0   0
3.1   0.1283   -0.437   0   0   1.802e+08   0   0
3.2   0.1352   -0.4188   0   0   1.835e+08   0   0
3.3   0.1422   -0.4003   0   0   1.867e+08   0   0
3.4   0.1493   -0.3814   0   0   1.899e+08   0   0
3.5   0.1566   -0.3623   0   0   1.929e+08   0   0
3.6   0.164   -0.3428   0   0   1.959e+08   0   0
3.7   0.1714   -0.3231   0   0   1.987e+08   0   0
3.8   0.1788   -0.3031   0   0   2.014e+08   0   0
3.9   0.1861   -0.2828   0   0   2.039e+08   0   0
4   0.1934   -0.2623   0   0   2.063e+08   0   0
4.1   0.2004   -0.2416   0   0   2.086e+08   0   0
4.2   0.2072   -0.2206   0   0   2.107e+08   0   0
4.3   0.2136   -0.1995   0   0   2.125e+08   0   0
4.4   0.2167   -0.1781   0   0   2.135e+08   0   0
4.5   0.2167   -0.1568   0   0   2.135e+08   0   0
4.6   0.2167   -0.1354   0   0   2.135e+08   0   0
4.7   0.2167   -0.1141   0   0   2.135e+08   0   0
4.8   0.2167   -0.09275   0   0   2.135e+08   0   0
4.9   0.2167   -0.07141   0   0   2.135e+08   0   0
5   0.2167   -0.05006   0   0   2.135e+08   0   0
5.1   0.2167   -0.02872   0   0   2.135e+08   0   0
5.2   0.2167   -0.007374   0   0   2.135e+08   0   0
5.3   0.2167   0.01397   0   0   2.135e+08   0   0
5.4   0.2167   0.03532   0   0   2.135e+08   0   0
5.5   0.2167   0.05666   0   0   2.135e+08   0   0
5.6   0.2167   0.07801   0   0   2.135e+08   0   0
5.7   0.2167   0.09935   0   0   2.135e+08   0   0
5.8   0.2167   0.1207   0   0   2.135e+08   0   0
5.9   0.2167   0.142   0   0   2.135e+08   0   0
6   0.2167   0.1634   0   0   2.135e+08   0   0
6.1   0.2167   0.1847   0   0   2.135e+08   0   0
6.2   0.2299   0.2062   0   0   2.171e+08   0   0
6.3   0.2451   0.2281   0   0   2.21e+08   0   0
6.4   0.2598   0.2504   0   0   2.245e+08   0   0
6.5   0.274   0.273   0   0   2.276e+08   0   0
6.6   0.2875   0.2959   0   0   2.304e+08   0   0
6.7   0.3005   0.3191   0   0   2.329e+08   0   0
6.8   0.3129   0.3425   0   0   2.352e+08   0   0
6.9   0.3248   0.3661   0   0   2.372e+08   0   0
7   0.3361   0.3899   0   0   2.391e+08   0   0
7.1   0.3469   0.4139   0   0   2.408e+08   0   0
7.2   0.3571   0.4381   0   0   2.424e+08   0   0
7.3   0.3669   0.4624   0   0   2.438e+08   0   0
7.4   0.376   0.4868   0   0   2.451e+08   0   0
7.5   0.3847   0.5114   0   0   2.462e+08   0   0
7.6   0.3928   0.5361   0   0   2.473e+08   0   0
7.7   0.4005   0.5609   0   0   2.482e+08   0   0
7.8   0.4076   0.5857   0   0   2.491e+08   0   0
7.9   0.4142   0.6107   0   0   2.499e+08   0   0
8   0.4203   0.6357   0   0   2.506e+08   0   0
8.1   0.4259   0.6608   0   0   2.513e+08   0   0
8.2   0.4311   0.686   0   0   2.519e+08   0   0
8.3   0.4357   0.7112   0   0   2.524e+08   0   0
8.4   0.44   0.7364   0   0   2.528e+08   0   0
8.5   0.4425   0.7617   0   0   2.531e+08   0   0
8.6   0.4425   0.7871   0   0   2.531e+08   0   0
8.7   0.4425   0.8124   0   0   2.531e+08   0   0
8.8   0.4425   0.8377   0   0   2.531e+08   0   0
8.9   0.4425   0.863   0   0   2.531e+08   0   0
9   0.4425   0.8883   0   0   2.531e+08   0   0
9.1   0.4425   0.9136   0   0   2.531e+08   0   0
9.2   0.4425   0.9389   0   0   2.531e+08   0   0
9.3   0.4425   0.9642   0   0   2.531e+08   0   0
9.4   0.4425   0.9895   0   0   2.531e+08   0   0
9.5   0.4425   1.015   0   0   2.531e+08   0   0
9.6   0.4425   1.04   0   0   2.531e+08   0   0
9.7   0.4425   1.065   0   0   2.531e+08   0   0
9.8   0.4425   1.091   0   0   2.531e+08   0   0
9.9   0.4428   1.116   -0.0004475   0   2.519e+08   -2.484e+07   0
10   0.4437   1.141   -0.006447   0   2.353e+08   -9.368e+07   0
10.1   0.4447   1.162   -0.019   0   2.002e+08   -1.552e+08   0
10.2   0.4456   1.18   -0.03713   0   1.496e+08   -2.046e+08   0
10.3   0.4466   1.192   -0.05942   0   8.733e+07   -2.38e+08   0
10.4   0.4475   1.197   -0.08414   0   1.828e+07   -2.53e+08   0
10.5   0.4484   1.196   -0.1094   0   -5.218e+07   -2.483e+08   0
10.6   0.4494   1.187   -0.1331   0   -1.186e+08   -2.244e+08   0
10.7   0.4503   1.172   -0.1536   0   -1.758e+08   -1.832e+08   0
10.8   0.4513   1.152   -0.1693   0   -2.195e+08   -1.279e+08   0
10.9   0.4522   1.129   -0.1788   0   -2.463e+08   -6.272e+07   0
11   0.4532   1.103   -0.1816   0   -2.541e+08   7.243e+06   0
11.1   0.4536   1.078   -0.1783   0   -2.51e+08   4.096e+07   0
11.2   0.4536   1.053   -0.1742   0   -2.51e+08   4.096e+07   0
11.3   0.4536   1.028   -0.1701   0   -2.51e+08   4.096e+07   0
11.4   0.4536   1.003   -0.166   0   -2.51e+08   4.096e+07   0
11.5   0.4536   0.9779   -0.1619   0   -2.51e+08   4.096e+07   0
11.6   0.4536   0.9528   -0.1578   0   -2.51e+08   4.096e+07   0
11.7   0.4536   0.9277   -0.1537   0   -2.51e+08   4.096e+07   0
11.8   0.4536   0.9026   -0.1496   0   -2.51e+08   4.096e+07   0
11.9   0.4536   0.8775   -0.1455   0   -2.51e+08   4.096e+07   0
12   0.4536   0.8524   -0.1414   0   -2.51e+08   4.096e+07   0
12.1   0.4536   0.8273   -0.1373   0   -2.51e+08   4.096e+07   0
12.2   0.4536   0.8022   -0.1332   0   -2.51e+08   4.096e+07   0
12.3   0.4536   0.7771   -0.1291   0   -2.51e+08   4.096e+07   0
12.4   0.4536   0.752   -0.125   0   -2.51e+08   4.096e+07   0
12.5   0.4571   0.7269   -0.1209   0   -2.513e+08   4.102e+07   0
12.6   0.4626   0.7018   -0.1168   0   -2.518e+08   4.111e+07   0
12.7   0.468   0.6766   -0.1127   0   -2.524e+08   4.121e+07   0
12.8   0.4734   0.6513   -0.1086   0   -2.529e+08   4.13e+07   0
12.9   0.4787   0.626   -0.1045   0   -2.534e+08   4.138e+07   0
13   0.4839   0.6006   -0.1003   0   -2.539e+08   4.147e+07   0
13.1   0.4889   0.5752   -0.09617   0   -2.543e+08   4.155e+07   0
13.2   0.4937   0.5498   -0.09201   0   -2.547e+08   4.162e+07   0
13.3   0.4982   0.5243   -0.08784   0   -2.551e+08   4.17e+07   0
13.4   0.5025   0.4987   -0.08367   0   -2.555e+08   4.176e+07   0
13.5   0.5065   0.4732   -0.07949   0   -2.558e+08   4.182e+07   0
13.6   0.51   0.4476   -0.0753   0   -2.561e+08   4.188e+07   0
13.7   0.5131   0.4219   -0.07111   0   -2.564e+08   4.192e+07   0
13.8   0.5156   0.3963   -0.06692   0   -2.566e+08   4.196e+07   0
13.9   0.5175   0.3706   -0.06272   0   -2.568e+08   4.199e+07   0
14   0.5186   0.3449   -0.05852   0   -2.569e+08   4.201e+07   0
14.1   0.5189   0.3193   -0.05432   0   -2.569e+08   4.201e+07   0
14.2   0.5183   0.2936   -0.05012   0   -2.568e+08   4.2e+07   0
14.3   0.5164   0.2679   -0.04592   0   -2.567e+08   4.197e+07   0
14.4   0.5131   0.2422   -0.04172   0   -2.564e+08   4.192e+07   0
14.5   0.5082   0.2166   -0.03754   0   -2.56e+08   4.184e+07   0
14.6   0.5011   0.1911   -0.03336   0   -2.554e+08   4.172e+07   0
14.7   0.4992   0.1655   -0.02919   0   -2.552e+08   4.168e+07   0
14.8   0.4992   0.14   -0.02502   0   -2.552e+08   4.168e+07   0
14.9   0.4992   0.1145   -0.02085   0   -2.552e+08   4.168e+07   0
15   0.4992   0.08896   -0.01669   0   -2.552e+08   4.168e+07   0
15.1   0.4992   0.06344   -0.01252   0   -2.552e+08   4.168e+07   0
15.2   0.4992   0.03791   -0.00835   0   -2.552e+08   4.168e+07   0
15.3   0.4992   0.01239   -0.004182   0   -2.552e+08   4.168e+07   0
15.4   0.4992   -0.01313   -1.409e-05   0   -2.552e+08   4.168e+07   0
15.5   0.4992   -0.03865   0.004154   0   -2.552e+08   4.168e+07   0
15.6   0.4992   -0.06418   0.008322   0   -2.552e+08   4.168e+07   0
15.7   0.4992   -0.0897   0.01249   0   -2.552e+08   4.168e+07   0
15.8   0.4992   -0.1152   0.01666   0   -2.552e+08   4.168e+07   0
15.9   0.4992   -0.1407   0.02083   0   -2.552e+08   4.168e+07   0
16   0.4992   -0.1663   0.02499   0   -2.552e+08   4.168e+07   0
16.1   0.5044   -0.1918   0.02916   0   -2.557e+08   4.173e+07   0
16.2   0.5268   -0.2175   0.03335   0   -2.575e+08   4.196e+07   0
16.3   0.547   -0.2433   0.03755   0   -2.591e+08   4.216e+07   0
16.4   0.5654   -0.2693   0.04178   0   -2.604e+08   4.233e+07   0
16.5   0.5821   -0.2954   0.04602   0   -2.616e+08   4.248e+07   0
16.6   0.5975   -0.3216   0.05027   0   -2.626e+08   4.261e+07   0
16.7   0.6115   -0.3479   0.05454   0   -2.635e+08   4.273e+07   0
16.8   0.6244   -0.3743   0.05882   0   -2.643e+08   4.284e+07   0
16.9   0.6362   -0.4007   0.06311   0   -2.65e+08   4.293e+07   0
17   0.647   -0.4273   0.06741   0   -2.656e+08   4.302e+07   0
17.1   0.6569   -0.4539   0.07171   0   -2.661e+08   4.31e+07   0
17.2   0.666   -0.4805   0.07603   0   -2.666e+08   4.317e+07   0
17.3   0.6742   -0.5072   0.08035   0   -2.67e+08   4.323e+07   0
17.4   0.6817   -0.5339   0.08467   0   -2.674e+08   4.328e+07   0
17.5   0.6884   -0.5607   0.089   0   -2.677e+08   4.333e+07   0
17.6   0.6945   -0.5874   0.09334   0   -2.68e+08   4.337e+07   0
17.7   0.6999   -0.6143   0.09768   0   -2.683e+08   4.341e+07   0
17.8   0.7047   -0.6411   0.102   0   -2.685e+08   4.345e+07   0
17.9   0.7088   -0.668   0.1064   0   -2.687e+08   4.347e+07   0
18   0.7124   -0.6948   0.1107   0   -2.689e+08   4.35e+07   0
18.1   0.7155   -0.7217   0.1151   0   -2.69e+08   4.352e+07   0
18.2   0.7176   -0.7487   0.1194   0   -2.691e+08   4.353e+07   0
18.3   0.7176   -0.7756   0.1238   0   -2.691e+08   4.353e+07   0
18.4   0.7176   -0.8025   0.1281   0   -2.691e+08   4.353e+07   0
18.5   0.7176   -0.8294   0.1325   0   -2.691e+08   4.353e+07   0
18.6   0.7176   -0.8563   0.1368   0   -2.691e+08   4.353e+07   0
18.7   0.7176   -0.8832   0.1412   0   -2.691e+08   4.353e+07   0
18.8   0.7176   -0.9101   0.1455   0   -2.691e+08   4.353e+07   0
18.9   0.7176   -0.937   0.1499   0   -2.691e+08   4.353e+07   0
19   0.7176   -0.964   0.1542   0   -2.691e+08   4.353e+07   0
19.1   0.7176   -0.9909   0.1586   0   -2.691e+08   4.353e+07   0
19.2   0.7176   -1.018   0.163   0   -2.691e+08   4.353e+07   0
19.3   0.7176   -1.045   0.1673   0   -2.691e+08   4.353e+07   0
19.4   0.7176   -1.072   0.1717   0   -2.691e+08   4.353e+07   0
19.5   0.7176   -1.099   0.176   0   -2.691e+08   4.353e+07   0
19.6   0.7176   -1.125   0.1804   0   -2.691e+08   4.353e+07   0
19.7   0.7191   -1.152   0.1861   0   -2.579e+08   8.874e+07   0
19.8   0.7215   -1.176   0.1985   0   -2.226e+08   1.577e+08   0
19.9   0.7239   -1.196   0.2173   0   -1.696e+08   2.138e+08   0
20   0.7263   -1.21   0.2408   0   -1.03e+08   2.528e+08   0
20.1   0.7287   -1.216   0.2672   0   -2.834e+07   2.717e+08   0
20.2   0.7311   -1.215   0.2944   0   4.852e+07   2.689e+08   0
20.3   0.7335   -1.207   0.3203   0   1.215e+08   2.449e+08   0
20.4   0.736   -1.191   0.3427   0   1.848e+08   2.016e+08   0
20.5   0.7384   -1.17   0.36   0   2.335e+08   1.426e+08   0
20.6   0.7409   -1.145   0.3708   0   2.639e+08   7.245e+07   0
20.7   0.7433   -1.118   0.3742   0   2.738e+08   -3.235e+06   0
20.8   0.7458   -1.091   0.3701   0   2.624e+08   -7.858e+07   0
20.9   0.7463   -1.065   0.361   0   2.579e+08   -9.237e+07   0
21   0.7463   -1.039   0.3517   0   2.579e+08   -9.237e+07   0
21.1   0.7463   -1.014   0.3425   0   2.579e+08   -9.237e+07   0
21.2   0.7463   -0.9877   0.3332   0   2.579e+08   -9.237e+07   0
21.3   0.7463   -0.962   0.324   0   2.579e+08   -9.237e+07   0
21.4   0.7463   -0.9362   0.3148   0   2.579e+08   -9.237e+07   0
21.5   0.7463   -0.9104   0.3055   0   2.579e+08   -9.237e+07   0
21.6   0.7463   -0.8846   0.2963   0   2.579e+08   -9.237e+07   0
21.7   0.7463   -0.8588   0.2871   0   2.579e+08   -9.237e+07   0
21.8   0.7463   -0.833   0.2778   0   2.579e+08   -9.237e+07   0
21.9   0.7463   -0.8072   0.2686   0   2.579e+08   -9.237e+07   0
22   0.7463   -0.7815   0.2594   0   2.579e+08   -9.237e+07   0
22.1   0.7463   -0.7557   0.2501   0   2.579e+08   -9.237e+07   0
22.2   0.7463   -0.7299   0.2409   0   2.579e+08   -9.237e+07   0
22.3   0.7482   -0.7041   0.2316   0   2.58e+08   -9.239e+07   0
22.4   0.7525   -0.6783   0.2224   0   2.581e+08   -9.242e+07   0
22.5   0.7567   -0.6525   0.2132   0   2.583e+08   -9.245e+07   0
22.6   0.7607   -0.6266   0.2039   0   2.585e+08   -9.248e+07   0
22.7   0.7643   -0.6008   0.1947   0   2.586e+08   -9.25e+07   0
22.8   0.7677   -0.5749   0.1854   0   2.588e+08   -9.253e+07   0
22.9   0.7706   -0.549   0.1762   0   2.589e+08   -9.254e+07   0
23   0.7732   -0.5231   0.1669   0   2.59e+08   -9.256e+07   0
23.1   0.7753   -0.4972   0.1576   0   2.591e+08   -9.257e+07   0
23.2   0.7768   -0.4713   0.1484   0   2.591e+08   -9.258e+07   0
23.3   0.7778   -0.4454   0.1391   0   2.592e+08   -9.258e+07   0
23.4   0.778   -0.4195   0.1299   0   2.592e+08   -9.258e+07   0
23.5   0.7775   -0.3936   0.1206   0   2.592e+08   -9.258e+07   0
23.6   0.7761   -0.3676   0.1114   0   2.591e+08   -9.258e+07   0
23.7   0.7737   -0.3417   0.1021   0   2.59e+08   -9.257e+07   0
23.8   0.7702   -0.3158   0.09284   0   2.589e+08   -9.257e+07   0
23.9   0.7653   -0.29   0.08358   0   2.586e+08   -9.258e+07   0
24   0.7589   -0.2641   0.07433   0   2.584e+08   -9.259e+07   0
24.1   0.7507   -0.2383   0.06507   0   2.58e+08   -9.262e+07   0
24.2   0.7403   -0.2125   0.0558   0   2.575e+08   -9.268e+07   0
24.3   0.7271   -0.1868   0.04653   0   2.568e+08   -9.28e+07   0
24.4   0.7247   -0.1611   0.03725   0   2.567e+08   -9.282e+07   0
24.5   0.7247   -0.1355   0.02796   0   2.567e+08   -9.282e+07   0
24.6   0.7247   -0.1098   0.01868   0   2.567e+08   -9.282e+07   0
24.7   0.7247   -0.08413   0.009399   0   2.567e+08   -9.282e+07   0
24.8   0.7247   -0.05846   0.0001166   0   2.567e+08   -9.282e+07   0
24.9   0.7247   -0.03279   -0.009166   0   2.567e+08   -9.282e+07   0
25   0.7247   -0.007119   -0.01845   0   2.567e+08   -9.282e+07   0
25.1   0.7247   0.01855   -0.02773   0   2.567e+08   -9.282e+07   0
25.2   0.7247   0.04422   -0.03701   0   2.567e+08   -9.282e+07   0
25.3   0.7247   0.06989   -0.04629   0   2.567e+08   -9.282e+07   0
25.4   0.7247   0.09556   -0.05558   0   2.567e+08   -9.282e+07   0
25.5   0.7247   0.1212   -0.06486   0   2.567e+08   -9.282e+07   0
25.6   0.7247   0.1469   -0.07414   0   2.567e+08   -9.282e+07   0
25.7   0.7278   0.1726   -0.08343   0   2.568e+08   -9.295e+07   0
25.8   0.7518   0.1983   -0.09277   0   2.576e+08   -9.388e+07   0
25.9   0.773   0.2241   -0.1022   0   2.582e+08   -9.46e+07   0
26   0.7919   0.2499   -0.1117   0   2.588e+08   -9.518e+07   0
26.1   0.8088   0.2758   -0.1212   0   2.593e+08   -9.566e+07   0
26.2   0.8239   0.3018   -0.1308   0   2.598e+08   -9.605e+07   0
26.3   0.8376   0.3278   -0.1404   0   2.602e+08   -9.638e+07   0
26.4   0.8499   0.3538   -0.1501   0   2.605e+08   -9.665e+07   0
26.5   0.861   0.3799   -0.1598   0   2.608e+08   -9.689e+07   0
26.6   0.8709   0.406   -0.1695   0   2.611e+08   -9.709e+07   0
26.7   0.8799   0.4321   -0.1792   0   2.613e+08   -9.726e+07   0
26.8   0.8879   0.4582   -0.1889   0   2.615e+08   -9.741e+07   0
26.9   0.895   0.4844   -0.1987   0   2.617e+08   -9.754e+07   0
27   0.9013   0.5106   -0.2084   0   2.619e+08   -9.765e+07   0
27.1   0.9068   0.5368   -0.2182   0   2.62e+08   -9.774e+07   0
27.2   0.9116   0.563   -0.228   0   2.621e+08   -9.782e+07   0
27.3   0.9157   0.5892   -0.2378   0   2.622e+08   -9.788e+07   0
27.4   0.9192   0.6154   -0.2475   0   2.623e+08   -9.794e+07   0
27.5   0.9221   0.6417   -0.2573   0   2.624e+08   -9.798e+07   0
27.6   0.9244   0.6679   -0.2671   0   2.624e+08   -9.802e+07   0
27.7   0.9262   0.6942   -0.2769   0   2.625e+08   -9.804e+07   0
27.8   0.9265   0.7204   -0.2868   0   2.625e+08   -9.805e+07   0
27.9   0.9265   0.7467   -0.2966   0   2.625e+08   -9.805e+07   0
28   0.9265   0.7729   -0.3064   0   2.625e+08   -9.805e+07   0
28.1   0.9265   0.7992   -0.3162   0   2.625e+08   -9.805e+07   0
28.2   0.9265   0.8254   -0.326   0   2.625e+08   -9.805e+07   0
28.3   0.9265   0.8517   -0.3358   0   2.625e+08   -9.805e+07   0
28.4   0.9265   0.8779   -0.3456   0   2.625e+08   -9.805e+07   0
28.5   0.9265   0.9042   -0.3554   0   2.625e+08   -9.805e+07   0
28.6   0.9265   0.9304   -0.3652   0   2.625e+08   -9.805e+07   0
28.7   0.9265   0.9567   -0.375   0   2.625e+08   -9.805e+07   0
28.8   0.9265   0.9829   -0.3848   0   2.625e+08   -9.805e+07   0
28.9   0.9265   1.009   -0.3946   0   2.625e+08   -9.805e+07   0
29   0.9265   1.035   -0.4044   0   2.625e+08   -9.805e+07   0
29.1   0.9265   1.062   -0.4142   0   2.625e+08   -9.805e+07   0
29.2   0.9289   1.088   -0.4248   0   2.456e+08   -1.35e+08   0
29.3   0.9346   1.109   -0.4422   0   1.874e+08   -2.086e+08   0
29.4   0.9403   1.124   -0.4658   0   1.084e+08   -2.588e+08   0
29.5   0.9461   1.131   -0.4931   0   1.77e+07   -2.802e+08   0
29.6   0.9519   1.128   -0.5209   0   -7.475e+07   -2.708e+08   0
29.7   0.9577   1.116   -0.5462   0   -1.588e+08   -2.319e+08   0
29.8   0.9635   1.096   -0.5663   0   -2.255e+08   -1.681e+08   0
29.9   0.9694   1.072   -0.5791   0   -2.678e+08   -8.637e+07   0
30   0.9753   1.044   -0.5832   0   -2.815e+08   4.271e+06   0
30.1   0.9812   1.016   -0.5782   0   -2.654e+08   9.422e+07   0
30.2   0.9839   0.9909   -0.5658   0   -2.489e+08   1.319e+08   0
30.3   0.9839   0.966   -0.5527   0   -2.489e+08   1.319e+08   0
30.4   0.9839   0.9411   -0.5395   0   -2.489e+08   1.319e+08   0
30.5   0.9839   0.9162   -0.5263   0   -2.489e+08   1.319e+08   0
30.6   0.9839   0.8913   -0.5131   0   -2.489e+08   1.319e+08   0
30.7   0.9839   0.8665   -0.4999   0   -2.489e+08   1.319e+08   0
30.8   0.9839   0.8416   -0.4867   0   -2.489e+08   1.319e+08   0
30.9   0.9839   0.8167   -0.4735   0   -2.489e+08   1.319e+08   0
31   0.9839   0.7918   -0.4603   0   -2.489e+08   1.319e+08   0
31.1   0.9839   0.7669   -0.4471   0   -2.489e+08   1.319e+08   0
31.2   0.9839   0.742   -0.4339   0   -2.489e+08   1.319e+08   0
31.3   0.9839   0.7171   -0.4207   0   -2.489e+08   1.319e+08   0
31.4   0.9839   0.6922   -0.4075   0   -2.489e+08   1.319e+08   0
31.5   0.9839   0.6673   -0.3944   0   -2.489e+08   1.319e+08   0
31.6   0.9848   0.6424   -0.3812   0   -2.49e+08   1.319e+08   0
31.7   0.9893   0.6175   -0.368   0   -2.49e+08   1.32e+08   0
31.8   0.9936   0.5926   -0.3548   0   -2.491e+08   1.321e+08   0
31.9   0.9976   0.5677   -0.3415   0   -2.492e+08   1.322e+08   0
32   1.001   0.5428   -0.3283   0   -2.492e+08   1.323e+08   0
32.1   1.005   0.5178   -0.3151   0   -2.493e+08   1.324e+08   0
32.2   1.008   0.4929   -0.3018   0   -2.493e+08   1.324e+08   0
32.3   1.01   0.468   -0.2886   0   -2.494e+08   1.325e+08   0
32.4   1.013   0.443   -0.2753   0   -2.494e+08   1.325e+08   0
32.5   1.014   0.4181   -0.2621   0   -2.494e+08   1.326e+08   0
32.6   1.015   0.3932   -0.2488   0   -2.494e+08   1.326e+08   0
32.7   1.015   0.3682   -0.2356   0   -2.494e+08   1.326e+08   0
32.8   1.015   0.3433   -0.2223   0   -2.494e+08   1.326e+08   0
32.9   1.014   0.3183   -0.209   0   -2.494e+08   1.326e+08   0
33   1.011   0.2934   -0.1958   0   -2.494e+08   1.325e+08   0
33.1   1.007   0.2684   -0.1826   0   -2.493e+08   1.324e+08   0
33.2   1.002   0.2435   -0.1693   0   -2.493e+08   1.322e+08   0
33.3   0.9958   0.2186   -0.1561   0   -2.492e+08   1.32e+08   0
33.4   0.9873   0.1937   -0.1429   0   -2.492e+08   1.317e+08   0
33.5   0.9763   0.1688   -0.1298   0   -2.491e+08   1.312e+08   0
33.6   0.964   0.1438   -0.1167   0   -2.491e+08   1.306e+08   0
33.7   0.964   0.1189   -0.1036   0   -2.491e+08   1.306e+08   0
33.8   0.964   0.09403   -0.09058   0   -2.491e+08   1.306e+08   0
33.9   0.964   0.06913   -0.07752   0   -2.491e+08   1.306e+08   0
34   0.964   0.04422   -0.06446   0   -2.491e+08   1.306e+08   0
34.1   0.964   0.01932   -0.0514   0   -2.491e+08   1.306e+08   0
34.2   0.964   -0.005589   -0.03833   0   -2.491e+08   1.306e+08   0
34.3   0.964   -0.0305   -0.02527   0   -2.491e+08   1.306e+08   0
34.4   0.964   -0.0554   -0.01221   0   -2.491e+08   1.306e+08   0
34.5   0.964   -0.08031   0.0008489   0   -2.491e+08   1.306e+08   0
34.6   0.964   -0.1052   0.01391   0   -2.491e+08   1.306e+08   0
34.7   0.964   -0.1301   0.02697   0   -2.491e+08   1.306e+08   0
34.8   0.964   -0.155   0.04003   0   -2.491e+08   1.306e+08   0
34.9   0.964   -0.1799   0.05309   0   -2.491e+08   1.306e+08   0
35   0.9881   -0.2049   0.06612   0   -2.5e+08   1.301e+08   0
35.1   1.01   -0.2299   0.07911   0   -2.508e+08   1.296e+08   0
35.2   1.03   -0.2551   0.09206   0   -2.515e+08   1.294e+08   0
35.3   1.047   -0.2802   0.105   0   -2.521e+08   1.291e+08   0
35.4   1.063   -0.3055   0.1179   0   -2.525e+08   1.29e+08   0
35.5   1.077   -0.3307   0.1308   0   -2.529e+08   1.289e+08   0
35.6   1.09   -0.356   0.1437   0   -2.533e+08   1.288e+08   0
35.7   1.102   -0.3814   0.1565   0   -2.536e+08   1.287e+08   0
35.8   1.113   -0.4068   0.1694   0   -2.538e+08   1.287e+08   0
35.9   1.122   -0.4321   0.1823   0   -2.54e+08   1.286e+08   0
36   1.131   -0.4576   0.1951   0   -2.542e+08   1.286e+08   0
36.1   1.138   -0.483   0.208   0   -2.544e+08   1.286e+08   0
36.2   1.145   -0.5084   0.2208   0   -2.545e+08   1.286e+08   0
36.3   1.151   -0.5339   0.2337   0   -2.547e+08   1.286e+08   0
36.4   1.157   -0.5594   0.2466   0   -2.548e+08   1.286e+08   0
36.5   1.161   -0.5849   0.2594   0   -2.549e+08   1.285e+08   0
36.6   1.165   -0.6103   0.2723   0   -2.55e+08   1.285e+08   0
36.7   1.169   -0.6358   0.2851   0   -2.55e+08   1.285e+08   0
36.8   1.172   -0.6613   0.298   0   -2.551e+08   1.285e+08   0
36.9   1.174   -0.6869   0.3108   0   -2.551e+08   1.285e+08   0
37   1.174   -0.7124   0.3237   0   -2.551e+08   1.285e+08   0
37.1   1.174   -0.7379   0.3365   0   -2.551e+08   1.285e+08   0
37.2   1.174   -0.7634   0.3494   0   -2.551e+08   1.285e+08   0
37.3   1.174   -0.7889   0.3623   0   -2.551e+08   1.285e+08   0
37.4   1.174   -0.8144   0.3751   0   -2.551e+08   1.285e+08   0
37.5   1.174   -0.8399   0.388   0   -2.551e+08   1.285e+08   0
37.6   1.174   -0.8654   0.4008   0   -2.551e+08   1.285e+08   0
37.7   1.174   -0.8909   0.4137   0   -2.551e+08   1.285e+08   0
37.8   1.174   -0.9165   0.4265   0   -2.551e+08   1.285e+08   0
37.9   1.174   -0.942   0.4394   0   -2.551e+08   1.285e+08   0
38   1.174   -0.9675   0.4522   0   -2.551e+08   1.285e+08   0
38.1   1.174   -0.993   0.4651   0   -2.551e+08   1.285e+08   0
38.2   1.174   -1.019   0.4779   0   -2.551e+08   1.285e+08   0
38.3   1.174   -1.044   0.4908   0   -2.551e+08   1.285e+08   0
38.4   1.174   -1.07   0.5037   0   -2.551e+08   1.285e+08   0
38.5   1.174   -1.095   0.5165   0   -2.551e+08   1.285e+08   0
38.6   1.174   -1.121   0.5294   0   -2.551e+08   1.285e+08   0
38.7   1.174   -1.146   0.5422   0   -2.551e+08   1.285e+08   0
38.8   1.174   -1.172   0.5551   0   -2.551e+08   1.285e+08   0
38.9   1.174   -1.197   0.5679   0   -2.551e+08   1.285e+08   0
39   1.174   -1.223   0.5808   0   -2.551e+08   1.285e+08   0
39.1   1.174   -1.248   0.5936   0   -2.551e+08   1.285e+08   0
39.2   1.174   -1.274   0.6065   0   -2.551e+08   1.285e+08   0
39.3   1.174   -1.299   0.6193   0   -2.551e+08   1.285e+08   0
39.4   1.174   -1.325   0.6322   0   -2.551e+08   1.285e+08   0
39.5   1.174   -1.35   0.6451   0   -2.551e+08   1.285e+08   0
39.6   1.174   -1.376   0.6579   0   -2.551e+08   1.285e+08   0
39.7   1.174   -1.401   0.6708   0   -2.551e+08   1.285e+08   0
39.8   1.174   -1.427   0.6836   0   -2.551e+08   1.285e+08   0
39.9   1.174   -1.452   0.6965   0   -2.551e+08   1.285e+08   0
40   1.174   -1.478   0.7093   0   -2.551e+08   1.285e+08   0
40.1   1.174   -1.503   0.7222   0   -2.551e+08   1.285e+08   0
40.2   1.174   -1.529   0.735   0   -2.551e+08   1.285e+08   0
40.3   1.174   -1.554   0.7479   0   -2.551e+08   1.285e+08   0
40.4   1.174   -1.58   0.7608   0   -2.551e+08   1.285e+08   0
40.5   1.174   -1.605   0.7736   0   -2.551e+08   1.285e+08   0
40.6   1.174   -1.631   0.7865   0   -2.551e+08   1.285e+08   0
40.7   1.174   -1.656   0.7993   0   -2.551e+08   1.285e+08   0
40.8   1.174   -1.682   0.8122   0   -2.551e+08   1.285e+08   0
40.9   1.174   -1.707   0.825   0   -2.551e+08   1.285e+08   0
41   1.174   -1.733   0.8379   0   -2.551e+08   1.285e+08   0
41.1   1.174   -1.758   0.8507   0   -2.551e+08   1.285e+08   0
41.2   1.174   -1.784   0.8636   0   -2.551e+08   1.285e+08   0
41.3   1.174   -1.809   0.8764   0   -2.551e+08   1.285e+08   0
41.4   1.174   -1.835   0.8893   0   -2.551e+08   1.285e+08   0
41.5   1.174   -1.86   0.9022   0   -2.551e+08   1.285e+08   0
41.6   1.174   -1.886   0.915   0   -2.551e+08   1.285e+08   0
41.7   1.174   -1.911   0.9279   0   -2.551e+08   1.285e+08   0
41.8   1.174   -1.937   0.9407   0   -2.551e+08   1.285e+08   0
41.9   1.174   -1.962   0.9536   0   -2.551e+08   1.285e+08   0
42   1.174   -1.988   0.9664   0   -2.551e+08   1.285e+08   0
42.1   1.174   -2.013   0.9793   0   -2.551e+08   1.285e+08   0
42.2   1.174   -2.039   0.9921   0   -2.551e+08   1.285e+08   0
42.3   1.174   -2.064   1.005   0   -2.551e+08   1.285e+08   0
42.4   1.174   -2.09   1.018   0   -2.551e+08   1.285e+08   0
42.5   1.174   -2.115   1.031   0   -2.551e+08   1.285e+08   0
42.6   1.174   -2.141   1.044   0   -2.551e+08   1.285e+08   0
42.7   1.174   -2.167   1.056   0   -2.551e+08   1.285e+08   0
42.8   1.174   -2.192   1.069   0   -2.551e+08   1.285e+08   0
42.9   1.174   -2.218   1.082   0   -2.551e+08   1.285e+08   0
43   1.174   -2.243   1.095   0   -2.551e+08   1.285e+08   0
43.1   1.174   -2.269   1.108   0   -2.551e+08   1.285e+08   0
43.2   1.174   -2.294   1.121   0   -2.551e+08   1.285e+08   0
43.3   1.174   -2.32   1.134   0   -2.551e+08   1.285e+08   0
43.4   1.174   -2.345   1.146   0   -2.551e+08   1.285e+08   0
43.5   1.174   -2.371   1.159   0   -2.551e+08   1.285e+08   0
43.6   1.174   -2.396   1.172   0   -2.551e+08   1.285e+08   0
43.7   1.174   -2.422   1.185   0   -2.551e+08   1.285e+08   0
43.8   1.174   -2.447   1.198   0   -2.551e+08   1.285e+08   0
43.9   1.174   -2.473   1.211   0   -2.551e+08   1.285e+08   0
44   1.174   -2.498   1.224   0   -2.551e+08   1.285e+08   0
44.1   1.174   -2.524   1.236   0   -2.551e+08   1.285e+08   0
44.2   1.174   -2.549   1.249   0   -2.551e+08   1.285e+08   0
44.3   1.174   -2.575   1.262   0   -2.551e+08   1.285e+08   0
44.4   1.174   -2.6   1.275   0   -2.551e+08   1.285e+08   0
44.5   1.174   -2.626   1.288   0   -2.551e+08   1.285e+08   0
44.6   1.174   -2.651   1.301   0   -2.551e+08   1.285e+08   0
44.7   1.174   -2.677   1.314   0   -2.551e+08   1.285e+08   0
44.8   1.174   -2.702   1.326   0   -2.551e+08   1.285e+08   0
44.9   1.174   -2.728   1.339   0   -2.551e+08   1.285e+08   0
45   1.174   -2.753   1.352   0   -2.551e+08   1.285e+08   0
