0   0.04   -0.753   0   0   1.121e+08   0   0
0.1   0.04   -0.753   0   0   1.121e+08   0   0
0.2   0.04   -0.753   0   0   1.121e+08   0   0
0.3   0.04   -0.753   0   0   1.121e+08   0   0
0.4   0.04   -0.753   0   0   1.121e+08   0   0
0.5   0.04   -0.753   0   0   1.121e+08   0   0
0.6   0.04   -0.753   0   0   1.121e+08   0   0
0.7   0.04   -0.753   0   0   1.121e+08   0   0
0.8   0.04   -0.753   0   0   1.121e+08   0   0
0.9   0.04   -0.753   0   0   1.121e+08   0   0
1   0.04129   -0.7428   0   0   1.137e+08   0   0
1.1   0.04292   -0.7313   0   0   1.157e+08   0   0
1.2   0.04477   -0.7197   0   0   1.179e+08   0   0
1.3   0.04684   -0.7077   0   0   1.203e+08   0   0
1.4   0.04914   -0.6956   0   0   1.228e+08   0   0
1.5   0.05167   -0.6832   0   0   1.255e+08   0   0
1.6   0.05445   -0.6705   0   0   1.284e+08   0   0
1.7   0.05747   -0.6575   0   0   1.314e+08   0   0
1.8   0.06075   -0.6442   0   0   1.345e+08   0   0
1.9   0.06429   -0.6306   0   0   1.377e+08   0   0
2   0.06809   -0.6167   0   0   1.41e+08   0   0
2.1   0.07217   -0.6024   0   0   1.445e+08   0   0
2.2   0.07651   -0.5878   0   0   1.479e+08   0   0
2.3   0.08113   -0.5728   0   0   1.515e+08   0   0
2.4   0.08602   -0.5575   0   0   1.55e+08   0   0
2.5   0.09117   -0.5418   0   0   1.586e+08   0   0
2.6   0.09659   -0.5257   0   0   1.622e+08   0   0
2.7   0.1023   -0.5093   0   0   1.658e+08   0   0
2.8   0.1082   -0.4926   0   0   1.693e+08   0   0
2.9   0.1143   -0.4755   0   0   1.728e+08   0   0
3   0.1207   -0.458   0   0   1.763e+08   0   0
3.1   0.1273   -0.4402   0   0   1.797e+08   0   0
3.2   0.1341   -0.4221   0   0   1.83e+08   0   0
3.3   0.141   -0.4036   0   0   1.862e+08   0   0
3.4   0.1481   -0.3848   0   0   1.894e+08   0   0
3.5   0.1553   -0.3658   0   0   1.924e+08   0   0
3.6   0.1626   -0.3464   0   0   1.953e+08   0   0
3.7   0.1699   -0.3267   0   0   1.981e+08   0   0
3.8   0.1772   -0.3067   0   0   2.008e+08   0   0
3.9   0.1844   -0.2865   0   0   2.033e+08   0   0
4   0.1915   -0.2661   0   0   2.057e+08   0   0
4.1   0.1984   -0.2454   0   0   2.08e+08   0   0
4.2   0.2051   -0.2245   0   0   2.1e+08   0   0
4.3   0.2113   -0.2034   0   0   2.119e+08   0   0
4.4   0.2155   -0.1821   0   0   2.131e+08   0   0
4.5   0.2155   -0.1608   0   0   2.131e+08   0   0
4.6   0.2155   -0.1395   0   0   2.131e+08   0   0
4.7   0.2155   -0.1182   0   0   2.131e+08   0   0
4.8   0.2155   -0.09688   0   0   2.131e+08   0   0
4.9   0.2155   -0.07557   0   0   2.131e+08   0   0
5   0.2155   -0.05426   0   0   2.131e+08   0   0
5.1   0.2155   -0.03295   0   0   2.131e+08   0   0
5.2   0.2155   -0.01164   0   0   2.131e+08   0   0
5.3   0.2155   0.009666   0   0   2.131e+08   0   0
5.4   0.2155   0.03098   0   0   2.131e+08   0   0
5.5   0.2155   0.05229   0   0   2.131e+08   0   0
5.6   0.2155   0.0736   0   0   2.131e+08   0   0
5.7   0.2155   0.09491   0   0   2.131e+08   0   0
5.8   0.2155   0.1162   0   0   2.131e+08   0   0
5.9   0.2155   0.1375   0   0   2.131e+08   0   0
6   0.2155   0.1588   0   0   2.131e+08   0   0
6.1   0.2155   0.1801   0   0   2.131e+08   0   0
6.2   0.2255   0.2015   0   0   2.159e+08   0   0
6.3   0.241   0.2233   0   0   2.199e+08   0   0
6.4   0.2559   0.2455   0   0   2.236e+08   0   0
6.5   0.2703   0.268   0   0   2.268e+08   0   0
6.6   0.284   0.2909   0   0   2.297e+08   0   0
6.7   0.2972   0.314   0   0   2.323e+08   0   0
6.8   0.3098   0.3373   0   0   2.346e+08   0   0
6.9   0.3218   0.3609   0   0   2.367e+08   0   0
7   0.3332   0.3847   0   0   2.386e+08   0   0
7.1   0.3442   0.4086   0   0   2.404e+08   0   0
7.2   0.3545   0.4327   0   0   2.42e+08   0   0
7.3   0.3643   0.457   0   0   2.434e+08   0   0
7.4   0.3736   0.4814   0   0   2.447e+08   0   0
7.5   0.3824   0.5059   0   0   2.459e+08   0   0
7.6   0.3906   0.5306   0   0   2.47e+08   0   0
7.7   0.3983   0.5553   0   0   2.48e+08   0   0
7.8   0.4054   0.5802   0   0   2.489e+08   0   0
7.9   0.4121   0.6051   0   0   2.497e+08   0   0
8   0.4183   0.6301   0   0   2.504e+08   0   0
8.1   0.4239   0.6552   0   0   2.511e+08   0   0
8.2   0.4291   0.6803   0   0   2.516e+08   0   0
8.3   0.4338   0.7055   0   0   2.522e+08   0   0
8.4   0.4381   0.7307   0   0   2.526e+08   0   0
8.5   0.4414   0.756   0   0   2.53e+08   0   0
8.6   0.4414   0.7813   0   0   2.53e+08   0   0
8.7   0.4414   0.8066   0   0   2.53e+08   0   0
8.8   0.4414   0.8319   0   0   2.53e+08   0   0
8.9   0.4414   0.8572   0   0   2.53e+08   0   0
9   0.4414   0.8825   0   0   2.53e+08   0   0
9.1   0.4414   0.9078   0   0   2.53e+08   0   0
9.2   0.4414   0.9331   0   0   2.53e+08   0   0
9.3   0.4414   0.9584   0   0   2.53e+08   0   0
9.4   0.4414   0.9837   0   0   2.53e+08   0   0
9.5   0.4414   1.009   0   0   2.53e+08   0   0
9.6   0.4414   1.034   0   0   2.53e+08   0   0
9.7   0.4414   1.06   0   0   2.53e+08   0   0
9.8   0.4414   1.085   0   0   2.53e+08   0   0
9.9   0.4415   1.11   -5.548e-05   0   2.529e+08   -8.534e+06   0
10   0.4425   1.135   -0.004464   0   2.407e+08   -7.835e+07   0
10.1   0.4434   1.158   -0.01559   0   2.096e+08   -1.42e+08   0
10.2   0.4443   1.176   -0.03255   0   1.622e+08   -1.946e+08   0
10.3   0.4453   1.19   -0.05404   0   1.021e+08   -2.319e+08   0
10.4   0.4462   1.196   -0.07836   0   3.406e+07   -2.512e+08   0
10.5   0.4472   1.196   -0.1036   0   -3.66e+07   -2.509e+08   0
10.6   0.4481   1.189   -0.1279   0   -1.044e+08   -2.312e+08   0
10.7   0.449   1.176   -0.1493   0   -1.641e+08   -1.936e+08   0
10.8   0.45   1.157   -0.1661   0   -2.112e+08   -1.41e+08   0
10.9   0.4509   1.134   -0.177   0   -2.419e+08   -7.752e+07   0
11   0.4519   1.109   -0.1813   0   -2.54e+08   -8.108e+06   0
11.1   0.4525   1.084   -0.1789   0   -2.508e+08   4.117e+07   0
11.2   0.4525   1.059   -0.1748   0   -2.508e+08   4.117e+07   0
11.3   0.4525   1.034   -0.1706   0   -2.508e+08   4.117e+07   0
11.4   0.4525   1.008   -0.1665   0   -2.508e+08   4.117e+07   0
11.5   0.4525   0.9834   -0.1624   0   -2.508e+08   4.117e+07   0
11.6   0.4525   0.9583   -0.1583   0   -2.508e+08   4.117e+07   0
11.7   0.4525   0.9332   -0.1542   0   -2.508e+08   4.117e+07   0
11.8   0.4525   0.9081   -0.1501   0   -2.508e+08   4.117e+07   0
11.9   0.4525   0.8831   -0.1459   0   -2.508e+08   4.117e+07   0
12   0.4525   0.858   -0.1418   0   -2.508e+08   4.117e+07   0
12.1   0.4525   0.8329   -0.1377   0   -2.508e+08   4.117e+07   0
12.2   0.4525   0.8078   -0.1336   0   -2.508e+08   4.117e+07   0
12.3   0.4525   0.7827   -0.1295   0   -2.508e+08   4.117e+07   0
12.4   0.4525   0.7577   -0.1254   0   -2.508e+08   4.117e+07   0
12.5   0.4547   0.7326   -0.1212   0   -2.51e+08   4.121e+07   0
12.6   0.4601   0.7074   -0.1171   0   -2.516e+08   4.13e+07   0
12.7   0.4655   0.6823   -0.113   0   -2.521e+08   4.139e+07   0
12.8   0.4709   0.657   -0.1088   0   -2.526e+08   4.148e+07   0
12.9   0.4761   0.6317   -0.1047   0   -2.531e+08   4.156e+07   0
13   0.4812   0.6064   -0.1005   0   -2.536e+08   4.164e+07   0
13.1   0.4862   0.581   -0.09636   0   -2.54e+08   4.172e+07   0
13.2   0.491   0.5556   -0.09218   0   -2.545e+08   4.179e+07   0
13.3   0.4955   0.5301   -0.088   0   -2.549e+08   4.186e+07   0
13.4   0.4997   0.5046   -0.08381   0   -2.552e+08   4.192e+07   0
13.5   0.5036   0.4791   -0.07961   0   -2.556e+08   4.198e+07   0
13.6   0.5071   0.4535   -0.07541   0   -2.559e+08   4.203e+07   0
13.7   0.5101   0.4279   -0.07121   0   -2.561e+08   4.208e+07   0
13.8   0.5126   0.4023   -0.067   0   -2.563e+08   4.211e+07   0
13.9   0.5144   0.3767   -0.06279   0   -2.565e+08   4.214e+07   0
14   0.5156   0.351   -0.05857   0   -2.566e+08   4.215e+07   0
14.1   0.5159   0.3253   -0.05436   0   -2.566e+08   4.216e+07   0
14.2   0.5152   0.2997   -0.05014   0   -2.565e+08   4.215e+07   0
14.3   0.5134   0.274   -0.04593   0   -2.564e+08   4.212e+07   0
14.4   0.5102   0.2484   -0.04172   0   -2.561e+08   4.208e+07   0
14.5   0.5054   0.2228   -0.03751   0   -2.557e+08   4.2e+07   0
14.6   0.4985   0.1973   -0.03332   0   -2.551e+08   4.19e+07   0
14.7   0.4946   0.1718   -0.02913   0   -2.548e+08   4.183e+07   0
14.8   0.4946   0.1463   -0.02495   0   -2.548e+08   4.183e+07   0
14.9   0.4946   0.1208   -0.02077   0   -2.548e+08   4.183e+07   0
15   0.4946   0.09535   -0.01658   0   -2.548e+08   4.183e+07   0
15.1   0.4946   0.06987   -0.0124   0   -2.548e+08   4.183e+07   0
15.2   0.4946   0.04439   -0.008216   0   -2.548e+08   4.183e+07   0
15.3   0.4946   0.01891   -0.004033   0   -2.548e+08   4.183e+07   0
15.4   0.4946   -0.006569   0.0001504   0   -2.548e+08   4.183e+07   0
15.5   0.4946   -0.03205   0.004334   0   -2.548e+08   4.183e+07   0
15.6   0.4946   -0.05753   0.008517   0   -2.548e+08   4.183e+07   0
15.7   0.4946   -0.08301   0.0127   0   -2.548e+08   4.183e+07   0
15.8   0.4946   -0.1085   0.01688   0   -2.548e+08   4.183e+07   0
15.9   0.4946   -0.134   0.02107   0   -2.548e+08   4.183e+07   0
16   0.4946   -0.1594   0.02525   0   -2.548e+08   4.183e+07   0
16.1   0.4946   -0.1849   0.02943   0   -2.548e+08   4.183e+07   0
16.2   0.5167   -0.2105   0.03363   0   -2.567e+08   4.211e+07   0
16.3   0.5375   -0.2362   0.03785   0   -2.583e+08   4.235e+07   0
16.4   0.5563   -0.2622   0.0421   0   -2.597e+08   4.256e+07   0
16.5   0.5734   -0.2882   0.04636   0   -2.609e+08   4.274e+07   0
16.6   0.589   -0.3143   0.05065   0   -2.62e+08   4.29e+07   0
16.7   0.6034   -0.3406   0.05494   0   -2.629e+08   4.304e+07   0
16.8   0.6165   -0.3669   0.05926   0   -2.637e+08   4.316e+07   0
16.9   0.6285   -0.3933   0.06358   0   -2.644e+08   4.327e+07   0
17   0.6395   -0.4198   0.06791   0   -2.651e+08   4.337e+07   0
17.1   0.6495   -0.4463   0.07225   0   -2.656e+08   4.346e+07   0
17.2   0.6587   -0.4729   0.0766   0   -2.661e+08   4.354e+07   0
17.3   0.6671   -0.4996   0.08096   0   -2.666e+08   4.361e+07   0
17.4   0.6746   -0.5262   0.08532   0   -2.67e+08   4.367e+07   0
17.5   0.6815   -0.553   0.08969   0   -2.673e+08   4.372e+07   0
17.6   0.6876   -0.5797   0.09407   0   -2.676e+08   4.377e+07   0
17.7   0.6931   -0.6065   0.09845   0   -2.679e+08   4.381e+07   0
17.8   0.6979   -0.6333   0.1028   0   -2.681e+08   4.385e+07   0
17.9   0.7021   -0.6601   0.1072   0   -2.683e+08   4.388e+07   0
18   0.7057   -0.687   0.1116   0   -2.685e+08   4.391e+07   0
18.1   0.7088   -0.7138   0.116   0   -2.687e+08   4.393e+07   0
18.2   0.7114   -0.7407   0.1204   0   -2.688e+08   4.395e+07   0
18.3   0.7116   -0.7676   0.1248   0   -2.688e+08   4.395e+07   0
18.4   0.7116   -0.7944   0.1292   0   -2.688e+08   4.395e+07   0
18.5   0.7116   -0.8213   0.1336   0   -2.688e+08   4.395e+07   0
18.6   0.7116   -0.8482   0.138   0   -2.688e+08   4.395e+07   0
18.7   0.7116   -0.8751   0.1424   0   -2.688e+08   4.395e+07   0
18.8   0.7116   -0.902   0.1468   0   -2.688e+08   4.395e+07   0
18.9   0.7116   -0.9288   0.1512   0   -2.688e+08   4.395e+07   0
19   0.7116   -0.9557   0.1555   0   -2.688e+08   4.395e+07   0
19.1   0.7116   -0.9826   0.1599   0   -2.688e+08   4.395e+07   0
19.2   0.7116   -1.009   0.1643   0   -2.688e+08   4.395e+07   0
19.3   0.7116   -1.036   0.1687   0   -2.688e+08   4.395e+07   0
19.4   0.7116   -1.063   0.1731   0   -2.688e+08   4.395e+07   0
19.5   0.7116   -1.09   0.1775   0   -2.688e+08   4.395e+07   0
19.6   0.7116   -1.117   0.1819   0   -2.688e+08   4.395e+07   0
19.7   0.7124   -1.144   0.1867   0   -2.637e+08   6.839e+07   0
19.8   0.7148   -1.169   0.1973   0   -2.337e+08   1.401e+08   0
19.9   0.7172   -1.19   0.2144   0   -1.848e+08   2.004e+08   0
20   0.7196   -1.205   0.2368   0   -1.211e+08   2.444e+08   0
20.1   0.722   -1.214   0.2627   0   -4.761e+07   2.686e+08   0
20.2   0.7244   -1.215   0.2899   0   2.959e+07   2.713e+08   0
20.3   0.7268   -1.208   0.3162   0   1.043e+08   2.523e+08   0
20.4   0.7292   -1.194   0.3396   0   1.707e+08   2.133e+08   0
20.5   0.7316   -1.174   0.3582   0   2.234e+08   1.573e+08   0
20.6   0.7341   -1.15   0.3706   0   2.585e+08   8.902e+07   0
20.7   0.7365   -1.123   0.3757   0   2.731e+08   1.378e+07   0
20.8   0.7389   -1.096   0.3733   0   2.664e+08   -6.245e+07   0
20.9   0.7399   -1.07   0.3646   0   2.578e+08   -9.188e+07   0
21   0.7399   -1.044   0.3555   0   2.578e+08   -9.188e+07   0
21.1   0.7399   -1.018   0.3463   0   2.578e+08   -9.188e+07   0
21.2   0.7399   -0.9925   0.3371   0   2.578e+08   -9.188e+07   0
21.3   0.7399   -0.9668   0.3279   0   2.578e+08   -9.188e+07   0
21.4   0.7399   -0.941   0.3187   0   2.578e+08   -9.188e+07   0
21.5   0.7399   -0.9152   0.3095   0   2.578e+08   -9.188e+07   0
21.6   0.7399   -0.8894   0.3003   0   2.578e+08   -9.188e+07   0
21.7   0.7399   -0.8637   0.2911   0   2.578e+08   -9.188e+07   0
21.8   0.7399   -0.8379   0.282   0   2.578e+08   -9.188e+07   0
21.9   0.7399   -0.8121   0.2728   0   2.578e+08   -9.188e+07   0
22   0.7399   -0.7863   0.2636   0   2.578e+08   -9.188e+07   0
22.1   0.7399   -0.7606   0.2544   0   2.578e+08   -9.188e+07   0
22.2   0.7399   -0.7348   0.2452   0   2.578e+08   -9.188e+07   0
22.3   0.7408   -0.709   0.236   0   2.578e+08   -9.189e+07   0
22.4   0.7451   -0.6832   0.2268   0   2.58e+08   -9.193e+07   0
22.5   0.7493   -0.6574   0.2176   0   2.582e+08   -9.197e+07   0
22.6   0.7532   -0.6316   0.2084   0   2.583e+08   -9.2e+07   0
22.7   0.7568   -0.6058   0.1992   0   2.585e+08   -9.203e+07   0
22.8   0.7601   -0.5799   0.19   0   2.586e+08   -9.206e+07   0
22.9   0.763   -0.554   0.1808   0   2.587e+08   -9.208e+07   0
23   0.7656   -0.5282   0.1716   0   2.588e+08   -9.21e+07   0
23.1   0.7676   -0.5023   0.1624   0   2.589e+08   -9.211e+07   0
23.2   0.7692   -0.4764   0.1532   0   2.59e+08   -9.212e+07   0
23.3   0.7701   -0.4505   0.144   0   2.59e+08   -9.213e+07   0
23.4   0.7703   -0.4246   0.1348   0   2.59e+08   -9.213e+07   0
23.5   0.7698   -0.3987   0.1255   0   2.59e+08   -9.213e+07   0
23.6   0.7685   -0.3728   0.1163   0   2.589e+08   -9.212e+07   0
23.7   0.7661   -0.3469   0.1071   0   2.588e+08   -9.211e+07   0
23.8   0.7627   -0.321   0.09791   0   2.587e+08   -9.21e+07   0
23.9   0.7579   -0.2952   0.0887   0   2.585e+08   -9.209e+07   0
24   0.7516   -0.2693   0.07949   0   2.582e+08   -9.208e+07   0
24.1   0.7436   -0.2435   0.07029   0   2.579e+08   -9.208e+07   0
24.2   0.7334   -0.2177   0.06108   0   2.574e+08   -9.21e+07   0
24.3   0.7206   -0.192   0.05187   0   2.567e+08   -9.214e+07   0
24.4   0.7147   -0.1664   0.04265   0   2.564e+08   -9.218e+07   0
24.5   0.7147   -0.1408   0.03343   0   2.564e+08   -9.218e+07   0
24.6   0.7147   -0.1151   0.02421   0   2.564e+08   -9.218e+07   0
24.7   0.7147   -0.08946   0.015   0   2.564e+08   -9.218e+07   0
24.8   0.7147   -0.06382   0.005778   0   2.564e+08   -9.218e+07   0
24.9   0.7147   -0.03818   -0.00344   0   2.564e+08   -9.218e+07   0
25   0.7147   -0.01254   -0.01266   0   2.564e+08   -9.218e+07   0
25.1   0.7147   0.01311   -0.02188   0   2.564e+08   -9.218e+07   0
25.2   0.7147   0.03875   -0.03109   0   2.564e+08   -9.218e+07   0
25.3   0.7147   0.06439   -0.04031   0   2.564e+08   -9.218e+07   0
25.4   0.7147   0.09004   -0.04953   0   2.564e+08   -9.218e+07   0
25.5   0.7147   0.1157   -0.05875   0   2.564e+08   -9.218e+07   0
25.6   0.7147   0.1413   -0.06796   0   2.564e+08   -9.218e+07   0
25.7   0.7147   0.167   -0.07718   0   2.564e+08   -9.218e+07   0
25.8   0.7354   0.1926   -0.08643   0   2.572e+08   -9.291e+07   0
25.9   0.7573   0.2184   -0.09576   0   2.579e+08   -9.361e+07   0
26   0.7767   0.2442   -0.1051   0   2.586e+08   -9.417e+07   0
26.1   0.7941   0.2701   -0.1146   0   2.591e+08   -9.462e+07   0
26.2   0.8096   0.296   -0.1241   0   2.596e+08   -9.5e+07   0
26.3   0.8236   0.322   -0.1336   0   2.6e+08   -9.532e+07   0
26.4   0.8361   0.348   -0.1431   0   2.604e+08   -9.558e+07   0
26.5   0.8474   0.3741   -0.1527   0   2.607e+08   -9.581e+07   0
26.6   0.8575   0.4002   -0.1623   0   2.61e+08   -9.6e+07   0
26.7   0.8666   0.4263   -0.1719   0   2.613e+08   -9.617e+07   0
26.8   0.8748   0.4524   -0.1815   0   2.615e+08   -9.631e+07   0
26.9   0.882   0.4786   -0.1912   0   2.617e+08   -9.643e+07   0
27   0.8884   0.5048   -0.2008   0   2.619e+08   -9.654e+07   0
27.1   0.894   0.531   -0.2105   0   2.62e+08   -9.663e+07   0
27.2   0.8988   0.5572   -0.2201   0   2.621e+08   -9.67e+07   0
27.3   0.903   0.5834   -0.2298   0   2.622e+08   -9.676e+07   0
27.4   0.9065   0.6096   -0.2395   0   2.623e+08   -9.682e+07   0
27.5   0.9094   0.6359   -0.2492   0   2.624e+08   -9.686e+07   0
27.6   0.9118   0.6621   -0.2589   0   2.625e+08   -9.689e+07   0
27.7   0.9136   0.6884   -0.2686   0   2.625e+08   -9.692e+07   0
27.8   0.9143   0.7146   -0.2782   0   2.625e+08   -9.693e+07   0
27.9   0.9143   0.7409   -0.2879   0   2.625e+08   -9.693e+07   0
28   0.9143   0.7671   -0.2976   0   2.625e+08   -9.693e+07   0
28.1   0.9143   0.7934   -0.3073   0   2.625e+08   -9.693e+07   0
28.2   0.9143   0.8196   -0.317   0   2.625e+08   -9.693e+07   0
28.3   0.9143   0.8459   -0.3267   0   2.625e+08   -9.693e+07   0
28.4   0.9143   0.8721   -0.3364   0   2.625e+08   -9.693e+07   0
28.5   0.9143   0.8984   -0.3461   0   2.625e+08   -9.693e+07   0
28.6   0.9143   0.9247   -0.3558   0   2.625e+08   -9.693e+07   0
28.7   0.9143   0.9509   -0.3655   0   2.625e+08   -9.693e+07   0
28.8   0.9143   0.9772   -0.3752   0   2.625e+08   -9.693e+07   0
28.9   0.9143   1.003   -0.3849   0   2.625e+08   -9.693e+07   0
29   0.9143   1.03   -0.3946   0   2.625e+08   -9.693e+07   0
29.1   0.9143   1.056   -0.4043   0   2.625e+08   -9.693e+07   0
29.2   0.9148   1.082   -0.414   0   2.595e+08   -1.049e+08   0
29.3   0.9204   1.106   -0.4287   0   2.098e+08   -1.855e+08   0
29.4   0.9261   1.123   -0.4504   0   1.364e+08   -2.448e+08   0
29.5   0.9318   1.133   -0.4768   0   4.779e+07   -2.763e+08   0
29.6   0.9375   1.133   -0.5047   0   -4.591e+07   -2.767e+08   0
29.7   0.9432   1.123   -0.5311   0   -1.343e+08   -2.465e+08   0
29.8   0.949   1.106   -0.553   0   -2.076e+08   -1.891e+08   0
29.9   0.9548   1.083   -0.5681   0   -2.58e+08   -1.113e+08   0
30   0.9606   1.055   -0.5748   0   -2.803e+08   -2.153e+07   0
30.1   0.9664   1.028   -0.5723   0   -2.724e+08   7.028e+07   0
30.2   0.9707   1.002   -0.5612   0   -2.485e+08   1.321e+08   0
30.3   0.9707   0.9769   -0.548   0   -2.485e+08   1.321e+08   0
30.4   0.9707   0.9521   -0.5348   0   -2.485e+08   1.321e+08   0
30.5   0.9707   0.9272   -0.5216   0   -2.485e+08   1.321e+08   0
30.6   0.9707   0.9024   -0.5084   0   -2.485e+08   1.321e+08   0
30.7   0.9707   0.8775   -0.4952   0   -2.485e+08   1.321e+08   0
30.8   0.9707   0.8527   -0.482   0   -2.485e+08   1.321e+08   0
30.9   0.9707   0.8278   -0.4688   0   -2.485e+08   1.321e+08   0
31   0.9707   0.803   -0.4555   0   -2.485e+08   1.321e+08   0
31.1   0.9707   0.7782   -0.4423   0   -2.485e+08   1.321e+08   0
31.2   0.9707   0.7533   -0.4291   0   -2.485e+08   1.321e+08   0
31.3   0.9707   0.7285   -0.4159   0   -2.485e+08   1.321e+08   0
31.4   0.9707   0.7036   -0.4027   0   -2.485e+08   1.321e+08   0
31.5   0.9707   0.6788   -0.3895   0   -2.485e+08   1.321e+08   0
31.6   0.9707   0.6539   -0.3763   0   -2.485e+08   1.321e+08   0
31.7   0.9748   0.6291   -0.3631   0   -2.485e+08   1.322e+08   0
31.8   0.979   0.6042   -0.3498   0   -2.486e+08   1.323e+08   0
31.9   0.983   0.5794   -0.3366   0   -2.487e+08   1.323e+08   0
32   0.9867   0.5545   -0.3234   0   -2.488e+08   1.324e+08   0
32.1   0.9901   0.5296   -0.3101   0   -2.488e+08   1.325e+08   0
32.2   0.9931   0.5047   -0.2969   0   -2.489e+08   1.325e+08   0
32.3   0.9957   0.4798   -0.2836   0   -2.489e+08   1.326e+08   0
32.4   0.9978   0.4549   -0.2704   0   -2.49e+08   1.326e+08   0
32.5   0.9994   0.43   -0.2571   0   -2.49e+08   1.327e+08   0
32.6   1   0.4051   -0.2438   0   -2.49e+08   1.327e+08   0
32.7   1.001   0.3802   -0.2306   0   -2.49e+08   1.327e+08   0
32.8   1   0.3553   -0.2173   0   -2.49e+08   1.327e+08   0
32.9   0.9988   0.3304   -0.204   0   -2.49e+08   1.326e+08   0
33   0.9964   0.3055   -0.1908   0   -2.489e+08   1.326e+08   0
33.1   0.9928   0.2807   -0.1775   0   -2.489e+08   1.325e+08   0
33.2   0.9879   0.2558   -0.1643   0   -2.488e+08   1.324e+08   0
33.3   0.9814   0.2309   -0.151   0   -2.487e+08   1.322e+08   0
33.4   0.973   0.206   -0.1378   0   -2.486e+08   1.319e+08   0
33.5   0.9624   0.1812   -0.1247   0   -2.485e+08   1.316e+08   0
33.6   0.9489   0.1563   -0.1115   0   -2.484e+08   1.311e+08   0
33.7   0.9467   0.1315   -0.09842   0   -2.483e+08   1.31e+08   0
33.8   0.9467   0.1067   -0.08532   0   -2.483e+08   1.31e+08   0
33.9   0.9467   0.08182   -0.07222   0   -2.483e+08   1.31e+08   0
34   0.9467   0.05699   -0.05912   0   -2.483e+08   1.31e+08   0
34.1   0.9467   0.03215   -0.04602   0   -2.483e+08   1.31e+08   0
34.2   0.9467   0.007321   -0.03292   0   -2.483e+08   1.31e+08   0
34.3   0.9467   -0.01751   -0.01982   0   -2.483e+08   1.31e+08   0
34.4   0.9467   -0.04235   -0.006721   0   -2.483e+08   1.31e+08   0
34.5   0.9467   -0.06718   0.006379   0   -2.483e+08   1.31e+08   0
34.6   0.9467   -0.09201   0.01948   0   -2.483e+08   1.31e+08   0
34.7   0.9467   -0.1168   0.03258   0   -2.483e+08   1.31e+08   0
34.8   0.9467   -0.1417   0.04568   0   -2.483e+08   1.31e+08   0
34.9   0.9467   -0.1665   0.05878   0   -2.483e+08   1.31e+08   0
35   0.9616   -0.1914   0.07187   0   -2.489e+08   1.308e+08   0
35.1   0.9848   -0.2163   0.08494   0   -2.497e+08   1.306e+08   0
35.2   1.005   -0.2413   0.09799   0   -2.503e+08   1.304e+08   0
35.3   1.024   -0.2664   0.111   0   -2.509e+08   1.303e+08   0
35.4   1.04   -0.2915   0.1241   0   -2.513e+08   1.302e+08   0
35.5   1.055   -0.3166   0.1371   0   -2.517e+08   1.302e+08   0
35.6   1.068   -0.3418   0.1501   0   -2.52e+08   1.302e+08   0
35.7   1.08   -0.367   0.1631   0   -2.523e+08   1.301e+08   0
35.8   1.091   -0.3923   0.1761   0   -2.526e+08   1.301e+08   0
35.9   1.101   -0.4175   0.1891   0   -2.528e+08   1.301e+08   0
36   1.11   -0.4428   0.2022   0   -2.53e+08   1.301e+08   0
36.1   1.117   -0.4681   0.2152   0   -2.532e+08   1.302e+08   0
36.2   1.124   -0.4935   0.2282   0   -2.533e+08   1.302e+08   0
36.3   1.131   -0.5188   0.2412   0   -2.534e+08   1.302e+08   0
36.4   1.136   -0.5441   0.2542   0   -2.535e+08   1.302e+08   0
36.5   1.141   -0.5695   0.2672   0   -2.536e+08   1.302e+08   0
36.6   1.145   -0.5949   0.2803   0   -2.537e+08   1.302e+08   0
36.7   1.148   -0.6202   0.2933   0   -2.538e+08   1.302e+08   0
36.8   1.151   -0.6456   0.3063   0   -2.538e+08   1.302e+08   0
36.9   1.153   -0.671   0.3193   0   -2.539e+08   1.302e+08   0
37   1.154   -0.6964   0.3323   0   -2.539e+08   1.302e+08   0
37.1   1.154   -0.7218   0.3454   0   -2.539e+08   1.302e+08   0
37.2   1.154   -0.7472   0.3584   0   -2.539e+08   1.302e+08   0
37.3   1.154   -0.7725   0.3714   0   -2.539e+08   1.302e+08   0
37.4   1.154   -0.7979   0.3844   0   -2.539e+08   1.302e+08   0
37.5   1.154   -0.8233   0.3975   0   -2.539e+08   1.302e+08   0
37.6   1.154   -0.8487   0.4105   0   -2.539e+08   1.302e+08   0
37.7   1.154   -0.8741   0.4235   0   -2.539e+08   1.302e+08   0
37.8   1.154   -0.8995   0.4365   0   -2.539e+08   1.302e+08   0
37.9   1.154   -0.9249   0.4496   0   -2.539e+08   1.302e+08   0
38   1.154   -0.9503   0.4626   0   -2.539e+08   1.302e+08   0
38.1   1.154   -0.9756   0.4756   0   -2.539e+08   1.302e+08   0
38.2   1.154   -1.001   0.4886   0   -2.539e+08   1.302e+08   0
38.3   1.154   -1.026   0.5016   0   -2.539e+08   1.302e+08   0
38.4   1.154   -1.052   0.5147   0   -2.539e+08   1.302e+08   0
38.5   1.154   -1.077   0.5277   0   -2.539e+08   1.302e+08   0
38.6   1.154   -1.103   0.5407   0   -2.539e+08   1.302e+08   0
38.7   1.154   -1.128   0.5537   0   -2.539e+08   1.302e+08   0
38.8   1.154   -1.153   0.5668   0   -2.539e+08   1.302e+08   0
38.9   1.154   -1.179   0.5798   0   -2.539e+08   1.302e+08   0
39   1.154   -1.204   0.5928   0   -2.539e+08   1.302e+08   0
39.1   1.154   -1.23   0.6058   0   -2.539e+08   1.302e+08   0
39.2   1.154   -1.255   0.6188   0   -2.539e+08   1.302e+08   0
39.3   1.154   -1.28   0.6319   0   -2.539e+08   1.302e+08   0
39.4   1.154   -1.306   0.6449   0   -2.539e+08   1.302e+08   0
39.5   1.154   -1.331   0.6579   0   -2.539e+08   1.302e+08   0
39.6   1.154   -1.356   0.6709   0   -2.539e+08   1.302e+08   0
39.7   1.154   -1.382   0.684   0   -2.539e+08   1.302e+08   0
39.8   1.154   -1.407   0.697   0   -2.539e+08   1.302e+08   0
39.9   1.154   -1.433   0.71   0   -2.539e+08   1.302e+08   0
40   1.154   -1.458   0.723   0   -2.539e+08   1.302e+08   0
40.1   1.154   -1.483   0.7361   0   -2.539e+08   1.302e+08   0
40.2   1.154   -1.509   0.7491   0   -2.539e+08   1.302e+08   0
40.3   1.154   -1.534   0.7621   0   -2.539e+08   1.302e+08   0
40.4   1.154   -1.56   0.7751   0   -2.539e+08   1.302e+08   0
40.5   1.154   -1.585   0.7881   0   -2.539e+08   1.302e+08   0
40.6   1.154   -1.61   0.8012   0   -2.539e+08   1.302e+08   0
40.7   1.154   -1.636   0.8142   0   -2.539e+08   1.302e+08   0
40.8   1.154   -1.661   0.8272   0   -2.539e+08   1.302e+08   0
40.9   1.154   -1.686   0.8402   0   -2.539e+08   1.302e+08   0
41   1.154   -1.712   0.8533   0   -2.539e+08   1.302e+08   0
41.1   1.154   -1.737   0.8663   0   -2.539e+08   1.302e+08   0
41.2   1.154   -1.763   0.8793   0   -2.539e+08   1.302e+08   0
41.3   1.154   -1.788   0.8923   0   -2.539e+08   1.302e+08   0
41.4   1.154   -1.813   0.9054   0   -2.539e+08   1.302e+08   0
41.5   1.154   -1.839   0.9184   0   -2.539e+08   1.302e+08   0
41.6   1.154   -1.864   0.9314   0   -2.539e+08   1.302e+08   0
41.7   1.154   -1.89   0.9444   0   -2.539e+08   1.302e+08   0
41.8   1.154   -1.915   0.9574   0   -2.539e+08   1.302e+08   0
41.9   1.154   -1.94   0.9705   0   -2.539e+08   1.302e+08   0
42   1.154   -1.966   0.9835   0   -2.539e+08   1.302e+08   0
42.1   1.154   -1.991   0.9965   0   -2.539e+08   1.302e+08   0
42.2   1.154   -2.017   1.01   0   -2.539e+08   1.302e+08   0
42.3   1.154   -2.042   1.023   0   -2.539e+08   1.302e+08   0
42.4   1.154   -2.067   1.036   0   -2.539e+08   1.302e+08   0
42.5   1.154   -2.093   1.049   0   -2.539e+08   1.302e+08   0
42.6   1.154   -2.118   1.062   0   -2.539e+08   1.302e+08   0
42.7   1.154   -2.143   1.075   0   -2.539e+08   1.302e+08   0
42.8   1.154   -2.169   1.088   0   -2.539e+08   1.302e+08   0
42.9   1.154   -2.194   1.101   0   -2.539e+08   1.302e+08   0
43   1.154   -2.22   1.114   0   -2.539e+08   1.302e+08   0
43.1   1.154   -2.245   1.127   0   -2.539e+08   1.302e+08   0
43.2   1.154   -2.27   1.14   0   -2.539e+08   1.302e+08   0
43.3   1.154   -2.296   1.153   0   -2.539e+08   1.302e+08   0
43.4   1.154   -2.321   1.166   0   -2.539e+08   1.302e+08   0
43.5   1.154   -2.347   1.179   0   -2.539e+08   1.302e+08   0
43.6   1.154   -2.372   1.192   0   -2.539e+08   1.302e+08   0
43.7   1.154   -2.397   1.205   0   -2.539e+08   1.302e+08   0
43.8   1.154   -2.423   1.218   0   -2.539e+08   1.302e+08   0
43.9   1.154   -2.448   1.231   0   -2.539e+08   1.302e+08   0
44   1.154   -2.473   1.244   0   -2.539e+08   1.302e+08   0
44.1   1.154   -2.499   1.257   0   -2.539e+08   1.302e+08   0
44.2   1.154   -2.524   1.27   0   -2.539e+08   1.302e+08   0
44.3   1.154   -2.55   1.283   0   -2.539e+08   1.302e+08   0
44.4   1.154   -2.575   1.296   0   -2.539e+08   1.302e+08   0
44.5   1.154   -2.6   1.309   0   -2.539e+08   1.302e+08   0
44.6   1.154   -2.626   1.322   0   -2.539e+08   1.302e+08   0
44.7   1.154   -2.651   1.335   0   -2.539e+08   1.302e+08   0
44.8   1.154   -2.677   1.348   0   -2.539e+08   1.302e+08   0
44.9   1.154   -2.702   1.361   0   -2.539e+08   1.302e+08   0
45   1.154   -2.727   1.374   0   -2.539e+08   1.302e+08   0
