0   0.04   -0.753   0   0   1.121e+08   0   0
0.1   0.04   -0.753   0   0   1.121e+08   0   0
0.2   0.04   -0.753   0   0   1.121e+08   0   0
0.3   0.04   -0.753   0   0   1.121e+08   0   0
0.4   0.04   -0.753   0   0   1.121e+08   0   0
0.5   0.04   -0.753   0   0   1.121e+08   0   0
0.6   0.04   -0.753   0   0   1.121e+08   0   0
0.7   0.04   -0.753   0   0   1.121e+08   0   0
0.8   0.04   -0.753   0   0   1.121e+08   0   0
0.9   0.04   -0.753   0   0   1.121e+08   0   0
1   0.041   -0.7451   0   0   1.134e+08   0   0
1.1   0.04263   -0.7336   0   0   1.154e+08   0   0
1.2   0.04447   -0.722   0   0   1.175e+08   0   0
1.3   0.04653   -0.7101   0   0   1.199e+08   0   0
1.4   0.04881   -0.698   0   0   1.224e+08   0   0
1.5   0.05133   -0.6856   0   0   1.251e+08   0   0
1.6   0.05408   -0.673   0   0   1.28e+08   0   0
1.7   0.05709   -0.66   0   0   1.31e+08   0   0
1.8   0.06034   -0.6468   0   0   1.341e+08   0   0
1.9   0.06386   -0.6332   0   0   1.373e+08   0   0
2   0.06764   -0.6193   0   0   1.407e+08   0   0
2.1   0.07168   -0.6051   0   0   1.441e+08   0   0
2.2   0.076   -0.5905   0   0   1.475e+08   0   0
2.3   0.08058   -0.5755   0   0   1.511e+08   0   0
2.4   0.08543   -0.5603   0   0   1.546e+08   0   0
2.5   0.09054   -0.5446   0   0   1.582e+08   0   0
2.6   0.09592   -0.5286   0   0   1.618e+08   0   0
2.7   0.1015   -0.5123   0   0   1.653e+08   0   0
2.8   0.1074   -0.4956   0   0   1.689e+08   0   0
2.9   0.1135   -0.4785   0   0   1.724e+08   0   0
3   0.1198   -0.4611   0   0   1.758e+08   0   0
3.1   0.1264   -0.4433   0   0   1.792e+08   0   0
3.2   0.1331   -0.4252   0   0   1.825e+08   0   0
3.3   0.14   -0.4068   0   0   1.857e+08   0   0
3.4   0.147   -0.3881   0   0   1.889e+08   0   0
3.5   0.1541   -0.3691   0   0   1.919e+08   0   0
3.6   0.1613   -0.3497   0   0   1.948e+08   0   0
3.7   0.1685   -0.3301   0   0   1.976e+08   0   0
3.8   0.1757   -0.3102   0   0   2.003e+08   0   0
3.9   0.1828   -0.2901   0   0   2.028e+08   0   0
4   0.1898   -0.2697   0   0   2.052e+08   0   0
4.1   0.1966   -0.249   0   0   2.074e+08   0   0
4.2   0.2031   -0.2282   0   0   2.094e+08   0   0
4.3   0.2092   -0.2072   0   0   2.113e+08   0   0
4.4   0.2143   -0.1859   0   0   2.128e+08   0   0
4.5   0.2143   -0.1647   0   0   2.128e+08   0   0
4.6   0.2143   -0.1434   0   0   2.128e+08   0   0
4.7   0.2143   -0.1221   0   0   2.128e+08   0   0
4.8   0.2143   -0.1008   0   0   2.128e+08   0   0
4.9   0.2143   -0.07956   0   0   2.128e+08   0   0
5   0.2143   -0.05829   0   0   2.128e+08   0   0
5.1   0.2143   -0.03701   0   0   2.128e+08   0   0
5.2   0.2143   -0.01574   0   0   2.128e+08   0   0
5.3   0.2143   0.005536   0   0   2.128e+08   0   0
5.4   0.2143   0.02681   0   0   2.128e+08   0   0
5.5   0.2143   0.04809   0   0   2.128e+08   0   0
5.6   0.2143   0.06936   0   0   2.128e+08   0   0
5.7   0.2143   0.09064   0   0   2.128e+08   0   0
5.8   0.2143   0.1119   0   0   2.128e+08   0   0
5.9   0.2143   0.1332   0   0   2.128e+08   0   0
6   0.2143   0.1545   0   0   2.128e+08   0   0
6.1   0.2143   0.1757   0   0   2.128e+08   0   0
6.2   0.221   0.1971   0   0   2.146e+08   0   0
6.3   0.2368   0.2187   0   0   2.189e+08   0   0
6.4   0.2519   0.2408   0   0   2.226e+08   0   0
6.5   0.2665   0.2632   0   0   2.259e+08   0   0
6.6   0.2804   0.286   0   0   2.289e+08   0   0
6.7   0.2937   0.309   0   0   2.316e+08   0   0
6.8   0.3065   0.3323   0   0   2.34e+08   0   0
6.9   0.3187   0.3558   0   0   2.362e+08   0   0
7   0.3303   0.3795   0   0   2.381e+08   0   0
7.1   0.3413   0.4034   0   0   2.399e+08   0   0
7.2   0.3518   0.4275   0   0   2.416e+08   0   0
7.3   0.3617   0.4518   0   0   2.43e+08   0   0
7.4   0.3711   0.4761   0   0   2.444e+08   0   0
7.5   0.3799   0.5006   0   0   2.456e+08   0   0
7.6   0.3882   0.5252   0   0   2.467e+08   0   0
7.7   0.3959   0.55   0   0   2.477e+08   0   0
7.8   0.4032   0.5748   0   0   2.486e+08   0   0
7.9   0.4099   0.5997   0   0   2.494e+08   0   0
8   0.4161   0.6246   0   0   2.501e+08   0   0
8.1   0.4218   0.6497   0   0   2.508e+08   0   0
8.2   0.427   0.6748   0   0   2.514e+08   0   0
8.3   0.4318   0.7   0   0   2.519e+08   0   0
8.4   0.436   0.7252   0   0   2.524e+08   0   0
8.5   0.4399   0.7505   0   0   2.528e+08   0   0
8.6   0.4402   0.7757   0   0   2.529e+08   0   0
8.7   0.4402   0.801   0   0   2.529e+08   0   0
8.8   0.4402   0.8263   0   0   2.529e+08   0   0
8.9   0.4402   0.8516   0   0   2.529e+08   0   0
9   0.4402   0.8769   0   0   2.529e+08   0   0
9.1   0.4402   0.9022   0   0   2.529e+08   0   0
9.2   0.4402   0.9275   0   0   2.529e+08   0   0
9.3   0.4402   0.9527   0   0   2.529e+08   0   0
9.4   0.4402   0.978   0   0   2.529e+08   0   0
9.5   0.4402   1.003   0   0   2.529e+08   0   0
9.6   0.4402   1.029   0   0   2.529e+08   0   0
9.7   0.4402   1.054   0   0   2.529e+08   0   0
9.8   0.4402   1.079   0   0   2.529e+08   0   0
9.9   0.4402   1.104   0   0   2.529e+08   0   0
10   0.441   1.13   -0.002836   0   2.451e+08   -6.269e+07   0
10.1   0.442   1.153   -0.01248   0   2.181e+08   -1.283e+08   0
10.2   0.4429   1.173   -0.02821   0   1.741e+08   -1.838e+08   0
10.3   0.4438   1.187   -0.0488   0   1.164e+08   -2.249e+08   0
10.4   0.4448   1.195   -0.07264   0   4.968e+07   -2.484e+08   0
10.5   0.4457   1.197   -0.09786   0   -2.093e+07   -2.526e+08   0
10.6   0.4467   1.191   -0.1225   0   -8.99e+07   -2.371e+08   0
10.7   0.4476   1.179   -0.1446   0   -1.519e+08   -2.032e+08   0
10.8   0.4485   1.161   -0.1626   0   -2.021e+08   -1.535e+08   0
10.9   0.4495   1.139   -0.1749   0   -2.366e+08   -9.195e+07   0
11   0.4504   1.114   -0.1806   0   -2.529e+08   -2.333e+07   0
11.1   0.4513   1.089   -0.1794   0   -2.507e+08   4.082e+07   0
11.2   0.4513   1.064   -0.1754   0   -2.507e+08   4.082e+07   0
11.3   0.4513   1.039   -0.1713   0   -2.507e+08   4.082e+07   0
11.4   0.4513   1.014   -0.1672   0   -2.507e+08   4.082e+07   0
11.5   0.4513   0.9889   -0.1631   0   -2.507e+08   4.082e+07   0
11.6   0.4513   0.9638   -0.159   0   -2.507e+08   4.082e+07   0
11.7   0.4513   0.9387   -0.155   0   -2.507e+08   4.082e+07   0
11.8   0.4513   0.9137   -0.1509   0   -2.507e+08   4.082e+07   0
11.9   0.4513   0.8886   -0.1468   0   -2.507e+08   4.082e+07   0
12   0.4513   0.8635   -0.1427   0   -2.507e+08   4.082e+07   0
12.1   0.4513   0.8385   -0.1386   0   -2.507e+08   4.082e+07   0
12.2   0.4513   0.8134   -0.1345   0   -2.507e+08   4.082e+07   0
12.3   0.4513   0.7883   -0.1305   0   -2.507e+08   4.082e+07   0
12.4   0.4513   0.7632   -0.1264   0   -2.507e+08   4.082e+07   0
12.5   0.4523   0.7382   -0.1223   0   -2.508e+08   4.083e+07   0
12.6   0.4576   0.713   -0.1182   0   -2.514e+08   4.093e+07   0
12.7   0.463   0.6879   -0.1141   0   -2.519e+08   4.102e+07   0
12.8   0.4683   0.6627   -0.11   0   -2.524e+08   4.111e+07   0
12.9   0.4735   0.6374   -0.1059   0   -2.529e+08   4.119e+07   0
13   0.4785   0.6121   -0.1018   0   -2.534e+08   4.128e+07   0
13.1   0.4834   0.5867   -0.09764   0   -2.538e+08   4.136e+07   0
13.2   0.4881   0.5613   -0.0935   0   -2.543e+08   4.143e+07   0
13.3   0.4926   0.5359   -0.08935   0   -2.547e+08   4.15e+07   0
13.4   0.4968   0.5104   -0.0852   0   -2.55e+08   4.157e+07   0
13.5   0.5006   0.4849   -0.08104   0   -2.554e+08   4.163e+07   0
13.6   0.5041   0.4593   -0.07688   0   -2.557e+08   4.168e+07   0
13.7   0.507   0.4337   -0.0727   0   -2.559e+08   4.173e+07   0
13.8   0.5095   0.4081   -0.06853   0   -2.561e+08   4.176e+07   0
13.9   0.5113   0.3825   -0.06435   0   -2.563e+08   4.179e+07   0
14   0.5124   0.3569   -0.06017   0   -2.564e+08   4.181e+07   0
14.1   0.5127   0.3312   -0.05599   0   -2.564e+08   4.181e+07   0
14.2   0.5121   0.3056   -0.05181   0   -2.563e+08   4.18e+07   0
14.3   0.5103   0.28   -0.04763   0   -2.562e+08   4.177e+07   0
14.4   0.5072   0.2544   -0.04346   0   -2.559e+08   4.172e+07   0
14.5   0.5025   0.2288   -0.03929   0   -2.555e+08   4.165e+07   0
14.6   0.4959   0.2033   -0.03513   0   -2.55e+08   4.153e+07   0
14.7   0.4898   0.1778   -0.03098   0   -2.544e+08   4.142e+07   0
14.8   0.4898   0.1524   -0.02684   0   -2.544e+08   4.142e+07   0
14.9   0.4898   0.1269   -0.0227   0   -2.544e+08   4.142e+07   0
15   0.4898   0.1015   -0.01855   0   -2.544e+08   4.142e+07   0
15.1   0.4898   0.07605   -0.01441   0   -2.544e+08   4.142e+07   0
15.2   0.4898   0.05061   -0.01027   0   -2.544e+08   4.142e+07   0
15.3   0.4898   0.02516   -0.006127   0   -2.544e+08   4.142e+07   0
15.4   0.4898   -0.0002781   -0.001984   0   -2.544e+08   4.142e+07   0
15.5   0.4898   -0.02572   0.002158   0   -2.544e+08   4.142e+07   0
15.6   0.4898   -0.05116   0.006301   0   -2.544e+08   4.142e+07   0
15.7   0.4898   -0.0766   0.01044   0   -2.544e+08   4.142e+07   0
15.8   0.4898   -0.102   0.01459   0   -2.544e+08   4.142e+07   0
15.9   0.4898   -0.1275   0.01873   0   -2.544e+08   4.142e+07   0
16   0.4898   -0.1529   0.02287   0   -2.544e+08   4.142e+07   0
16.1   0.4898   -0.1784   0.02701   0   -2.544e+08   4.142e+07   0
16.2   0.506   -0.2039   0.03116   0   -2.558e+08   4.16e+07   0
16.3   0.5273   -0.2295   0.03533   0   -2.576e+08   4.182e+07   0
16.4   0.5466   -0.2554   0.03952   0   -2.591e+08   4.201e+07   0
16.5   0.5641   -0.2814   0.04373   0   -2.604e+08   4.218e+07   0
16.6   0.5801   -0.3074   0.04796   0   -2.615e+08   4.233e+07   0
16.7   0.5947   -0.3336   0.0522   0   -2.624e+08   4.246e+07   0
16.8   0.6081   -0.3599   0.05645   0   -2.633e+08   4.258e+07   0
16.9   0.6203   -0.3863   0.06072   0   -2.64e+08   4.268e+07   0
17   0.6315   -0.4127   0.06499   0   -2.647e+08   4.277e+07   0
17.1   0.6417   -0.4392   0.06927   0   -2.653e+08   4.286e+07   0
17.2   0.651   -0.4658   0.07356   0   -2.658e+08   4.293e+07   0
17.3   0.6595   -0.4924   0.07786   0   -2.663e+08   4.3e+07   0
17.4   0.6672   -0.519   0.08216   0   -2.667e+08   4.306e+07   0
17.5   0.6741   -0.5457   0.08647   0   -2.67e+08   4.311e+07   0
17.6   0.6803   -0.5725   0.09078   0   -2.674e+08   4.315e+07   0
17.7   0.6858   -0.5992   0.0951   0   -2.676e+08   4.32e+07   0
17.8   0.6907   -0.626   0.09942   0   -2.679e+08   4.323e+07   0
17.9   0.6949   -0.6528   0.1037   0   -2.681e+08   4.326e+07   0
18   0.6986   -0.6796   0.1081   0   -2.683e+08   4.329e+07   0
18.1   0.7017   -0.7064   0.1124   0   -2.684e+08   4.331e+07   0
18.2   0.7043   -0.7333   0.1167   0   -2.685e+08   4.333e+07   0
18.3   0.7052   -0.7601   0.1211   0   -2.686e+08   4.334e+07   0
18.4   0.7052   -0.787   0.1254   0   -2.686e+08   4.334e+07   0
18.5   0.7052   -0.8138   0.1297   0   -2.686e+08   4.334e+07   0
18.6   0.7052   -0.8407   0.1341   0   -2.686e+08   4.334e+07   0
18.7   0.7052   -0.8676   0.1384   0   -2.686e+08   4.334e+07   0
18.8   0.7052   -0.8944   0.1427   0   -2.686e+08   4.334e+07   0
18.9   0.7052   -0.9213   0.1471   0   -2.686e+08   4.334e+07   0
19   0.7052   -0.9481   0.1514   0   -2.686e+08   4.334e+07   0
19.1   0.7052   -0.975   0.1557   0   -2.686e+08   4.334e+07   0
19.2   0.7052   -1.002   0.1601   0   -2.686e+08   4.334e+07   0
19.3   0.7052   -1.029   0.1644   0   -2.686e+08   4.334e+07   0
19.4   0.7052   -1.056   0.1687   0   -2.686e+08   4.334e+07   0
19.5   0.7052   -1.082   0.1731   0   -2.686e+08   4.334e+07   0
19.6   0.7052   -1.109   0.1774   0   -2.686e+08   4.334e+07   0
19.7   0.7052   -1.136   0.1817   0   -2.686e+08   4.334e+07   0
19.8   0.7076   -1.162   0.1899   0   -2.453e+08   1.179e+08   0
19.9   0.7099   -1.184   0.2051   0   -2.019e+08   1.826e+08   0
20   0.7123   -1.202   0.226   0   -1.421e+08   2.324e+08   0
20.1   0.7147   -1.212   0.2509   0   -7.07e+07   2.632e+08   0
20.2   0.7171   -1.216   0.2779   0   6.332e+06   2.725e+08   0
20.3   0.7195   -1.211   0.3047   0   8.277e+07   2.599e+08   0
20.4   0.7219   -1.199   0.3292   0   1.525e+08   2.263e+08   0
20.5   0.7243   -1.181   0.3493   0   2.098e+08   1.745e+08   0
20.6   0.7267   -1.158   0.3635   0   2.504e+08   1.089e+08   0
20.7   0.7291   -1.132   0.3707   0   2.709e+08   3.471e+07   0
20.8   0.7315   -1.104   0.3703   0   2.7e+08   -4.218e+07   0
20.9   0.7332   -1.078   0.3627   0   2.573e+08   -9.215e+07   0
21   0.7332   -1.052   0.3535   0   2.573e+08   -9.215e+07   0
21.1   0.7332   -1.027   0.3443   0   2.573e+08   -9.215e+07   0
21.2   0.7332   -1.001   0.3351   0   2.573e+08   -9.215e+07   0
21.3   0.7332   -0.9752   0.3259   0   2.573e+08   -9.215e+07   0
21.4   0.7332   -0.9494   0.3167   0   2.573e+08   -9.215e+07   0
21.5   0.7332   -0.9237   0.3075   0   2.573e+08   -9.215e+07   0
21.6   0.7332   -0.898   0.2982   0   2.573e+08   -9.215e+07   0
21.7   0.7332   -0.8722   0.289   0   2.573e+08   -9.215e+07   0
21.8   0.7332   -0.8465   0.2798   0   2.573e+08   -9.215e+07   0
21.9   0.7332   -0.8208   0.2706   0   2.573e+08   -9.215e+07   0
22   0.7332   -0.795   0.2614   0   2.573e+08   -9.215e+07   0
22.1   0.7332   -0.7693   0.2522   0   2.573e+08   -9.215e+07   0
22.2   0.7332   -0.7436   0.2429   0   2.573e+08   -9.215e+07   0
22.3   0.7332   -0.7178   0.2337   0   2.573e+08   -9.215e+07   0
22.4   0.7371   -0.6921   0.2245   0   2.575e+08   -9.218e+07   0
22.5   0.7412   -0.6663   0.2153   0   2.577e+08   -9.221e+07   0
22.6   0.745   -0.6406   0.2061   0   2.579e+08   -9.223e+07   0
22.7   0.7486   -0.6148   0.1968   0   2.58e+08   -9.226e+07   0
22.8   0.7519   -0.589   0.1876   0   2.582e+08   -9.228e+07   0
22.9   0.7548   -0.5631   0.1784   0   2.583e+08   -9.229e+07   0
23   0.7573   -0.5373   0.1692   0   2.584e+08   -9.231e+07   0
23.1   0.7593   -0.5115   0.1599   0   2.585e+08   -9.232e+07   0
23.2   0.7608   -0.4856   0.1507   0   2.585e+08   -9.232e+07   0
23.3   0.7617   -0.4598   0.1415   0   2.586e+08   -9.232e+07   0
23.4   0.7619   -0.4339   0.1322   0   2.586e+08   -9.233e+07   0
23.5   0.7614   -0.408   0.123   0   2.586e+08   -9.232e+07   0
23.6   0.7601   -0.3822   0.1138   0   2.585e+08   -9.232e+07   0
23.7   0.7578   -0.3563   0.1045   0   2.584e+08   -9.232e+07   0
23.8   0.7544   -0.3305   0.09531   0   2.583e+08   -9.232e+07   0
23.9   0.7498   -0.3047   0.08607   0   2.58e+08   -9.233e+07   0
24   0.7437   -0.2789   0.07684   0   2.578e+08   -9.235e+07   0
24.1   0.736   -0.2531   0.0676   0   2.574e+08   -9.239e+07   0
24.2   0.7262   -0.2274   0.05836   0   2.569e+08   -9.246e+07   0
24.3   0.7139   -0.2018   0.04911   0   2.563e+08   -9.258e+07   0
24.4   0.7033   -0.1762   0.03984   0   2.557e+08   -9.272e+07   0
24.5   0.7033   -0.1506   0.03057   0   2.557e+08   -9.272e+07   0
24.6   0.7033   -0.125   0.0213   0   2.557e+08   -9.272e+07   0
24.7   0.7033   -0.09948   0.01203   0   2.557e+08   -9.272e+07   0
24.8   0.7033   -0.07391   0.002758   0   2.557e+08   -9.272e+07   0
24.9   0.7033   -0.04835   -0.006513   0   2.557e+08   -9.272e+07   0
25   0.7033   -0.02278   -0.01579   0   2.557e+08   -9.272e+07   0
25.1   0.7033   0.002787   -0.02506   0   2.557e+08   -9.272e+07   0
25.2   0.7033   0.02835   -0.03433   0   2.557e+08   -9.272e+07   0
25.3   0.7033   0.05392   -0.0436   0   2.557e+08   -9.272e+07   0
25.4   0.7033   0.07949   -0.05287   0   2.557e+08   -9.272e+07   0
25.5   0.7033   0.1051   -0.06214   0   2.557e+08   -9.272e+07   0
25.6   0.7033   0.1306   -0.07141   0   2.557e+08   -9.272e+07   0
25.7   0.7033   0.1562   -0.08069   0   2.557e+08   -9.272e+07   0
25.8   0.7165   0.1818   -0.08997   0   2.561e+08   -9.332e+07   0
25.9   0.7392   0.2074   -0.09936   0   2.569e+08   -9.425e+07   0
26   0.7592   0.2331   -0.1088   0   2.575e+08   -9.499e+07   0
26.1   0.777   0.2589   -0.1183   0   2.581e+08   -9.557e+07   0
26.2   0.793   0.2847   -0.1279   0   2.585e+08   -9.606e+07   0
26.3   0.8073   0.3106   -0.1376   0   2.59e+08   -9.646e+07   0
26.4   0.8201   0.3365   -0.1472   0   2.593e+08   -9.679e+07   0
26.5   0.8316   0.3625   -0.1569   0   2.597e+08   -9.707e+07   0
26.6   0.842   0.3885   -0.1666   0   2.6e+08   -9.731e+07   0
26.7   0.8512   0.4145   -0.1764   0   2.602e+08   -9.751e+07   0
26.8   0.8595   0.4405   -0.1861   0   2.605e+08   -9.769e+07   0
26.9   0.8668   0.4666   -0.1959   0   2.607e+08   -9.784e+07   0
27   0.8733   0.4926   -0.2057   0   2.608e+08   -9.796e+07   0
27.1   0.879   0.5187   -0.2155   0   2.61e+08   -9.807e+07   0
27.2   0.8839   0.5448   -0.2253   0   2.611e+08   -9.816e+07   0
27.3   0.8882   0.571   -0.2351   0   2.612e+08   -9.823e+07   0
27.4   0.8917   0.5971   -0.245   0   2.613e+08   -9.83e+07   0
27.5   0.8947   0.6232   -0.2548   0   2.614e+08   -9.835e+07   0
27.6   0.8971   0.6494   -0.2646   0   2.615e+08   -9.838e+07   0
27.7   0.8989   0.6755   -0.2745   0   2.615e+08   -9.841e+07   0
27.8   0.9   0.7017   -0.2843   0   2.615e+08   -9.843e+07   0
27.9   0.9   0.7278   -0.2942   0   2.615e+08   -9.843e+07   0
28   0.9   0.754   -0.304   0   2.615e+08   -9.843e+07   0
28.1   0.9   0.7801   -0.3138   0   2.615e+08   -9.843e+07   0
28.2   0.9   0.8063   -0.3237   0   2.615e+08   -9.843e+07   0
28.3   0.9   0.8324   -0.3335   0   2.615e+08   -9.843e+07   0
28.4   0.9   0.8586   -0.3434   0   2.615e+08   -9.843e+07   0
28.5   0.9   0.8847   -0.3532   0   2.615e+08   -9.843e+07   0
28.6   0.9   0.9109   -0.3631   0   2.615e+08   -9.843e+07   0
28.7   0.9   0.937   -0.3729   0   2.615e+08   -9.843e+07   0
28.8   0.9   0.9632   -0.3827   0   2.615e+08   -9.843e+07   0
28.9   0.9   0.9894   -0.3926   0   2.615e+08   -9.843e+07   0
29   0.9   1.016   -0.4024   0   2.615e+08   -9.843e+07   0
29.1   0.9   1.042   -0.4123   0   2.615e+08   -9.843e+07   0
29.2   0.9   1.068   -0.4221   0   2.615e+08   -9.843e+07   0
29.3   0.9042   1.093   -0.4344   0   2.279e+08   -1.619e+08   0
29.4   0.9098   1.112   -0.4542   0   1.605e+08   -2.291e+08   0
29.5   0.9154   1.124   -0.4794   0   7.466e+07   -2.698e+08   0
29.6   0.921   1.127   -0.5071   0   -1.947e+07   -2.794e+08   0
29.7   0.9266   1.12   -0.5342   0   -1.111e+08   -2.572e+08   0
29.8   0.9323   1.105   -0.5576   0   -1.9e+08   -2.061e+08   0
29.9   0.938   1.083   -0.5746   0   -2.475e+08   -1.321e+08   0
30   0.9438   1.056   -0.5834   0   -2.773e+08   -4.365e+07   0
30.1   0.9495   1.028   -0.5831   0   -2.765e+08   4.94e+07   0
30.2   0.9548   1.002   -0.5737   0   -2.49e+08   1.302e+08   0
30.3   0.9548   0.9773   -0.5607   0   -2.49e+08   1.302e+08   0
30.4   0.9548   0.9524   -0.5476   0   -2.49e+08   1.302e+08   0
30.5   0.9548   0.9275   -0.5346   0   -2.49e+08   1.302e+08   0
30.6   0.9548   0.9026   -0.5216   0   -2.49e+08   1.302e+08   0
30.7   0.9548   0.8777   -0.5086   0   -2.49e+08   1.302e+08   0
30.8   0.9548   0.8528   -0.4956   0   -2.49e+08   1.302e+08   0
30.9   0.9548   0.8279   -0.4825   0   -2.49e+08   1.302e+08   0
31   0.9548   0.803   -0.4695   0   -2.49e+08   1.302e+08   0
31.1   0.9548   0.7781   -0.4565   0   -2.49e+08   1.302e+08   0
31.2   0.9548   0.7532   -0.4435   0   -2.49e+08   1.302e+08   0
31.3   0.9548   0.7283   -0.4304   0   -2.49e+08   1.302e+08   0
31.4   0.9548   0.7034   -0.4174   0   -2.49e+08   1.302e+08   0
31.5   0.9548   0.6785   -0.4044   0   -2.49e+08   1.302e+08   0
31.6   0.9548   0.6536   -0.3914   0   -2.49e+08   1.302e+08   0
31.7   0.9578   0.6287   -0.3783   0   -2.49e+08   1.303e+08   0
31.8   0.962   0.6038   -0.3653   0   -2.491e+08   1.304e+08   0
31.9   0.9659   0.5789   -0.3522   0   -2.492e+08   1.305e+08   0
32   0.9696   0.5539   -0.3392   0   -2.492e+08   1.306e+08   0
32.1   0.9729   0.529   -0.3261   0   -2.493e+08   1.307e+08   0
32.2   0.9758   0.5041   -0.3131   0   -2.493e+08   1.308e+08   0
32.3   0.9784   0.4792   -0.3   0   -2.494e+08   1.308e+08   0
32.4   0.9805   0.4542   -0.2869   0   -2.494e+08   1.309e+08   0
32.5   0.982   0.4293   -0.2738   0   -2.494e+08   1.309e+08   0
32.6   0.983   0.4043   -0.2607   0   -2.494e+08   1.309e+08   0
32.7   0.9832   0.3794   -0.2476   0   -2.494e+08   1.31e+08   0
32.8   0.9828   0.3544   -0.2345   0   -2.494e+08   1.309e+08   0
32.9   0.9814   0.3295   -0.2214   0   -2.494e+08   1.309e+08   0
33   0.9791   0.3046   -0.2083   0   -2.494e+08   1.308e+08   0
33.1   0.9756   0.2796   -0.1953   0   -2.493e+08   1.307e+08   0
33.2   0.9709   0.2547   -0.1822   0   -2.493e+08   1.305e+08   0
33.3   0.9646   0.2298   -0.1692   0   -2.493e+08   1.303e+08   0
33.4   0.9566   0.2048   -0.1562   0   -2.492e+08   1.299e+08   0
33.5   0.9466   0.1799   -0.1432   0   -2.491e+08   1.294e+08   0
33.6   0.9339   0.155   -0.1303   0   -2.491e+08   1.288e+08   0
33.7   0.926   0.1301   -0.1174   0   -2.491e+08   1.283e+08   0
33.8   0.926   0.1052   -0.1046   0   -2.491e+08   1.283e+08   0
33.9   0.926   0.08028   -0.09177   0   -2.491e+08   1.283e+08   0
34   0.926   0.05537   -0.07894   0   -2.491e+08   1.283e+08   0
34.1   0.926   0.03046   -0.06611   0   -2.491e+08   1.283e+08   0
34.2   0.926   0.005552   -0.05328   0   -2.491e+08   1.283e+08   0
34.3   0.926   -0.01936   -0.04046   0   -2.491e+08   1.283e+08   0
34.4   0.926   -0.04427   -0.02763   0   -2.491e+08   1.283e+08   0
34.5   0.926   -0.06918   -0.0148   0   -2.491e+08   1.283e+08   0
34.6   0.926   -0.09409   -0.00197   0   -2.491e+08   1.283e+08   0
34.7   0.926   -0.119   0.01086   0   -2.491e+08   1.283e+08   0
34.8   0.926   -0.1439   0.02369   0   -2.491e+08   1.283e+08   0
34.9   0.926   -0.1688   0.03652   0   -2.491e+08   1.283e+08   0
35   0.9367   -0.1937   0.04934   0   -2.496e+08   1.279e+08   0
35.1   0.9599   -0.2188   0.06209   0   -2.507e+08   1.272e+08   0
35.2   0.9806   -0.2439   0.07479   0   -2.515e+08   1.268e+08   0
35.3   0.9991   -0.2691   0.08745   0   -2.522e+08   1.264e+08   0
35.4   1.016   -0.2943   0.1001   0   -2.528e+08   1.261e+08   0
35.5   1.031   -0.3196   0.1127   0   -2.533e+08   1.259e+08   0
35.6   1.044   -0.345   0.1253   0   -2.537e+08   1.258e+08   0
35.7   1.056   -0.3703   0.1378   0   -2.54e+08   1.256e+08   0
35.8   1.067   -0.3958   0.1504   0   -2.543e+08   1.255e+08   0
35.9   1.077   -0.4212   0.1629   0   -2.546e+08   1.255e+08   0
36   1.086   -0.4467   0.1755   0   -2.548e+08   1.254e+08   0
36.1   1.094   -0.4722   0.188   0   -2.55e+08   1.254e+08   0
36.2   1.101   -0.4977   0.2006   0   -2.552e+08   1.253e+08   0
36.3   1.107   -0.5232   0.2131   0   -2.554e+08   1.253e+08   0
36.4   1.113   -0.5488   0.2256   0   -2.555e+08   1.253e+08   0
36.5   1.117   -0.5743   0.2382   0   -2.556e+08   1.253e+08   0
36.6   1.122   -0.5999   0.2507   0   -2.557e+08   1.253e+08   0
36.7   1.125   -0.6255   0.2632   0   -2.558e+08   1.253e+08   0
36.8   1.128   -0.651   0.2757   0   -2.558e+08   1.253e+08   0
36.9   1.13   -0.6766   0.2883   0   -2.559e+08   1.253e+08   0
37   1.131   -0.7022   0.3008   0   -2.559e+08   1.253e+08   0
37.1   1.131   -0.7278   0.3133   0   -2.559e+08   1.253e+08   0
37.2   1.131   -0.7534   0.3258   0   -2.559e+08   1.253e+08   0
37.3   1.131   -0.779   0.3384   0   -2.559e+08   1.253e+08   0
37.4   1.131   -0.8046   0.3509   0   -2.559e+08   1.253e+08   0
37.5   1.131   -0.8302   0.3634   0   -2.559e+08   1.253e+08   0
37.6   1.131   -0.8557   0.3759   0   -2.559e+08   1.253e+08   0
37.7   1.131   -0.8813   0.3885   0   -2.559e+08   1.253e+08   0
37.8   1.131   -0.9069   0.401   0   -2.559e+08   1.253e+08   0
37.9   1.131   -0.9325   0.4135   0   -2.559e+08   1.253e+08   0
38   1.131   -0.9581   0.4261   0   -2.559e+08   1.253e+08   0
38.1   1.131   -0.9837   0.4386   0   -2.559e+08   1.253e+08   0
38.2   1.131   -1.009   0.4511   0   -2.559e+08   1.253e+08   0
38.3   1.131   -1.035   0.4636   0   -2.559e+08   1.253e+08   0
38.4   1.131   -1.06   0.4762   0   -2.559e+08   1.253e+08   0
38.5   1.131   -1.086   0.4887   0   -2.559e+08   1.253e+08   0
38.6   1.131   -1.112   0.5012   0   -2.559e+08   1.253e+08   0
38.7   1.131   -1.137   0.5137   0   -2.559e+08   1.253e+08   0
38.8   1.131   -1.163   0.5263   0   -2.559e+08   1.253e+08   0
38.9   1.131   -1.188   0.5388   0   -2.559e+08   1.253e+08   0
39   1.131   -1.214   0.5513   0   -2.559e+08   1.253e+08   0
39.1   1.131   -1.24   0.5638   0   -2.559e+08   1.253e+08   0
39.2   1.131   -1.265   0.5764   0   -2.559e+08   1.253e+08   0
39.3   1.131   -1.291   0.5889   0   -2.559e+08   1.253e+08   0
39.4   1.131   -1.316   0.6014   0   -2.559e+08   1.253e+08   0
39.5   1.131   -1.342   0.614   0   -2.559e+08   1.253e+08   0
39.6   1.131   -1.368   0.6265   0   -2.559e+08   1.253e+08   0
39.7   1.131   -1.393   0.639   0   -2.559e+08   1.253e+08   0
39.8   1.131   -1.419   0.6515   0   -2.559e+08   1.253e+08   0
39.9   1.131   -1.444   0.6641   0   -2.559e+08   1.253e+08   0
40   1.131   -1.47   0.6766   0   -2.559e+08   1.253e+08   0
40.1   1.131   -1.495   0.6891   0   -2.559e+08   1.253e+08   0
40.2   1.131   -1.521   0.7016   0   -2.559e+08   1.253e+08   0
40.3   1.131   -1.547   0.7142   0   -2.559e+08   1.253e+08   0
40.4   1.131   -1.572   0.7267   0   -2.559e+08   1.253e+08   0
40.5   1.131   -1.598   0.7392   0   -2.559e+08   1.253e+08   0
40.6   1.131   -1.623   0.7517   0   -2.559e+08   1.253e+08   0
40.7   1.131   -1.649   0.7643   0   -2.559e+08   1.253e+08   0
40.8   1.131   -1.675   0.7768   0   -2.559e+08   1.253e+08   0
40.9   1.131   -1.7   0.7893   0   -2.559e+08   1.253e+08   0
41   1.131   -1.726   0.8019   0   -2.559e+08   1.253e+08   0
41.1   1.131   -1.751   0.8144   0   -2.559e+08   1.253e+08   0
41.2   1.131   -1.777   0.8269   0   -2.559e+08   1.253e+08   0
41.3   1.131   -1.803   0.8394   0   -2.559e+08   1.253e+08   0
41.4   1.131   -1.828   0.852   0   -2.559e+08   1.253e+08   0
41.5   1.131   -1.854   0.8645   0   -2.559e+08   1.253e+08   0
41.6   1.131   -1.879   0.877   0   -2.559e+08   1.253e+08   0
41.7   1.131   -1.905   0.8895   0   -2.559e+08   1.253e+08   0
41.8   1.131   -1.931   0.9021   0   -2.559e+08   1.253e+08   0
41.9   1.131   -1.956   0.9146   0   -2.559e+08   1.253e+08   0
42   1.131   -1.982   0.9271   0   -2.559e+08   1.253e+08   0
42.1   1.131   -2.007   0.9396   0   -2.559e+08   1.253e+08   0
42.2   1.131   -2.033   0.9522   0   -2.559e+08   1.253e+08   0
42.3   1.131   -2.058   0.9647   0   -2.559e+08   1.253e+08   0
42.4   1.131   -2.084   0.9772   0   -2.559e+08   1.253e+08   0
42.5   1.131   -2.11   0.9897   0   -2.559e+08   1.253e+08   0
42.6   1.131   -2.135   1.002   0   -2.559e+08   1.253e+08   0
42.7   1.131   -2.161   1.015   0   -2.559e+08   1.253e+08   0
42.8   1.131   -2.186   1.027   0   -2.559e+08   1.253e+08   0
42.9   1.131   -2.212   1.04   0   -2.559e+08   1.253e+08   0
43   1.131   -2.238   1.052   0   -2.559e+08   1.253e+08   0
43.1   1.131   -2.263   1.065   0   -2.559e+08   1.253e+08   0
43.2   1.131   -2.289   1.077   0   -2.559e+08   1.253e+08   0
43.3   1.131   -2.314   1.09   0   -2.559e+08   1.253e+08   0
43.4   1.131   -2.34   1.102   0   -2.559e+08   1.253e+08   0
43.5   1.131   -2.366   1.115   0   -2.559e+08   1.253e+08   0
43.6   1.131   -2.391   1.128   0   -2.559e+08   1.253e+08   0
43.7   1.131   -2.417   1.14   0   -2.559e+08   1.253e+08   0
43.8   1.131   -2.442   1.153   0   -2.559e+08   1.253e+08   0
43.9   1.131   -2.468   1.165   0   -2.559e+08   1.253e+08   0
44   1.131   -2.493   1.178   0   -2.559e+08   1.253e+08   0
44.1   1.131   -2.519   1.19   0   -2.559e+08   1.253e+08   0
44.2   1.131   -2.545   1.203   0   -2.559e+08   1.253e+08   0
44.3   1.131   -2.57   1.215   0   -2.559e+08   1.253e+08   0
44.4   1.131   -2.596   1.228   0   -2.559e+08   1.253e+08   0
44.5   1.131   -2.621   1.24   0   -2.559e+08   1.253e+08   0
44.6   1.131   -2.647   1.253   0   -2.559e+08   1.253e+08   0
44.7   1.131   -2.673   1.265   0   -2.559e+08   1.253e+08   0
44.8   1.131   -2.698   1.278   0   -2.559e+08   1.253e+08   0
44.9   1.131   -2.724   1.29   0   -2.559e+08   1.253e+08   0
45   1.131   -2.749   1.303   0   -2.559e+08   1.253e+08   0
