0   0.04   -0.753   0   0   1.121e+08   0   0
0.1   0.04   -0.753   0   0   1.121e+08   0   0
0.2   0.04   -0.753   0   0   1.121e+08   0   0
0.3   0.04   -0.753   0   0   1.121e+08   0   0
0.4   0.04   -0.753   0   0   1.121e+08   0   0
0.5   0.04   -0.753   0   0   1.121e+08   0   0
0.6   0.04   -0.753   0   0   1.121e+08   0   0
0.7   0.04   -0.753   0   0   1.121e+08   0   0
0.8   0.04   -0.753   0   0   1.121e+08   0   0
0.9   0.04   -0.753   0   0   1.121e+08   0   0
1   0.04072   -0.7473   0   0   1.13e+08   0   0
1.1   0.04234   -0.7359   0   0   1.15e+08   0   0
1.2   0.04416   -0.7243   0   0   1.172e+08   0   0
1.3   0.04621   -0.7125   0   0   1.195e+08   0   0
1.4   0.04847   -0.7004   0   0   1.221e+08   0   0
1.5   0.05097   -0.6881   0   0   1.248e+08   0   0
1.6   0.05371   -0.6755   0   0   1.276e+08   0   0
1.7   0.0567   -0.6625   0   0   1.306e+08   0   0
1.8   0.05993   -0.6493   0   0   1.337e+08   0   0
1.9   0.06342   -0.6358   0   0   1.369e+08   0   0
2   0.06718   -0.6219   0   0   1.403e+08   0   0
2.1   0.07119   -0.6077   0   0   1.437e+08   0   0
2.2   0.07547   -0.5932   0   0   1.471e+08   0   0
2.3   0.08002   -0.5783   0   0   1.506e+08   0   0
2.4   0.08484   -0.5631   0   0   1.542e+08   0   0
2.5   0.08991   -0.5475   0   0   1.577e+08   0   0
2.6   0.09524   -0.5315   0   0   1.613e+08   0   0
2.7   0.1008   -0.5152   0   0   1.649e+08   0   0
2.8   0.1066   -0.4985   0   0   1.684e+08   0   0
2.9   0.1127   -0.4815   0   0   1.719e+08   0   0
3   0.119   -0.4642   0   0   1.753e+08   0   0
3.1   0.1254   -0.4465   0   0   1.787e+08   0   0
3.2   0.1321   -0.4284   0   0   1.82e+08   0   0
3.3   0.1389   -0.4101   0   0   1.852e+08   0   0
3.4   0.1458   -0.3914   0   0   1.883e+08   0   0
3.5   0.1528   -0.3724   0   0   1.914e+08   0   0
3.6   0.1599   -0.3531   0   0   1.943e+08   0   0
3.7   0.167   -0.3335   0   0   1.971e+08   0   0
3.8   0.1742   -0.3137   0   0   1.997e+08   0   0
3.9   0.1812   -0.2936   0   0   2.022e+08   0   0
4   0.1881   -0.2732   0   0   2.046e+08   0   0
4.1   0.1948   -0.2527   0   0   2.068e+08   0   0
4.2   0.2012   -0.2319   0   0   2.088e+08   0   0
4.3   0.2072   -0.2109   0   0   2.107e+08   0   0
4.4   0.2126   -0.1898   0   0   2.123e+08   0   0
4.5   0.213   -0.1685   0   0   2.124e+08   0   0
4.6   0.213   -0.1473   0   0   2.124e+08   0   0
4.7   0.213   -0.1261   0   0   2.124e+08   0   0
4.8   0.213   -0.1048   0   0   2.124e+08   0   0
4.9   0.213   -0.08358   0   0   2.124e+08   0   0
5   0.213   -0.06234   0   0   2.124e+08   0   0
5.1   0.213   -0.0411   0   0   2.124e+08   0   0
5.2   0.213   -0.01986   0   0   2.124e+08   0   0
5.3   0.213   0.00138   0   0   2.124e+08   0   0
5.4   0.213   0.02262   0   0   2.124e+08   0   0
5.5   0.213   0.04386   0   0   2.124e+08   0   0
5.6   0.213   0.0651   0   0   2.124e+08   0   0
5.7   0.213   0.08634   0   0   2.124e+08   0   0
5.8   0.213   0.1076   0   0   2.124e+08   0   0
5.9   0.213   0.1288   0   0   2.124e+08   0   0
6   0.213   0.1501   0   0   2.124e+08   0   0
6.1   0.213   0.1713   0   0   2.124e+08   0   0
6.2   0.2163   0.1925   0   0   2.133e+08   0   0
6.3   0.2324   0.2141   0   0   2.177e+08   0   0
6.4   0.2478   0.2361   0   0   2.216e+08   0   0
6.5   0.2626   0.2584   0   0   2.251e+08   0   0
6.6   0.2767   0.2811   0   0   2.282e+08   0   0
6.7   0.2902   0.304   0   0   2.309e+08   0   0
6.8   0.3031   0.3273   0   0   2.334e+08   0   0
6.9   0.3155   0.3507   0   0   2.356e+08   0   0
7   0.3272   0.3744   0   0   2.376e+08   0   0
7.1   0.3384   0.3982   0   0   2.395e+08   0   0
7.2   0.349   0.4223   0   0   2.411e+08   0   0
7.3   0.359   0.4465   0   0   2.426e+08   0   0
7.4   0.3684   0.4708   0   0   2.44e+08   0   0
7.5   0.3774   0.4952   0   0   2.452e+08   0   0
7.6   0.3857   0.5198   0   0   2.464e+08   0   0
7.7   0.3935   0.5445   0   0   2.474e+08   0   0
7.8   0.4008   0.5693   0   0   2.483e+08   0   0
7.9   0.4076   0.5942   0   0   2.491e+08   0   0
8   0.4139   0.6191   0   0   2.499e+08   0   0
8.1   0.4196   0.6441   0   0   2.506e+08   0   0
8.2   0.4249   0.6692   0   0   2.512e+08   0   0
8.3   0.4297   0.6944   0   0   2.517e+08   0   0
8.4   0.434   0.7196   0   0   2.522e+08   0   0
8.5   0.4378   0.7448   0   0   2.526e+08   0   0
8.6   0.439   0.7701   0   0   2.527e+08   0   0
8.7   0.439   0.7954   0   0   2.527e+08   0   0
8.8   0.439   0.8206   0   0   2.527e+08   0   0
8.9   0.439   0.8459   0   0   2.527e+08   0   0
9   0.439   0.8712   0   0   2.527e+08   0   0
9.1   0.439   0.8964   0   0   2.527e+08   0   0
9.2   0.439   0.9217   0   0   2.527e+08   0   0
9.3   0.439   0.947   0   0   2.527e+08   0   0
9.4   0.439   0.9723   0   0   2.527e+08   0   0
9.5   0.439   0.9975   0   0   2.527e+08   0   0
9.6   0.439   1.023   0   0   2.527e+08   0   0
9.7   0.439   1.048   0   0   2.527e+08   0   0
9.8   0.439   1.073   0   0   2.527e+08   0   0
9.9   0.439   1.099   0   0   2.527e+08   0   0
10   0.4396   1.124   -0.001571   0   2.484e+08   -4.675e+07   0
10.1   0.4405   1.148   -0.009694   0   2.257e+08   -1.14e+08   0
10.2   0.4414   1.168   -0.02413   0   1.853e+08   -1.722e+08   0
10.3   0.4424   1.184   -0.04374   0   1.303e+08   -2.17e+08   0
10.4   0.4433   1.194   -0.06699   0   6.512e+07   -2.447e+08   0
10.5   0.4442   1.197   -0.09205   0   -5.154e+06   -2.532e+08   0
10.6   0.4452   1.193   -0.117   0   -7.502e+07   -2.42e+08   0
10.7   0.4461   1.182   -0.1398   0   -1.39e+08   -2.12e+08   0
10.8   0.4471   1.165   -0.1588   0   -1.922e+08   -1.654e+08   0
10.9   0.448   1.144   -0.1724   0   -2.305e+08   -1.06e+08   0
11   0.449   1.12   -0.1797   0   -2.509e+08   -3.847e+07   0
11.1   0.4499   1.095   -0.1799   0   -2.519e+08   3.207e+07   0
11.2   0.45   1.07   -0.1759   0   -2.505e+08   4.118e+07   0
11.3   0.45   1.044   -0.1718   0   -2.505e+08   4.118e+07   0
11.4   0.45   1.019   -0.1676   0   -2.505e+08   4.118e+07   0
11.5   0.45   0.9944   -0.1635   0   -2.505e+08   4.118e+07   0
11.6   0.45   0.9693   -0.1594   0   -2.505e+08   4.118e+07   0
11.7   0.45   0.9442   -0.1553   0   -2.505e+08   4.118e+07   0
11.8   0.45   0.9192   -0.1512   0   -2.505e+08   4.118e+07   0
11.9   0.45   0.8941   -0.1471   0   -2.505e+08   4.118e+07   0
12   0.45   0.8691   -0.1429   0   -2.505e+08   4.118e+07   0
12.1   0.45   0.844   -0.1388   0   -2.505e+08   4.118e+07   0
12.2   0.45   0.819   -0.1347   0   -2.505e+08   4.118e+07   0
12.3   0.45   0.7939   -0.1306   0   -2.505e+08   4.118e+07   0
12.4   0.45   0.7689   -0.1265   0   -2.505e+08   4.118e+07   0
12.5   0.45   0.7438   -0.1223   0   -2.505e+08   4.118e+07   0
12.6   0.4551   0.7187   -0.1182   0   -2.511e+08   4.126e+07   0
12.7   0.4604   0.6936   -0.1141   0   -2.516e+08   4.135e+07   0
12.8   0.4657   0.6684   -0.11   0   -2.521e+08   4.143e+07   0
12.9   0.4708   0.6432   -0.1058   0   -2.526e+08   4.152e+07   0
13   0.4758   0.6179   -0.1017   0   -2.531e+08   4.16e+07   0
13.1   0.4807   0.5926   -0.09749   0   -2.535e+08   4.167e+07   0
13.2   0.4853   0.5672   -0.09332   0   -2.54e+08   4.174e+07   0
13.3   0.4898   0.5418   -0.08914   0   -2.544e+08   4.181e+07   0
13.4   0.4939   0.5163   -0.08496   0   -2.547e+08   4.187e+07   0
13.5   0.4977   0.4908   -0.08077   0   -2.551e+08   4.192e+07   0
13.6   0.5011   0.4653   -0.07657   0   -2.553e+08   4.197e+07   0
13.7   0.504   0.4398   -0.07237   0   -2.556e+08   4.201e+07   0
13.8   0.5064   0.4142   -0.06817   0   -2.558e+08   4.205e+07   0
13.9   0.5082   0.3886   -0.06396   0   -2.56e+08   4.207e+07   0
14   0.5093   0.363   -0.05976   0   -2.561e+08   4.209e+07   0
14.1   0.5096   0.3374   -0.05555   0   -2.561e+08   4.209e+07   0
14.2   0.509   0.3118   -0.05134   0   -2.56e+08   4.208e+07   0
14.3   0.5072   0.2862   -0.04713   0   -2.559e+08   4.206e+07   0
14.4   0.5042   0.2606   -0.04293   0   -2.556e+08   4.201e+07   0
14.5   0.4996   0.2351   -0.03873   0   -2.552e+08   4.195e+07   0
14.6   0.4932   0.2096   -0.03454   0   -2.547e+08   4.186e+07   0
14.7   0.485   0.1842   -0.03036   0   -2.539e+08   4.173e+07   0
14.8   0.485   0.1588   -0.02619   0   -2.539e+08   4.173e+07   0
14.9   0.485   0.1334   -0.02201   0   -2.539e+08   4.173e+07   0
15   0.485   0.108   -0.01784   0   -2.539e+08   4.173e+07   0
15.1   0.485   0.08259   -0.01367   0   -2.539e+08   4.173e+07   0
15.2   0.485   0.0572   -0.009492   0   -2.539e+08   4.173e+07   0
15.3   0.485   0.0318   -0.005319   0   -2.539e+08   4.173e+07   0
15.4   0.485   0.006411   -0.001146   0   -2.539e+08   4.173e+07   0
15.5   0.485   -0.01898   0.003028   0   -2.539e+08   4.173e+07   0
15.6   0.485   -0.04437   0.007201   0   -2.539e+08   4.173e+07   0
15.7   0.485   -0.06977   0.01137   0   -2.539e+08   4.173e+07   0
15.8   0.485   -0.09516   0.01555   0   -2.539e+08   4.173e+07   0
15.9   0.485   -0.1206   0.01972   0   -2.539e+08   4.173e+07   0
16   0.485   -0.1459   0.02389   0   -2.539e+08   4.173e+07   0
16.1   0.485   -0.1713   0.02807   0   -2.539e+08   4.173e+07   0
16.2   0.4953   -0.1967   0.03224   0   -2.548e+08   4.188e+07   0
16.3   0.5172   -0.2223   0.03645   0   -2.567e+08   4.219e+07   0
16.4   0.537   -0.2481   0.04068   0   -2.583e+08   4.244e+07   0
16.5   0.555   -0.274   0.04494   0   -2.596e+08   4.266e+07   0
16.6   0.5713   -0.3   0.04921   0   -2.608e+08   4.285e+07   0
16.7   0.5862   -0.3261   0.05351   0   -2.618e+08   4.301e+07   0
16.8   0.5998   -0.3524   0.05781   0   -2.627e+08   4.316e+07   0
16.9   0.6123   -0.3787   0.06214   0   -2.634e+08   4.328e+07   0
17   0.6236   -0.405   0.06647   0   -2.641e+08   4.34e+07   0
17.1   0.634   -0.4315   0.07082   0   -2.647e+08   4.349e+07   0
17.2   0.6435   -0.458   0.07517   0   -2.653e+08   4.358e+07   0
17.3   0.6521   -0.4845   0.07953   0   -2.657e+08   4.366e+07   0
17.4   0.6598   -0.5111   0.0839   0   -2.662e+08   4.373e+07   0
17.5   0.6668   -0.5378   0.08828   0   -2.665e+08   4.379e+07   0
17.6   0.6731   -0.5644   0.09266   0   -2.669e+08   4.384e+07   0
17.7   0.6787   -0.5911   0.09705   0   -2.671e+08   4.389e+07   0
17.8   0.6836   -0.6179   0.1014   0   -2.674e+08   4.393e+07   0
17.9   0.6879   -0.6446   0.1058   0   -2.676e+08   4.397e+07   0
18   0.6917   -0.6714   0.1102   0   -2.678e+08   4.4e+07   0
18.1   0.6948   -0.6982   0.1146   0   -2.679e+08   4.402e+07   0
18.2   0.6974   -0.725   0.119   0   -2.681e+08   4.404e+07   0
18.3   0.6989   -0.7518   0.1234   0   -2.681e+08   4.405e+07   0
18.4   0.6989   -0.7786   0.1278   0   -2.681e+08   4.405e+07   0
18.5   0.6989   -0.8054   0.1322   0   -2.681e+08   4.405e+07   0
18.6   0.6989   -0.8322   0.1367   0   -2.681e+08   4.405e+07   0
18.7   0.6989   -0.8591   0.1411   0   -2.681e+08   4.405e+07   0
18.8   0.6989   -0.8859   0.1455   0   -2.681e+08   4.405e+07   0
18.9   0.6989   -0.9127   0.1499   0   -2.681e+08   4.405e+07   0
19   0.6989   -0.9395   0.1543   0   -2.681e+08   4.405e+07   0
19.1   0.6989   -0.9663   0.1587   0   -2.681e+08   4.405e+07   0
19.2   0.6989   -0.9931   0.1631   0   -2.681e+08   4.405e+07   0
19.3   0.6989   -1.02   0.1675   0   -2.681e+08   4.405e+07   0
19.4   0.6989   -1.047   0.1719   0   -2.681e+08   4.405e+07   0
19.5   0.6989   -1.074   0.1763   0   -2.681e+08   4.405e+07   0
19.6   0.6989   -1.1   0.1807   0   -2.681e+08   4.405e+07   0
19.7   0.6989   -1.127   0.1851   0   -2.681e+08   4.405e+07   0
19.8   0.7006   -1.154   0.1915   0   -2.536e+08   9.789e+07   0
19.9   0.7029   -1.177   0.2048   0   -2.153e+08   1.662e+08   0
20   0.7053   -1.196   0.2243   0   -1.592e+08   2.206e+08   0
20.1   0.7076   -1.208   0.2484   0   -9e+07   2.569e+08   0
20.2   0.71   -1.214   0.275   0   -1.352e+07   2.719e+08   0
20.3   0.7124   -1.211   0.302   0   6.399e+07   2.648e+08   0
20.4   0.7148   -1.201   0.3272   0   1.362e+08   2.36e+08   0
20.5   0.7171   -1.184   0.3485   0   1.973e+08   1.882e+08   0
20.6   0.7195   -1.162   0.3643   0   2.423e+08   1.251e+08   0
20.7   0.7219   -1.136   0.3732   0   2.678e+08   5.208e+07   0
20.8   0.7243   -1.109   0.3745   0   2.718e+08   -2.507e+07   0
20.9   0.7265   -1.083   0.3682   0   2.573e+08   -9.143e+07   0
21   0.7265   -1.057   0.3591   0   2.573e+08   -9.143e+07   0
21.1   0.7265   -1.031   0.3499   0   2.573e+08   -9.143e+07   0
21.2   0.7265   -1.005   0.3408   0   2.573e+08   -9.143e+07   0
21.3   0.7265   -0.9797   0.3316   0   2.573e+08   -9.143e+07   0
21.4   0.7265   -0.954   0.3225   0   2.573e+08   -9.143e+07   0
21.5   0.7265   -0.9283   0.3133   0   2.573e+08   -9.143e+07   0
21.6   0.7265   -0.9025   0.3042   0   2.573e+08   -9.143e+07   0
21.7   0.7265   -0.8768   0.2951   0   2.573e+08   -9.143e+07   0
21.8   0.7265   -0.8511   0.2859   0   2.573e+08   -9.143e+07   0
21.9   0.7265   -0.8254   0.2768   0   2.573e+08   -9.143e+07   0
22   0.7265   -0.7996   0.2676   0   2.573e+08   -9.143e+07   0
22.1   0.7265   -0.7739   0.2585   0   2.573e+08   -9.143e+07   0
22.2   0.7265   -0.7482   0.2493   0   2.573e+08   -9.143e+07   0
22.3   0.7265   -0.7225   0.2402   0   2.573e+08   -9.143e+07   0
22.4   0.7294   -0.6967   0.2311   0   2.574e+08   -9.145e+07   0
22.5   0.7334   -0.671   0.2219   0   2.576e+08   -9.149e+07   0
22.6   0.7372   -0.6452   0.2128   0   2.578e+08   -9.153e+07   0
22.7   0.7408   -0.6194   0.2036   0   2.579e+08   -9.156e+07   0
22.8   0.744   -0.5936   0.1945   0   2.58e+08   -9.159e+07   0
22.9   0.7469   -0.5678   0.1853   0   2.582e+08   -9.161e+07   0
23   0.7493   -0.542   0.1761   0   2.583e+08   -9.163e+07   0
23.1   0.7513   -0.5162   0.167   0   2.584e+08   -9.165e+07   0
23.2   0.7528   -0.4903   0.1578   0   2.584e+08   -9.166e+07   0
23.3   0.7537   -0.4645   0.1486   0   2.585e+08   -9.166e+07   0
23.4   0.7539   -0.4386   0.1395   0   2.585e+08   -9.166e+07   0
23.5   0.7535   -0.4128   0.1303   0   2.584e+08   -9.166e+07   0
23.6   0.7521   -0.3869   0.1211   0   2.584e+08   -9.166e+07   0
23.7   0.7499   -0.3611   0.112   0   2.583e+08   -9.164e+07   0
23.8   0.7466   -0.3353   0.1028   0   2.581e+08   -9.163e+07   0
23.9   0.742   -0.3095   0.09364   0   2.579e+08   -9.162e+07   0
24   0.7361   -0.2837   0.08448   0   2.577e+08   -9.16e+07   0
24.1   0.7285   -0.258   0.07532   0   2.573e+08   -9.159e+07   0
24.2   0.719   -0.2322   0.06616   0   2.569e+08   -9.159e+07   0
24.3   0.7071   -0.2066   0.057   0   2.563e+08   -9.162e+07   0
24.4   0.6928   -0.181   0.04784   0   2.555e+08   -9.168e+07   0
24.5   0.6928   -0.1554   0.03867   0   2.555e+08   -9.168e+07   0
24.6   0.6928   -0.1299   0.0295   0   2.555e+08   -9.168e+07   0
24.7   0.6928   -0.1044   0.02034   0   2.555e+08   -9.168e+07   0
24.8   0.6928   -0.0788   0.01117   0   2.555e+08   -9.168e+07   0
24.9   0.6928   -0.05325   0.002002   0   2.555e+08   -9.168e+07   0
25   0.6928   -0.0277   -0.007166   0   2.555e+08   -9.168e+07   0
25.1   0.6928   -0.002154   -0.01633   0   2.555e+08   -9.168e+07   0
25.2   0.6928   0.02339   -0.0255   0   2.555e+08   -9.168e+07   0
25.3   0.6928   0.04894   -0.03467   0   2.555e+08   -9.168e+07   0
25.4   0.6928   0.07449   -0.04384   0   2.555e+08   -9.168e+07   0
25.5   0.6928   0.1   -0.053   0   2.555e+08   -9.168e+07   0
25.6   0.6928   0.1256   -0.06217   0   2.555e+08   -9.168e+07   0
25.7   0.6928   0.1511   -0.07134   0   2.555e+08   -9.168e+07   0
25.8   0.6981   0.1767   -0.08051   0   2.557e+08   -9.188e+07   0
25.9   0.7217   0.2023   -0.08974   0   2.566e+08   -9.272e+07   0
26   0.7424   0.228   -0.09905   0   2.573e+08   -9.338e+07   0
26.1   0.7608   0.2538   -0.1084   0   2.58e+08   -9.391e+07   0
26.2   0.7772   0.2796   -0.1178   0   2.585e+08   -9.434e+07   0
26.3   0.7919   0.3055   -0.1273   0   2.59e+08   -9.47e+07   0
26.4   0.805   0.3314   -0.1368   0   2.594e+08   -9.5e+07   0
26.5   0.8168   0.3574   -0.1463   0   2.598e+08   -9.525e+07   0
26.6   0.8274   0.3834   -0.1558   0   2.601e+08   -9.547e+07   0
26.7   0.8368   0.4094   -0.1654   0   2.604e+08   -9.565e+07   0
26.8   0.8452   0.4354   -0.1749   0   2.606e+08   -9.581e+07   0
26.9   0.8527   0.4615   -0.1845   0   2.609e+08   -9.595e+07   0
27   0.8593   0.4876   -0.1941   0   2.611e+08   -9.606e+07   0
27.1   0.8651   0.5137   -0.2037   0   2.612e+08   -9.616e+07   0
27.2   0.8701   0.5398   -0.2134   0   2.614e+08   -9.624e+07   0
27.3   0.8744   0.566   -0.223   0   2.615e+08   -9.631e+07   0
27.4   0.878   0.5921   -0.2326   0   2.616e+08   -9.637e+07   0
27.5   0.881   0.6183   -0.2423   0   2.617e+08   -9.641e+07   0
27.6   0.8834   0.6445   -0.2519   0   2.617e+08   -9.645e+07   0
27.7   0.8852   0.6707   -0.2616   0   2.618e+08   -9.648e+07   0
27.8   0.8866   0.6968   -0.2712   0   2.618e+08   -9.65e+07   0
27.9   0.8868   0.723   -0.2809   0   2.618e+08   -9.65e+07   0
28   0.8868   0.7492   -0.2905   0   2.618e+08   -9.65e+07   0
28.1   0.8868   0.7754   -0.3002   0   2.618e+08   -9.65e+07   0
28.2   0.8868   0.8016   -0.3098   0   2.618e+08   -9.65e+07   0
28.3   0.8868   0.8277   -0.3195   0   2.618e+08   -9.65e+07   0
28.4   0.8868   0.8539   -0.3291   0   2.618e+08   -9.65e+07   0
28.5   0.8868   0.8801   -0.3388   0   2.618e+08   -9.65e+07   0
28.6   0.8868   0.9063   -0.3484   0   2.618e+08   -9.65e+07   0
28.7   0.8868   0.9325   -0.3581   0   2.618e+08   -9.65e+07   0
28.8   0.8868   0.9587   -0.3677   0   2.618e+08   -9.65e+07   0
28.9   0.8868   0.9848   -0.3774   0   2.618e+08   -9.65e+07   0
29   0.8868   1.011   -0.387   0   2.618e+08   -9.65e+07   0
29.1   0.8868   1.037   -0.3967   0   2.618e+08   -9.65e+07   0
29.2   0.8868   1.063   -0.4063   0   2.618e+08   -9.65e+07   0
29.3   0.8888   1.089   -0.4166   0   2.474e+08   -1.293e+08   0
29.4   0.8943   1.111   -0.4335   0   1.89e+08   -2.056e+08   0
29.5   0.8998   1.126   -0.4569   0   1.084e+08   -2.575e+08   0
29.6   0.9053   1.132   -0.4841   0   1.543e+07   -2.792e+08   0
29.7   0.9109   1.129   -0.5117   0   -7.914e+07   -2.683e+08   0
29.8   0.9165   1.117   -0.5367   0   -1.643e+08   -2.266e+08   0
29.9   0.9221   1.097   -0.5561   0   -2.305e+08   -1.591e+08   0
30   0.9278   1.072   -0.5678   0   -2.704e+08   -7.368e+07   0
30.1   0.9335   1.044   -0.5705   0   -2.797e+08   1.979e+07   0
30.2   0.9392   1.017   -0.5638   0   -2.578e+08   1.108e+08   0
30.3   0.9406   0.9918   -0.5509   0   -2.476e+08   1.32e+08   0
30.4   0.9406   0.9671   -0.5377   0   -2.476e+08   1.32e+08   0
30.5   0.9406   0.9423   -0.5245   0   -2.476e+08   1.32e+08   0
30.6   0.9406   0.9175   -0.5113   0   -2.476e+08   1.32e+08   0
30.7   0.9406   0.8928   -0.4981   0   -2.476e+08   1.32e+08   0
30.8   0.9406   0.868   -0.4849   0   -2.476e+08   1.32e+08   0
30.9   0.9406   0.8433   -0.4717   0   -2.476e+08   1.32e+08   0
31   0.9406   0.8185   -0.4585   0   -2.476e+08   1.32e+08   0
31.1   0.9406   0.7937   -0.4453   0   -2.476e+08   1.32e+08   0
31.2   0.9406   0.769   -0.4321   0   -2.476e+08   1.32e+08   0
31.3   0.9406   0.7442   -0.4189   0   -2.476e+08   1.32e+08   0
31.4   0.9406   0.7194   -0.4058   0   -2.476e+08   1.32e+08   0
31.5   0.9406   0.6947   -0.3926   0   -2.476e+08   1.32e+08   0
31.6   0.9406   0.6699   -0.3794   0   -2.476e+08   1.32e+08   0
31.7   0.9423   0.6451   -0.3662   0   -2.477e+08   1.32e+08   0
31.8   0.9464   0.6204   -0.353   0   -2.478e+08   1.321e+08   0
31.9   0.9503   0.5956   -0.3398   0   -2.478e+08   1.321e+08   0
32   0.9539   0.5708   -0.3265   0   -2.479e+08   1.322e+08   0
32.1   0.9572   0.546   -0.3133   0   -2.48e+08   1.323e+08   0
32.2   0.9601   0.5212   -0.3001   0   -2.48e+08   1.323e+08   0
32.3   0.9626   0.4964   -0.2868   0   -2.481e+08   1.324e+08   0
32.4   0.9647   0.4716   -0.2736   0   -2.481e+08   1.324e+08   0
32.5   0.9662   0.4468   -0.2604   0   -2.482e+08   1.324e+08   0
32.6   0.9671   0.422   -0.2471   0   -2.482e+08   1.324e+08   0
32.7   0.9674   0.3971   -0.2339   0   -2.482e+08   1.324e+08   0
32.8   0.9669   0.3723   -0.2206   0   -2.482e+08   1.324e+08   0
32.9   0.9656   0.3475   -0.2074   0   -2.482e+08   1.324e+08   0
33   0.9633   0.3227   -0.1942   0   -2.481e+08   1.324e+08   0
33.1   0.9599   0.2979   -0.1809   0   -2.481e+08   1.323e+08   0
33.2   0.9553   0.2731   -0.1677   0   -2.48e+08   1.322e+08   0
33.3   0.9491   0.2483   -0.1545   0   -2.479e+08   1.32e+08   0
33.4   0.9412   0.2235   -0.1413   0   -2.477e+08   1.318e+08   0
33.5   0.9313   0.1987   -0.1281   0   -2.476e+08   1.315e+08   0
33.6   0.9188   0.174   -0.115   0   -2.474e+08   1.311e+08   0
33.7   0.9077   0.1493   -0.1019   0   -2.472e+08   1.308e+08   0
33.8   0.9077   0.1245   -0.08883   0   -2.472e+08   1.308e+08   0
33.9   0.9077   0.09982   -0.07575   0   -2.472e+08   1.308e+08   0
34   0.9077   0.0751   -0.06268   0   -2.472e+08   1.308e+08   0
34.1   0.9077   0.05037   -0.0496   0   -2.472e+08   1.308e+08   0
34.2   0.9077   0.02565   -0.03653   0   -2.472e+08   1.308e+08   0
34.3   0.9077   0.0009294   -0.02345   0   -2.472e+08   1.308e+08   0
34.4   0.9077   -0.02379   -0.01037   0   -2.472e+08   1.308e+08   0
34.5   0.9077   -0.04851   0.002704   0   -2.472e+08   1.308e+08   0
34.6   0.9077   -0.07324   0.01578   0   -2.472e+08   1.308e+08   0
34.7   0.9077   -0.09796   0.02886   0   -2.472e+08   1.308e+08   0
34.8   0.9077   -0.1227   0.04193   0   -2.472e+08   1.308e+08   0
34.9   0.9077   -0.1474   0.05501   0   -2.472e+08   1.308e+08   0
35   0.9077   -0.1721   0.06809   0   -2.472e+08   1.308e+08   0
35.1   0.9299   -0.1969   0.08115   0   -2.48e+08   1.306e+08   0
35.2   0.9521   -0.2217   0.09421   0   -2.488e+08   1.305e+08   0
35.3   0.9717   -0.2466   0.1073   0   -2.494e+08   1.305e+08   0
35.4   0.9892   -0.2716   0.1203   0   -2.499e+08   1.304e+08   0
35.5   1.005   -0.2966   0.1333   0   -2.503e+08   1.304e+08   0
35.6   1.019   -0.3216   0.1464   0   -2.507e+08   1.304e+08   0
35.7   1.032   -0.3467   0.1594   0   -2.51e+08   1.305e+08   0
35.8   1.043   -0.3718   0.1725   0   -2.513e+08   1.305e+08   0
35.9   1.053   -0.397   0.1855   0   -2.515e+08   1.305e+08   0
36   1.062   -0.4221   0.1986   0   -2.517e+08   1.305e+08   0
36.1   1.07   -0.4473   0.2116   0   -2.519e+08   1.306e+08   0
36.2   1.078   -0.4725   0.2247   0   -2.52e+08   1.306e+08   0
36.3   1.084   -0.4977   0.2378   0   -2.522e+08   1.306e+08   0
36.4   1.09   -0.523   0.2508   0   -2.523e+08   1.306e+08   0
36.5   1.095   -0.5482   0.2639   0   -2.524e+08   1.306e+08   0
36.6   1.099   -0.5734   0.2769   0   -2.525e+08   1.307e+08   0
36.7   1.102   -0.5987   0.29   0   -2.526e+08   1.307e+08   0
36.8   1.105   -0.6239   0.3031   0   -2.526e+08   1.307e+08   0
36.9   1.108   -0.6492   0.3162   0   -2.527e+08   1.307e+08   0
37   1.109   -0.6745   0.3292   0   -2.527e+08   1.307e+08   0
37.1   1.11   -0.6997   0.3423   0   -2.527e+08   1.307e+08   0
37.2   1.11   -0.725   0.3554   0   -2.527e+08   1.307e+08   0
37.3   1.11   -0.7503   0.3684   0   -2.527e+08   1.307e+08   0
37.4   1.11   -0.7756   0.3815   0   -2.527e+08   1.307e+08   0
37.5   1.11   -0.8008   0.3946   0   -2.527e+08   1.307e+08   0
37.6   1.11   -0.8261   0.4077   0   -2.527e+08   1.307e+08   0
37.7   1.11   -0.8514   0.4207   0   -2.527e+08   1.307e+08   0
37.8   1.11   -0.8766   0.4338   0   -2.527e+08   1.307e+08   0
37.9   1.11   -0.9019   0.4469   0   -2.527e+08   1.307e+08   0
38   1.11   -0.9272   0.4599   0   -2.527e+08   1.307e+08   0
38.1   1.11   -0.9524   0.473   0   -2.527e+08   1.307e+08   0
38.2   1.11   -0.9777   0.4861   0   -2.527e+08   1.307e+08   0
38.3   1.11   -1.003   0.4992   0   -2.527e+08   1.307e+08   0
38.4   1.11   -1.028   0.5122   0   -2.527e+08   1.307e+08   0
38.5   1.11   -1.054   0.5253   0   -2.527e+08   1.307e+08   0
38.6   1.11   -1.079   0.5384   0   -2.527e+08   1.307e+08   0
38.7   1.11   -1.104   0.5514   0   -2.527e+08   1.307e+08   0
38.8   1.11   -1.129   0.5645   0   -2.527e+08   1.307e+08   0
38.9   1.11   -1.155   0.5776   0   -2.527e+08   1.307e+08   0
39   1.11   -1.18   0.5906   0   -2.527e+08   1.307e+08   0
39.1   1.11   -1.205   0.6037   0   -2.527e+08   1.307e+08   0
39.2   1.11   -1.23   0.6168   0   -2.527e+08   1.307e+08   0
39.3   1.11   -1.256   0.6299   0   -2.527e+08   1.307e+08   0
39.4   1.11   -1.281   0.6429   0   -2.527e+08   1.307e+08   0
39.5   1.11   -1.306   0.656   0   -2.527e+08   1.307e+08   0
39.6   1.11   -1.331   0.6691   0   -2.527e+08   1.307e+08   0
39.7   1.11   -1.357   0.6821   0   -2.527e+08   1.307e+08   0
39.8   1.11   -1.382   0.6952   0   -2.527e+08   1.307e+08   0
39.9   1.11   -1.407   0.7083   0   -2.527e+08   1.307e+08   0
40   1.11   -1.433   0.7214   0   -2.527e+08   1.307e+08   0
40.1   1.11   -1.458   0.7344   0   -2.527e+08   1.307e+08   0
40.2   1.11   -1.483   0.7475   0   -2.527e+08   1.307e+08   0
40.3   1.11   -1.508   0.7606   0   -2.527e+08   1.307e+08   0
40.4   1.11   -1.534   0.7736   0   -2.527e+08   1.307e+08   0
40.5   1.11   -1.559   0.7867   0   -2.527e+08   1.307e+08   0
40.6   1.11   -1.584   0.7998   0   -2.527e+08   1.307e+08   0
40.7   1.11   -1.609   0.8129   0   -2.527e+08   1.307e+08   0
40.8   1.11   -1.635   0.8259   0   -2.527e+08   1.307e+08   0
40.9   1.11   -1.66   0.839   0   -2.527e+08   1.307e+08   0
41   1.11   -1.685   0.8521   0   -2.527e+08   1.307e+08   0
41.1   1.11   -1.711   0.8651   0   -2.527e+08   1.307e+08   0
41.2   1.11   -1.736   0.8782   0   -2.527e+08   1.307e+08   0
41.3   1.11   -1.761   0.8913   0   -2.527e+08   1.307e+08   0
41.4   1.11   -1.786   0.9044   0   -2.527e+08   1.307e+08   0
41.5   1.11   -1.812   0.9174   0   -2.527e+08   1.307e+08   0
41.6   1.11   -1.837   0.9305   0   -2.527e+08   1.307e+08   0
41.7   1.11   -1.862   0.9436   0   -2.527e+08   1.307e+08   0
41.8   1.11   -1.887   0.9566   0   -2.527e+08   1.307e+08   0
41.9   1.11   -1.913   0.9697   0   -2.527e+08   1.307e+08   0
42   1.11   -1.938   0.9828   0   -2.527e+08   1.307e+08   0
42.1   1.11   -1.963   0.9959   0   -2.527e+08   1.307e+08   0
42.2   1.11   -1.988   1.009   0   -2.527e+08   1.307e+08   0
42.3   1.11   -2.014   1.022   0   -2.527e+08   1.307e+08   0
42.4   1.11   -2.039   1.035   0   -2.527e+08   1.307e+08   0
42.5   1.11   -2.064   1.048   0   -2.527e+08   1.307e+08   0
42.6   1.11   -2.09   1.061   0   -2.527e+08   1.307e+08   0
42.7   1.11   -2.115   1.074   0   -2.527e+08   1.307e+08   0
42.8   1.11   -2.14   1.087   0   -2.527e+08   1.307e+08   0
42.9   1.11   -2.165   1.1   0   -2.527e+08   1.307e+08   0
43   1.11   -2.191   1.113   0   -2.527e+08   1.307e+08   0
43.1   1.11   -2.216   1.127   0   -2.527e+08   1.307e+08   0
43.2   1.11   -2.241   1.14   0   -2.527e+08   1.307e+08   0
43.3   1.11   -2.266   1.153   0   -2.527e+08   1.307e+08   0
43.4   1.11   -2.292   1.166   0   -2.527e+08   1.307e+08   0
43.5   1.11   -2.317   1.179   0   -2.527e+08   1.307e+08   0
43.6   1.11   -2.342   1.192   0   -2.527e+08   1.307e+08   0
43.7   1.11   -2.368   1.205   0   -2.527e+08   1.307e+08   0
43.8   1.11   -2.393   1.218   0   -2.527e+08   1.307e+08   0
43.9   1.11   -2.418   1.231   0   -2.527e+08   1.307e+08   0
44   1.11   -2.443   1.244   0   -2.527e+08   1.307e+08   0
44.1   1.11   -2.469   1.257   0   -2.527e+08   1.307e+08   0
44.2   1.11   -2.494   1.27   0   -2.527e+08   1.307e+08   0
44.3   1.11   -2.519   1.283   0   -2.527e+08   1.307e+08   0
44.4   1.11   -2.544   1.296   0   -2.527e+08   1.307e+08   0
44.5   1.11   -2.57   1.31   0   -2.527e+08   1.307e+08   0
44.6   1.11   -2.595   1.323   0   -2.527e+08   1.307e+08   0
44.7   1.11   -2.62   1.336   0   -2.527e+08   1.307e+08   0
44.8   1.11   -2.645   1.349   0   -2.527e+08   1.307e+08   0
44.9   1.11   -2.671   1.362   0   -2.527e+08   1.307e+08   0
45   1.11   -2.696   1.375   0   -2.527e+08   1.307e+08   0
