0   0.04   -0.753   0   0   1.121e+08   0   0
0.1   0.04   -0.753   0   0   1.121e+08   0   0
0.2   0.04   -0.753   0   0   1.121e+08   0   0
0.3   0.04   -0.753   0   0   1.121e+08   0   0
0.4   0.04   -0.753   0   0   1.121e+08   0   0
0.5   0.04   -0.753   0   0   1.121e+08   0   0
0.6   0.04   -0.753   0   0   1.121e+08   0   0
0.7   0.04   -0.753   0   0   1.121e+08   0   0
0.8   0.04   -0.753   0   0   1.121e+08   0   0
0.9   0.04   -0.753   0   0   1.121e+08   0   0
1   0.04043   -0.7496   0   0   1.127e+08   0   0
1.1   0.04204   -0.7382   0   0   1.146e+08   0   0
1.2   0.04385   -0.7267   0   0   1.168e+08   0   0
1.3   0.04588   -0.7149   0   0   1.192e+08   0   0
1.4   0.04814   -0.7028   0   0   1.217e+08   0   0
1.5   0.05062   -0.6905   0   0   1.244e+08   0   0
1.6   0.05334   -0.6779   0   0   1.272e+08   0   0
1.7   0.0563   -0.6651   0   0   1.302e+08   0   0
1.8   0.05952   -0.6519   0   0   1.333e+08   0   0
1.9   0.06298   -0.6384   0   0   1.365e+08   0   0
2   0.06671   -0.6246   0   0   1.399e+08   0   0
2.1   0.0707   -0.6104   0   0   1.432e+08   0   0
2.2   0.07495   -0.5959   0   0   1.467e+08   0   0
2.3   0.07946   -0.5811   0   0   1.502e+08   0   0
2.4   0.08424   -0.5659   0   0   1.537e+08   0   0
2.5   0.08927   -0.5503   0   0   1.573e+08   0   0
2.6   0.09456   -0.5344   0   0   1.609e+08   0   0
2.7   0.1001   -0.5181   0   0   1.644e+08   0   0
2.8   0.1059   -0.5015   0   0   1.679e+08   0   0
2.9   0.1119   -0.4845   0   0   1.714e+08   0   0
3   0.1181   -0.4672   0   0   1.749e+08   0   0
3.1   0.1245   -0.4496   0   0   1.782e+08   0   0
3.2   0.1311   -0.4316   0   0   1.815e+08   0   0
3.3   0.1378   -0.4133   0   0   1.847e+08   0   0
3.4   0.1446   -0.3946   0   0   1.878e+08   0   0
3.5   0.1516   -0.3757   0   0   1.908e+08   0   0
3.6   0.1586   -0.3565   0   0   1.937e+08   0   0
3.7   0.1656   -0.337   0   0   1.965e+08   0   0
3.8   0.1726   -0.3172   0   0   1.992e+08   0   0
3.9   0.1796   -0.2971   0   0   2.017e+08   0   0
4   0.1864   -0.2768   0   0   2.04e+08   0   0
4.1   0.193   -0.2563   0   0   2.062e+08   0   0
4.2   0.1992   -0.2356   0   0   2.082e+08   0   0
4.3   0.2051   -0.2147   0   0   2.1e+08   0   0
4.4   0.2105   -0.1936   0   0   2.116e+08   0   0
4.5   0.2118   -0.1724   0   0   2.12e+08   0   0
4.6   0.2118   -0.1512   0   0   2.12e+08   0   0
4.7   0.2118   -0.13   0   0   2.12e+08   0   0
4.8   0.2118   -0.1088   0   0   2.12e+08   0   0
4.9   0.2118   -0.08761   0   0   2.12e+08   0   0
5   0.2118   -0.06641   0   0   2.12e+08   0   0
5.1   0.2118   -0.04521   0   0   2.12e+08   0   0
5.2   0.2118   -0.024   0   0   2.12e+08   0   0
5.3   0.2118   -0.002804   0   0   2.12e+08   0   0
5.4   0.2118   0.0184   0   0   2.12e+08   0   0
5.5   0.2118   0.0396   0   0   2.12e+08   0   0
5.6   0.2118   0.0608   0   0   2.12e+08   0   0
5.7   0.2118   0.082   0   0   2.12e+08   0   0
5.8   0.2118   0.1032   0   0   2.12e+08   0   0
5.9   0.2118   0.1244   0   0   2.12e+08   0   0
6   0.2118   0.1456   0   0   2.12e+08   0   0
6.1   0.2118   0.1668   0   0   2.12e+08   0   0
6.2   0.2118   0.188   0   0   2.12e+08   0   0
6.3   0.2278   0.2094   0   0   2.165e+08   0   0
6.4   0.2434   0.2313   0   0   2.205e+08   0   0
6.5   0.2584   0.2535   0   0   2.241e+08   0   0
6.6   0.2727   0.2761   0   0   2.273e+08   0   0
6.7   0.2865   0.299   0   0   2.302e+08   0   0
6.8   0.2995   0.3221   0   0   2.327e+08   0   0
6.9   0.312   0.3455   0   0   2.35e+08   0   0
7   0.3239   0.3691   0   0   2.371e+08   0   0
7.1   0.3352   0.3929   0   0   2.39e+08   0   0
7.2   0.3459   0.4169   0   0   2.407e+08   0   0
7.3   0.356   0.4411   0   0   2.422e+08   0   0
7.4   0.3656   0.4654   0   0   2.436e+08   0   0
7.5   0.3746   0.4898   0   0   2.448e+08   0   0
7.6   0.383   0.5143   0   0   2.46e+08   0   0
7.7   0.3909   0.539   0   0   2.47e+08   0   0
7.8   0.3983   0.5637   0   0   2.48e+08   0   0
7.9   0.4051   0.5886   0   0   2.488e+08   0   0
8   0.4114   0.6135   0   0   2.496e+08   0   0
8.1   0.4172   0.6385   0   0   2.503e+08   0   0
8.2   0.4225   0.6635   0   0   2.509e+08   0   0
8.3   0.4273   0.6887   0   0   2.514e+08   0   0
8.4   0.4317   0.7138   0   0   2.519e+08   0   0
8.5   0.4355   0.739   0   0   2.524e+08   0   0
8.6   0.4375   0.7643   0   0   2.526e+08   0   0
8.7   0.4375   0.7895   0   0   2.526e+08   0   0
8.8   0.4375   0.8148   0   0   2.526e+08   0   0
8.9   0.4375   0.8401   0   0   2.526e+08   0   0
9   0.4375   0.8653   0   0   2.526e+08   0   0
9.1   0.4375   0.8906   0   0   2.526e+08   0   0
9.2   0.4375   0.9158   0   0   2.526e+08   0   0
9.3   0.4375   0.9411   0   0   2.526e+08   0   0
9.4   0.4375   0.9663   0   0   2.526e+08   0   0
9.5   0.4375   0.9916   0   0   2.526e+08   0   0
9.6   0.4375   1.017   0   0   2.526e+08   0   0
9.7   0.4375   1.042   0   0   2.526e+08   0   0
9.8   0.4375   1.067   0   0   2.526e+08   0   0
9.9   0.4375   1.093   0   0   2.526e+08   0   0
10   0.4379   1.118   -0.0006431   0   2.508e+08   -2.988e+07   0
10.1   0.4388   1.142   -0.007142   0   2.327e+08   -9.856e+07   0
10.2   0.4397   1.164   -0.02016   0   1.962e+08   -1.594e+08   0
10.3   0.4407   1.181   -0.03867   0   1.442e+08   -2.078e+08   0
10.4   0.4416   1.192   -0.0612   0   8.092e+07   -2.397e+08   0
10.5   0.4425   1.197   -0.086   0   1.128e+07   -2.529e+08   0
10.6   0.4435   1.194   -0.1111   0   -5.924e+07   -2.462e+08   0
10.7   0.4444   1.185   -0.1346   0   -1.251e+08   -2.203e+08   0
10.8   0.4453   1.17   -0.1546   0   -1.812e+08   -1.771e+08   0
10.9   0.4463   1.149   -0.1695   0   -2.232e+08   -1.202e+08   0
11   0.4472   1.125   -0.1782   0   -2.478e+08   -5.4e+07   0
11.1   0.4482   1.1   -0.1801   0   -2.532e+08   1.642e+07   0
11.2   0.4485   1.075   -0.1764   0   -2.504e+08   4.105e+07   0
11.3   0.4485   1.05   -0.1723   0   -2.504e+08   4.105e+07   0
11.4   0.4485   1.025   -0.1682   0   -2.504e+08   4.105e+07   0
11.5   0.4485   1   -0.1641   0   -2.504e+08   4.105e+07   0
11.6   0.4485   0.975   -0.16   0   -2.504e+08   4.105e+07   0
11.7   0.4485   0.95   -0.1559   0   -2.504e+08   4.105e+07   0
11.8   0.4485   0.9249   -0.1518   0   -2.504e+08   4.105e+07   0
11.9   0.4485   0.8999   -0.1477   0   -2.504e+08   4.105e+07   0
12   0.4485   0.8748   -0.1436   0   -2.504e+08   4.105e+07   0
12.1   0.4485   0.8498   -0.1395   0   -2.504e+08   4.105e+07   0
12.2   0.4485   0.8248   -0.1354   0   -2.504e+08   4.105e+07   0
12.3   0.4485   0.7997   -0.1313   0   -2.504e+08   4.105e+07   0
12.4   0.4485   0.7747   -0.1271   0   -2.504e+08   4.105e+07   0
12.5   0.4485   0.7496   -0.123   0   -2.504e+08   4.105e+07   0
12.6   0.4523   0.7246   -0.1189   0   -2.508e+08   4.111e+07   0
12.7   0.4576   0.6995   -0.1148   0   -2.513e+08   4.12e+07   0
12.8   0.4628   0.6743   -0.1107   0   -2.518e+08   4.128e+07   0
12.9   0.4679   0.6491   -0.1066   0   -2.523e+08   4.137e+07   0
13   0.4728   0.6239   -0.1024   0   -2.528e+08   4.144e+07   0
13.1   0.4776   0.5986   -0.09827   0   -2.533e+08   4.152e+07   0
13.2   0.4822   0.5732   -0.09412   0   -2.537e+08   4.159e+07   0
13.3   0.4866   0.5478   -0.08996   0   -2.541e+08   4.165e+07   0
13.4   0.4907   0.5224   -0.08579   0   -2.545e+08   4.171e+07   0
13.5   0.4944   0.4969   -0.08161   0   -2.548e+08   4.177e+07   0
13.6   0.4978   0.4714   -0.07743   0   -2.551e+08   4.182e+07   0
13.7   0.5007   0.4459   -0.07325   0   -2.553e+08   4.186e+07   0
13.8   0.5031   0.4204   -0.06906   0   -2.555e+08   4.189e+07   0
13.9   0.5048   0.3948   -0.06487   0   -2.557e+08   4.192e+07   0
14   0.5059   0.3692   -0.06068   0   -2.558e+08   4.193e+07   0
14.1   0.5062   0.3437   -0.05649   0   -2.558e+08   4.194e+07   0
14.2   0.5056   0.3181   -0.05229   0   -2.557e+08   4.193e+07   0
14.3   0.5038   0.2925   -0.0481   0   -2.556e+08   4.19e+07   0
14.4   0.5009   0.267   -0.04391   0   -2.553e+08   4.186e+07   0
14.5   0.4964   0.2414   -0.03973   0   -2.55e+08   4.18e+07   0
14.6   0.4902   0.216   -0.03555   0   -2.544e+08   4.171e+07   0
14.7   0.4817   0.1906   -0.03139   0   -2.536e+08   4.158e+07   0
14.8   0.4797   0.1652   -0.02723   0   -2.535e+08   4.155e+07   0
14.9   0.4797   0.1399   -0.02308   0   -2.535e+08   4.155e+07   0
15   0.4797   0.1145   -0.01892   0   -2.535e+08   4.155e+07   0
15.1   0.4797   0.08919   -0.01477   0   -2.535e+08   4.155e+07   0
15.2   0.4797   0.06384   -0.01062   0   -2.535e+08   4.155e+07   0
15.3   0.4797   0.0385   -0.00646   0   -2.535e+08   4.155e+07   0
15.4   0.4797   0.01315   -0.002306   0   -2.535e+08   4.155e+07   0
15.5   0.4797   -0.01219   0.001849   0   -2.535e+08   4.155e+07   0
15.6   0.4797   -0.03754   0.006004   0   -2.535e+08   4.155e+07   0
15.7   0.4797   -0.06288   0.01016   0   -2.535e+08   4.155e+07   0
15.8   0.4797   -0.08823   0.01431   0   -2.535e+08   4.155e+07   0
15.9   0.4797   -0.1136   0.01847   0   -2.535e+08   4.155e+07   0
16   0.4797   -0.1389   0.02262   0   -2.535e+08   4.155e+07   0
16.1   0.4797   -0.1643   0.02678   0   -2.535e+08   4.155e+07   0
16.2   0.4833   -0.1896   0.03093   0   -2.538e+08   4.16e+07   0
16.3   0.506   -0.2151   0.03511   0   -2.558e+08   4.192e+07   0
16.4   0.5264   -0.2408   0.03932   0   -2.575e+08   4.219e+07   0
16.5   0.5448   -0.2666   0.04355   0   -2.589e+08   4.242e+07   0
16.6   0.5615   -0.2925   0.0478   0   -2.601e+08   4.262e+07   0
16.7   0.5768   -0.3186   0.05207   0   -2.612e+08   4.279e+07   0
16.8   0.5906   -0.3448   0.05636   0   -2.621e+08   4.294e+07   0
16.9   0.6033   -0.371   0.06066   0   -2.629e+08   4.307e+07   0
17   0.6149   -0.3973   0.06497   0   -2.636e+08   4.319e+07   0
17.1   0.6255   -0.4237   0.0693   0   -2.643e+08   4.329e+07   0
17.2   0.6351   -0.4502   0.07363   0   -2.648e+08   4.338e+07   0
17.3   0.6438   -0.4767   0.07797   0   -2.653e+08   4.346e+07   0
17.4   0.6517   -0.5033   0.08232   0   -2.657e+08   4.353e+07   0
17.5   0.6588   -0.5298   0.08668   0   -2.661e+08   4.36e+07   0
17.6   0.6651   -0.5565   0.09104   0   -2.665e+08   4.365e+07   0
17.7   0.6708   -0.5831   0.09541   0   -2.668e+08   4.37e+07   0
17.8   0.6758   -0.6098   0.09978   0   -2.67e+08   4.374e+07   0
17.9   0.6801   -0.6365   0.1042   0   -2.672e+08   4.378e+07   0
18   0.6839   -0.6633   0.1085   0   -2.674e+08   4.381e+07   0
18.1   0.6871   -0.69   0.1129   0   -2.676e+08   4.383e+07   0
18.2   0.6897   -0.7168   0.1173   0   -2.677e+08   4.386e+07   0
18.3   0.6918   -0.7436   0.1217   0   -2.678e+08   4.387e+07   0
18.4   0.6918   -0.7704   0.1261   0   -2.678e+08   4.387e+07   0
18.5   0.6918   -0.7971   0.1305   0   -2.678e+08   4.387e+07   0
18.6   0.6918   -0.8239   0.1349   0   -2.678e+08   4.387e+07   0
18.7   0.6918   -0.8507   0.1392   0   -2.678e+08   4.387e+07   0
18.8   0.6918   -0.8775   0.1436   0   -2.678e+08   4.387e+07   0
18.9   0.6918   -0.9043   0.148   0   -2.678e+08   4.387e+07   0
19   0.6918   -0.931   0.1524   0   -2.678e+08   4.387e+07   0
19.1   0.6918   -0.9578   0.1568   0   -2.678e+08   4.387e+07   0
19.2   0.6918   -0.9846   0.1612   0   -2.678e+08   4.387e+07   0
19.3   0.6918   -1.011   0.1656   0   -2.678e+08   4.387e+07   0
19.4   0.6918   -1.038   0.17   0   -2.678e+08   4.387e+07   0
19.5   0.6918   -1.065   0.1743   0   -2.678e+08   4.387e+07   0
19.6   0.6918   -1.092   0.1787   0   -2.678e+08   4.387e+07   0
19.7   0.6918   -1.119   0.1831   0   -2.678e+08   4.387e+07   0
19.8   0.6927   -1.145   0.1881   0   -2.614e+08   7.32e+07   0
19.9   0.695   -1.17   0.1991   0   -2.295e+08   1.452e+08   0
20   0.6974   -1.19   0.2168   0   -1.784e+08   2.049e+08   0
20.1   0.6997   -1.205   0.2396   0   -1.125e+08   2.474e+08   0
20.2   0.7021   -1.213   0.2656   0   -3.725e+07   2.693e+08   0
20.3   0.7044   -1.212   0.2927   0   4.098e+07   2.689e+08   0
20.4   0.7068   -1.204   0.3186   0   1.157e+08   2.463e+08   0
20.5   0.7091   -1.189   0.3412   0   1.809e+08   2.034e+08   0
20.6   0.7115   -1.169   0.3587   0   2.312e+08   1.439e+08   0
20.7   0.7139   -1.144   0.3696   0   2.626e+08   7.279e+07   0
20.8   0.7163   -1.117   0.373   0   2.725e+08   -4.208e+06   0
20.9   0.7187   -1.09   0.3687   0   2.604e+08   -8.078e+07   0
21   0.719   -1.064   0.3596   0   2.568e+08   -9.185e+07   0
21.1   0.719   -1.039   0.3504   0   2.568e+08   -9.185e+07   0
21.2   0.719   -1.013   0.3412   0   2.568e+08   -9.185e+07   0
21.3   0.719   -0.9872   0.332   0   2.568e+08   -9.185e+07   0
21.4   0.719   -0.9616   0.3228   0   2.568e+08   -9.185e+07   0
21.5   0.719   -0.9359   0.3136   0   2.568e+08   -9.185e+07   0
21.6   0.719   -0.9102   0.3044   0   2.568e+08   -9.185e+07   0
21.7   0.719   -0.8845   0.2953   0   2.568e+08   -9.185e+07   0
21.8   0.719   -0.8589   0.2861   0   2.568e+08   -9.185e+07   0
21.9   0.719   -0.8332   0.2769   0   2.568e+08   -9.185e+07   0
22   0.719   -0.8075   0.2677   0   2.568e+08   -9.185e+07   0
22.1   0.719   -0.7818   0.2585   0   2.568e+08   -9.185e+07   0
22.2   0.719   -0.7562   0.2493   0   2.568e+08   -9.185e+07   0
22.3   0.719   -0.7305   0.2402   0   2.568e+08   -9.185e+07   0
22.4   0.7207   -0.7048   0.231   0   2.568e+08   -9.186e+07   0
22.5   0.7247   -0.6791   0.2218   0   2.57e+08   -9.19e+07   0
22.6   0.7285   -0.6534   0.2126   0   2.572e+08   -9.193e+07   0
22.7   0.732   -0.6277   0.2034   0   2.574e+08   -9.195e+07   0
22.8   0.7351   -0.6019   0.1942   0   2.575e+08   -9.198e+07   0
22.9   0.738   -0.5762   0.185   0   2.576e+08   -9.2e+07   0
23   0.7404   -0.5504   0.1758   0   2.577e+08   -9.201e+07   0
23.1   0.7423   -0.5246   0.1666   0   2.578e+08   -9.202e+07   0
23.2   0.7438   -0.4988   0.1574   0   2.579e+08   -9.203e+07   0
23.3   0.7447   -0.4731   0.1482   0   2.579e+08   -9.204e+07   0
23.4   0.7449   -0.4473   0.139   0   2.579e+08   -9.204e+07   0
23.5   0.7445   -0.4215   0.1298   0   2.579e+08   -9.204e+07   0
23.6   0.7432   -0.3957   0.1206   0   2.578e+08   -9.203e+07   0
23.7   0.741   -0.3699   0.1114   0   2.577e+08   -9.203e+07   0
23.8   0.7377   -0.3441   0.1022   0   2.576e+08   -9.202e+07   0
23.9   0.7333   -0.3184   0.09298   0   2.574e+08   -9.202e+07   0
24   0.7275   -0.2927   0.08378   0   2.571e+08   -9.202e+07   0
24.1   0.7202   -0.267   0.07457   0   2.568e+08   -9.203e+07   0
24.2   0.711   -0.2413   0.06537   0   2.563e+08   -9.207e+07   0
24.3   0.6996   -0.2157   0.05616   0   2.557e+08   -9.213e+07   0
24.4   0.6854   -0.1902   0.04694   0   2.549e+08   -9.225e+07   0
24.5   0.6807   -0.1647   0.03771   0   2.546e+08   -9.23e+07   0
24.6   0.6807   -0.1393   0.02848   0   2.546e+08   -9.23e+07   0
24.7   0.6807   -0.1138   0.01925   0   2.546e+08   -9.23e+07   0
24.8   0.6807   -0.08833   0.01002   0   2.546e+08   -9.23e+07   0
24.9   0.6807   -0.06287   0.0007886   0   2.546e+08   -9.23e+07   0
25   0.6807   -0.03741   -0.008442   0   2.546e+08   -9.23e+07   0
25.1   0.6807   -0.01195   -0.01767   0   2.546e+08   -9.23e+07   0
25.2   0.6807   0.01351   -0.0269   0   2.546e+08   -9.23e+07   0
25.3   0.6807   0.03897   -0.03613   0   2.546e+08   -9.23e+07   0
25.4   0.6807   0.06444   -0.04536   0   2.546e+08   -9.23e+07   0
25.5   0.6807   0.0899   -0.05459   0   2.546e+08   -9.23e+07   0
25.6   0.6807   0.1154   -0.06382   0   2.546e+08   -9.23e+07   0
25.7   0.6807   0.1408   -0.07305   0   2.546e+08   -9.23e+07   0
25.8   0.6807   0.1663   -0.08229   0   2.546e+08   -9.23e+07   0
25.9   0.7023   0.1918   -0.09156   0   2.554e+08   -9.325e+07   0
26   0.7237   0.2174   -0.1009   0   2.562e+08   -9.408e+07   0
26.1   0.7427   0.243   -0.1104   0   2.568e+08   -9.474e+07   0
26.2   0.7596   0.2687   -0.1199   0   2.574e+08   -9.527e+07   0
26.3   0.7746   0.2945   -0.1294   0   2.579e+08   -9.571e+07   0
26.4   0.7881   0.3203   -0.139   0   2.583e+08   -9.607e+07   0
26.5   0.8002   0.3462   -0.1486   0   2.587e+08   -9.638e+07   0
26.6   0.8109   0.3721   -0.1583   0   2.591e+08   -9.664e+07   0
26.7   0.8206   0.398   -0.168   0   2.593e+08   -9.685e+07   0
26.8   0.8292   0.4239   -0.1777   0   2.596e+08   -9.704e+07   0
26.9   0.8368   0.4499   -0.1874   0   2.598e+08   -9.72e+07   0
27   0.8435   0.4759   -0.1971   0   2.6e+08   -9.733e+07   0
27.1   0.8493   0.5019   -0.2068   0   2.602e+08   -9.745e+07   0
27.2   0.8544   0.5279   -0.2166   0   2.603e+08   -9.754e+07   0
27.3   0.8588   0.554   -0.2263   0   2.605e+08   -9.762e+07   0
27.4   0.8624   0.58   -0.2361   0   2.606e+08   -9.769e+07   0
27.5   0.8655   0.6061   -0.2459   0   2.606e+08   -9.774e+07   0
27.6   0.8679   0.6321   -0.2557   0   2.607e+08   -9.778e+07   0
27.7   0.8698   0.6582   -0.2654   0   2.608e+08   -9.781e+07   0
27.8   0.8711   0.6843   -0.2752   0   2.608e+08   -9.783e+07   0
27.9   0.8717   0.7104   -0.285   0   2.608e+08   -9.784e+07   0
28   0.8717   0.7365   -0.2948   0   2.608e+08   -9.784e+07   0
28.1   0.8717   0.7625   -0.3046   0   2.608e+08   -9.784e+07   0
28.2   0.8717   0.7886   -0.3144   0   2.608e+08   -9.784e+07   0
28.3   0.8717   0.8147   -0.3241   0   2.608e+08   -9.784e+07   0
28.4   0.8717   0.8408   -0.3339   0   2.608e+08   -9.784e+07   0
28.5   0.8717   0.8669   -0.3437   0   2.608e+08   -9.784e+07   0
28.6   0.8717   0.8929   -0.3535   0   2.608e+08   -9.784e+07   0
28.7   0.8717   0.919   -0.3633   0   2.608e+08   -9.784e+07   0
28.8   0.8717   0.9451   -0.3731   0   2.608e+08   -9.784e+07   0
28.9   0.8717   0.9712   -0.3828   0   2.608e+08   -9.784e+07   0
29   0.8717   0.9973   -0.3926   0   2.608e+08   -9.784e+07   0
29.1   0.8717   1.023   -0.4024   0   2.608e+08   -9.784e+07   0
29.2   0.8717   1.049   -0.4122   0   2.608e+08   -9.784e+07   0
29.3   0.8717   1.076   -0.422   0   2.608e+08   -9.784e+07   0
29.4   0.8771   1.099   -0.4361   0   2.115e+08   -1.815e+08   0
29.5   0.8825   1.117   -0.4576   0   1.368e+08   -2.431e+08   0
29.6   0.8879   1.126   -0.4838   0   4.584e+07   -2.753e+08   0
29.7   0.8934   1.126   -0.5116   0   -5.034e+07   -2.747e+08   0
29.8   0.8989   1.116   -0.5376   0   -1.403e+08   -2.416e+08   0
29.9   0.9045   1.098   -0.5589   0   -2.136e+08   -1.803e+08   0
30   0.91   1.074   -0.5729   0   -2.619e+08   -9.825e+07   0
30.1   0.9156   1.047   -0.5781   0   -2.799e+08   -5.037e+06   0
30.2   0.9212   1.019   -0.5738   0   -2.657e+08   8.851e+07   0
30.3   0.924   0.994   -0.5618   0   -2.48e+08   1.304e+08   0
30.4   0.924   0.9693   -0.5487   0   -2.48e+08   1.304e+08   0
30.5   0.924   0.9445   -0.5357   0   -2.48e+08   1.304e+08   0
30.6   0.924   0.9197   -0.5227   0   -2.48e+08   1.304e+08   0
30.7   0.924   0.8949   -0.5096   0   -2.48e+08   1.304e+08   0
30.8   0.924   0.8701   -0.4966   0   -2.48e+08   1.304e+08   0
30.9   0.924   0.8453   -0.4836   0   -2.48e+08   1.304e+08   0
31   0.924   0.8205   -0.4705   0   -2.48e+08   1.304e+08   0
31.1   0.924   0.7957   -0.4575   0   -2.48e+08   1.304e+08   0
31.2   0.924   0.7709   -0.4445   0   -2.48e+08   1.304e+08   0
31.3   0.924   0.7461   -0.4314   0   -2.48e+08   1.304e+08   0
31.4   0.924   0.7213   -0.4184   0   -2.48e+08   1.304e+08   0
31.5   0.924   0.6965   -0.4053   0   -2.48e+08   1.304e+08   0
31.6   0.924   0.6717   -0.3923   0   -2.48e+08   1.304e+08   0
31.7   0.9244   0.6469   -0.3793   0   -2.48e+08   1.304e+08   0
31.8   0.9284   0.6221   -0.3662   0   -2.48e+08   1.305e+08   0
31.9   0.9323   0.5973   -0.3532   0   -2.481e+08   1.306e+08   0
32   0.9358   0.5725   -0.3401   0   -2.482e+08   1.306e+08   0
32.1   0.9391   0.5477   -0.3271   0   -2.483e+08   1.307e+08   0
32.2   0.942   0.5228   -0.314   0   -2.483e+08   1.308e+08   0
32.3   0.9444   0.498   -0.3009   0   -2.484e+08   1.308e+08   0
32.4   0.9464   0.4732   -0.2878   0   -2.484e+08   1.309e+08   0
32.5   0.9479   0.4483   -0.2747   0   -2.484e+08   1.309e+08   0
32.6   0.9489   0.4235   -0.2616   0   -2.484e+08   1.309e+08   0
32.7   0.9491   0.3986   -0.2485   0   -2.484e+08   1.309e+08   0
32.8   0.9486   0.3738   -0.2354   0   -2.484e+08   1.309e+08   0
32.9   0.9474   0.3489   -0.2223   0   -2.484e+08   1.309e+08   0
33   0.9451   0.3241   -0.2093   0   -2.484e+08   1.308e+08   0
33.1   0.9418   0.2993   -0.1962   0   -2.483e+08   1.307e+08   0
33.2   0.9373   0.2744   -0.1831   0   -2.483e+08   1.306e+08   0
33.3   0.9314   0.2496   -0.1701   0   -2.482e+08   1.304e+08   0
33.4   0.9238   0.2248   -0.157   0   -2.481e+08   1.301e+08   0
33.5   0.9143   0.2   -0.1441   0   -2.48e+08   1.297e+08   0
33.6   0.9025   0.1752   -0.1311   0   -2.479e+08   1.292e+08   0
33.7   0.8878   0.1504   -0.1182   0   -2.477e+08   1.285e+08   0
33.8   0.8858   0.1257   -0.1054   0   -2.477e+08   1.284e+08   0
33.9   0.8858   0.1009   -0.09255   0   -2.477e+08   1.284e+08   0
34   0.8858   0.07611   -0.07971   0   -2.477e+08   1.284e+08   0
34.1   0.8858   0.05134   -0.06687   0   -2.477e+08   1.284e+08   0
34.2   0.8858   0.02657   -0.05404   0   -2.477e+08   1.284e+08   0
34.3   0.8858   0.001793   -0.0412   0   -2.477e+08   1.284e+08   0
34.4   0.8858   -0.02298   -0.02836   0   -2.477e+08   1.284e+08   0
34.5   0.8858   -0.04775   -0.01553   0   -2.477e+08   1.284e+08   0
34.6   0.8858   -0.07253   -0.002691   0   -2.477e+08   1.284e+08   0
34.7   0.8858   -0.0973   0.01014   0   -2.477e+08   1.284e+08   0
34.8   0.8858   -0.1221   0.02298   0   -2.477e+08   1.284e+08   0
34.9   0.8858   -0.1468   0.03582   0   -2.477e+08   1.284e+08   0
35   0.8858   -0.1716   0.04865   0   -2.477e+08   1.284e+08   0
35.1   0.9017   -0.1964   0.06148   0   -2.485e+08   1.28e+08   0
35.2   0.9244   -0.2213   0.07425   0   -2.494e+08   1.276e+08   0
35.3   0.9445   -0.2463   0.08699   0   -2.502e+08   1.272e+08   0
35.4   0.9623   -0.2714   0.09971   0   -2.509e+08   1.27e+08   0
35.5   0.9783   -0.2965   0.1124   0   -2.514e+08   1.269e+08   0
35.6   0.9926   -0.3216   0.1251   0   -2.518e+08   1.268e+08   0
35.7   1.005   -0.3468   0.1378   0   -2.522e+08   1.267e+08   0
35.8   1.017   -0.3721   0.1504   0   -2.526e+08   1.266e+08   0
35.9   1.027   -0.3973   0.1631   0   -2.529e+08   1.266e+08   0
36   1.037   -0.4226   0.1757   0   -2.531e+08   1.265e+08   0
36.1   1.045   -0.448   0.1884   0   -2.533e+08   1.265e+08   0
36.2   1.052   -0.4733   0.201   0   -2.535e+08   1.265e+08   0
36.3   1.059   -0.4987   0.2137   0   -2.537e+08   1.265e+08   0
36.4   1.065   -0.524   0.2263   0   -2.538e+08   1.265e+08   0
36.5   1.069   -0.5494   0.239   0   -2.539e+08   1.265e+08   0
36.6   1.074   -0.5748   0.2516   0   -2.54e+08   1.265e+08   0
36.7   1.077   -0.6002   0.2643   0   -2.541e+08   1.265e+08   0
36.8   1.08   -0.6256   0.2769   0   -2.542e+08   1.265e+08   0
36.9   1.083   -0.6511   0.2896   0   -2.542e+08   1.265e+08   0
37   1.084   -0.6765   0.3022   0   -2.543e+08   1.265e+08   0
37.1   1.085   -0.7019   0.3149   0   -2.543e+08   1.265e+08   0
37.2   1.085   -0.7273   0.3275   0   -2.543e+08   1.265e+08   0
37.3   1.085   -0.7528   0.3402   0   -2.543e+08   1.265e+08   0
37.4   1.085   -0.7782   0.3528   0   -2.543e+08   1.265e+08   0
37.5   1.085   -0.8036   0.3655   0   -2.543e+08   1.265e+08   0
37.6   1.085   -0.8291   0.3782   0   -2.543e+08   1.265e+08   0
37.7   1.085   -0.8545   0.3908   0   -2.543e+08   1.265e+08   0
37.8   1.085   -0.8799   0.4035   0   -2.543e+08   1.265e+08   0
37.9   1.085   -0.9053   0.4161   0   -2.543e+08   1.265e+08   0
38   1.085   -0.9308   0.4288   0   -2.543e+08   1.265e+08   0
38.1   1.085   -0.9562   0.4414   0   -2.543e+08   1.265e+08   0
38.2   1.085   -0.9816   0.4541   0   -2.543e+08   1.265e+08   0
38.3   1.085   -1.007   0.4667   0   -2.543e+08   1.265e+08   0
38.4   1.085   -1.032   0.4794   0   -2.543e+08   1.265e+08   0
38.5   1.085   -1.058   0.492   0   -2.543e+08   1.265e+08   0
38.6   1.085   -1.083   0.5047   0   -2.543e+08   1.265e+08   0
38.7   1.085   -1.109   0.5173   0   -2.543e+08   1.265e+08   0
38.8   1.085   -1.134   0.53   0   -2.543e+08   1.265e+08   0
38.9   1.085   -1.16   0.5426   0   -2.543e+08   1.265e+08   0
39   1.085   -1.185   0.5553   0   -2.543e+08   1.265e+08   0
39.1   1.085   -1.21   0.5679   0   -2.543e+08   1.265e+08   0
39.2   1.085   -1.236   0.5806   0   -2.543e+08   1.265e+08   0
39.3   1.085   -1.261   0.5932   0   -2.543e+08   1.265e+08   0
39.4   1.085   -1.287   0.6059   0   -2.543e+08   1.265e+08   0
39.5   1.085   -1.312   0.6185   0   -2.543e+08   1.265e+08   0
39.6   1.085   -1.338   0.6312   0   -2.543e+08   1.265e+08   0
39.7   1.085   -1.363   0.6438   0   -2.543e+08   1.265e+08   0
39.8   1.085   -1.388   0.6565   0   -2.543e+08   1.265e+08   0
39.9   1.085   -1.414   0.6691   0   -2.543e+08   1.265e+08   0
40   1.085   -1.439   0.6818   0   -2.543e+08   1.265e+08   0
40.1   1.085   -1.465   0.6944   0   -2.543e+08   1.265e+08   0
40.2   1.085   -1.49   0.7071   0   -2.543e+08   1.265e+08   0
40.3   1.085   -1.516   0.7197   0   -2.543e+08   1.265e+08   0
40.4   1.085   -1.541   0.7324   0   -2.543e+08   1.265e+08   0
40.5   1.085   -1.566   0.745   0   -2.543e+08   1.265e+08   0
40.6   1.085   -1.592   0.7577   0   -2.543e+08   1.265e+08   0
40.7   1.085   -1.617   0.7703   0   -2.543e+08   1.265e+08   0
40.8   1.085   -1.643   0.783   0   -2.543e+08   1.265e+08   0
40.9   1.085   -1.668   0.7956   0   -2.543e+08   1.265e+08   0
41   1.085   -1.694   0.8083   0   -2.543e+08   1.265e+08   0
41.1   1.085   -1.719   0.8209   0   -2.543e+08   1.265e+08   0
41.2   1.085   -1.744   0.8336   0   -2.543e+08   1.265e+08   0
41.3   1.085   -1.77   0.8463   0   -2.543e+08   1.265e+08   0
41.4   1.085   -1.795   0.8589   0   -2.543e+08   1.265e+08   0
41.5   1.085   -1.821   0.8716   0   -2.543e+08   1.265e+08   0
41.6   1.085   -1.846   0.8842   0   -2.543e+08   1.265e+08   0
41.7   1.085   -1.872   0.8969   0   -2.543e+08   1.265e+08   0
41.8   1.085   -1.897   0.9095   0   -2.543e+08   1.265e+08   0
41.9   1.085   -1.922   0.9222   0   -2.543e+08   1.265e+08   0
42   1.085   -1.948   0.9348   0   -2.543e+08   1.265e+08   0
42.1   1.085   -1.973   0.9475   0   -2.543e+08   1.265e+08   0
42.2   1.085   -1.999   0.9601   0   -2.543e+08   1.265e+08   0
42.3   1.085   -2.024   0.9728   0   -2.543e+08   1.265e+08   0
42.4   1.085   -2.05   0.9854   0   -2.543e+08   1.265e+08   0
42.5   1.085   -2.075   0.9981   0   -2.543e+08   1.265e+08   0
42.6   1.085   -2.1   1.011   0   -2.543e+08   1.265e+08   0
42.7   1.085   -2.126   1.023   0   -2.543e+08   1.265e+08   0
42.8   1.085   -2.151   1.036   0   -2.543e+08   1.265e+08   0
42.9   1.085   -2.177   1.049   0   -2.543e+08   1.265e+08   0
43   1.085   -2.202   1.061   0   -2.543e+08   1.265e+08   0
43.1   1.085   -2.228   1.074   0   -2.543e+08   1.265e+08   0
43.2   1.085   -2.253   1.087   0   -2.543e+08   1.265e+08   0
43.3   1.085   -2.278   1.099   0   -2.543e+08   1.265e+08   0
43.4   1.085   -2.304   1.112   0   -2.543e+08   1.265e+08   0
43.5   1.085   -2.329   1.125   0   -2.543e+08   1.265e+08   0
43.6   1.085   -2.355   1.137   0   -2.543e+08   1.265e+08   0
43.7   1.085   -2.38   1.15   0   -2.543e+08   1.265e+08   0
43.8   1.085   -2.406   1.163   0   -2.543e+08   1.265e+08   0
43.9   1.085   -2.431   1.175   0   -2.543e+08   1.265e+08   0
44   1.085   -2.456   1.188   0   -2.543e+08   1.265e+08   0
44.1   1.085   -2.482   1.2   0   -2.543e+08   1.265e+08   0
44.2   1.085   -2.507   1.213   0   -2.543e+08   1.265e+08   0
44.3   1.085   -2.533   1.226   0   -2.543e+08   1.265e+08   0
44.4   1.085   -2.558   1.238   0   -2.543e+08   1.265e+08   0
44.5   1.085   -2.584   1.251   0   -2.543e+08   1.265e+08   0
44.6   1.085   -2.609   1.264   0   -2.543e+08   1.265e+08   0
44.7   1.085   -2.634   1.276   0   -2.543e+08   1.265e+08   0
44.8   1.085   -2.66   1.289   0   -2.543e+08   1.265e+08   0
44.9   1.085   -2.685   1.302   0   -2.543e+08   1.265e+08   0
45   1.085   -2.711   1.314   0   -2.543e+08   1.265e+08   0
