0   0.04   -0.753   0   0   1.121e+08   0   0
0.1   0.03999   -0.7508   0   0   1.121e+08   0   0
0.2   0.04002   -0.7396   0   0   1.122e+08   0   0
0.3   0.04025   -0.7284   0   0   1.125e+08   0   0
0.4   0.04067   -0.7171   0   0   1.13e+08   0   0
0.5   0.04129   -0.7058   0   0   1.137e+08   0   0
0.6   0.04211   -0.6944   0   0   1.147e+08   0   0
0.7   0.04315   -0.6828   0   0   1.16e+08   0   0
0.8   0.04442   -0.6712   0   0   1.175e+08   0   0
0.9   0.04592   -0.6593   0   0   1.192e+08   0   0
1   0.04767   -0.6473   0   0   1.212e+08   0   0
1.1   0.04968   -0.6351   0   0   1.234e+08   0   0
1.2   0.05196   -0.6226   0   0   1.258e+08   0   0
1.3   0.05452   -0.6099   0   0   1.284e+08   0   0
1.4   0.05737   -0.5969   0   0   1.313e+08   0   0
1.5   0.06053   -0.5837   0   0   1.343e+08   0   0
1.6   0.06402   -0.5701   0   0   1.375e+08   0   0
1.7   0.06784   -0.5562   0   0   1.408e+08   0   0
1.8   0.07201   -0.5419   0   0   1.443e+08   0   0
1.9   0.07654   -0.5273   0   0   1.48e+08   0   0
2   0.08145   -0.5123   0   0   1.517e+08   0   0
2.1   0.08674   -0.4969   0   0   1.555e+08   0   0
2.2   0.09244   -0.4812   0   0   1.595e+08   0   0
2.3   0.09855   -0.465   0   0   1.634e+08   0   0
2.4   0.1051   -0.4485   0   0   1.675e+08   0   0
2.5   0.112   -0.4315   0   0   1.715e+08   0   0
2.6   0.1194   -0.4142   0   0   1.756e+08   0   0
2.7   0.1273   -0.3964   0   0   1.796e+08   0   0
2.8   0.1356   -0.3782   0   0   1.837e+08   0   0
2.9   0.1444   -0.3597   0   0   1.877e+08   0   0
3   0.1536   -0.3407   0   0   1.917e+08   0   0
3.1   0.1633   -0.3213   0   0   1.956e+08   0   0
3.2   0.1736   -0.3016   0   0   1.995e+08   0   0
3.3   0.1843   -0.2814   0   0   2.033e+08   0   0
3.4   0.1955   -0.2609   0   0   2.07e+08   0   0
3.5   0.2073   -0.24   0   0   2.107e+08   0   0
3.6   0.2197   -0.2188   0   0   2.143e+08   0   0
3.7   0.2327   -0.1972   0   0   2.178e+08   0   0
3.8   0.2382   -0.1753   0   0   2.192e+08   0   0
3.9   0.2382   -0.1534   0   0   2.192e+08   0   0
4   0.2382   -0.1314   0   0   2.192e+08   0   0
4.1   0.2382   -0.1095   0   0   2.192e+08   0   0
4.2   0.2382   -0.08758   0   0   2.192e+08   0   0
4.3   0.2382   -0.06566   0   0   2.192e+08   0   0
4.4   0.2382   -0.04373   0   0   2.192e+08   0   0
4.5   0.2382   -0.02181   0   0   2.192e+08   0   0
4.6   0.2382   0.0001148   0   0   2.192e+08   0   0
4.7   0.2382   0.02204   0   0   2.192e+08   0   0
4.8   0.2382   0.04396   0   0   2.192e+08   0   0
4.9   0.2382   0.06589   0   0   2.192e+08   0   0
5   0.2382   0.08781   0   0   2.192e+08   0   0
5.1   0.2382   0.1097   0   0   2.192e+08   0   0
5.2   0.2382   0.1317   0   0   2.192e+08   0   0
5.3   0.2382   0.1536   0   0   2.192e+08   0   0
5.4   0.2382   0.1755   0   0   2.192e+08   0   0
5.5   0.242   0.1974   0   0   2.202e+08   0   0
5.6   0.2516   0.2196   0   0   2.225e+08   0   0
5.7   0.2613   0.242   0   0   2.248e+08   0   0
5.8   0.2711   0.2645   0   0   2.27e+08   0   0
5.9   0.281   0.2873   0   0   2.29e+08   0   0
6   0.2908   0.3103   0   0   2.31e+08   0   0
6.1   0.3007   0.3335   0   0   2.329e+08   0   0
6.2   0.3105   0.3569   0   0   2.347e+08   0   0
6.3   0.3201   0.3805   0   0   2.364e+08   0   0
6.4   0.3297   0.4042   0   0   2.381e+08   0   0
6.5   0.3391   0.4281   0   0   2.396e+08   0   0
6.6   0.3482   0.4521   0   0   2.41e+08   0   0
6.7   0.3572   0.4763   0   0   2.424e+08   0   0
6.8   0.3659   0.5006   0   0   2.436e+08   0   0
6.9   0.3744   0.525   0   0   2.448e+08   0   0
7   0.3826   0.5496   0   0   2.459e+08   0   0
7.1   0.3906   0.5742   0   0   2.47e+08   0   0
7.2   0.3982   0.599   0   0   2.48e+08   0   0
7.3   0.4055   0.6238   0   0   2.489e+08   0   0
7.4   0.4125   0.6487   0   0   2.497e+08   0   0
7.5   0.4191   0.6737   0   0   2.505e+08   0   0
7.6   0.4254   0.6988   0   0   2.512e+08   0   0
7.7   0.4314   0.724   0   0   2.519e+08   0   0
7.8   0.437   0.7492   0   0   2.525e+08   0   0
7.9   0.4378   0.7745   0   0   2.526e+08   0   0
8   0.4378   0.7997   0   0   2.526e+08   0   0
8.1   0.4378   0.825   0   0   2.526e+08   0   0
8.2   0.4378   0.8503   0   0   2.526e+08   0   0
8.3   0.4378   0.8755   0   0   2.526e+08   0   0
8.4   0.4378   0.9008   0   0   2.526e+08   0   0
8.5   0.4378   0.926   0   0   2.526e+08   0   0
8.6   0.4378   0.9513   0   0   2.526e+08   0   0
8.7   0.4378   0.9766   0   0   2.526e+08   0   0
8.8   0.4378   1.002   0   0   2.526e+08   0   0
8.9   0.4378   1.027   0   0   2.526e+08   0   0
9   0.4378   1.052   0   0   2.526e+08   0   0
9.1   0.4378   1.078   0   0   2.526e+08   0   0
9.2   0.4378   1.103   0   0   2.526e+08   0   0
9.3   0.4386   1.128   -0.002415   0   2.46e+08   -5.794e+07   0
9.4   0.4395   1.151   -0.01161   0   2.202e+08   -1.241e+08   0
9.5   0.4404   1.171   -0.02697   0   1.771e+08   -1.805e+08   0
9.6   0.4414   1.186   -0.04728   0   1.201e+08   -2.227e+08   0
9.7   0.4423   1.195   -0.07095   0   5.365e+07   -2.473e+08   0
9.8   0.4432   1.197   -0.09612   0   -1.7e+07   -2.526e+08   0
9.9   0.4442   1.192   -0.1208   0   -8.63e+07   -2.381e+08   0
10   0.4451   1.18   -0.1431   0   -1.489e+08   -2.051e+08   0
10.1   0.4461   1.162   -0.1612   0   -1.998e+08   -1.56e+08   0
10.2   0.447   1.14   -0.1738   0   -2.352e+08   -9.482e+07   0
10.3   0.4479   1.116   -0.1799   0   -2.523e+08   -2.63e+07   0
10.4   0.4488   1.09   -0.179   0   -2.504e+08   4.146e+07   0
10.5   0.4488   1.065   -0.1748   0   -2.504e+08   4.146e+07   0
10.6   0.4488   1.04   -0.1707   0   -2.504e+08   4.146e+07   0
10.7   0.4488   1.015   -0.1665   0   -2.504e+08   4.146e+07   0
10.8   0.4488   0.9903   -0.1624   0   -2.504e+08   4.146e+07   0
10.9   0.4488   0.9652   -0.1582   0   -2.504e+08   4.146e+07   0
11   0.4488   0.9402   -0.1541   0   -2.504e+08   4.146e+07   0
11.1   0.4488   0.9152   -0.1499   0   -2.504e+08   4.146e+07   0
11.2   0.4488   0.8901   -0.1458   0   -2.504e+08   4.146e+07   0
11.3   0.4488   0.8651   -0.1417   0   -2.504e+08   4.146e+07   0
11.4   0.4488   0.84   -0.1375   0   -2.504e+08   4.146e+07   0
11.5   0.4488   0.815   -0.1334   0   -2.504e+08   4.146e+07   0
11.6   0.4488   0.79   -0.1292   0   -2.504e+08   4.146e+07   0
11.7   0.4488   0.7649   -0.1251   0   -2.504e+08   4.146e+07   0
11.8   0.4496   0.7399   -0.1209   0   -2.504e+08   4.147e+07   0
11.9   0.4558   0.7148   -0.1168   0   -2.511e+08   4.157e+07   0
12   0.4622   0.6897   -0.1126   0   -2.517e+08   4.168e+07   0
12.1   0.4688   0.6645   -0.1084   0   -2.524e+08   4.178e+07   0
12.2   0.4756   0.6392   -0.1042   0   -2.53e+08   4.188e+07   0
12.3   0.4825   0.6139   -0.1001   0   -2.536e+08   4.198e+07   0
12.4   0.4895   0.5885   -0.09585   0   -2.543e+08   4.208e+07   0
12.5   0.4966   0.563   -0.09164   0   -2.549e+08   4.218e+07   0
12.6   0.5038   0.5375   -0.08742   0   -2.555e+08   4.227e+07   0
12.7   0.5111   0.5119   -0.08319   0   -2.562e+08   4.237e+07   0
12.8   0.5184   0.4863   -0.07895   0   -2.568e+08   4.246e+07   0
12.9   0.5256   0.4606   -0.0747   0   -2.573e+08   4.255e+07   0
13   0.5329   0.4348   -0.07044   0   -2.579e+08   4.264e+07   0
13.1   0.54   0.409   -0.06617   0   -2.585e+08   4.272e+07   0
13.2   0.5469   0.3831   -0.06189   0   -2.59e+08   4.28e+07   0
13.3   0.5537   0.3572   -0.05761   0   -2.595e+08   4.287e+07   0
13.4   0.5602   0.3312   -0.05332   0   -2.6e+08   4.294e+07   0
13.5   0.5663   0.3052   -0.04902   0   -2.604e+08   4.3e+07   0
13.6   0.572   0.2791   -0.04472   0   -2.608e+08   4.306e+07   0
13.7   0.5771   0.253   -0.04041   0   -2.611e+08   4.311e+07   0
13.8   0.5814   0.2269   -0.0361   0   -2.614e+08   4.315e+07   0
13.9   0.5849   0.2007   -0.03178   0   -2.617e+08   4.318e+07   0
14   0.5864   0.1746   -0.02746   0   -2.618e+08   4.32e+07   0
14.1   0.5864   0.1484   -0.02314   0   -2.618e+08   4.32e+07   0
14.2   0.5864   0.1222   -0.01882   0   -2.618e+08   4.32e+07   0
14.3   0.5864   0.09604   -0.0145   0   -2.618e+08   4.32e+07   0
14.4   0.5864   0.06987   -0.01018   0   -2.618e+08   4.32e+07   0
14.5   0.5864   0.04369   -0.005861   0   -2.618e+08   4.32e+07   0
14.6   0.5864   0.01751   -0.001541   0   -2.618e+08   4.32e+07   0
14.7   0.5864   -0.008664   0.002779   0   -2.618e+08   4.32e+07   0
14.8   0.5864   -0.03484   0.007099   0   -2.618e+08   4.32e+07   0
14.9   0.5864   -0.06102   0.01142   0   -2.618e+08   4.32e+07   0
15   0.5864   -0.08719   0.01574   0   -2.618e+08   4.32e+07   0
15.1   0.5864   -0.1134   0.02006   0   -2.618e+08   4.32e+07   0
15.2   0.5864   -0.1395   0.02438   0   -2.618e+08   4.32e+07   0
15.3   0.5864   -0.1657   0.0287   0   -2.618e+08   4.32e+07   0
15.4   0.591   -0.1919   0.03302   0   -2.621e+08   4.326e+07   0
15.5   0.6095   -0.2182   0.03735   0   -2.632e+08   4.349e+07   0
15.6   0.6267   -0.2445   0.04171   0   -2.643e+08   4.368e+07   0
15.7   0.6429   -0.271   0.04609   0   -2.652e+08   4.386e+07   0
15.8   0.6581   -0.2976   0.05049   0   -2.66e+08   4.402e+07   0
15.9   0.6725   -0.3242   0.05489   0   -2.668e+08   4.416e+07   0
16   0.6861   -0.3509   0.05932   0   -2.675e+08   4.429e+07   0
16.1   0.699   -0.3777   0.06375   0   -2.681e+08   4.44e+07   0
16.2   0.7113   -0.4046   0.0682   0   -2.687e+08   4.451e+07   0
16.3   0.7228   -0.4314   0.07265   0   -2.692e+08   4.46e+07   0
16.4   0.7338   -0.4584   0.07712   0   -2.697e+08   4.469e+07   0
16.5   0.7441   -0.4854   0.08159   0   -2.701e+08   4.477e+07   0
16.6   0.7538   -0.5124   0.08607   0   -2.705e+08   4.485e+07   0
16.7   0.763   -0.5395   0.09056   0   -2.709e+08   4.491e+07   0
16.8   0.7716   -0.5666   0.09505   0   -2.713e+08   4.498e+07   0
16.9   0.7797   -0.5937   0.09955   0   -2.716e+08   4.503e+07   0
17   0.7873   -0.6209   0.1041   0   -2.719e+08   4.508e+07   0
17.1   0.7943   -0.6481   0.1086   0   -2.721e+08   4.513e+07   0
17.2   0.8008   -0.6754   0.1131   0   -2.724e+08   4.517e+07   0
17.3   0.8069   -0.7026   0.1176   0   -2.726e+08   4.521e+07   0
17.4   0.8124   -0.7299   0.1221   0   -2.728e+08   4.525e+07   0
17.5   0.8148   -0.7572   0.1267   0   -2.729e+08   4.526e+07   0
17.6   0.8148   -0.7845   0.1312   0   -2.729e+08   4.526e+07   0
17.7   0.8148   -0.8117   0.1357   0   -2.729e+08   4.526e+07   0
17.8   0.8148   -0.839   0.1402   0   -2.729e+08   4.526e+07   0
17.9   0.8148   -0.8663   0.1448   0   -2.729e+08   4.526e+07   0
18   0.8148   -0.8936   0.1493   0   -2.729e+08   4.526e+07   0
18.1   0.8148   -0.9209   0.1538   0   -2.729e+08   4.526e+07   0
18.2   0.8148   -0.9482   0.1583   0   -2.729e+08   4.526e+07   0
18.3   0.8148   -0.9755   0.1629   0   -2.729e+08   4.526e+07   0
18.4   0.8148   -1.003   0.1674   0   -2.729e+08   4.526e+07   0
18.5   0.8148   -1.03   0.1719   0   -2.729e+08   4.526e+07   0
18.6   0.8148   -1.057   0.1764   0   -2.729e+08   4.526e+07   0
18.7   0.8148   -1.085   0.181   0   -2.729e+08   4.526e+07   0
18.8   0.8148   -1.112   0.1855   0   -2.729e+08   4.526e+07   0
18.9   0.8153   -1.139   0.1901   0   -2.705e+08   5.82e+07   0
19   0.818   -1.165   0.1995   0   -2.46e+08   1.268e+08   0
19.1   0.8206   -1.188   0.2153   0   -2.045e+08   1.866e+08   0
19.2   0.8233   -1.206   0.2364   0   -1.491e+08   2.334e+08   0
19.3   0.826   -1.217   0.2615   0   -8.344e+07   2.642e+08   0
19.4   0.8287   -1.222   0.2887   0   -1.22e+07   2.769e+08   0
19.5   0.8314   -1.22   0.3162   0   5.977e+07   2.707e+08   0
19.6   0.8341   -1.21   0.3422   0   1.276e+08   2.462e+08   0
19.7   0.8368   -1.194   0.3649   0   1.867e+08   2.051e+08   0
19.8   0.8395   -1.173   0.3827   0   2.333e+08   1.503e+08   0
19.9   0.8422   -1.148   0.3945   0   2.641e+08   8.553e+07   0
20   0.845   -1.121   0.3996   0   2.773e+08   1.511e+07   0
20.1   0.8477   -1.093   0.3975   0   2.72e+08   -5.622e+07   0
20.2   0.8492   -1.067   0.3891   0   2.619e+08   -9.277e+07   0
20.3   0.8492   -1.041   0.3798   0   2.619e+08   -9.277e+07   0
20.4   0.8492   -1.014   0.3706   0   2.619e+08   -9.277e+07   0
20.5   0.8492   -0.9882   0.3613   0   2.619e+08   -9.277e+07   0
20.6   0.8492   -0.962   0.352   0   2.619e+08   -9.277e+07   0
20.7   0.8492   -0.9358   0.3427   0   2.619e+08   -9.277e+07   0
20.8   0.8492   -0.9096   0.3335   0   2.619e+08   -9.277e+07   0
20.9   0.8492   -0.8835   0.3242   0   2.619e+08   -9.277e+07   0
21   0.8492   -0.8573   0.3149   0   2.619e+08   -9.277e+07   0
21.1   0.8492   -0.8311   0.3056   0   2.619e+08   -9.277e+07   0
21.2   0.8492   -0.8049   0.2963   0   2.619e+08   -9.277e+07   0
21.3   0.8492   -0.7787   0.2871   0   2.619e+08   -9.277e+07   0
21.4   0.8492   -0.7525   0.2778   0   2.619e+08   -9.277e+07   0
21.5   0.8492   -0.7263   0.2685   0   2.619e+08   -9.277e+07   0
21.6   0.8506   -0.7001   0.2592   0   2.619e+08   -9.279e+07   0
21.7   0.8569   -0.6739   0.25   0   2.621e+08   -9.288e+07   0
21.8   0.8632   -0.6477   0.2407   0   2.623e+08   -9.297e+07   0
21.9   0.8696   -0.6215   0.2314   0   2.625e+08   -9.306e+07   0
22   0.876   -0.5952   0.2221   0   2.627e+08   -9.315e+07   0
22.1   0.8824   -0.5689   0.2127   0   2.629e+08   -9.324e+07   0
22.2   0.8887   -0.5426   0.2034   0   2.63e+08   -9.333e+07   0
22.3   0.8949   -0.5163   0.1941   0   2.632e+08   -9.342e+07   0
22.4   0.9009   -0.49   0.1847   0   2.634e+08   -9.35e+07   0
22.5   0.9068   -0.4637   0.1754   0   2.635e+08   -9.359e+07   0
22.6   0.9124   -0.4373   0.166   0   2.637e+08   -9.367e+07   0
22.7   0.9177   -0.4109   0.1566   0   2.638e+08   -9.374e+07   0
22.8   0.9226   -0.3845   0.1473   0   2.639e+08   -9.381e+07   0
22.9   0.9271   -0.3581   0.1379   0   2.64e+08   -9.388e+07   0
23   0.9311   -0.3317   0.1285   0   2.641e+08   -9.394e+07   0
23.1   0.9344   -0.3053   0.1191   0   2.642e+08   -9.399e+07   0
23.2   0.9369   -0.2789   0.1097   0   2.643e+08   -9.403e+07   0
23.3   0.9386   -0.2525   0.1003   0   2.643e+08   -9.406e+07   0
23.4   0.939   -0.226   0.09087   0   2.643e+08   -9.407e+07   0
23.5   0.938   -0.1996   0.08146   0   2.643e+08   -9.405e+07   0
23.6   0.9353   -0.1732   0.07206   0   2.642e+08   -9.399e+07   0
23.7   0.9353   -0.1468   0.06266   0   2.642e+08   -9.399e+07   0
23.8   0.9353   -0.1203   0.05326   0   2.642e+08   -9.399e+07   0
23.9   0.9353   -0.0939   0.04386   0   2.642e+08   -9.399e+07   0
24   0.9353   -0.06748   0.03446   0   2.642e+08   -9.399e+07   0
24.1   0.9353   -0.04106   0.02506   0   2.642e+08   -9.399e+07   0
24.2   0.9353   -0.01463   0.01566   0   2.642e+08   -9.399e+07   0
24.3   0.9353   0.01179   0.006263   0   2.642e+08   -9.399e+07   0
24.4   0.9353   0.03822   -0.003136   0   2.642e+08   -9.399e+07   0
24.5   0.9353   0.06464   -0.01254   0   2.642e+08   -9.399e+07   0
24.6   0.9353   0.09106   -0.02193   0   2.642e+08   -9.399e+07   0
24.7   0.9353   0.1175   -0.03133   0   2.642e+08   -9.399e+07   0
24.8   0.9353   0.1439   -0.04073   0   2.642e+08   -9.399e+07   0
24.9   0.9353   0.1703   -0.05013   0   2.642e+08   -9.399e+07   0
25   0.9491   0.1968   -0.05953   0   2.646e+08   -9.398e+07   0
25.1   0.97   0.2233   -0.06893   0   2.652e+08   -9.397e+07   0
25.2   0.9891   0.2498   -0.07833   0   2.657e+08   -9.398e+07   0
25.3   1.007   0.2764   -0.08773   0   2.662e+08   -9.401e+07   0
25.4   1.023   0.303   -0.09713   0   2.666e+08   -9.403e+07   0
25.5   1.038   0.3297   -0.1065   0   2.669e+08   -9.407e+07   0
25.6   1.052   0.3564   -0.1159   0   2.672e+08   -9.41e+07   0
25.7   1.065   0.3832   -0.1254   0   2.675e+08   -9.414e+07   0
25.8   1.078   0.4099   -0.1348   0   2.678e+08   -9.417e+07   0
25.9   1.089   0.4367   -0.1442   0   2.68e+08   -9.421e+07   0
26   1.1   0.4635   -0.1536   0   2.682e+08   -9.424e+07   0
26.1   1.11   0.4904   -0.163   0   2.684e+08   -9.427e+07   0
26.2   1.119   0.5172   -0.1725   0   2.686e+08   -9.431e+07   0
26.3   1.128   0.5441   -0.1819   0   2.688e+08   -9.434e+07   0
26.4   1.136   0.571   -0.1913   0   2.689e+08   -9.436e+07   0
26.5   1.143   0.5979   -0.2008   0   2.69e+08   -9.439e+07   0
26.6   1.15   0.6248   -0.2102   0   2.692e+08   -9.441e+07   0
26.7   1.156   0.6517   -0.2197   0   2.693e+08   -9.444e+07   0
26.8   1.161   0.6786   -0.2291   0   2.694e+08   -9.446e+07   0
26.9   1.167   0.7056   -0.2385   0   2.695e+08   -9.448e+07   0
27   1.168   0.7325   -0.248   0   2.695e+08   -9.448e+07   0
27.1   1.168   0.7595   -0.2574   0   2.695e+08   -9.448e+07   0
27.2   1.168   0.7864   -0.2669   0   2.695e+08   -9.448e+07   0
27.3   1.168   0.8134   -0.2763   0   2.695e+08   -9.448e+07   0
27.4   1.168   0.8403   -0.2858   0   2.695e+08   -9.448e+07   0
27.5   1.168   0.8673   -0.2952   0   2.695e+08   -9.448e+07   0
27.6   1.168   0.8942   -0.3047   0   2.695e+08   -9.448e+07   0
27.7   1.168   0.9212   -0.3141   0   2.695e+08   -9.448e+07   0
27.8   1.168   0.9481   -0.3236   0   2.695e+08   -9.448e+07   0
27.9   1.168   0.9751   -0.333   0   2.695e+08   -9.448e+07   0
28   1.168   1.002   -0.3425   0   2.695e+08   -9.448e+07   0
28.1   1.168   1.029   -0.3519   0   2.695e+08   -9.448e+07   0
28.2   1.168   1.056   -0.3614   0   2.695e+08   -9.448e+07   0
28.3   1.168   1.083   -0.3708   0   2.695e+08   -9.448e+07   0
28.4   1.171   1.109   -0.3811   0   2.543e+08   -1.301e+08   0
28.5   1.178   1.133   -0.3976   0   2.069e+08   -1.97e+08   0
28.6   1.185   1.15   -0.4201   0   1.428e+08   -2.476e+08   0
28.7   1.192   1.161   -0.4465   0   6.731e+07   -2.779e+08   0
28.8   1.199   1.163   -0.4749   0   -1.339e+07   -2.858e+08   0
28.9   1.206   1.158   -0.5029   0   -9.276e+07   -2.708e+08   0
29   1.213   1.145   -0.5283   0   -1.645e+08   -2.343e+08   0
29.1   1.22   1.126   -0.5491   0   -2.231e+08   -1.796e+08   0
29.2   1.227   1.101   -0.5637   0   -2.642e+08   -1.11e+08   0
29.3   1.235   1.073   -0.571   0   -2.846e+08   -3.413e+07   0
29.4   1.242   1.045   -0.5704   0   -2.832e+08   4.516e+07   0
29.5   1.249   1.017   -0.562   0   -2.602e+08   1.208e+08   0
29.6   1.251   0.9922   -0.5484   0   -2.517e+08   1.377e+08   0
29.7   1.251   0.967   -0.5347   0   -2.517e+08   1.377e+08   0
29.8   1.251   0.9418   -0.5209   0   -2.517e+08   1.377e+08   0
29.9   1.251   0.9167   -0.5071   0   -2.517e+08   1.377e+08   0
30   1.251   0.8915   -0.4933   0   -2.517e+08   1.377e+08   0
30.1   1.251   0.8663   -0.4796   0   -2.517e+08   1.377e+08   0
30.2   1.251   0.8412   -0.4658   0   -2.517e+08   1.377e+08   0
30.3   1.251   0.816   -0.452   0   -2.517e+08   1.377e+08   0
30.4   1.251   0.7908   -0.4383   0   -2.517e+08   1.377e+08   0
30.5   1.251   0.7657   -0.4245   0   -2.517e+08   1.377e+08   0
30.6   1.251   0.7405   -0.4107   0   -2.517e+08   1.377e+08   0
30.7   1.251   0.7153   -0.3969   0   -2.517e+08   1.377e+08   0
30.8   1.251   0.6901   -0.3832   0   -2.517e+08   1.377e+08   0
30.9   1.251   0.665   -0.3694   0   -2.517e+08   1.377e+08   0
31   1.255   0.6398   -0.3556   0   -2.518e+08   1.377e+08   0
31.1   1.262   0.6146   -0.3419   0   -2.518e+08   1.378e+08   0
31.2   1.268   0.5894   -0.3281   0   -2.519e+08   1.378e+08   0
31.3   1.275   0.5642   -0.3143   0   -2.52e+08   1.379e+08   0
31.4   1.281   0.539   -0.3005   0   -2.521e+08   1.379e+08   0
31.5   1.288   0.5138   -0.2867   0   -2.521e+08   1.38e+08   0
31.6   1.294   0.4886   -0.2729   0   -2.522e+08   1.38e+08   0
31.7   1.3   0.4634   -0.2591   0   -2.523e+08   1.381e+08   0
31.8   1.306   0.4381   -0.2453   0   -2.524e+08   1.381e+08   0
31.9   1.312   0.4129   -0.2315   0   -2.524e+08   1.382e+08   0
32   1.317   0.3877   -0.2176   0   -2.525e+08   1.382e+08   0
32.1   1.322   0.3624   -0.2038   0   -2.525e+08   1.383e+08   0
32.2   1.327   0.3372   -0.19   0   -2.526e+08   1.383e+08   0
32.3   1.331   0.3119   -0.1762   0   -2.526e+08   1.383e+08   0
32.4   1.334   0.2866   -0.1623   0   -2.527e+08   1.384e+08   0
32.5   1.337   0.2614   -0.1485   0   -2.527e+08   1.384e+08   0
32.6   1.339   0.2361   -0.1346   0   -2.527e+08   1.384e+08   0
32.7   1.339   0.2108   -0.1208   0   -2.527e+08   1.384e+08   0
32.8   1.338   0.1856   -0.107   0   -2.527e+08   1.384e+08   0
32.9   1.336   0.1603   -0.09312   0   -2.527e+08   1.384e+08   0
33   1.336   0.135   -0.07928   0   -2.527e+08   1.384e+08   0
33.1   1.336   0.1098   -0.06544   0   -2.527e+08   1.384e+08   0
33.2   1.336   0.08448   -0.0516   0   -2.527e+08   1.384e+08   0
33.3   1.336   0.05922   -0.03776   0   -2.527e+08   1.384e+08   0
33.4   1.336   0.03395   -0.02393   0   -2.527e+08   1.384e+08   0
33.5   1.336   0.008682   -0.01009   0   -2.527e+08   1.384e+08   0
33.6   1.336   -0.01659   0.00375   0   -2.527e+08   1.384e+08   0
33.7   1.336   -0.04185   0.01759   0   -2.527e+08   1.384e+08   0
33.8   1.336   -0.06712   0.03143   0   -2.527e+08   1.384e+08   0
33.9   1.336   -0.09239   0.04526   0   -2.527e+08   1.384e+08   0
34   1.336   -0.1177   0.0591   0   -2.527e+08   1.384e+08   0
34.1   1.336   -0.1429   0.07294   0   -2.527e+08   1.384e+08   0
34.2   1.336   -0.1682   0.08678   0   -2.527e+08   1.384e+08   0
34.3   1.359   -0.1935   0.1006   0   -2.53e+08   1.384e+08   0
34.4   1.379   -0.2188   0.1145   0   -2.532e+08   1.385e+08   0
34.5   1.397   -0.2441   0.1283   0   -2.534e+08   1.386e+08   0
34.6   1.415   -0.2695   0.1422   0   -2.536e+08   1.386e+08   0
34.7   1.43   -0.2948   0.156   0   -2.538e+08   1.387e+08   0
34.8   1.445   -0.3202   0.1699   0   -2.54e+08   1.387e+08   0
34.9   1.459   -0.3456   0.1838   0   -2.541e+08   1.388e+08   0
35   1.472   -0.3711   0.1977   0   -2.542e+08   1.388e+08   0
35.1   1.484   -0.3965   0.2116   0   -2.544e+08   1.389e+08   0
35.2   1.495   -0.4219   0.2254   0   -2.545e+08   1.389e+08   0
35.3   1.506   -0.4474   0.2393   0   -2.546e+08   1.389e+08   0
35.4   1.516   -0.4728   0.2532   0   -2.546e+08   1.39e+08   0
35.5   1.525   -0.4983   0.2671   0   -2.547e+08   1.39e+08   0
35.6   1.533   -0.5238   0.281   0   -2.548e+08   1.39e+08   0
35.7   1.541   -0.5493   0.2949   0   -2.549e+08   1.391e+08   0
35.8   1.548   -0.5748   0.3088   0   -2.549e+08   1.391e+08   0
35.9   1.555   -0.6003   0.3228   0   -2.55e+08   1.391e+08   0
36   1.561   -0.6258   0.3367   0   -2.55e+08   1.391e+08   0
36.1   1.566   -0.6513   0.3506   0   -2.551e+08   1.392e+08   0
36.2   1.569   -0.6768   0.3645   0   -2.551e+08   1.392e+08   0
36.3   1.569   -0.7023   0.3784   0   -2.551e+08   1.392e+08   0
36.4   1.569   -0.7278   0.3923   0   -2.551e+08   1.392e+08   0
36.5   1.569   -0.7533   0.4063   0   -2.551e+08   1.392e+08   0
36.6   1.569   -0.7788   0.4202   0   -2.551e+08   1.392e+08   0
36.7   1.569   -0.8043   0.4341   0   -2.551e+08   1.392e+08   0
36.8   1.569   -0.8298   0.448   0   -2.551e+08   1.392e+08   0
36.9   1.569   -0.8554   0.4619   0   -2.551e+08   1.392e+08   0
37   1.569   -0.8809   0.4758   0   -2.551e+08   1.392e+08   0
37.1   1.569   -0.9064   0.4898   0   -2.551e+08   1.392e+08   0
37.2   1.569   -0.9319   0.5037   0   -2.551e+08   1.392e+08   0
37.3   1.569   -0.9574   0.5176   0   -2.551e+08   1.392e+08   0
37.4   1.569   -0.9829   0.5315   0   -2.551e+08   1.392e+08   0
37.5   1.569   -1.008   0.5454   0   -2.551e+08   1.392e+08   0
37.6   1.569   -1.034   0.5593   0   -2.551e+08   1.392e+08   0
37.7   1.569   -1.059   0.5733   0   -2.551e+08   1.392e+08   0
37.8   1.569   -1.085   0.5872   0   -2.551e+08   1.392e+08   0
37.9   1.569   -1.11   0.6011   0   -2.551e+08   1.392e+08   0
38   1.569   -1.136   0.615   0   -2.551e+08   1.392e+08   0
38.1   1.569   -1.161   0.6289   0   -2.551e+08   1.392e+08   0
38.2   1.569   -1.187   0.6428   0   -2.551e+08   1.392e+08   0
38.3   1.569   -1.213   0.6568   0   -2.551e+08   1.392e+08   0
38.4   1.569   -1.238   0.6707   0   -2.551e+08   1.392e+08   0
38.5   1.569   -1.264   0.6846   0   -2.551e+08   1.392e+08   0
38.6   1.569   -1.289   0.6985   0   -2.551e+08   1.392e+08   0
38.7   1.569   -1.315   0.7124   0   -2.551e+08   1.392e+08   0
38.8   1.569   -1.34   0.7263   0   -2.551e+08   1.392e+08   0
38.9   1.569   -1.366   0.7403   0   -2.551e+08   1.392e+08   0
39   1.569   -1.391   0.7542   0   -2.551e+08   1.392e+08   0
39.1   1.569   -1.417   0.7681   0   -2.551e+08   1.392e+08   0
39.2   1.569   -1.442   0.782   0   -2.551e+08   1.392e+08   0
39.3   1.569   -1.468   0.7959   0   -2.551e+08   1.392e+08   0
39.4   1.569   -1.493   0.8098   0   -2.551e+08   1.392e+08   0
39.5   1.569   -1.519   0.8238   0   -2.551e+08   1.392e+08   0
39.6   1.569   -1.544   0.8377   0   -2.551e+08   1.392e+08   0
39.7   1.569   -1.57   0.8516   0   -2.551e+08   1.392e+08   0
39.8   1.569   -1.595   0.8655   0   -2.551e+08   1.392e+08   0
39.9   1.569   -1.621   0.8794   0   -2.551e+08   1.392e+08   0
40   1.569   -1.646   0.8933   0   -2.551e+08   1.392e+08   0
40.1   1.569   -1.672   0.9073   0   -2.551e+08   1.392e+08   0
40.2   1.569   -1.697   0.9212   0   -2.551e+08   1.392e+08   0
40.3   1.569   -1.723   0.9351   0   -2.551e+08   1.392e+08   0
40.4   1.569   -1.748   0.949   0   -2.551e+08   1.392e+08   0
40.5   1.569   -1.774   0.9629   0   -2.551e+08   1.392e+08   0
40.6   1.569   -1.799   0.9768   0   -2.551e+08   1.392e+08   0
40.7   1.569   -1.825   0.9908   0   -2.551e+08   1.392e+08   0
40.8   1.569   -1.85   1.005   0   -2.551e+08   1.392e+08   0
40.9   1.569   -1.876   1.019   0   -2.551e+08   1.392e+08   0
41   1.569   -1.901   1.033   0   -2.551e+08   1.392e+08   0
41.1   1.569   -1.927   1.046   0   -2.551e+08   1.392e+08   0
41.2   1.569   -1.952   1.06   0   -2.551e+08   1.392e+08   0
41.3   1.569   -1.978   1.074   0   -2.551e+08   1.392e+08   0
41.4   1.569   -2.003   1.088   0   -2.551e+08   1.392e+08   0
41.5   1.569   -2.029   1.102   0   -2.551e+08   1.392e+08   0
41.6   1.569   -2.054   1.116   0   -2.551e+08   1.392e+08   0
41.7   1.569   -2.08   1.13   0   -2.551e+08   1.392e+08   0
41.8   1.569   -2.105   1.144   0   -2.551e+08   1.392e+08   0
41.9   1.569   -2.131   1.158   0   -2.551e+08   1.392e+08   0
42   1.569   -2.156   1.172   0   -2.551e+08   1.392e+08   0
42.1   1.569   -2.182   1.186   0   -2.551e+08   1.392e+08   0
42.2   1.569   -2.207   1.2   0   -2.551e+08   1.392e+08   0
42.3   1.569   -2.233   1.213   0   -2.551e+08   1.392e+08   0
42.4   1.569   -2.258   1.227   0   -2.551e+08   1.392e+08   0
42.5   1.569   -2.284   1.241   0   -2.551e+08   1.392e+08   0
42.6   1.569   -2.309   1.255   0   -2.551e+08   1.392e+08   0
42.7   1.569   -2.335   1.269   0   -2.551e+08   1.392e+08   0
42.8   1.569   -2.361   1.283   0   -2.551e+08   1.392e+08   0
42.9   1.569   -2.386   1.297   0   -2.551e+08   1.392e+08   0
43   1.569   -2.412   1.311   0   -2.551e+08   1.392e+08   0
43.1   1.569   -2.437   1.325   0   -2.551e+08   1.392e+08   0
43.2   1.569   -2.463   1.339   0   -2.551e+08   1.392e+08   0
43.3   1.569   -2.488   1.353   0   -2.551e+08   1.392e+08   0
43.4   1.569   -2.514   1.367   0   -2.551e+08   1.392e+08   0
43.5   1.569   -2.539   1.38   0   -2.551e+08   1.392e+08   0
43.6   1.569   -2.565   1.394   0   -2.551e+08   1.392e+08   0
43.7   1.569   -2.59   1.408   0   -2.551e+08   1.392e+08   0
43.8   1.569   -2.616   1.422   0   -2.551e+08   1.392e+08   0
43.9   1.569   -2.641   1.436   0   -2.551e+08   1.392e+08   0
44   1.569   -2.667   1.45   0   -2.551e+08   1.392e+08   0
44.1   1.569   -2.692   1.464   0   -2.551e+08   1.392e+08   0
44.2   1.569   -2.718   1.478   0   -2.551e+08   1.392e+08   0
44.3   1.569   -2.743   1.492   0   -2.551e+08   1.392e+08   0
44.4   1.569   -2.769   1.506   0   -2.551e+08   1.392e+08   0
44.5   1.569   -2.794   1.52   0   -2.551e+08   1.392e+08   0
44.6   1.569   -2.82   1.534   0   -2.551e+08   1.392e+08   0
44.7   1.569   -2.845   1.547   0   -2.551e+08   1.392e+08   0
44.8   1.569   -2.871   1.561   0   -2.551e+08   1.392e+08   0
44.9   1.569   -2.896   1.575   0   -2.551e+08   1.392e+08   0
45   1.569   -2.922   1.589   0   -2.551e+08   1.392e+08   0
