0   0.04   -0.753   0   0   1.121e+08   0   0
0.1   0.04   -0.753   0   0   1.121e+08   0   0
0.2   0.04   -0.753   0   0   1.121e+08   0   0
0.3   0.04   -0.753   0   0   1.121e+08   0   0
0.4   0.04   -0.753   0   0   1.121e+08   0   0
0.5   0.04   -0.753   0   0   1.121e+08   0   0
0.6   0.04   -0.753   0   0   1.121e+08   0   0
0.7   0.04   -0.753   0   0   1.121e+08   0   0
0.8   0.04   -0.753   0   0   1.121e+08   0   0
0.9   0.04   -0.753   0   0   1.121e+08   0   0
1   0.04013   -0.7518   0   0   1.123e+08   0   0
1.1   0.04173   -0.7405   0   0   1.143e+08   0   0
1.2   0.04354   -0.729   0   0   1.164e+08   0   0
1.3   0.04555   -0.7172   0   0   1.188e+08   0   0
1.4   0.04779   -0.7052   0   0   1.213e+08   0   0
1.5   0.05026   -0.6929   0   0   1.24e+08   0   0
1.6   0.05296   -0.6804   0   0   1.268e+08   0   0
1.7   0.05591   -0.6676   0   0   1.298e+08   0   0
1.8   0.0591   -0.6544   0   0   1.329e+08   0   0
1.9   0.06254   -0.641   0   0   1.361e+08   0   0
2   0.06624   -0.6272   0   0   1.394e+08   0   0
2.1   0.0702   -0.6131   0   0   1.428e+08   0   0
2.2   0.07442   -0.5986   0   0   1.463e+08   0   0
2.3   0.0789   -0.5838   0   0   1.498e+08   0   0
2.4   0.08364   -0.5687   0   0   1.533e+08   0   0
2.5   0.08863   -0.5532   0   0   1.569e+08   0   0
2.6   0.09388   -0.5373   0   0   1.604e+08   0   0
2.7   0.09937   -0.5211   0   0   1.64e+08   0   0
2.8   0.1051   -0.5045   0   0   1.675e+08   0   0
2.9   0.111   -0.4876   0   0   1.709e+08   0   0
3   0.1172   -0.4703   0   0   1.744e+08   0   0
3.1   0.1235   -0.4527   0   0   1.777e+08   0   0
3.2   0.1301   -0.4348   0   0   1.81e+08   0   0
3.3   0.1367   -0.4165   0   0   1.842e+08   0   0
3.4   0.1435   -0.3979   0   0   1.873e+08   0   0
3.5   0.1504   -0.379   0   0   1.903e+08   0   0
3.6   0.1573   -0.3599   0   0   1.932e+08   0   0
3.7   0.1642   -0.3404   0   0   1.96e+08   0   0
3.8   0.1712   -0.3207   0   0   1.986e+08   0   0
3.9   0.178   -0.3007   0   0   2.011e+08   0   0
4   0.1847   -0.2805   0   0   2.034e+08   0   0
4.1   0.1912   -0.26   0   0   2.056e+08   0   0
4.2   0.1973   -0.2393   0   0   2.076e+08   0   0
4.3   0.2031   -0.2185   0   0   2.094e+08   0   0
4.4   0.2083   -0.1975   0   0   2.11e+08   0   0
4.5   0.2104   -0.1763   0   0   2.116e+08   0   0
4.6   0.2104   -0.1551   0   0   2.116e+08   0   0
4.7   0.2104   -0.134   0   0   2.116e+08   0   0
4.8   0.2104   -0.1128   0   0   2.116e+08   0   0
4.9   0.2104   -0.09166   0   0   2.116e+08   0   0
5   0.2104   -0.0705   0   0   2.116e+08   0   0
5.1   0.2104   -0.04934   0   0   2.116e+08   0   0
5.2   0.2104   -0.02817   0   0   2.116e+08   0   0
5.3   0.2104   -0.007012   0   0   2.116e+08   0   0
5.4   0.2104   0.01415   0   0   2.116e+08   0   0
5.5   0.2104   0.03531   0   0   2.116e+08   0   0
5.6   0.2104   0.05647   0   0   2.116e+08   0   0
5.7   0.2104   0.07764   0   0   2.116e+08   0   0
5.8   0.2104   0.0988   0   0   2.116e+08   0   0
5.9   0.2104   0.12   0   0   2.116e+08   0   0
6   0.2104   0.1411   0   0   2.116e+08   0   0
6.1   0.2104   0.1623   0   0   2.116e+08   0   0
6.2   0.2104   0.1834   0   0   2.116e+08   0   0
6.3   0.2232   0.2048   0   0   2.153e+08   0   0
6.4   0.2391   0.2265   0   0   2.195e+08   0   0
6.5   0.2543   0.2486   0   0   2.232e+08   0   0
6.6   0.2688   0.2711   0   0   2.265e+08   0   0
6.7   0.2828   0.2939   0   0   2.294e+08   0   0
6.8   0.296   0.317   0   0   2.32e+08   0   0
6.9   0.3087   0.3403   0   0   2.344e+08   0   0
7   0.3207   0.3639   0   0   2.365e+08   0   0
7.1   0.3321   0.3876   0   0   2.385e+08   0   0
7.2   0.3429   0.4116   0   0   2.402e+08   0   0
7.3   0.3532   0.4357   0   0   2.418e+08   0   0
7.4   0.3628   0.4599   0   0   2.432e+08   0   0
7.5   0.3719   0.4843   0   0   2.445e+08   0   0
7.6   0.3805   0.5088   0   0   2.457e+08   0   0
7.7   0.3884   0.5334   0   0   2.467e+08   0   0
7.8   0.3959   0.5581   0   0   2.477e+08   0   0
7.9   0.4027   0.5829   0   0   2.485e+08   0   0
8   0.4091   0.6078   0   0   2.493e+08   0   0
8.1   0.415   0.6328   0   0   2.5e+08   0   0
8.2   0.4203   0.6578   0   0   2.506e+08   0   0
8.3   0.4251   0.6829   0   0   2.512e+08   0   0
8.4   0.4295   0.7081   0   0   2.517e+08   0   0
8.5   0.4334   0.7333   0   0   2.521e+08   0   0
8.6   0.4361   0.7585   0   0   2.524e+08   0   0
8.7   0.4361   0.7837   0   0   2.524e+08   0   0
8.8   0.4361   0.809   0   0   2.524e+08   0   0
8.9   0.4361   0.8342   0   0   2.524e+08   0   0
9   0.4361   0.8595   0   0   2.524e+08   0   0
9.1   0.4361   0.8847   0   0   2.524e+08   0   0
9.2   0.4361   0.9099   0   0   2.524e+08   0   0
9.3   0.4361   0.9352   0   0   2.524e+08   0   0
9.4   0.4361   0.9604   0   0   2.524e+08   0   0
9.5   0.4361   0.9857   0   0   2.524e+08   0   0
9.6   0.4361   1.011   0   0   2.524e+08   0   0
9.7   0.4361   1.036   0   0   2.524e+08   0   0
9.8   0.4361   1.061   0   0   2.524e+08   0   0
9.9   0.4361   1.087   0   0   2.524e+08   0   0
10   0.4363   1.112   -0.000122   0   2.521e+08   -1.284e+07   0
10.1   0.4372   1.137   -0.004964   0   2.386e+08   -8.265e+07   0
10.2   0.4382   1.159   -0.0165   0   2.062e+08   -1.459e+08   0
10.3   0.4391   1.177   -0.03382   0   1.576e+08   -1.976e+08   0
10.4   0.44   1.19   -0.05555   0   9.644e+07   -2.337e+08   0
10.5   0.4409   1.196   -0.07997   0   2.774e+07   -2.514e+08   0
10.6   0.4419   1.195   -0.1052   0   -4.313e+07   -2.493e+08   0
10.7   0.4428   1.188   -0.1292   0   -1.106e+08   -2.277e+08   0
10.8   0.4437   1.174   -0.1501   0   -1.694e+08   -1.882e+08   0
10.9   0.4447   1.154   -0.1663   0   -2.15e+08   -1.341e+08   0
11   0.4456   1.131   -0.1765   0   -2.437e+08   -6.944e+07   0
11.1   0.4466   1.106   -0.1799   0   -2.535e+08   5.738e+05   0
11.2   0.4471   1.081   -0.1769   0   -2.502e+08   4.151e+07   0
11.3   0.4471   1.056   -0.1728   0   -2.502e+08   4.151e+07   0
11.4   0.4471   1.031   -0.1686   0   -2.502e+08   4.151e+07   0
11.5   0.4471   1.006   -0.1645   0   -2.502e+08   4.151e+07   0
11.6   0.4471   0.9808   -0.1603   0   -2.502e+08   4.151e+07   0
11.7   0.4471   0.9558   -0.1562   0   -2.502e+08   4.151e+07   0
11.8   0.4471   0.9308   -0.152   0   -2.502e+08   4.151e+07   0
11.9   0.4471   0.9057   -0.1479   0   -2.502e+08   4.151e+07   0
12   0.4471   0.8807   -0.1437   0   -2.502e+08   4.151e+07   0
12.1   0.4471   0.8557   -0.1396   0   -2.502e+08   4.151e+07   0
12.2   0.4471   0.8307   -0.1354   0   -2.502e+08   4.151e+07   0
12.3   0.4471   0.8057   -0.1313   0   -2.502e+08   4.151e+07   0
12.4   0.4471   0.7806   -0.1271   0   -2.502e+08   4.151e+07   0
12.5   0.4471   0.7556   -0.123   0   -2.502e+08   4.151e+07   0
12.6   0.4497   0.7306   -0.1188   0   -2.504e+08   4.155e+07   0
12.7   0.4549   0.7055   -0.1147   0   -2.51e+08   4.163e+07   0
12.8   0.4601   0.6804   -0.1105   0   -2.515e+08   4.171e+07   0
12.9   0.4651   0.6552   -0.1063   0   -2.52e+08   4.179e+07   0
13   0.47   0.63   -0.1021   0   -2.525e+08   4.186e+07   0
13.1   0.4748   0.6047   -0.09795   0   -2.529e+08   4.193e+07   0
13.2   0.4793   0.5794   -0.09375   0   -2.533e+08   4.199e+07   0
13.3   0.4836   0.5541   -0.08955   0   -2.537e+08   4.205e+07   0
13.4   0.4877   0.5287   -0.08534   0   -2.541e+08   4.211e+07   0
13.5   0.4914   0.5033   -0.08113   0   -2.544e+08   4.216e+07   0
13.6   0.4947   0.4778   -0.07691   0   -2.547e+08   4.22e+07   0
13.7   0.4975   0.4523   -0.07269   0   -2.55e+08   4.224e+07   0
13.8   0.4998   0.4268   -0.06846   0   -2.552e+08   4.227e+07   0
13.9   0.5016   0.4013   -0.06423   0   -2.553e+08   4.229e+07   0
14   0.5027   0.3757   -0.06   0   -2.554e+08   4.23e+07   0
14.1   0.5029   0.3502   -0.05577   0   -2.555e+08   4.231e+07   0
14.2   0.5023   0.3246   -0.05154   0   -2.554e+08   4.23e+07   0
14.3   0.5006   0.2991   -0.04731   0   -2.553e+08   4.228e+07   0
14.4   0.4977   0.2736   -0.04309   0   -2.55e+08   4.225e+07   0
14.5   0.4934   0.2481   -0.03887   0   -2.546e+08   4.219e+07   0
14.6   0.4873   0.2227   -0.03465   0   -2.541e+08   4.212e+07   0
14.7   0.4791   0.1973   -0.03044   0   -2.533e+08   4.203e+07   0
14.8   0.4746   0.172   -0.02624   0   -2.529e+08   4.198e+07   0
14.9   0.4746   0.1467   -0.02205   0   -2.529e+08   4.198e+07   0
15   0.4746   0.1214   -0.01785   0   -2.529e+08   4.198e+07   0
15.1   0.4746   0.09614   -0.01365   0   -2.529e+08   4.198e+07   0
15.2   0.4746   0.07085   -0.009451   0   -2.529e+08   4.198e+07   0
15.3   0.4746   0.04556   -0.005254   0   -2.529e+08   4.198e+07   0
15.4   0.4746   0.02027   -0.001056   0   -2.529e+08   4.198e+07   0
15.5   0.4746   -0.005018   0.003142   0   -2.529e+08   4.198e+07   0
15.6   0.4746   -0.03031   0.00734   0   -2.529e+08   4.198e+07   0
15.7   0.4746   -0.0556   0.01154   0   -2.529e+08   4.198e+07   0
15.8   0.4746   -0.08089   0.01574   0   -2.529e+08   4.198e+07   0
15.9   0.4746   -0.1062   0.01993   0   -2.529e+08   4.198e+07   0
16   0.4746   -0.1315   0.02413   0   -2.529e+08   4.198e+07   0
16.1   0.4746   -0.1568   0.02833   0   -2.529e+08   4.198e+07   0
16.2   0.4746   -0.182   0.03253   0   -2.529e+08   4.198e+07   0
16.3   0.4948   -0.2074   0.03674   0   -2.547e+08   4.236e+07   0
16.4   0.5158   -0.233   0.041   0   -2.565e+08   4.273e+07   0
16.5   0.5347   -0.2587   0.04529   0   -2.58e+08   4.303e+07   0
16.6   0.5518   -0.2846   0.0496   0   -2.593e+08   4.329e+07   0
16.7   0.5674   -0.3106   0.05394   0   -2.604e+08   4.351e+07   0
16.8   0.5816   -0.3366   0.0583   0   -2.614e+08   4.37e+07   0
16.9   0.5945   -0.3628   0.06268   0   -2.622e+08   4.386e+07   0
17   0.6063   -0.3891   0.06708   0   -2.629e+08   4.401e+07   0
17.1   0.6171   -0.4154   0.07148   0   -2.636e+08   4.413e+07   0
17.2   0.6268   -0.4418   0.0759   0   -2.642e+08   4.424e+07   0
17.3   0.6357   -0.4682   0.08033   0   -2.647e+08   4.434e+07   0
17.4   0.6437   -0.4947   0.08477   0   -2.651e+08   4.442e+07   0
17.5   0.6509   -0.5213   0.08922   0   -2.655e+08   4.45e+07   0
17.6   0.6573   -0.5478   0.09367   0   -2.659e+08   4.456e+07   0
17.7   0.663   -0.5745   0.09813   0   -2.662e+08   4.462e+07   0
17.8   0.6681   -0.6011   0.1026   0   -2.665e+08   4.467e+07   0
17.9   0.6725   -0.6277   0.1071   0   -2.667e+08   4.471e+07   0
18   0.6763   -0.6544   0.1115   0   -2.669e+08   4.474e+07   0
18.1   0.6795   -0.6811   0.116   0   -2.67e+08   4.477e+07   0
18.2   0.6822   -0.7078   0.1205   0   -2.672e+08   4.48e+07   0
18.3   0.6843   -0.7346   0.125   0   -2.673e+08   4.482e+07   0
18.4   0.6849   -0.7613   0.1295   0   -2.673e+08   4.482e+07   0
18.5   0.6849   -0.788   0.1339   0   -2.673e+08   4.482e+07   0
18.6   0.6849   -0.8147   0.1384   0   -2.673e+08   4.482e+07   0
18.7   0.6849   -0.8415   0.1429   0   -2.673e+08   4.482e+07   0
18.8   0.6849   -0.8682   0.1474   0   -2.673e+08   4.482e+07   0
18.9   0.6849   -0.8949   0.1519   0   -2.673e+08   4.482e+07   0
19   0.6849   -0.9217   0.1563   0   -2.673e+08   4.482e+07   0
19.1   0.6849   -0.9484   0.1608   0   -2.673e+08   4.482e+07   0
19.2   0.6849   -0.9751   0.1653   0   -2.673e+08   4.482e+07   0
19.3   0.6849   -1.002   0.1698   0   -2.673e+08   4.482e+07   0
19.4   0.6849   -1.029   0.1743   0   -2.673e+08   4.482e+07   0
19.5   0.6849   -1.055   0.1788   0   -2.673e+08   4.482e+07   0
19.6   0.6849   -1.082   0.1832   0   -2.673e+08   4.482e+07   0
19.7   0.6849   -1.109   0.1877   0   -2.673e+08   4.482e+07   0
19.8   0.6851   -1.136   0.1922   0   -2.662e+08   5.108e+07   0
19.9   0.6874   -1.161   0.2012   0   -2.402e+08   1.258e+08   0
20   0.6897   -1.183   0.2171   0   -1.939e+08   1.897e+08   0
20.1   0.692   -1.199   0.2386   0   -1.312e+08   2.376e+08   0
20.2   0.6943   -1.209   0.264   0   -5.753e+07   2.654e+08   0
20.3   0.6966   -1.21   0.291   0   2.091e+07   2.708e+08   0
20.4   0.699   -1.204   0.3174   0   9.751e+07   2.536e+08   0
20.5   0.7013   -1.191   0.341   0   1.659e+08   2.154e+08   0
20.6   0.7037   -1.172   0.3598   0   2.205e+08   1.592e+08   0
20.7   0.706   -1.148   0.3723   0   2.568e+08   9.003e+07   0
20.8   0.7084   -1.121   0.3775   0   2.719e+08   1.347e+07   0
20.9   0.7108   -1.094   0.3749   0   2.647e+08   -6.411e+07   0
21   0.7116   -1.068   0.3663   0   2.569e+08   -9.032e+07   0
21.1   0.7116   -1.042   0.3573   0   2.569e+08   -9.032e+07   0
21.2   0.7116   -1.017   0.3483   0   2.569e+08   -9.032e+07   0
21.3   0.7116   -0.9911   0.3392   0   2.569e+08   -9.032e+07   0
21.4   0.7116   -0.9654   0.3302   0   2.569e+08   -9.032e+07   0
21.5   0.7116   -0.9397   0.3212   0   2.569e+08   -9.032e+07   0
21.6   0.7116   -0.914   0.3121   0   2.569e+08   -9.032e+07   0
21.7   0.7116   -0.8883   0.3031   0   2.569e+08   -9.032e+07   0
21.8   0.7116   -0.8626   0.2941   0   2.569e+08   -9.032e+07   0
21.9   0.7116   -0.8369   0.285   0   2.569e+08   -9.032e+07   0
22   0.7116   -0.8112   0.276   0   2.569e+08   -9.032e+07   0
22.1   0.7116   -0.7855   0.267   0   2.569e+08   -9.032e+07   0
22.2   0.7116   -0.7598   0.2579   0   2.569e+08   -9.032e+07   0
22.3   0.7116   -0.7341   0.2489   0   2.569e+08   -9.032e+07   0
22.4   0.7123   -0.7085   0.2399   0   2.57e+08   -9.033e+07   0
22.5   0.7163   -0.6827   0.2308   0   2.571e+08   -9.038e+07   0
22.6   0.72   -0.657   0.2218   0   2.573e+08   -9.043e+07   0
22.7   0.7235   -0.6313   0.2127   0   2.575e+08   -9.047e+07   0
22.8   0.7266   -0.6055   0.2037   0   2.576e+08   -9.051e+07   0
22.9   0.7294   -0.5798   0.1946   0   2.577e+08   -9.054e+07   0
23   0.7318   -0.554   0.1856   0   2.578e+08   -9.057e+07   0
23.1   0.7337   -0.5282   0.1765   0   2.579e+08   -9.059e+07   0
23.2   0.7352   -0.5024   0.1675   0   2.58e+08   -9.06e+07   0
23.3   0.736   -0.4766   0.1584   0   2.58e+08   -9.061e+07   0
23.4   0.7363   -0.4508   0.1493   0   2.58e+08   -9.062e+07   0
23.5   0.7358   -0.425   0.1403   0   2.58e+08   -9.061e+07   0
23.6   0.7345   -0.3992   0.1312   0   2.58e+08   -9.06e+07   0
23.7   0.7324   -0.3734   0.1222   0   2.579e+08   -9.058e+07   0
23.8   0.7292   -0.3476   0.1131   0   2.577e+08   -9.055e+07   0
23.9   0.7249   -0.3219   0.1041   0   2.575e+08   -9.051e+07   0
24   0.7192   -0.2961   0.09501   0   2.573e+08   -9.046e+07   0
24.1   0.712   -0.2704   0.08597   0   2.569e+08   -9.04e+07   0
24.2   0.703   -0.2447   0.07693   0   2.565e+08   -9.034e+07   0
24.3   0.6919   -0.2191   0.0679   0   2.559e+08   -9.026e+07   0
24.4   0.6781   -0.1936   0.05888   0   2.552e+08   -9.018e+07   0
24.5   0.6695   -0.1681   0.04986   0   2.548e+08   -9.013e+07   0
24.6   0.6695   -0.1426   0.04085   0   2.548e+08   -9.013e+07   0
24.7   0.6695   -0.1171   0.03184   0   2.548e+08   -9.013e+07   0
24.8   0.6695   -0.09164   0.02282   0   2.548e+08   -9.013e+07   0
24.9   0.6695   -0.06616   0.01381   0   2.548e+08   -9.013e+07   0
25   0.6695   -0.04068   0.004797   0   2.548e+08   -9.013e+07   0
25.1   0.6695   -0.0152   -0.004216   0   2.548e+08   -9.013e+07   0
25.2   0.6695   0.01028   -0.01323   0   2.548e+08   -9.013e+07   0
25.3   0.6695   0.03575   -0.02224   0   2.548e+08   -9.013e+07   0
25.4   0.6695   0.06123   -0.03126   0   2.548e+08   -9.013e+07   0
25.5   0.6695   0.08671   -0.04027   0   2.548e+08   -9.013e+07   0
25.6   0.6695   0.1122   -0.04928   0   2.548e+08   -9.013e+07   0
25.7   0.6695   0.1377   -0.0583   0   2.548e+08   -9.013e+07   0
25.8   0.6695   0.1631   -0.06731   0   2.548e+08   -9.013e+07   0
25.9   0.6834   0.1886   -0.07633   0   2.554e+08   -9.054e+07   0
26   0.7058   0.2142   -0.08542   0   2.564e+08   -9.115e+07   0
26.1   0.7255   0.2399   -0.09456   0   2.572e+08   -9.163e+07   0
26.2   0.7429   0.2657   -0.1037   0   2.578e+08   -9.203e+07   0
26.3   0.7584   0.2915   -0.113   0   2.584e+08   -9.235e+07   0
26.4   0.7722   0.3173   -0.1222   0   2.589e+08   -9.263e+07   0
26.5   0.7846   0.3433   -0.1315   0   2.594e+08   -9.286e+07   0
26.6   0.7956   0.3692   -0.1408   0   2.597e+08   -9.306e+07   0
26.7   0.8054   0.3952   -0.1501   0   2.601e+08   -9.323e+07   0
26.8   0.8142   0.4212   -0.1594   0   2.604e+08   -9.338e+07   0
26.9   0.8219   0.4473   -0.1688   0   2.606e+08   -9.35e+07   0
27   0.8287   0.4733   -0.1781   0   2.608e+08   -9.361e+07   0
27.1   0.8347   0.4994   -0.1875   0   2.61e+08   -9.37e+07   0
27.2   0.8399   0.5256   -0.1969   0   2.612e+08   -9.378e+07   0
27.3   0.8443   0.5517   -0.2062   0   2.613e+08   -9.384e+07   0
27.4   0.848   0.5778   -0.2156   0   2.614e+08   -9.389e+07   0
27.5   0.8511   0.604   -0.225   0   2.615e+08   -9.394e+07   0
27.6   0.8536   0.6301   -0.2344   0   2.616e+08   -9.397e+07   0
27.7   0.8554   0.6563   -0.2438   0   2.617e+08   -9.4e+07   0
27.8   0.8568   0.6825   -0.2532   0   2.617e+08   -9.401e+07   0
27.9   0.8576   0.7086   -0.2626   0   2.617e+08   -9.403e+07   0
28   0.8576   0.7348   -0.272   0   2.617e+08   -9.403e+07   0
28.1   0.8576   0.761   -0.2814   0   2.617e+08   -9.403e+07   0
28.2   0.8576   0.7872   -0.2908   0   2.617e+08   -9.403e+07   0
28.3   0.8576   0.8133   -0.3002   0   2.617e+08   -9.403e+07   0
28.4   0.8576   0.8395   -0.3096   0   2.617e+08   -9.403e+07   0
28.5   0.8576   0.8657   -0.319   0   2.617e+08   -9.403e+07   0
28.6   0.8576   0.8918   -0.3284   0   2.617e+08   -9.403e+07   0
28.7   0.8576   0.918   -0.3378   0   2.617e+08   -9.403e+07   0
28.8   0.8576   0.9442   -0.3472   0   2.617e+08   -9.403e+07   0
28.9   0.8576   0.9704   -0.3567   0   2.617e+08   -9.403e+07   0
29   0.8576   0.9965   -0.3661   0   2.617e+08   -9.403e+07   0
29.1   0.8576   1.023   -0.3755   0   2.617e+08   -9.403e+07   0
29.2   0.8576   1.049   -0.3849   0   2.617e+08   -9.403e+07   0
29.3   0.8576   1.075   -0.3943   0   2.617e+08   -9.403e+07   0
29.4   0.8606   1.101   -0.4051   0   2.382e+08   -1.438e+08   0
29.5   0.8659   1.121   -0.4234   0   1.738e+08   -2.174e+08   0
29.6   0.8713   1.135   -0.4478   0   8.831e+07   -2.642e+08   0
29.7   0.8767   1.139   -0.4752   0   -7.76e+06   -2.786e+08   0
29.8   0.8821   1.133   -0.5023   0   -1.026e+08   -2.593e+08   0
29.9   0.8876   1.118   -0.526   0   -1.85e+08   -2.09e+08   0
30   0.893   1.097   -0.5432   0   -2.451e+08   -1.338e+08   0
30.1   0.8986   1.07   -0.5521   0   -2.761e+08   -4.309e+07   0
30.2   0.9041   1.043   -0.5516   0   -2.746e+08   5.247e+07   0
30.3   0.9091   1.016   -0.5418   0   -2.454e+08   1.342e+08   0
30.4   0.9091   0.9919   -0.5284   0   -2.454e+08   1.342e+08   0
30.5   0.9091   0.9674   -0.515   0   -2.454e+08   1.342e+08   0
30.6   0.9091   0.9428   -0.5015   0   -2.454e+08   1.342e+08   0
30.7   0.9091   0.9183   -0.4881   0   -2.454e+08   1.342e+08   0
30.8   0.9091   0.8938   -0.4747   0   -2.454e+08   1.342e+08   0
30.9   0.9091   0.8692   -0.4613   0   -2.454e+08   1.342e+08   0
31   0.9091   0.8447   -0.4479   0   -2.454e+08   1.342e+08   0
31.1   0.9091   0.8201   -0.4344   0   -2.454e+08   1.342e+08   0
31.2   0.9091   0.7956   -0.421   0   -2.454e+08   1.342e+08   0
31.3   0.9091   0.771   -0.4076   0   -2.454e+08   1.342e+08   0
31.4   0.9091   0.7465   -0.3942   0   -2.454e+08   1.342e+08   0
31.5   0.9091   0.722   -0.3808   0   -2.454e+08   1.342e+08   0
31.6   0.9091   0.6974   -0.3674   0   -2.454e+08   1.342e+08   0
31.7   0.9091   0.6729   -0.3539   0   -2.454e+08   1.342e+08   0
31.8   0.9121   0.6483   -0.3405   0   -2.455e+08   1.342e+08   0
31.9   0.9158   0.6238   -0.3271   0   -2.456e+08   1.343e+08   0
32   0.9193   0.5992   -0.3137   0   -2.457e+08   1.343e+08   0
32.1   0.9225   0.5746   -0.3002   0   -2.458e+08   1.343e+08   0
32.2   0.9253   0.5501   -0.2868   0   -2.459e+08   1.344e+08   0
32.3   0.9278   0.5255   -0.2734   0   -2.459e+08   1.344e+08   0
32.4   0.9298   0.5009   -0.2599   0   -2.46e+08   1.344e+08   0
32.5   0.9312   0.4763   -0.2465   0   -2.46e+08   1.344e+08   0
32.6   0.9321   0.4517   -0.233   0   -2.46e+08   1.344e+08   0
32.7   0.9324   0.4271   -0.2196   0   -2.461e+08   1.344e+08   0
32.8   0.9319   0.4025   -0.2062   0   -2.46e+08   1.344e+08   0
32.9   0.9307   0.3779   -0.1927   0   -2.46e+08   1.344e+08   0
33   0.9285   0.3533   -0.1793   0   -2.459e+08   1.344e+08   0
33.1   0.9253   0.3287   -0.1658   0   -2.459e+08   1.344e+08   0
33.2   0.9209   0.3041   -0.1524   0   -2.457e+08   1.343e+08   0
33.3   0.9151   0.2795   -0.139   0   -2.456e+08   1.343e+08   0
33.4   0.9078   0.255   -0.1255   0   -2.453e+08   1.343e+08   0
33.5   0.8986   0.2305   -0.1121   0   -2.451e+08   1.342e+08   0
33.6   0.8871   0.206   -0.0987   0   -2.447e+08   1.342e+08   0
33.7   0.8729   0.1815   -0.08529   0   -2.442e+08   1.341e+08   0
33.8   0.8654   0.1571   -0.07188   0   -2.439e+08   1.341e+08   0
33.9   0.8654   0.1327   -0.05847   0   -2.439e+08   1.341e+08   0
34   0.8654   0.1083   -0.04506   0   -2.439e+08   1.341e+08   0
34.1   0.8654   0.08394   -0.03165   0   -2.439e+08   1.341e+08   0
34.2   0.8654   0.05955   -0.01824   0   -2.439e+08   1.341e+08   0
34.3   0.8654   0.03515   -0.004827   0   -2.439e+08   1.341e+08   0
34.4   0.8654   0.01076   0.008583   0   -2.439e+08   1.341e+08   0
34.5   0.8654   -0.01363   0.02199   0   -2.439e+08   1.341e+08   0
34.6   0.8654   -0.03803   0.0354   0   -2.439e+08   1.341e+08   0
34.7   0.8654   -0.06242   0.04881   0   -2.439e+08   1.341e+08   0
34.8   0.8654   -0.08681   0.06222   0   -2.439e+08   1.341e+08   0
34.9   0.8654   -0.1112   0.07563   0   -2.439e+08   1.341e+08   0
35   0.8654   -0.1356   0.08904   0   -2.439e+08   1.341e+08   0
35.1   0.867   -0.16   0.1025   0   -2.44e+08   1.341e+08   0
35.2   0.8916   -0.1844   0.1159   0   -2.445e+08   1.348e+08   0
35.3   0.9132   -0.2089   0.1294   0   -2.449e+08   1.354e+08   0
35.4   0.9322   -0.2334   0.143   0   -2.453e+08   1.358e+08   0
35.5   0.949   -0.2579   0.1566   0   -2.456e+08   1.362e+08   0
35.6   0.9641   -0.2825   0.1702   0   -2.459e+08   1.365e+08   0
35.7   0.9775   -0.3071   0.1839   0   -2.462e+08   1.367e+08   0
35.8   0.9896   -0.3318   0.1975   0   -2.464e+08   1.369e+08   0
35.9   1   -0.3564   0.2113   0   -2.466e+08   1.371e+08   0
36   1.01   -0.3811   0.225   0   -2.468e+08   1.373e+08   0
36.1   1.018   -0.4057   0.2387   0   -2.469e+08   1.374e+08   0
36.2   1.026   -0.4304   0.2525   0   -2.47e+08   1.375e+08   0
36.3   1.033   -0.4552   0.2662   0   -2.472e+08   1.376e+08   0
36.4   1.039   -0.4799   0.28   0   -2.473e+08   1.377e+08   0
36.5   1.044   -0.5046   0.2938   0   -2.473e+08   1.378e+08   0
36.6   1.048   -0.5293   0.3075   0   -2.474e+08   1.378e+08   0
36.7   1.052   -0.5541   0.3213   0   -2.475e+08   1.379e+08   0
36.8   1.055   -0.5788   0.3351   0   -2.475e+08   1.379e+08   0
36.9   1.057   -0.6036   0.3489   0   -2.476e+08   1.38e+08   0
37   1.059   -0.6284   0.3627   0   -2.476e+08   1.38e+08   0
37.1   1.06   -0.6531   0.3765   0   -2.476e+08   1.38e+08   0
37.2   1.06   -0.6779   0.3903   0   -2.476e+08   1.38e+08   0
37.3   1.06   -0.7026   0.4041   0   -2.476e+08   1.38e+08   0
37.4   1.06   -0.7274   0.4179   0   -2.476e+08   1.38e+08   0
37.5   1.06   -0.7522   0.4317   0   -2.476e+08   1.38e+08   0
37.6   1.06   -0.7769   0.4455   0   -2.476e+08   1.38e+08   0
37.7   1.06   -0.8017   0.4593   0   -2.476e+08   1.38e+08   0
37.8   1.06   -0.8265   0.4731   0   -2.476e+08   1.38e+08   0
37.9   1.06   -0.8512   0.4869   0   -2.476e+08   1.38e+08   0
38   1.06   -0.876   0.5007   0   -2.476e+08   1.38e+08   0
38.1   1.06   -0.9008   0.5145   0   -2.476e+08   1.38e+08   0
38.2   1.06   -0.9255   0.5283   0   -2.476e+08   1.38e+08   0
38.3   1.06   -0.9503   0.5421   0   -2.476e+08   1.38e+08   0
38.4   1.06   -0.975   0.5559   0   -2.476e+08   1.38e+08   0
38.5   1.06   -0.9998   0.5697   0   -2.476e+08   1.38e+08   0
38.6   1.06   -1.025   0.5835   0   -2.476e+08   1.38e+08   0
38.7   1.06   -1.049   0.5973   0   -2.476e+08   1.38e+08   0
38.8   1.06   -1.074   0.6111   0   -2.476e+08   1.38e+08   0
38.9   1.06   -1.099   0.6249   0   -2.476e+08   1.38e+08   0
39   1.06   -1.124   0.6387   0   -2.476e+08   1.38e+08   0
39.1   1.06   -1.148   0.6525   0   -2.476e+08   1.38e+08   0
39.2   1.06   -1.173   0.6663   0   -2.476e+08   1.38e+08   0
39.3   1.06   -1.198   0.6801   0   -2.476e+08   1.38e+08   0
39.4   1.06   -1.223   0.6939   0   -2.476e+08   1.38e+08   0
39.5   1.06   -1.247   0.7077   0   -2.476e+08   1.38e+08   0
39.6   1.06   -1.272   0.7215   0   -2.476e+08   1.38e+08   0
39.7   1.06   -1.297   0.7353   0   -2.476e+08   1.38e+08   0
39.8   1.06   -1.322   0.7491   0   -2.476e+08   1.38e+08   0
39.9   1.06   -1.347   0.7629   0   -2.476e+08   1.38e+08   0
40   1.06   -1.371   0.7767   0   -2.476e+08   1.38e+08   0
40.1   1.06   -1.396   0.7905   0   -2.476e+08   1.38e+08   0
40.2   1.06   -1.421   0.8043   0   -2.476e+08   1.38e+08   0
40.3   1.06   -1.446   0.8181   0   -2.476e+08   1.38e+08   0
40.4   1.06   -1.47   0.832   0   -2.476e+08   1.38e+08   0
40.5   1.06   -1.495   0.8458   0   -2.476e+08   1.38e+08   0
40.6   1.06   -1.52   0.8596   0   -2.476e+08   1.38e+08   0
40.7   1.06   -1.545   0.8734   0   -2.476e+08   1.38e+08   0
40.8   1.06   -1.569   0.8872   0   -2.476e+08   1.38e+08   0
40.9   1.06   -1.594   0.901   0   -2.476e+08   1.38e+08   0
41   1.06   -1.619   0.9148   0   -2.476e+08   1.38e+08   0
41.1   1.06   -1.644   0.9286   0   -2.476e+08   1.38e+08   0
41.2   1.06   -1.668   0.9424   0   -2.476e+08   1.38e+08   0
41.3   1.06   -1.693   0.9562   0   -2.476e+08   1.38e+08   0
41.4   1.06   -1.718   0.97   0   -2.476e+08   1.38e+08   0
41.5   1.06   -1.743   0.9838   0   -2.476e+08   1.38e+08   0
41.6   1.06   -1.767   0.9976   0   -2.476e+08   1.38e+08   0
41.7   1.06   -1.792   1.011   0   -2.476e+08   1.38e+08   0
41.8   1.06   -1.817   1.025   0   -2.476e+08   1.38e+08   0
41.9   1.06   -1.842   1.039   0   -2.476e+08   1.38e+08   0
42   1.06   -1.867   1.053   0   -2.476e+08   1.38e+08   0
42.1   1.06   -1.891   1.067   0   -2.476e+08   1.38e+08   0
42.2   1.06   -1.916   1.08   0   -2.476e+08   1.38e+08   0
42.3   1.06   -1.941   1.094   0   -2.476e+08   1.38e+08   0
42.4   1.06   -1.966   1.108   0   -2.476e+08   1.38e+08   0
42.5   1.06   -1.99   1.122   0   -2.476e+08   1.38e+08   0
42.6   1.06   -2.015   1.136   0   -2.476e+08   1.38e+08   0
42.7   1.06   -2.04   1.149   0   -2.476e+08   1.38e+08   0
42.8   1.06   -2.065   1.163   0   -2.476e+08   1.38e+08   0
42.9   1.06   -2.089   1.177   0   -2.476e+08   1.38e+08   0
43   1.06   -2.114   1.191   0   -2.476e+08   1.38e+08   0
43.1   1.06   -2.139   1.205   0   -2.476e+08   1.38e+08   0
43.2   1.06   -2.164   1.218   0   -2.476e+08   1.38e+08   0
43.3   1.06   -2.188   1.232   0   -2.476e+08   1.38e+08   0
43.4   1.06   -2.213   1.246   0   -2.476e+08   1.38e+08   0
43.5   1.06   -2.238   1.26   0   -2.476e+08   1.38e+08   0
43.6   1.06   -2.263   1.274   0   -2.476e+08   1.38e+08   0
43.7   1.06   -2.288   1.287   0   -2.476e+08   1.38e+08   0
43.8   1.06   -2.312   1.301   0   -2.476e+08   1.38e+08   0
43.9   1.06   -2.337   1.315   0   -2.476e+08   1.38e+08   0
44   1.06   -2.362   1.329   0   -2.476e+08   1.38e+08   0
44.1   1.06   -2.387   1.343   0   -2.476e+08   1.38e+08   0
44.2   1.06   -2.411   1.356   0   -2.476e+08   1.38e+08   0
44.3   1.06   -2.436   1.37   0   -2.476e+08   1.38e+08   0
44.4   1.06   -2.461   1.384   0   -2.476e+08   1.38e+08   0
44.5   1.06   -2.486   1.398   0   -2.476e+08   1.38e+08   0
44.6   1.06   -2.51   1.412   0   -2.476e+08   1.38e+08   0
44.7   1.06   -2.535   1.425   0   -2.476e+08   1.38e+08   0
44.8   1.06   -2.56   1.439   0   -2.476e+08   1.38e+08   0
44.9   1.06   -2.585   1.453   0   -2.476e+08   1.38e+08   0
45   1.06   -2.609   1.467   0   -2.476e+08   1.38e+08   0
