0   0.04   -0.753   0   0   1.121e+08   0   0
0.1   0.04   -0.753   0   0   1.121e+08   0   0
0.2   0.04   -0.753   0   0   1.121e+08   0   0
0.3   0.04   -0.753   0   0   1.121e+08   0   0
0.4   0.04   -0.753   0   0   1.121e+08   0   0
0.5   0.04   -0.753   0   0   1.121e+08   0   0
0.6   0.04   -0.753   0   0   1.121e+08   0   0
0.7   0.04   -0.753   0   0   1.121e+08   0   0
0.8   0.04   -0.753   0   0   1.121e+08   0   0
0.9   0.04   -0.753   0   0   1.121e+08   0   0
1   0.04   -0.753   0   0   1.121e+08   0   0
1.1   0.04141   -0.7429   0   0   1.139e+08   0   0
1.2   0.0432   -0.7314   0   0   1.16e+08   0   0
1.3   0.0452   -0.7197   0   0   1.184e+08   0   0
1.4   0.04743   -0.7077   0   0   1.209e+08   0   0
1.5   0.04988   -0.6955   0   0   1.236e+08   0   0
1.6   0.05256   -0.683   0   0   1.264e+08   0   0
1.7   0.05548   -0.6702   0   0   1.294e+08   0   0
1.8   0.05865   -0.6571   0   0   1.325e+08   0   0
1.9   0.06207   -0.6437   0   0   1.357e+08   0   0
2   0.06574   -0.63   0   0   1.39e+08   0   0
2.1   0.06967   -0.6159   0   0   1.424e+08   0   0
2.2   0.07386   -0.6015   0   0   1.458e+08   0   0
2.3   0.0783   -0.5867   0   0   1.493e+08   0   0
2.4   0.083   -0.5716   0   0   1.528e+08   0   0
2.5   0.08796   -0.5562   0   0   1.564e+08   0   0
2.6   0.09316   -0.5403   0   0   1.599e+08   0   0
2.7   0.0986   -0.5242   0   0   1.635e+08   0   0
2.8   0.1043   -0.5076   0   0   1.67e+08   0   0
2.9   0.1102   -0.4908   0   0   1.704e+08   0   0
3   0.1163   -0.4735   0   0   1.739e+08   0   0
3.1   0.1225   -0.456   0   0   1.772e+08   0   0
3.2   0.129   -0.4381   0   0   1.805e+08   0   0
3.3   0.1356   -0.4199   0   0   1.837e+08   0   0
3.4   0.1423   -0.4014   0   0   1.868e+08   0   0
3.5   0.1491   -0.3825   0   0   1.898e+08   0   0
3.6   0.1559   -0.3634   0   0   1.926e+08   0   0
3.7   0.1628   -0.344   0   0   1.954e+08   0   0
3.8   0.1696   -0.3243   0   0   1.98e+08   0   0
3.9   0.1763   -0.3044   0   0   2.005e+08   0   0
4   0.1829   -0.2842   0   0   2.028e+08   0   0
4.1   0.1893   -0.2639   0   0   2.05e+08   0   0
4.2   0.1953   -0.2433   0   0   2.07e+08   0   0
4.3   0.201   -0.2225   0   0   2.088e+08   0   0
4.4   0.2061   -0.2015   0   0   2.103e+08   0   0
4.5   0.209   -0.1804   0   0   2.112e+08   0   0
4.6   0.209   -0.1593   0   0   2.112e+08   0   0
4.7   0.209   -0.1382   0   0   2.112e+08   0   0
4.8   0.209   -0.1171   0   0   2.112e+08   0   0
4.9   0.209   -0.09593   0   0   2.112e+08   0   0
5   0.209   -0.07481   0   0   2.112e+08   0   0
5.1   0.209   -0.0537   0   0   2.112e+08   0   0
5.2   0.209   -0.03258   0   0   2.112e+08   0   0
5.3   0.209   -0.01146   0   0   2.112e+08   0   0
5.4   0.209   0.009663   0   0   2.112e+08   0   0
5.5   0.209   0.03078   0   0   2.112e+08   0   0
5.6   0.209   0.0519   0   0   2.112e+08   0   0
5.7   0.209   0.07302   0   0   2.112e+08   0   0
5.8   0.209   0.09414   0   0   2.112e+08   0   0
5.9   0.209   0.1153   0   0   2.112e+08   0   0
6   0.209   0.1364   0   0   2.112e+08   0   0
6.1   0.209   0.1575   0   0   2.112e+08   0   0
6.2   0.209   0.1786   0   0   2.112e+08   0   0
6.3   0.218   0.1998   0   0   2.138e+08   0   0
6.4   0.2342   0.2214   0   0   2.182e+08   0   0
6.5   0.2497   0.2434   0   0   2.221e+08   0   0
6.6   0.2645   0.2658   0   0   2.255e+08   0   0
6.7   0.2786   0.2885   0   0   2.285e+08   0   0
6.8   0.2921   0.3115   0   0   2.313e+08   0   0
6.9   0.3049   0.3348   0   0   2.337e+08   0   0
7   0.3171   0.3583   0   0   2.359e+08   0   0
7.1   0.3286   0.382   0   0   2.379e+08   0   0
7.2   0.3396   0.4058   0   0   2.397e+08   0   0
7.3   0.35   0.4299   0   0   2.413e+08   0   0
7.4   0.3597   0.4541   0   0   2.427e+08   0   0
7.5   0.3689   0.4784   0   0   2.441e+08   0   0
7.6   0.3775   0.5029   0   0   2.453e+08   0   0
7.7   0.3856   0.5275   0   0   2.463e+08   0   0
7.8   0.3931   0.5522   0   0   2.473e+08   0   0
7.9   0.4   0.5769   0   0   2.482e+08   0   0
8   0.4065   0.6018   0   0   2.49e+08   0   0
8.1   0.4123   0.6267   0   0   2.497e+08   0   0
8.2   0.4177   0.6517   0   0   2.503e+08   0   0
8.3   0.4226   0.6768   0   0   2.509e+08   0   0
8.4   0.427   0.7019   0   0   2.514e+08   0   0
8.5   0.4309   0.7271   0   0   2.518e+08   0   0
8.6   0.4344   0.7523   0   0   2.522e+08   0   0
8.7   0.4345   0.7775   0   0   2.522e+08   0   0
8.8   0.4345   0.8027   0   0   2.522e+08   0   0
8.9   0.4345   0.8279   0   0   2.522e+08   0   0
9   0.4345   0.8532   0   0   2.522e+08   0   0
9.1   0.4345   0.8784   0   0   2.522e+08   0   0
9.2   0.4345   0.9036   0   0   2.522e+08   0   0
9.3   0.4345   0.9288   0   0   2.522e+08   0   0
9.4   0.4345   0.9541   0   0   2.522e+08   0   0
9.5   0.4345   0.9793   0   0   2.522e+08   0   0
9.6   0.4345   1.005   0   0   2.522e+08   0   0
9.7   0.4345   1.03   0   0   2.522e+08   0   0
9.8   0.4345   1.055   0   0   2.522e+08   0   0
9.9   0.4345   1.08   0   0   2.522e+08   0   0
10   0.4345   1.105   0   0   2.522e+08   0   0
10.1   0.4353   1.13   -0.003039   0   2.438e+08   -6.498e+07   0
10.2   0.4363   1.154   -0.01291   0   2.161e+08   -1.305e+08   0
10.3   0.4372   1.173   -0.02885   0   1.712e+08   -1.856e+08   0
10.4   0.4381   1.187   -0.0496   0   1.127e+08   -2.261e+08   0
10.5   0.439   1.195   -0.0735   0   4.54e+07   -2.486e+08   0
10.6   0.44   1.196   -0.09868   0   -2.553e+07   -2.515e+08   0
10.7   0.4409   1.19   -0.1231   0   -9.443e+07   -2.346e+08   0
10.8   0.4418   1.177   -0.145   0   -1.559e+08   -1.993e+08   0
10.9   0.4428   1.159   -0.1624   0   -2.051e+08   -1.483e+08   0
11   0.4437   1.137   -0.1742   0   -2.383e+08   -8.574e+07   0
11.1   0.4446   1.112   -0.1793   0   -2.528e+08   -1.647e+07   0
11.2   0.4454   1.087   -0.1775   0   -2.5e+08   4.154e+07   0
11.3   0.4454   1.062   -0.1733   0   -2.5e+08   4.154e+07   0
11.4   0.4454   1.037   -0.1692   0   -2.5e+08   4.154e+07   0
11.5   0.4454   1.012   -0.165   0   -2.5e+08   4.154e+07   0
11.6   0.4454   0.987   -0.1609   0   -2.5e+08   4.154e+07   0
11.7   0.4454   0.962   -0.1567   0   -2.5e+08   4.154e+07   0
11.8   0.4454   0.937   -0.1526   0   -2.5e+08   4.154e+07   0
11.9   0.4454   0.912   -0.1484   0   -2.5e+08   4.154e+07   0
12   0.4454   0.887   -0.1443   0   -2.5e+08   4.154e+07   0
12.1   0.4454   0.862   -0.1401   0   -2.5e+08   4.154e+07   0
12.2   0.4454   0.837   -0.1359   0   -2.5e+08   4.154e+07   0
12.3   0.4454   0.812   -0.1318   0   -2.5e+08   4.154e+07   0
12.4   0.4454   0.787   -0.1276   0   -2.5e+08   4.154e+07   0
12.5   0.4454   0.762   -0.1235   0   -2.5e+08   4.154e+07   0
12.6   0.4467   0.737   -0.1193   0   -2.501e+08   4.156e+07   0
12.7   0.4518   0.712   -0.1152   0   -2.507e+08   4.164e+07   0
12.8   0.4569   0.6869   -0.111   0   -2.512e+08   4.171e+07   0
12.9   0.4619   0.6617   -0.1068   0   -2.517e+08   4.179e+07   0
13   0.4668   0.6365   -0.1027   0   -2.521e+08   4.186e+07   0
13.1   0.4715   0.6113   -0.09846   0   -2.526e+08   4.193e+07   0
13.2   0.476   0.586   -0.09427   0   -2.53e+08   4.199e+07   0
13.3   0.4802   0.5607   -0.09006   0   -2.534e+08   4.205e+07   0
13.4   0.4842   0.5353   -0.08586   0   -2.538e+08   4.21e+07   0
13.5   0.4878   0.5099   -0.08164   0   -2.541e+08   4.215e+07   0
13.6   0.4911   0.4845   -0.07743   0   -2.544e+08   4.219e+07   0
13.7   0.4939   0.459   -0.07321   0   -2.547e+08   4.223e+07   0
13.8   0.4962   0.4336   -0.06898   0   -2.549e+08   4.225e+07   0
13.9   0.4979   0.4081   -0.06475   0   -2.55e+08   4.228e+07   0
14   0.499   0.3826   -0.06053   0   -2.551e+08   4.229e+07   0
14.1   0.4992   0.3571   -0.0563   0   -2.551e+08   4.229e+07   0
14.2   0.4986   0.3315   -0.05207   0   -2.551e+08   4.228e+07   0
14.3   0.497   0.306   -0.04784   0   -2.549e+08   4.227e+07   0
14.4   0.4942   0.2806   -0.04362   0   -2.547e+08   4.223e+07   0
14.5   0.4899   0.2551   -0.03939   0   -2.543e+08   4.219e+07   0
14.6   0.484   0.2297   -0.03518   0   -2.538e+08   4.212e+07   0
14.7   0.4761   0.2044   -0.03097   0   -2.53e+08   4.204e+07   0
14.8   0.4688   0.1791   -0.02677   0   -2.523e+08   4.196e+07   0
14.9   0.4688   0.1539   -0.02258   0   -2.523e+08   4.196e+07   0
15   0.4688   0.1286   -0.01838   0   -2.523e+08   4.196e+07   0
15.1   0.4688   0.1034   -0.01418   0   -2.523e+08   4.196e+07   0
15.2   0.4688   0.07818   -0.009987   0   -2.523e+08   4.196e+07   0
15.3   0.4688   0.05294   -0.005791   0   -2.523e+08   4.196e+07   0
15.4   0.4688   0.02771   -0.001595   0   -2.523e+08   4.196e+07   0
15.5   0.4688   0.002477   0.002601   0   -2.523e+08   4.196e+07   0
15.6   0.4688   -0.02276   0.006797   0   -2.523e+08   4.196e+07   0
15.7   0.4688   -0.04799   0.01099   0   -2.523e+08   4.196e+07   0
15.8   0.4688   -0.07322   0.01519   0   -2.523e+08   4.196e+07   0
15.9   0.4688   -0.09845   0.01939   0   -2.523e+08   4.196e+07   0
16   0.4688   -0.1237   0.02358   0   -2.523e+08   4.196e+07   0
16.1   0.4688   -0.1489   0.02778   0   -2.523e+08   4.196e+07   0
16.2   0.4688   -0.1742   0.03197   0   -2.523e+08   4.196e+07   0
16.3   0.4821   -0.1994   0.03618   0   -2.536e+08   4.224e+07   0
16.4   0.5037   -0.2249   0.04042   0   -2.555e+08   4.266e+07   0
16.5   0.5232   -0.2505   0.04471   0   -2.571e+08   4.3e+07   0
16.6   0.5408   -0.2763   0.04902   0   -2.584e+08   4.329e+07   0
16.7   0.5567   -0.3022   0.05336   0   -2.596e+08   4.354e+07   0
16.8   0.5713   -0.3282   0.05773   0   -2.606e+08   4.375e+07   0
16.9   0.5845   -0.3543   0.06211   0   -2.615e+08   4.393e+07   0
17   0.5965   -0.3805   0.06651   0   -2.623e+08   4.408e+07   0
17.1   0.6074   -0.4068   0.07093   0   -2.63e+08   4.422e+07   0
17.2   0.6174   -0.4331   0.07536   0   -2.636e+08   4.434e+07   0
17.3   0.6264   -0.4595   0.0798   0   -2.641e+08   4.444e+07   0
17.4   0.6345   -0.4859   0.08425   0   -2.646e+08   4.453e+07   0
17.5   0.6418   -0.5124   0.0887   0   -2.65e+08   4.461e+07   0
17.6   0.6484   -0.5389   0.09317   0   -2.654e+08   4.468e+07   0
17.7   0.6542   -0.5655   0.09764   0   -2.657e+08   4.474e+07   0
17.8   0.6593   -0.5921   0.1021   0   -2.66e+08   4.48e+07   0
17.9   0.6637   -0.6187   0.1066   0   -2.662e+08   4.484e+07   0
18   0.6676   -0.6453   0.1111   0   -2.664e+08   4.488e+07   0
18.1   0.6709   -0.6719   0.1156   0   -2.666e+08   4.491e+07   0
18.2   0.6736   -0.6986   0.1201   0   -2.667e+08   4.494e+07   0
18.3   0.6757   -0.7253   0.1246   0   -2.668e+08   4.496e+07   0
18.4   0.6769   -0.752   0.1291   0   -2.669e+08   4.497e+07   0
18.5   0.6769   -0.7787   0.1336   0   -2.669e+08   4.497e+07   0
18.6   0.6769   -0.8053   0.1381   0   -2.669e+08   4.497e+07   0
18.7   0.6769   -0.832   0.1425   0   -2.669e+08   4.497e+07   0
18.8   0.6769   -0.8587   0.147   0   -2.669e+08   4.497e+07   0
18.9   0.6769   -0.8854   0.1515   0   -2.669e+08   4.497e+07   0
19   0.6769   -0.9121   0.156   0   -2.669e+08   4.497e+07   0
19.1   0.6769   -0.9388   0.1605   0   -2.669e+08   4.497e+07   0
19.2   0.6769   -0.9655   0.165   0   -2.669e+08   4.497e+07   0
19.3   0.6769   -0.9921   0.1695   0   -2.669e+08   4.497e+07   0
19.4   0.6769   -1.019   0.174   0   -2.669e+08   4.497e+07   0
19.5   0.6769   -1.046   0.1785   0   -2.669e+08   4.497e+07   0
19.6   0.6769   -1.072   0.183   0   -2.669e+08   4.497e+07   0
19.7   0.6769   -1.099   0.1875   0   -2.669e+08   4.497e+07   0
19.8   0.6769   -1.126   0.192   0   -2.669e+08   4.497e+07   0
19.9   0.6785   -1.152   0.1985   0   -2.515e+08   1.002e+08   0
20   0.6808   -1.175   0.2121   0   -2.117e+08   1.69e+08   0
20.1   0.6831   -1.193   0.2319   0   -1.537e+08   2.231e+08   0
20.2   0.6854   -1.205   0.2562   0   -8.271e+07   2.581e+08   0
20.3   0.6877   -1.21   0.2828   0   -4.71e+06   2.711e+08   0
20.4   0.69   -1.206   0.3096   0   7.361e+07   2.611e+08   0
20.5   0.6923   -1.195   0.3343   0   1.456e+08   2.29e+08   0
20.6   0.6946   -1.177   0.3548   0   2.053e+08   1.777e+08   0
20.7   0.697   -1.155   0.3693   0   2.477e+08   1.115e+08   0
20.8   0.6993   -1.129   0.3767   0   2.694e+08   3.607e+07   0
20.9   0.7016   -1.101   0.3763   0   2.686e+08   -4.23e+07   0
21   0.7031   -1.075   0.3688   0   2.565e+08   -9.023e+07   0
21.1   0.7031   -1.05   0.3597   0   2.565e+08   -9.023e+07   0
21.2   0.7031   -1.024   0.3507   0   2.565e+08   -9.023e+07   0
21.3   0.7031   -0.9984   0.3417   0   2.565e+08   -9.023e+07   0
21.4   0.7031   -0.9728   0.3327   0   2.565e+08   -9.023e+07   0
21.5   0.7031   -0.9471   0.3237   0   2.565e+08   -9.023e+07   0
21.6   0.7031   -0.9214   0.3146   0   2.565e+08   -9.023e+07   0
21.7   0.7031   -0.8958   0.3056   0   2.565e+08   -9.023e+07   0
21.8   0.7031   -0.8701   0.2966   0   2.565e+08   -9.023e+07   0
21.9   0.7031   -0.8445   0.2876   0   2.565e+08   -9.023e+07   0
22   0.7031   -0.8188   0.2785   0   2.565e+08   -9.023e+07   0
22.1   0.7031   -0.7932   0.2695   0   2.565e+08   -9.023e+07   0
22.2   0.7031   -0.7675   0.2605   0   2.565e+08   -9.023e+07   0
22.3   0.7031   -0.7419   0.2515   0   2.565e+08   -9.023e+07   0
22.4   0.7031   -0.7162   0.2424   0   2.565e+08   -9.023e+07   0
22.5   0.7066   -0.6906   0.2334   0   2.567e+08   -9.028e+07   0
22.6   0.7102   -0.6649   0.2244   0   2.569e+08   -9.032e+07   0
22.7   0.7136   -0.6392   0.2154   0   2.57e+08   -9.037e+07   0
22.8   0.7167   -0.6135   0.2063   0   2.572e+08   -9.04e+07   0
22.9   0.7195   -0.5877   0.1973   0   2.573e+08   -9.044e+07   0
23   0.7218   -0.562   0.1882   0   2.574e+08   -9.046e+07   0
23.1   0.7238   -0.5363   0.1792   0   2.575e+08   -9.049e+07   0
23.2   0.7252   -0.5105   0.1701   0   2.575e+08   -9.05e+07   0
23.3   0.726   -0.4848   0.1611   0   2.576e+08   -9.051e+07   0
23.4   0.7263   -0.459   0.152   0   2.576e+08   -9.051e+07   0
23.5   0.7258   -0.4332   0.143   0   2.576e+08   -9.051e+07   0
23.6   0.7246   -0.4075   0.1339   0   2.575e+08   -9.05e+07   0
23.7   0.7224   -0.3817   0.1249   0   2.574e+08   -9.048e+07   0
23.8   0.7193   -0.356   0.1158   0   2.573e+08   -9.045e+07   0
23.9   0.7151   -0.3303   0.1068   0   2.571e+08   -9.041e+07   0
24   0.7096   -0.3046   0.09775   0   2.568e+08   -9.036e+07   0
24.1   0.7027   -0.2789   0.08872   0   2.565e+08   -9.03e+07   0
24.2   0.694   -0.2533   0.07969   0   2.561e+08   -9.023e+07   0
24.3   0.6832   -0.2277   0.07067   0   2.555e+08   -9.015e+07   0
24.4   0.6701   -0.2022   0.06166   0   2.548e+08   -9.007e+07   0
24.5   0.6563   -0.1768   0.05266   0   2.541e+08   -8.999e+07   0
24.6   0.6563   -0.1514   0.04366   0   2.541e+08   -8.999e+07   0
24.7   0.6563   -0.1259   0.03466   0   2.541e+08   -8.999e+07   0
24.8   0.6563   -0.1005   0.02566   0   2.541e+08   -8.999e+07   0
24.9   0.6563   -0.07513   0.01666   0   2.541e+08   -8.999e+07   0
25   0.6563   -0.04972   0.007663   0   2.541e+08   -8.999e+07   0
25.1   0.6563   -0.02431   -0.001336   0   2.541e+08   -8.999e+07   0
25.2   0.6563   0.001093   -0.01034   0   2.541e+08   -8.999e+07   0
25.3   0.6563   0.0265   -0.01934   0   2.541e+08   -8.999e+07   0
25.4   0.6563   0.05191   -0.02833   0   2.541e+08   -8.999e+07   0
25.5   0.6563   0.07732   -0.03733   0   2.541e+08   -8.999e+07   0
25.6   0.6563   0.1027   -0.04633   0   2.541e+08   -8.999e+07   0
25.7   0.6563   0.1281   -0.05533   0   2.541e+08   -8.999e+07   0
25.8   0.6563   0.1535   -0.06433   0   2.541e+08   -8.999e+07   0
25.9   0.6611   0.1789   -0.07333   0   2.543e+08   -9.014e+07   0
26   0.6845   0.2044   -0.08238   0   2.554e+08   -9.083e+07   0
26.1   0.7049   0.23   -0.09149   0   2.562e+08   -9.137e+07   0
26.2   0.723   0.2557   -0.1007   0   2.57e+08   -9.181e+07   0
26.3   0.739   0.2814   -0.1099   0   2.576e+08   -9.218e+07   0
26.4   0.7532   0.3072   -0.1191   0   2.581e+08   -9.248e+07   0
26.5   0.7659   0.333   -0.1283   0   2.586e+08   -9.273e+07   0
26.6   0.7773   0.3589   -0.1376   0   2.59e+08   -9.295e+07   0
26.7   0.7873   0.3848   -0.1469   0   2.594e+08   -9.313e+07   0
26.8   0.7963   0.4108   -0.1563   0   2.597e+08   -9.329e+07   0
26.9   0.8042   0.4368   -0.1656   0   2.6e+08   -9.342e+07   0
27   0.8111   0.4628   -0.1749   0   2.602e+08   -9.354e+07   0
27.1   0.8172   0.4888   -0.1843   0   2.604e+08   -9.364e+07   0
27.2   0.8225   0.5149   -0.1937   0   2.606e+08   -9.372e+07   0
27.3   0.827   0.5409   -0.203   0   2.607e+08   -9.379e+07   0
27.4   0.8308   0.567   -0.2124   0   2.608e+08   -9.384e+07   0
27.5   0.8339   0.5931   -0.2218   0   2.609e+08   -9.389e+07   0
27.6   0.8364   0.6192   -0.2312   0   2.61e+08   -9.393e+07   0
27.7   0.8383   0.6453   -0.2406   0   2.611e+08   -9.395e+07   0
27.8   0.8397   0.6714   -0.25   0   2.611e+08   -9.397e+07   0
27.9   0.8406   0.6975   -0.2594   0   2.611e+08   -9.398e+07   0
28   0.8407   0.7236   -0.2688   0   2.611e+08   -9.399e+07   0
28.1   0.8407   0.7497   -0.2782   0   2.611e+08   -9.399e+07   0
28.2   0.8407   0.7759   -0.2876   0   2.611e+08   -9.399e+07   0
28.3   0.8407   0.802   -0.297   0   2.611e+08   -9.399e+07   0
28.4   0.8407   0.8281   -0.3064   0   2.611e+08   -9.399e+07   0
28.5   0.8407   0.8542   -0.3158   0   2.611e+08   -9.399e+07   0
28.6   0.8407   0.8803   -0.3252   0   2.611e+08   -9.399e+07   0
28.7   0.8407   0.9064   -0.3346   0   2.611e+08   -9.399e+07   0
28.8   0.8407   0.9325   -0.344   0   2.611e+08   -9.399e+07   0
28.9   0.8407   0.9587   -0.3534   0   2.611e+08   -9.399e+07   0
29   0.8407   0.9848   -0.3628   0   2.611e+08   -9.399e+07   0
29.1   0.8407   1.011   -0.3722   0   2.611e+08   -9.399e+07   0
29.2   0.8407   1.037   -0.3816   0   2.611e+08   -9.399e+07   0
29.3   0.8407   1.063   -0.391   0   2.611e+08   -9.399e+07   0
29.4   0.8414   1.089   -0.4004   0   2.569e+08   -1.052e+08   0
29.5   0.8466   1.112   -0.4153   0   2.038e+08   -1.887e+08   0
29.6   0.8519   1.129   -0.4374   0   1.252e+08   -2.481e+08   0
29.7   0.8572   1.137   -0.464   0   3.104e+07   -2.764e+08   0
29.8   0.8625   1.135   -0.4916   0   -6.674e+07   -2.702e+08   0
29.9   0.8679   1.124   -0.5169   0   -1.56e+08   -2.306e+08   0
30   0.8732   1.104   -0.5367   0   -2.26e+08   -1.629e+08   0
30.1   0.8786   1.079   -0.5487   0   -2.683e+08   -7.562e+07   0
30.2   0.8841   1.052   -0.5514   0   -2.782e+08   2.059e+07   0
30.3   0.8895   1.025   -0.5446   0   -2.547e+08   1.141e+08   0
30.4   0.8907   1   -0.5315   0   -2.453e+08   1.332e+08   0
30.5   0.8907   0.9757   -0.5182   0   -2.453e+08   1.332e+08   0
30.6   0.8907   0.9512   -0.5048   0   -2.453e+08   1.332e+08   0
30.7   0.8907   0.9266   -0.4915   0   -2.453e+08   1.332e+08   0
30.8   0.8907   0.9021   -0.4782   0   -2.453e+08   1.332e+08   0
30.9   0.8907   0.8776   -0.4649   0   -2.453e+08   1.332e+08   0
31   0.8907   0.853   -0.4516   0   -2.453e+08   1.332e+08   0
31.1   0.8907   0.8285   -0.4382   0   -2.453e+08   1.332e+08   0
31.2   0.8907   0.804   -0.4249   0   -2.453e+08   1.332e+08   0
31.3   0.8907   0.7794   -0.4116   0   -2.453e+08   1.332e+08   0
31.4   0.8907   0.7549   -0.3983   0   -2.453e+08   1.332e+08   0
31.5   0.8907   0.7304   -0.385   0   -2.453e+08   1.332e+08   0
31.6   0.8907   0.7058   -0.3717   0   -2.453e+08   1.332e+08   0
31.7   0.8907   0.6813   -0.3583   0   -2.453e+08   1.332e+08   0
31.8   0.8923   0.6568   -0.345   0   -2.454e+08   1.332e+08   0
31.9   0.896   0.6322   -0.3317   0   -2.455e+08   1.332e+08   0
32   0.8994   0.6077   -0.3184   0   -2.456e+08   1.333e+08   0
32.1   0.9025   0.5831   -0.305   0   -2.457e+08   1.333e+08   0
32.2   0.9053   0.5585   -0.2917   0   -2.458e+08   1.333e+08   0
32.3   0.9077   0.534   -0.2784   0   -2.458e+08   1.334e+08   0
32.4   0.9097   0.5094   -0.265   0   -2.459e+08   1.334e+08   0
32.5   0.9111   0.4848   -0.2517   0   -2.459e+08   1.334e+08   0
32.6   0.912   0.4602   -0.2384   0   -2.459e+08   1.334e+08   0
32.7   0.9122   0.4356   -0.225   0   -2.459e+08   1.334e+08   0
32.8   0.9118   0.411   -0.2117   0   -2.459e+08   1.334e+08   0
32.9   0.9106   0.3864   -0.1983   0   -2.459e+08   1.334e+08   0
33   0.9084   0.3618   -0.185   0   -2.458e+08   1.334e+08   0
33.1   0.9053   0.3372   -0.1717   0   -2.458e+08   1.334e+08   0
33.2   0.901   0.3127   -0.1583   0   -2.456e+08   1.333e+08   0
33.3   0.8955   0.2881   -0.145   0   -2.455e+08   1.333e+08   0
33.4   0.8884   0.2636   -0.1317   0   -2.452e+08   1.332e+08   0
33.5   0.8796   0.2391   -0.1184   0   -2.45e+08   1.331e+08   0
33.6   0.8686   0.2146   -0.105   0   -2.446e+08   1.331e+08   0
33.7   0.8551   0.1901   -0.09174   0   -2.442e+08   1.33e+08   0
33.8   0.8415   0.1658   -0.07845   0   -2.437e+08   1.329e+08   0
33.9   0.8415   0.1414   -0.06516   0   -2.437e+08   1.329e+08   0
34   0.8415   0.117   -0.05186   0   -2.437e+08   1.329e+08   0
34.1   0.8415   0.09265   -0.03857   0   -2.437e+08   1.329e+08   0
34.2   0.8415   0.06829   -0.02528   0   -2.437e+08   1.329e+08   0
34.3   0.8415   0.04392   -0.01199   0   -2.437e+08   1.329e+08   0
34.4   0.8415   0.01955   0.001303   0   -2.437e+08   1.329e+08   0
34.5   0.8415   -0.004817   0.01459   0   -2.437e+08   1.329e+08   0
34.6   0.8415   -0.02918   0.02789   0   -2.437e+08   1.329e+08   0
34.7   0.8415   -0.05355   0.04118   0   -2.437e+08   1.329e+08   0
34.8   0.8415   -0.07792   0.05447   0   -2.437e+08   1.329e+08   0
34.9   0.8415   -0.1023   0.06776   0   -2.437e+08   1.329e+08   0
35   0.8415   -0.1267   0.08105   0   -2.437e+08   1.329e+08   0
35.1   0.8415   -0.151   0.09435   0   -2.437e+08   1.329e+08   0
35.2   0.8574   -0.1754   0.1077   0   -2.44e+08   1.334e+08   0
35.3   0.8801   -0.1998   0.121   0   -2.446e+08   1.339e+08   0
35.4   0.8999   -0.2243   0.1344   0   -2.45e+08   1.344e+08   0
35.5   0.9175   -0.2488   0.1479   0   -2.454e+08   1.347e+08   0
35.6   0.9331   -0.2734   0.1614   0   -2.457e+08   1.351e+08   0
35.7   0.947   -0.298   0.1749   0   -2.46e+08   1.353e+08   0
35.8   0.9594   -0.3226   0.1884   0   -2.463e+08   1.355e+08   0
35.9   0.9705   -0.3472   0.202   0   -2.465e+08   1.357e+08   0
36   0.9804   -0.3719   0.2156   0   -2.467e+08   1.359e+08   0
36.1   0.9892   -0.3966   0.2292   0   -2.469e+08   1.36e+08   0
36.2   0.9969   -0.4213   0.2428   0   -2.47e+08   1.362e+08   0
36.3   1.004   -0.446   0.2564   0   -2.471e+08   1.363e+08   0
36.4   1.01   -0.4707   0.27   0   -2.473e+08   1.363e+08   0
36.5   1.015   -0.4954   0.2837   0   -2.474e+08   1.364e+08   0
36.6   1.019   -0.5202   0.2973   0   -2.474e+08   1.365e+08   0
36.7   1.023   -0.5449   0.311   0   -2.475e+08   1.365e+08   0
36.8   1.026   -0.5697   0.3246   0   -2.476e+08   1.366e+08   0
36.9   1.029   -0.5944   0.3383   0   -2.476e+08   1.366e+08   0
37   1.031   -0.6192   0.352   0   -2.476e+08   1.366e+08   0
37.1   1.032   -0.644   0.3656   0   -2.477e+08   1.367e+08   0
37.2   1.032   -0.6687   0.3793   0   -2.477e+08   1.367e+08   0
37.3   1.032   -0.6935   0.393   0   -2.477e+08   1.367e+08   0
37.4   1.032   -0.7183   0.4066   0   -2.477e+08   1.367e+08   0
37.5   1.032   -0.743   0.4203   0   -2.477e+08   1.367e+08   0
37.6   1.032   -0.7678   0.434   0   -2.477e+08   1.367e+08   0
37.7   1.032   -0.7926   0.4476   0   -2.477e+08   1.367e+08   0
37.8   1.032   -0.8173   0.4613   0   -2.477e+08   1.367e+08   0
37.9   1.032   -0.8421   0.475   0   -2.477e+08   1.367e+08   0
38   1.032   -0.8669   0.4886   0   -2.477e+08   1.367e+08   0
38.1   1.032   -0.8916   0.5023   0   -2.477e+08   1.367e+08   0
38.2   1.032   -0.9164   0.516   0   -2.477e+08   1.367e+08   0
38.3   1.032   -0.9412   0.5296   0   -2.477e+08   1.367e+08   0
38.4   1.032   -0.9659   0.5433   0   -2.477e+08   1.367e+08   0
38.5   1.032   -0.9907   0.557   0   -2.477e+08   1.367e+08   0
38.6   1.032   -1.015   0.5706   0   -2.477e+08   1.367e+08   0
38.7   1.032   -1.04   0.5843   0   -2.477e+08   1.367e+08   0
38.8   1.032   -1.065   0.598   0   -2.477e+08   1.367e+08   0
38.9   1.032   -1.09   0.6116   0   -2.477e+08   1.367e+08   0
39   1.032   -1.115   0.6253   0   -2.477e+08   1.367e+08   0
39.1   1.032   -1.139   0.639   0   -2.477e+08   1.367e+08   0
39.2   1.032   -1.164   0.6526   0   -2.477e+08   1.367e+08   0
39.3   1.032   -1.189   0.6663   0   -2.477e+08   1.367e+08   0
39.4   1.032   -1.214   0.68   0   -2.477e+08   1.367e+08   0
39.5   1.032   -1.238   0.6936   0   -2.477e+08   1.367e+08   0
39.6   1.032   -1.263   0.7073   0   -2.477e+08   1.367e+08   0
39.7   1.032   -1.288   0.721   0   -2.477e+08   1.367e+08   0
39.8   1.032   -1.313   0.7346   0   -2.477e+08   1.367e+08   0
39.9   1.032   -1.337   0.7483   0   -2.477e+08   1.367e+08   0
40   1.032   -1.362   0.762   0   -2.477e+08   1.367e+08   0
40.1   1.032   -1.387   0.7756   0   -2.477e+08   1.367e+08   0
40.2   1.032   -1.412   0.7893   0   -2.477e+08   1.367e+08   0
40.3   1.032   -1.437   0.803   0   -2.477e+08   1.367e+08   0
40.4   1.032   -1.461   0.8166   0   -2.477e+08   1.367e+08   0
40.5   1.032   -1.486   0.8303   0   -2.477e+08   1.367e+08   0
40.6   1.032   -1.511   0.844   0   -2.477e+08   1.367e+08   0
40.7   1.032   -1.536   0.8576   0   -2.477e+08   1.367e+08   0
40.8   1.032   -1.56   0.8713   0   -2.477e+08   1.367e+08   0
40.9   1.032   -1.585   0.885   0   -2.477e+08   1.367e+08   0
41   1.032   -1.61   0.8986   0   -2.477e+08   1.367e+08   0
41.1   1.032   -1.635   0.9123   0   -2.477e+08   1.367e+08   0
41.2   1.032   -1.659   0.9259   0   -2.477e+08   1.367e+08   0
41.3   1.032   -1.684   0.9396   0   -2.477e+08   1.367e+08   0
41.4   1.032   -1.709   0.9533   0   -2.477e+08   1.367e+08   0
41.5   1.032   -1.734   0.9669   0   -2.477e+08   1.367e+08   0
41.6   1.032   -1.759   0.9806   0   -2.477e+08   1.367e+08   0
41.7   1.032   -1.783   0.9943   0   -2.477e+08   1.367e+08   0
41.8   1.032   -1.808   1.008   0   -2.477e+08   1.367e+08   0
41.9   1.032   -1.833   1.022   0   -2.477e+08   1.367e+08   0
42   1.032   -1.858   1.035   0   -2.477e+08   1.367e+08   0
42.1   1.032   -1.882   1.049   0   -2.477e+08   1.367e+08   0
42.2   1.032   -1.907   1.063   0   -2.477e+08   1.367e+08   0
42.3   1.032   -1.932   1.076   0   -2.477e+08   1.367e+08   0
42.4   1.032   -1.957   1.09   0   -2.477e+08   1.367e+08   0
42.5   1.032   -1.981   1.104   0   -2.477e+08   1.367e+08   0
42.6   1.032   -2.006   1.117   0   -2.477e+08   1.367e+08   0
42.7   1.032   -2.031   1.131   0   -2.477e+08   1.367e+08   0
42.8   1.032   -2.056   1.145   0   -2.477e+08   1.367e+08   0
42.9   1.032   -2.081   1.158   0   -2.477e+08   1.367e+08   0
43   1.032   -2.105   1.172   0   -2.477e+08   1.367e+08   0
43.1   1.032   -2.13   1.186   0   -2.477e+08   1.367e+08   0
43.2   1.032   -2.155   1.199   0   -2.477e+08   1.367e+08   0
43.3   1.032   -2.18   1.213   0   -2.477e+08   1.367e+08   0
43.4   1.032   -2.204   1.227   0   -2.477e+08   1.367e+08   0
43.5   1.032   -2.229   1.24   0   -2.477e+08   1.367e+08   0
43.6   1.032   -2.254   1.254   0   -2.477e+08   1.367e+08   0
43.7   1.032   -2.279   1.268   0   -2.477e+08   1.367e+08   0
43.8   1.032   -2.303   1.281   0   -2.477e+08   1.367e+08   0
43.9   1.032   -2.328   1.295   0   -2.477e+08   1.367e+08   0
44   1.032   -2.353   1.309   0   -2.477e+08   1.367e+08   0
44.1   1.032   -2.378   1.322   0   -2.477e+08   1.367e+08   0
44.2   1.032   -2.403   1.336   0   -2.477e+08   1.367e+08   0
44.3   1.032   -2.427   1.35   0   -2.477e+08   1.367e+08   0
44.4   1.032   -2.452   1.363   0   -2.477e+08   1.367e+08   0
44.5   1.032   -2.477   1.377   0   -2.477e+08   1.367e+08   0
44.6   1.032   -2.502   1.391   0   -2.477e+08   1.367e+08   0
44.7   1.032   -2.526   1.404   0   -2.477e+08   1.367e+08   0
44.8   1.032   -2.551   1.418   0   -2.477e+08   1.367e+08   0
44.9   1.032   -2.576   1.432   0   -2.477e+08   1.367e+08   0
45   1.032   -2.601   1.445   0   -2.477e+08   1.367e+08   0
