0   0.04   -0.753   0   0   1.121e+08   0   0
0.1   0.04   -0.753   0   0   1.121e+08   0   0
0.2   0.04   -0.753   0   0   1.121e+08   0   0
0.3   0.04   -0.753   0   0   1.121e+08   0   0
0.4   0.04   -0.753   0   0   1.121e+08   0   0
0.5   0.04   -0.753   0   0   1.121e+08   0   0
0.6   0.04   -0.753   0   0   1.121e+08   0   0
0.7   0.04   -0.753   0   0   1.121e+08   0   0
0.8   0.04   -0.753   0   0   1.121e+08   0   0
0.9   0.04   -0.753   0   0   1.121e+08   0   0
1   0.04   -0.753   0   0   1.121e+08   0   0
1.1   0.04109   -0.7452   0   0   1.135e+08   0   0
1.2   0.04287   -0.7337   0   0   1.157e+08   0   0
1.3   0.04487   -0.722   0   0   1.18e+08   0   0
1.4   0.04707   -0.7101   0   0   1.205e+08   0   0
1.5   0.04951   -0.6979   0   0   1.232e+08   0   0
1.6   0.05217   -0.6855   0   0   1.26e+08   0   0
1.7   0.05508   -0.6727   0   0   1.29e+08   0   0
1.8   0.05822   -0.6597   0   0   1.321e+08   0   0
1.9   0.06162   -0.6463   0   0   1.353e+08   0   0
2   0.06526   -0.6326   0   0   1.386e+08   0   0
2.1   0.06916   -0.6186   0   0   1.42e+08   0   0
2.2   0.07332   -0.6042   0   0   1.454e+08   0   0
2.3   0.07773   -0.5895   0   0   1.489e+08   0   0
2.4   0.0824   -0.5744   0   0   1.524e+08   0   0
2.5   0.08731   -0.559   0   0   1.559e+08   0   0
2.6   0.09247   -0.5432   0   0   1.595e+08   0   0
2.7   0.09787   -0.5271   0   0   1.63e+08   0   0
2.8   0.1035   -0.5106   0   0   1.665e+08   0   0
2.9   0.1093   -0.4938   0   0   1.7e+08   0   0
3   0.1154   -0.4766   0   0   1.734e+08   0   0
3.1   0.1216   -0.4591   0   0   1.767e+08   0   0
3.2   0.128   -0.4413   0   0   1.8e+08   0   0
3.3   0.1345   -0.4231   0   0   1.832e+08   0   0
3.4   0.1411   -0.4047   0   0   1.863e+08   0   0
3.5   0.1478   -0.3859   0   0   1.892e+08   0   0
3.6   0.1546   -0.3668   0   0   1.921e+08   0   0
3.7   0.1614   -0.3475   0   0   1.948e+08   0   0
3.8   0.1681   -0.3278   0   0   1.975e+08   0   0
3.9   0.1747   -0.308   0   0   1.999e+08   0   0
4   0.1812   -0.2879   0   0   2.022e+08   0   0
4.1   0.1875   -0.2675   0   0   2.044e+08   0   0
4.2   0.1935   -0.247   0   0   2.064e+08   0   0
4.3   0.199   -0.2263   0   0   2.081e+08   0   0
4.4   0.204   -0.2054   0   0   2.097e+08   0   0
4.5   0.2076   -0.1843   0   0   2.108e+08   0   0
4.6   0.2076   -0.1633   0   0   2.108e+08   0   0
4.7   0.2076   -0.1422   0   0   2.108e+08   0   0
4.8   0.2076   -0.1211   0   0   2.108e+08   0   0
4.9   0.2076   -0.1   0   0   2.108e+08   0   0
5   0.2076   -0.07894   0   0   2.108e+08   0   0
5.1   0.2076   -0.05786   0   0   2.108e+08   0   0
5.2   0.2076   -0.03678   0   0   2.108e+08   0   0
5.3   0.2076   -0.01571   0   0   2.108e+08   0   0
5.4   0.2076   0.005373   0   0   2.108e+08   0   0
5.5   0.2076   0.02645   0   0   2.108e+08   0   0
5.6   0.2076   0.04753   0   0   2.108e+08   0   0
5.7   0.2076   0.06861   0   0   2.108e+08   0   0
5.8   0.2076   0.08969   0   0   2.108e+08   0   0
5.9   0.2076   0.1108   0   0   2.108e+08   0   0
6   0.2076   0.1318   0   0   2.108e+08   0   0
6.1   0.2076   0.1529   0   0   2.108e+08   0   0
6.2   0.2076   0.174   0   0   2.108e+08   0   0
6.3   0.213   0.1951   0   0   2.124e+08   0   0
6.4   0.2295   0.2166   0   0   2.17e+08   0   0
6.5   0.2452   0.2385   0   0   2.21e+08   0   0
6.6   0.2603   0.2608   0   0   2.245e+08   0   0
6.7   0.2746   0.2834   0   0   2.277e+08   0   0
6.8   0.2882   0.3063   0   0   2.305e+08   0   0
6.9   0.3012   0.3295   0   0   2.33e+08   0   0
7   0.3136   0.3529   0   0   2.353e+08   0   0
7.1   0.3253   0.3765   0   0   2.373e+08   0   0
7.2   0.3364   0.4004   0   0   2.391e+08   0   0
7.3   0.3468   0.4244   0   0   2.408e+08   0   0
7.4   0.3567   0.4485   0   0   2.423e+08   0   0
7.5   0.366   0.4728   0   0   2.436e+08   0   0
7.6   0.3747   0.4972   0   0   2.449e+08   0   0
7.7   0.3828   0.5218   0   0   2.46e+08   0   0
7.8   0.3904   0.5464   0   0   2.47e+08   0   0
7.9   0.3974   0.5712   0   0   2.479e+08   0   0
8   0.4039   0.596   0   0   2.487e+08   0   0
8.1   0.4098   0.6209   0   0   2.494e+08   0   0
8.2   0.4153   0.6459   0   0   2.5e+08   0   0
8.3   0.4202   0.6709   0   0   2.506e+08   0   0
8.4   0.4246   0.696   0   0   2.511e+08   0   0
8.5   0.4286   0.7211   0   0   2.516e+08   0   0
8.6   0.432   0.7463   0   0   2.52e+08   0   0
8.7   0.4329   0.7715   0   0   2.521e+08   0   0
8.8   0.4329   0.7967   0   0   2.521e+08   0   0
8.9   0.4329   0.8219   0   0   2.521e+08   0   0
9   0.4329   0.8471   0   0   2.521e+08   0   0
9.1   0.4329   0.8723   0   0   2.521e+08   0   0
9.2   0.4329   0.8975   0   0   2.521e+08   0   0
9.3   0.4329   0.9228   0   0   2.521e+08   0   0
9.4   0.4329   0.948   0   0   2.521e+08   0   0
9.5   0.4329   0.9732   0   0   2.521e+08   0   0
9.6   0.4329   0.9984   0   0   2.521e+08   0   0
9.7   0.4329   1.024   0   0   2.521e+08   0   0
9.8   0.4329   1.049   0   0   2.521e+08   0   0
9.9   0.4329   1.074   0   0   2.521e+08   0   0
10   0.4329   1.099   0   0   2.521e+08   0   0
10.1   0.4335   1.124   -0.001672   0   2.475e+08   -4.833e+07   0
10.2   0.4344   1.148   -0.009959   0   2.242e+08   -1.156e+08   0
10.3   0.4354   1.168   -0.02455   0   1.83e+08   -1.737e+08   0
10.4   0.4363   1.184   -0.04429   0   1.273e+08   -2.18e+08   0
10.5   0.4372   1.194   -0.06761   0   6.15e+07   -2.449e+08   0
10.6   0.4381   1.196   -0.09265   0   -9.159e+06   -2.525e+08   0
10.7   0.4391   1.192   -0.1174   0   -7.909e+07   -2.4e+08   0
10.8   0.44   1.18   -0.14   0   -1.428e+08   -2.087e+08   0
10.9   0.4409   1.163   -0.1586   0   -1.952e+08   -1.609e+08   0
11   0.4418   1.142   -0.1717   0   -2.323e+08   -1.004e+08   0
11.1   0.4428   1.118   -0.1783   0   -2.511e+08   -3.212e+07   0
11.2   0.4437   1.092   -0.178   0   -2.503e+08   3.87e+07   0
11.3   0.4437   1.067   -0.1739   0   -2.499e+08   4.08e+07   0
11.4   0.4437   1.042   -0.1698   0   -2.499e+08   4.08e+07   0
11.5   0.4437   1.017   -0.1657   0   -2.499e+08   4.08e+07   0
11.6   0.4437   0.9924   -0.1616   0   -2.499e+08   4.08e+07   0
11.7   0.4437   0.9674   -0.1576   0   -2.499e+08   4.08e+07   0
11.8   0.4437   0.9424   -0.1535   0   -2.499e+08   4.08e+07   0
11.9   0.4437   0.9174   -0.1494   0   -2.499e+08   4.08e+07   0
12   0.4437   0.8924   -0.1453   0   -2.499e+08   4.08e+07   0
12.1   0.4437   0.8674   -0.1412   0   -2.499e+08   4.08e+07   0
12.2   0.4437   0.8424   -0.1372   0   -2.499e+08   4.08e+07   0
12.3   0.4437   0.8174   -0.1331   0   -2.499e+08   4.08e+07   0
12.4   0.4437   0.7924   -0.129   0   -2.499e+08   4.08e+07   0
12.5   0.4437   0.7674   -0.1249   0   -2.499e+08   4.08e+07   0
12.6   0.4438   0.7424   -0.1208   0   -2.499e+08   4.081e+07   0
12.7   0.4489   0.7174   -0.1168   0   -2.505e+08   4.089e+07   0
12.8   0.454   0.6924   -0.1127   0   -2.51e+08   4.098e+07   0
12.9   0.4589   0.6672   -0.1086   0   -2.515e+08   4.106e+07   0
13   0.4637   0.6421   -0.1045   0   -2.52e+08   4.113e+07   0
13.1   0.4684   0.6168   -0.1003   0   -2.524e+08   4.121e+07   0
13.2   0.4728   0.5916   -0.09621   0   -2.528e+08   4.127e+07   0
13.3   0.477   0.5663   -0.09208   0   -2.532e+08   4.134e+07   0
13.4   0.481   0.5409   -0.08795   0   -2.536e+08   4.14e+07   0
13.5   0.4846   0.5156   -0.0838   0   -2.539e+08   4.145e+07   0
13.6   0.4878   0.4901   -0.07966   0   -2.542e+08   4.15e+07   0
13.7   0.4906   0.4647   -0.0755   0   -2.545e+08   4.154e+07   0
13.8   0.4928   0.4393   -0.07135   0   -2.547e+08   4.157e+07   0
13.9   0.4945   0.4138   -0.06719   0   -2.548e+08   4.159e+07   0
14   0.4955   0.3883   -0.06303   0   -2.549e+08   4.161e+07   0
14.1   0.4958   0.3628   -0.05887   0   -2.549e+08   4.161e+07   0
14.2   0.4952   0.3373   -0.05471   0   -2.549e+08   4.16e+07   0
14.3   0.4936   0.3118   -0.05055   0   -2.547e+08   4.158e+07   0
14.4   0.4909   0.2864   -0.04639   0   -2.545e+08   4.154e+07   0
14.5   0.4867   0.2609   -0.04224   0   -2.541e+08   4.148e+07   0
14.6   0.481   0.2355   -0.0381   0   -2.536e+08   4.14e+07   0
14.7   0.4733   0.2102   -0.03396   0   -2.529e+08   4.129e+07   0
14.8   0.4636   0.185   -0.02984   0   -2.519e+08   4.114e+07   0
14.9   0.4636   0.1598   -0.02573   0   -2.519e+08   4.114e+07   0
15   0.4636   0.1346   -0.02161   0   -2.519e+08   4.114e+07   0
15.1   0.4636   0.1094   -0.0175   0   -2.519e+08   4.114e+07   0
15.2   0.4636   0.0842   -0.01339   0   -2.519e+08   4.114e+07   0
15.3   0.4636   0.059   -0.009272   0   -2.519e+08   4.114e+07   0
15.4   0.4636   0.03381   -0.005158   0   -2.519e+08   4.114e+07   0
15.5   0.4636   0.008616   -0.001044   0   -2.519e+08   4.114e+07   0
15.6   0.4636   -0.01658   0.003069   0   -2.519e+08   4.114e+07   0
15.7   0.4636   -0.04177   0.007183   0   -2.519e+08   4.114e+07   0
15.8   0.4636   -0.06697   0.0113   0   -2.519e+08   4.114e+07   0
15.9   0.4636   -0.09216   0.01541   0   -2.519e+08   4.114e+07   0
16   0.4636   -0.1174   0.01953   0   -2.519e+08   4.114e+07   0
16.1   0.4636   -0.1425   0.02364   0   -2.519e+08   4.114e+07   0
16.2   0.4636   -0.1677   0.02775   0   -2.519e+08   4.114e+07   0
16.3   0.4703   -0.1929   0.03187   0   -2.526e+08   4.125e+07   0
16.4   0.4926   -0.2183   0.03601   0   -2.546e+08   4.16e+07   0
16.5   0.5126   -0.2439   0.04019   0   -2.564e+08   4.189e+07   0
16.6   0.5306   -0.2696   0.04439   0   -2.578e+08   4.214e+07   0
16.7   0.547   -0.2954   0.04861   0   -2.591e+08   4.235e+07   0
16.8   0.5618   -0.3214   0.05286   0   -2.601e+08   4.253e+07   0
16.9   0.5753   -0.3474   0.05712   0   -2.611e+08   4.268e+07   0
17   0.5875   -0.3736   0.06139   0   -2.619e+08   4.282e+07   0
17.1   0.5987   -0.3998   0.06568   0   -2.626e+08   4.294e+07   0
17.2   0.6088   -0.4261   0.06998   0   -2.633e+08   4.305e+07   0
17.3   0.6179   -0.4525   0.07429   0   -2.638e+08   4.314e+07   0
17.4   0.6262   -0.4789   0.07861   0   -2.643e+08   4.322e+07   0
17.5   0.6336   -0.5053   0.08293   0   -2.647e+08   4.329e+07   0
17.6   0.6402   -0.5318   0.08727   0   -2.651e+08   4.336e+07   0
17.7   0.6461   -0.5584   0.09161   0   -2.654e+08   4.341e+07   0
17.8   0.6513   -0.5849   0.09595   0   -2.657e+08   4.346e+07   0
17.9   0.6558   -0.6115   0.1003   0   -2.66e+08   4.35e+07   0
18   0.6597   -0.6381   0.1046   0   -2.662e+08   4.354e+07   0
18.1   0.663   -0.6647   0.109   0   -2.664e+08   4.356e+07   0
18.2   0.6657   -0.6914   0.1134   0   -2.665e+08   4.359e+07   0
18.3   0.6679   -0.718   0.1177   0   -2.666e+08   4.361e+07   0
18.4   0.6695   -0.7447   0.1221   0   -2.667e+08   4.362e+07   0
18.5   0.6695   -0.7714   0.1264   0   -2.667e+08   4.362e+07   0
18.6   0.6695   -0.7981   0.1308   0   -2.667e+08   4.362e+07   0
18.7   0.6695   -0.8247   0.1352   0   -2.667e+08   4.362e+07   0
18.8   0.6695   -0.8514   0.1395   0   -2.667e+08   4.362e+07   0
18.9   0.6695   -0.8781   0.1439   0   -2.667e+08   4.362e+07   0
19   0.6695   -0.9047   0.1483   0   -2.667e+08   4.362e+07   0
19.1   0.6695   -0.9314   0.1526   0   -2.667e+08   4.362e+07   0
19.2   0.6695   -0.9581   0.157   0   -2.667e+08   4.362e+07   0
19.3   0.6695   -0.9847   0.1613   0   -2.667e+08   4.362e+07   0
19.4   0.6695   -1.011   0.1657   0   -2.667e+08   4.362e+07   0
19.5   0.6695   -1.038   0.1701   0   -2.667e+08   4.362e+07   0
19.6   0.6695   -1.065   0.1744   0   -2.667e+08   4.362e+07   0
19.7   0.6695   -1.091   0.1788   0   -2.667e+08   4.362e+07   0
19.8   0.6695   -1.118   0.1832   0   -2.667e+08   4.362e+07   0
19.9   0.6703   -1.145   0.188   0   -2.606e+08   7.183e+07   0
20   0.6726   -1.169   0.199   0   -2.283e+08   1.449e+08   0
20.1   0.6748   -1.19   0.2167   0   -1.762e+08   2.052e+08   0
20.2   0.6771   -1.204   0.2395   0   -1.089e+08   2.478e+08   0
20.3   0.6794   -1.211   0.2655   0   -3.227e+07   2.688e+08   0
20.4   0.6817   -1.21   0.2925   0   4.708e+07   2.668e+08   0
20.5   0.684   -1.202   0.3181   0   1.223e+08   2.418e+08   0
20.6   0.6863   -1.186   0.3401   0   1.87e+08   1.963e+08   0
20.7   0.6886   -1.165   0.3567   0   2.358e+08   1.341e+08   0
20.8   0.6909   -1.14   0.3665   0   2.645e+08   6.056e+07   0
20.9   0.6932   -1.113   0.3686   0   2.709e+08   -1.798e+07   0
21   0.6954   -1.086   0.3629   0   2.558e+08   -9.122e+07   0
21.1   0.6954   -1.061   0.3538   0   2.558e+08   -9.122e+07   0
21.2   0.6954   -1.035   0.3446   0   2.558e+08   -9.122e+07   0
21.3   0.6954   -1.009   0.3355   0   2.558e+08   -9.122e+07   0
21.4   0.6954   -0.9838   0.3264   0   2.558e+08   -9.122e+07   0
21.5   0.6954   -0.9582   0.3173   0   2.558e+08   -9.122e+07   0
21.6   0.6954   -0.9326   0.3082   0   2.558e+08   -9.122e+07   0
21.7   0.6954   -0.9071   0.299   0   2.558e+08   -9.122e+07   0
21.8   0.6954   -0.8815   0.2899   0   2.558e+08   -9.122e+07   0
21.9   0.6954   -0.8559   0.2808   0   2.558e+08   -9.122e+07   0
22   0.6954   -0.8303   0.2717   0   2.558e+08   -9.122e+07   0
22.1   0.6954   -0.8047   0.2626   0   2.558e+08   -9.122e+07   0
22.2   0.6954   -0.7792   0.2534   0   2.558e+08   -9.122e+07   0
22.3   0.6954   -0.7536   0.2443   0   2.558e+08   -9.122e+07   0
22.4   0.6954   -0.728   0.2352   0   2.558e+08   -9.122e+07   0
22.5   0.6975   -0.7024   0.2261   0   2.559e+08   -9.124e+07   0
22.6   0.7011   -0.6768   0.2169   0   2.561e+08   -9.127e+07   0
22.7   0.7045   -0.6512   0.2078   0   2.562e+08   -9.129e+07   0
22.8   0.7076   -0.6256   0.1987   0   2.564e+08   -9.132e+07   0
22.9   0.7103   -0.5999   0.1895   0   2.565e+08   -9.134e+07   0
23   0.7126   -0.5743   0.1804   0   2.566e+08   -9.135e+07   0
23.1   0.7144   -0.5486   0.1713   0   2.567e+08   -9.136e+07   0
23.2   0.7158   -0.5229   0.1621   0   2.568e+08   -9.137e+07   0
23.3   0.7167   -0.4973   0.153   0   2.568e+08   -9.137e+07   0
23.4   0.7169   -0.4716   0.1439   0   2.568e+08   -9.137e+07   0
23.5   0.7165   -0.4459   0.1347   0   2.568e+08   -9.137e+07   0
23.6   0.7152   -0.4202   0.1256   0   2.567e+08   -9.137e+07   0
23.7   0.7132   -0.3945   0.1165   0   2.566e+08   -9.136e+07   0
23.8   0.7102   -0.3689   0.1073   0   2.565e+08   -9.136e+07   0
23.9   0.7061   -0.3432   0.09818   0   2.563e+08   -9.136e+07   0
24   0.7008   -0.3176   0.08904   0   2.56e+08   -9.136e+07   0
24.1   0.694   -0.292   0.07991   0   2.557e+08   -9.138e+07   0
24.2   0.6857   -0.2665   0.07077   0   2.552e+08   -9.141e+07   0
24.3   0.6754   -0.241   0.06162   0   2.546e+08   -9.148e+07   0
24.4   0.6629   -0.2156   0.05247   0   2.539e+08   -9.159e+07   0
24.5   0.6476   -0.1902   0.0433   0   2.529e+08   -9.178e+07   0
24.6   0.6431   -0.165   0.03412   0   2.526e+08   -9.185e+07   0
24.7   0.6431   -0.1397   0.02493   0   2.526e+08   -9.185e+07   0
24.8   0.6431   -0.1145   0.01575   0   2.526e+08   -9.185e+07   0
24.9   0.6431   -0.08919   0.006562   0   2.526e+08   -9.185e+07   0
25   0.6431   -0.06393   -0.002623   0   2.526e+08   -9.185e+07   0
25.1   0.6431   -0.03866   -0.01181   0   2.526e+08   -9.185e+07   0
25.2   0.6431   -0.0134   -0.02099   0   2.526e+08   -9.185e+07   0
25.3   0.6431   0.01186   -0.03018   0   2.526e+08   -9.185e+07   0
25.4   0.6431   0.03712   -0.03936   0   2.526e+08   -9.185e+07   0
25.5   0.6431   0.06238   -0.04855   0   2.526e+08   -9.185e+07   0
25.6   0.6431   0.08765   -0.05773   0   2.526e+08   -9.185e+07   0
25.7   0.6431   0.1129   -0.06692   0   2.526e+08   -9.185e+07   0
25.8   0.6431   0.1382   -0.07611   0   2.526e+08   -9.185e+07   0
25.9   0.6431   0.1634   -0.08529   0   2.526e+08   -9.185e+07   0
26   0.6634   0.1887   -0.09452   0   2.534e+08   -9.29e+07   0
26.1   0.6845   0.2141   -0.1039   0   2.543e+08   -9.387e+07   0
26.2   0.7032   0.2396   -0.1133   0   2.55e+08   -9.463e+07   0
26.3   0.7196   0.2651   -0.1228   0   2.556e+08   -9.525e+07   0
26.4   0.7343   0.2907   -0.1323   0   2.561e+08   -9.575e+07   0
26.5   0.7473   0.3163   -0.1419   0   2.565e+08   -9.616e+07   0
26.6   0.7589   0.342   -0.1516   0   2.569e+08   -9.65e+07   0
26.7   0.7692   0.3677   -0.1612   0   2.573e+08   -9.679e+07   0
26.8   0.7783   0.3934   -0.1709   0   2.576e+08   -9.703e+07   0
26.9   0.7864   0.4192   -0.1806   0   2.578e+08   -9.723e+07   0
27   0.7935   0.445   -0.1904   0   2.581e+08   -9.74e+07   0
27.1   0.7997   0.4708   -0.2001   0   2.583e+08   -9.755e+07   0
27.2   0.805   0.4967   -0.2099   0   2.584e+08   -9.767e+07   0
27.3   0.8096   0.5225   -0.2196   0   2.586e+08   -9.777e+07   0
27.4   0.8135   0.5484   -0.2294   0   2.587e+08   -9.785e+07   0
27.5   0.8166   0.5743   -0.2392   0   2.588e+08   -9.792e+07   0
27.6   0.8192   0.6001   -0.249   0   2.589e+08   -9.797e+07   0
27.7   0.8211   0.626   -0.2588   0   2.589e+08   -9.8e+07   0
27.8   0.8225   0.6519   -0.2686   0   2.59e+08   -9.803e+07   0
27.9   0.8234   0.6778   -0.2784   0   2.59e+08   -9.805e+07   0
28   0.8237   0.7037   -0.2882   0   2.59e+08   -9.806e+07   0
28.1   0.8237   0.7296   -0.298   0   2.59e+08   -9.806e+07   0
28.2   0.8237   0.7555   -0.3078   0   2.59e+08   -9.806e+07   0
28.3   0.8237   0.7814   -0.3176   0   2.59e+08   -9.806e+07   0
28.4   0.8237   0.8073   -0.3274   0   2.59e+08   -9.806e+07   0
28.5   0.8237   0.8332   -0.3373   0   2.59e+08   -9.806e+07   0
28.6   0.8237   0.8591   -0.3471   0   2.59e+08   -9.806e+07   0
28.7   0.8237   0.885   -0.3569   0   2.59e+08   -9.806e+07   0
28.8   0.8237   0.9109   -0.3667   0   2.59e+08   -9.806e+07   0
28.9   0.8237   0.9368   -0.3765   0   2.59e+08   -9.806e+07   0
29   0.8237   0.9627   -0.3863   0   2.59e+08   -9.806e+07   0
29.1   0.8237   0.9886   -0.3961   0   2.59e+08   -9.806e+07   0
29.2   0.8237   1.015   -0.4059   0   2.59e+08   -9.806e+07   0
29.3   0.8237   1.04   -0.4157   0   2.59e+08   -9.806e+07   0
29.4   0.8237   1.066   -0.4255   0   2.59e+08   -9.806e+07   0
29.5   0.8276   1.091   -0.4379   0   2.232e+08   -1.642e+08   0
29.6   0.8328   1.11   -0.458   0   1.507e+08   -2.327e+08   0
29.7   0.838   1.12   -0.4835   0   5.898e+07   -2.711e+08   0
29.8   0.8432   1.121   -0.5111   0   -4.008e+07   -2.747e+08   0
29.9   0.8484   1.112   -0.5372   0   -1.338e+08   -2.435e+08   0
30   0.8537   1.095   -0.5587   0   -2.105e+08   -1.816e+08   0
30.1   0.859   1.071   -0.5727   0   -2.606e+08   -9.72e+07   0
30.2   0.8644   1.044   -0.5776   0   -2.783e+08   -9.5e+05   0
30.3   0.8697   1.017   -0.5728   0   -2.617e+08   9.518e+07   0
30.4   0.8718   0.9917   -0.5605   0   -2.468e+08   1.292e+08   0
30.5   0.8718   0.967   -0.5476   0   -2.468e+08   1.292e+08   0
30.6   0.8718   0.9424   -0.5347   0   -2.468e+08   1.292e+08   0
30.7   0.8718   0.9177   -0.5218   0   -2.468e+08   1.292e+08   0
30.8   0.8718   0.893   -0.5088   0   -2.468e+08   1.292e+08   0
30.9   0.8718   0.8683   -0.4959   0   -2.468e+08   1.292e+08   0
31   0.8718   0.8436   -0.483   0   -2.468e+08   1.292e+08   0
31.1   0.8718   0.819   -0.4701   0   -2.468e+08   1.292e+08   0
31.2   0.8718   0.7943   -0.4572   0   -2.468e+08   1.292e+08   0
31.3   0.8718   0.7696   -0.4443   0   -2.468e+08   1.292e+08   0
31.4   0.8718   0.7449   -0.4313   0   -2.468e+08   1.292e+08   0
31.5   0.8718   0.7202   -0.4184   0   -2.468e+08   1.292e+08   0
31.6   0.8718   0.6956   -0.4055   0   -2.468e+08   1.292e+08   0
31.7   0.8718   0.6709   -0.3926   0   -2.468e+08   1.292e+08   0
31.8   0.8722   0.6462   -0.3797   0   -2.468e+08   1.292e+08   0
31.9   0.8759   0.6215   -0.3667   0   -2.469e+08   1.293e+08   0
32   0.8793   0.5968   -0.3538   0   -2.47e+08   1.294e+08   0
32.1   0.8824   0.5721   -0.3409   0   -2.47e+08   1.295e+08   0
32.2   0.8851   0.5474   -0.3279   0   -2.471e+08   1.295e+08   0
32.3   0.8875   0.5227   -0.3149   0   -2.471e+08   1.296e+08   0
32.4   0.8894   0.498   -0.302   0   -2.472e+08   1.296e+08   0
32.5   0.8908   0.4733   -0.289   0   -2.472e+08   1.297e+08   0
32.6   0.8916   0.4485   -0.276   0   -2.472e+08   1.297e+08   0
32.7   0.8919   0.4238   -0.2631   0   -2.472e+08   1.297e+08   0
32.8   0.8915   0.3991   -0.2501   0   -2.472e+08   1.297e+08   0
32.9   0.8902   0.3744   -0.2371   0   -2.472e+08   1.297e+08   0
33   0.8882   0.3497   -0.2242   0   -2.472e+08   1.296e+08   0
33.1   0.8851   0.3249   -0.2112   0   -2.471e+08   1.295e+08   0
33.2   0.881   0.3002   -0.1983   0   -2.47e+08   1.294e+08   0
33.3   0.8756   0.2755   -0.1854   0   -2.47e+08   1.292e+08   0
33.4   0.8688   0.2508   -0.1724   0   -2.468e+08   1.289e+08   0
33.5   0.8604   0.2262   -0.1596   0   -2.467e+08   1.285e+08   0
33.6   0.85   0.2015   -0.1467   0   -2.466e+08   1.281e+08   0
33.7   0.8372   0.1768   -0.134   0   -2.464e+08   1.274e+08   0
33.8   0.8217   0.1522   -0.1213   0   -2.463e+08   1.266e+08   0
33.9   0.8174   0.1276   -0.1086   0   -2.462e+08   1.263e+08   0
34   0.8174   0.103   -0.096   0   -2.462e+08   1.263e+08   0
34.1   0.8174   0.07835   -0.08337   0   -2.462e+08   1.263e+08   0
34.2   0.8174   0.05372   -0.07074   0   -2.462e+08   1.263e+08   0
34.3   0.8174   0.0291   -0.05811   0   -2.462e+08   1.263e+08   0
34.4   0.8174   0.004479   -0.04548   0   -2.462e+08   1.263e+08   0
34.5   0.8174   -0.02014   -0.03285   0   -2.462e+08   1.263e+08   0
34.6   0.8174   -0.04476   -0.02022   0   -2.462e+08   1.263e+08   0
34.7   0.8174   -0.06939   -0.007585   0   -2.462e+08   1.263e+08   0
34.8   0.8174   -0.09401   0.005045   0   -2.462e+08   1.263e+08   0
34.9   0.8174   -0.1186   0.01768   0   -2.462e+08   1.263e+08   0
35   0.8174   -0.1433   0.03031   0   -2.462e+08   1.263e+08   0
35.1   0.8174   -0.1679   0.04294   0   -2.462e+08   1.263e+08   0
35.2   0.8285   -0.1925   0.05556   0   -2.468e+08   1.26e+08   0
35.3   0.8513   -0.2173   0.06813   0   -2.48e+08   1.255e+08   0
35.4   0.8714   -0.2421   0.08066   0   -2.489e+08   1.251e+08   0
35.5   0.8892   -0.267   0.09316   0   -2.496e+08   1.249e+08   0
35.6   0.905   -0.292   0.1056   0   -2.502e+08   1.247e+08   0
35.7   0.9191   -0.3171   0.1181   0   -2.508e+08   1.246e+08   0
35.8   0.9317   -0.3422   0.1305   0   -2.512e+08   1.245e+08   0
35.9   0.9429   -0.3673   0.143   0   -2.516e+08   1.244e+08   0
36   0.9529   -0.3925   0.1554   0   -2.519e+08   1.243e+08   0
36.1   0.9618   -0.4177   0.1679   0   -2.522e+08   1.243e+08   0
36.2   0.9697   -0.4429   0.1803   0   -2.524e+08   1.243e+08   0
36.3   0.9766   -0.4682   0.1927   0   -2.526e+08   1.243e+08   0
36.4   0.9826   -0.4935   0.2051   0   -2.528e+08   1.243e+08   0
36.5   0.9879   -0.5187   0.2176   0   -2.53e+08   1.243e+08   0
36.6   0.9924   -0.544   0.23   0   -2.531e+08   1.243e+08   0
36.7   0.9961   -0.5694   0.2424   0   -2.532e+08   1.243e+08   0
36.8   0.9993   -0.5947   0.2548   0   -2.533e+08   1.243e+08   0
36.9   1.002   -0.62   0.2673   0   -2.533e+08   1.243e+08   0
37   1.004   -0.6453   0.2797   0   -2.534e+08   1.243e+08   0
37.1   1.005   -0.6707   0.2921   0   -2.534e+08   1.243e+08   0
37.2   1.006   -0.696   0.3046   0   -2.534e+08   1.243e+08   0
37.3   1.006   -0.7214   0.317   0   -2.534e+08   1.243e+08   0
37.4   1.006   -0.7467   0.3294   0   -2.534e+08   1.243e+08   0
37.5   1.006   -0.7721   0.3418   0   -2.534e+08   1.243e+08   0
37.6   1.006   -0.7974   0.3543   0   -2.534e+08   1.243e+08   0
37.7   1.006   -0.8227   0.3667   0   -2.534e+08   1.243e+08   0
37.8   1.006   -0.8481   0.3791   0   -2.534e+08   1.243e+08   0
37.9   1.006   -0.8734   0.3915   0   -2.534e+08   1.243e+08   0
38   1.006   -0.8988   0.404   0   -2.534e+08   1.243e+08   0
38.1   1.006   -0.9241   0.4164   0   -2.534e+08   1.243e+08   0
38.2   1.006   -0.9495   0.4288   0   -2.534e+08   1.243e+08   0
38.3   1.006   -0.9748   0.4413   0   -2.534e+08   1.243e+08   0
38.4   1.006   -1   0.4537   0   -2.534e+08   1.243e+08   0
38.5   1.006   -1.025   0.4661   0   -2.534e+08   1.243e+08   0
38.6   1.006   -1.051   0.4785   0   -2.534e+08   1.243e+08   0
38.7   1.006   -1.076   0.491   0   -2.534e+08   1.243e+08   0
38.8   1.006   -1.102   0.5034   0   -2.534e+08   1.243e+08   0
38.9   1.006   -1.127   0.5158   0   -2.534e+08   1.243e+08   0
39   1.006   -1.152   0.5282   0   -2.534e+08   1.243e+08   0
39.1   1.006   -1.178   0.5407   0   -2.534e+08   1.243e+08   0
39.2   1.006   -1.203   0.5531   0   -2.534e+08   1.243e+08   0
39.3   1.006   -1.228   0.5655   0   -2.534e+08   1.243e+08   0
39.4   1.006   -1.254   0.578   0   -2.534e+08   1.243e+08   0
39.5   1.006   -1.279   0.5904   0   -2.534e+08   1.243e+08   0
39.6   1.006   -1.304   0.6028   0   -2.534e+08   1.243e+08   0
39.7   1.006   -1.33   0.6152   0   -2.534e+08   1.243e+08   0
39.8   1.006   -1.355   0.6277   0   -2.534e+08   1.243e+08   0
39.9   1.006   -1.38   0.6401   0   -2.534e+08   1.243e+08   0
40   1.006   -1.406   0.6525   0   -2.534e+08   1.243e+08   0
40.1   1.006   -1.431   0.6649   0   -2.534e+08   1.243e+08   0
40.2   1.006   -1.456   0.6774   0   -2.534e+08   1.243e+08   0
40.3   1.006   -1.482   0.6898   0   -2.534e+08   1.243e+08   0
40.4   1.006   -1.507   0.7022   0   -2.534e+08   1.243e+08   0
40.5   1.006   -1.532   0.7147   0   -2.534e+08   1.243e+08   0
40.6   1.006   -1.558   0.7271   0   -2.534e+08   1.243e+08   0
40.7   1.006   -1.583   0.7395   0   -2.534e+08   1.243e+08   0
40.8   1.006   -1.608   0.7519   0   -2.534e+08   1.243e+08   0
40.9   1.006   -1.634   0.7644   0   -2.534e+08   1.243e+08   0
41   1.006   -1.659   0.7768   0   -2.534e+08   1.243e+08   0
41.1   1.006   -1.684   0.7892   0   -2.534e+08   1.243e+08   0
41.2   1.006   -1.71   0.8016   0   -2.534e+08   1.243e+08   0
41.3   1.006   -1.735   0.8141   0   -2.534e+08   1.243e+08   0
41.4   1.006   -1.76   0.8265   0   -2.534e+08   1.243e+08   0
41.5   1.006   -1.786   0.8389   0   -2.534e+08   1.243e+08   0
41.6   1.006   -1.811   0.8514   0   -2.534e+08   1.243e+08   0
41.7   1.006   -1.836   0.8638   0   -2.534e+08   1.243e+08   0
41.8   1.006   -1.862   0.8762   0   -2.534e+08   1.243e+08   0
41.9   1.006   -1.887   0.8886   0   -2.534e+08   1.243e+08   0
42   1.006   -1.913   0.9011   0   -2.534e+08   1.243e+08   0
42.1   1.006   -1.938   0.9135   0   -2.534e+08   1.243e+08   0
42.2   1.006   -1.963   0.9259   0   -2.534e+08   1.243e+08   0
42.3   1.006   -1.989   0.9383   0   -2.534e+08   1.243e+08   0
42.4   1.006   -2.014   0.9508   0   -2.534e+08   1.243e+08   0
42.5   1.006   -2.039   0.9632   0   -2.534e+08   1.243e+08   0
42.6   1.006   -2.065   0.9756   0   -2.534e+08   1.243e+08   0
42.7   1.006   -2.09   0.9881   0   -2.534e+08   1.243e+08   0
42.8   1.006   -2.115   1   0   -2.534e+08   1.243e+08   0
42.9   1.006   -2.141   1.013   0   -2.534e+08   1.243e+08   0
43   1.006   -2.166   1.025   0   -2.534e+08   1.243e+08   0
43.1   1.006   -2.191   1.038   0   -2.534e+08   1.243e+08   0
43.2   1.006   -2.217   1.05   0   -2.534e+08   1.243e+08   0
43.3   1.006   -2.242   1.063   0   -2.534e+08   1.243e+08   0
43.4   1.006   -2.267   1.075   0   -2.534e+08   1.243e+08   0
43.5   1.006   -2.293   1.087   0   -2.534e+08   1.243e+08   0
43.6   1.006   -2.318   1.1   0   -2.534e+08   1.243e+08   0
43.7   1.006   -2.343   1.112   0   -2.534e+08   1.243e+08   0
43.8   1.006   -2.369   1.125   0   -2.534e+08   1.243e+08   0
43.9   1.006   -2.394   1.137   0   -2.534e+08   1.243e+08   0
44   1.006   -2.419   1.15   0   -2.534e+08   1.243e+08   0
44.1   1.006   -2.445   1.162   0   -2.534e+08   1.243e+08   0
44.2   1.006   -2.47   1.174   0   -2.534e+08   1.243e+08   0
44.3   1.006   -2.495   1.187   0   -2.534e+08   1.243e+08   0
44.4   1.006   -2.521   1.199   0   -2.534e+08   1.243e+08   0
44.5   1.006   -2.546   1.212   0   -2.534e+08   1.243e+08   0
44.6   1.006   -2.571   1.224   0   -2.534e+08   1.243e+08   0
44.7   1.006   -2.597   1.237   0   -2.534e+08   1.243e+08   0
44.8   1.006   -2.622   1.249   0   -2.534e+08   1.243e+08   0
44.9   1.006   -2.648   1.261   0   -2.534e+08   1.243e+08   0
45   1.006   -2.673   1.274   0   -2.534e+08   1.243e+08   0
