0   0.04   -0.753   0   0   1.121e+08   0   0
0.1   0.04   -0.753   0   0   1.121e+08   0   0
0.2   0.04   -0.753   0   0   1.121e+08   0   0
0.3   0.04   -0.753   0   0   1.121e+08   0   0
0.4   0.04   -0.753   0   0   1.121e+08   0   0
0.5   0.04   -0.753   0   0   1.121e+08   0   0
0.6   0.04   -0.753   0   0   1.121e+08   0   0
0.7   0.04   -0.753   0   0   1.121e+08   0   0
0.8   0.04   -0.753   0   0   1.121e+08   0   0
0.9   0.04   -0.753   0   0   1.121e+08   0   0
1   0.04   -0.753   0   0   1.121e+08   0   0
1.1   0.04078   -0.7474   0   0   1.131e+08   0   0
1.2   0.04255   -0.736   0   0   1.153e+08   0   0
1.3   0.04452   -0.7244   0   0   1.176e+08   0   0
1.4   0.04672   -0.7125   0   0   1.201e+08   0   0
1.5   0.04914   -0.7004   0   0   1.228e+08   0   0
1.6   0.05178   -0.6879   0   0   1.256e+08   0   0
1.7   0.05467   -0.6752   0   0   1.286e+08   0   0
1.8   0.05779   -0.6622   0   0   1.317e+08   0   0
1.9   0.06116   -0.6489   0   0   1.349e+08   0   0
2   0.06478   -0.6352   0   0   1.382e+08   0   0
2.1   0.06865   -0.6213   0   0   1.415e+08   0   0
2.2   0.07278   -0.6069   0   0   1.45e+08   0   0
2.3   0.07716   -0.5923   0   0   1.484e+08   0   0
2.4   0.08178   -0.5772   0   0   1.52e+08   0   0
2.5   0.08666   -0.5619   0   0   1.555e+08   0   0
2.6   0.09178   -0.5461   0   0   1.59e+08   0   0
2.7   0.09713   -0.5301   0   0   1.625e+08   0   0
2.8   0.1027   -0.5136   0   0   1.66e+08   0   0
2.9   0.1085   -0.4968   0   0   1.695e+08   0   0
3   0.1145   -0.4797   0   0   1.729e+08   0   0
3.1   0.1206   -0.4623   0   0   1.762e+08   0   0
3.2   0.127   -0.4445   0   0   1.795e+08   0   0
3.3   0.1334   -0.4264   0   0   1.827e+08   0   0
3.4   0.14   -0.408   0   0   1.857e+08   0   0
3.5   0.1466   -0.3892   0   0   1.887e+08   0   0
3.6   0.1533   -0.3702   0   0   1.916e+08   0   0
3.7   0.16   -0.3509   0   0   1.943e+08   0   0
3.8   0.1666   -0.3314   0   0   1.969e+08   0   0
3.9   0.1732   -0.3115   0   0   1.994e+08   0   0
4   0.1796   -0.2915   0   0   2.017e+08   0   0
4.1   0.1857   -0.2712   0   0   2.038e+08   0   0
4.2   0.1916   -0.2507   0   0   2.058e+08   0   0
4.3   0.197   -0.2301   0   0   2.075e+08   0   0
4.4   0.2019   -0.2092   0   0   2.091e+08   0   0
4.5   0.2062   -0.1883   0   0   2.103e+08   0   0
4.6   0.2062   -0.1672   0   0   2.104e+08   0   0
4.7   0.2062   -0.1462   0   0   2.104e+08   0   0
4.8   0.2062   -0.1252   0   0   2.104e+08   0   0
4.9   0.2062   -0.1041   0   0   2.104e+08   0   0
5   0.2062   -0.08309   0   0   2.104e+08   0   0
5.1   0.2062   -0.06205   0   0   2.104e+08   0   0
5.2   0.2062   -0.04101   0   0   2.104e+08   0   0
5.3   0.2062   -0.01998   0   0   2.104e+08   0   0
5.4   0.2062   0.001057   0   0   2.104e+08   0   0
5.5   0.2062   0.02209   0   0   2.104e+08   0   0
5.6   0.2062   0.04313   0   0   2.104e+08   0   0
5.7   0.2062   0.06416   0   0   2.104e+08   0   0
5.8   0.2062   0.0852   0   0   2.104e+08   0   0
5.9   0.2062   0.1062   0   0   2.104e+08   0   0
6   0.2062   0.1273   0   0   2.104e+08   0   0
6.1   0.2062   0.1483   0   0   2.104e+08   0   0
6.2   0.2062   0.1693   0   0   2.104e+08   0   0
6.3   0.2079   0.1904   0   0   2.109e+08   0   0
6.4   0.2247   0.2117   0   0   2.157e+08   0   0
6.5   0.2407   0.2335   0   0   2.199e+08   0   0
6.6   0.2559   0.2557   0   0   2.235e+08   0   0
6.7   0.2705   0.2782   0   0   2.268e+08   0   0
6.8   0.2843   0.301   0   0   2.297e+08   0   0
6.9   0.2975   0.3241   0   0   2.323e+08   0   0
7   0.31   0.3475   0   0   2.346e+08   0   0
7.1   0.3218   0.3711   0   0   2.367e+08   0   0
7.2   0.333   0.3948   0   0   2.386e+08   0   0
7.3   0.3436   0.4188   0   0   2.403e+08   0   0
7.4   0.3536   0.4429   0   0   2.418e+08   0   0
7.5   0.363   0.4671   0   0   2.432e+08   0   0
7.6   0.3718   0.4915   0   0   2.445e+08   0   0
7.7   0.38   0.516   0   0   2.456e+08   0   0
7.8   0.3876   0.5406   0   0   2.466e+08   0   0
7.9   0.3947   0.5653   0   0   2.475e+08   0   0
8   0.4012   0.5901   0   0   2.483e+08   0   0
8.1   0.4072   0.615   0   0   2.491e+08   0   0
8.2   0.4127   0.64   0   0   2.497e+08   0   0
8.3   0.4177   0.665   0   0   2.503e+08   0   0
8.4   0.4221   0.69   0   0   2.508e+08   0   0
8.5   0.4261   0.7151   0   0   2.513e+08   0   0
8.6   0.4296   0.7403   0   0   2.517e+08   0   0
8.7   0.4312   0.7655   0   0   2.519e+08   0   0
8.8   0.4312   0.7906   0   0   2.519e+08   0   0
8.9   0.4312   0.8158   0   0   2.519e+08   0   0
9   0.4312   0.841   0   0   2.519e+08   0   0
9.1   0.4312   0.8662   0   0   2.519e+08   0   0
9.2   0.4312   0.8914   0   0   2.519e+08   0   0
9.3   0.4312   0.9166   0   0   2.519e+08   0   0
9.4   0.4312   0.9418   0   0   2.519e+08   0   0
9.5   0.4312   0.967   0   0   2.519e+08   0   0
9.6   0.4312   0.9922   0   0   2.519e+08   0   0
9.7   0.4312   1.017   0   0   2.519e+08   0   0
9.8   0.4312   1.043   0   0   2.519e+08   0   0
9.9   0.4312   1.068   0   0   2.519e+08   0   0
10   0.4312   1.093   0   0   2.519e+08   0   0
10.1   0.4316   1.118   -0.0006763   0   2.5e+08   -3.07e+07   0
10.2   0.4325   1.142   -0.007269   0   2.315e+08   -9.957e+07   0
10.3   0.4335   1.164   -0.02039   0   1.945e+08   -1.605e+08   0
10.4   0.4344   1.181   -0.03898   0   1.419e+08   -2.085e+08   0
10.5   0.4353   1.192   -0.06158   0   7.804e+07   -2.4e+08   0
10.6   0.4362   1.196   -0.08636   0   7.97e+06   -2.523e+08   0
10.7   0.4371   1.193   -0.1114   0   -6.272e+07   -2.446e+08   0
10.8   0.4381   1.184   -0.1346   0   -1.284e+08   -2.175e+08   0
10.9   0.439   1.168   -0.1543   0   -1.84e+08   -1.733e+08   0
11   0.4399   1.147   -0.1688   0   -2.25e+08   -1.153e+08   0
11.1   0.4409   1.123   -0.177   0   -2.483e+08   -4.832e+07   0
11.2   0.4418   1.098   -0.1782   0   -2.52e+08   2.248e+07   0
11.3   0.442   1.073   -0.1744   0   -2.497e+08   4.083e+07   0
11.4   0.442   1.048   -0.1703   0   -2.497e+08   4.083e+07   0
11.5   0.442   1.023   -0.1662   0   -2.497e+08   4.083e+07   0
11.6   0.442   0.9982   -0.1621   0   -2.497e+08   4.083e+07   0
11.7   0.442   0.9732   -0.158   0   -2.497e+08   4.083e+07   0
11.8   0.442   0.9483   -0.154   0   -2.497e+08   4.083e+07   0
11.9   0.442   0.9233   -0.1499   0   -2.497e+08   4.083e+07   0
12   0.442   0.8983   -0.1458   0   -2.497e+08   4.083e+07   0
12.1   0.442   0.8733   -0.1417   0   -2.497e+08   4.083e+07   0
12.2   0.442   0.8484   -0.1376   0   -2.497e+08   4.083e+07   0
12.3   0.442   0.8234   -0.1336   0   -2.497e+08   4.083e+07   0
12.4   0.442   0.7984   -0.1295   0   -2.497e+08   4.083e+07   0
12.5   0.442   0.7734   -0.1254   0   -2.497e+08   4.083e+07   0
12.6   0.442   0.7485   -0.1213   0   -2.497e+08   4.083e+07   0
12.7   0.446   0.7235   -0.1172   0   -2.502e+08   4.089e+07   0
12.8   0.451   0.6984   -0.1131   0   -2.507e+08   4.098e+07   0
12.9   0.4559   0.6733   -0.109   0   -2.512e+08   4.105e+07   0
13   0.4607   0.6482   -0.1049   0   -2.516e+08   4.113e+07   0
13.1   0.4653   0.623   -0.1008   0   -2.521e+08   4.12e+07   0
13.2   0.4697   0.5978   -0.09667   0   -2.525e+08   4.127e+07   0
13.3   0.4738   0.5725   -0.09254   0   -2.529e+08   4.133e+07   0
13.4   0.4777   0.5472   -0.08841   0   -2.533e+08   4.139e+07   0
13.5   0.4813   0.5219   -0.08427   0   -2.536e+08   4.144e+07   0
13.6   0.4844   0.4965   -0.08012   0   -2.539e+08   4.148e+07   0
13.7   0.4872   0.4711   -0.07597   0   -2.542e+08   4.152e+07   0
13.8   0.4894   0.4456   -0.07181   0   -2.544e+08   4.155e+07   0
13.9   0.4911   0.4202   -0.06766   0   -2.545e+08   4.158e+07   0
14   0.4921   0.3947   -0.0635   0   -2.546e+08   4.159e+07   0
14.1   0.4923   0.3693   -0.05934   0   -2.546e+08   4.16e+07   0
14.2   0.4918   0.3438   -0.05518   0   -2.546e+08   4.159e+07   0
14.3   0.4902   0.3184   -0.05102   0   -2.544e+08   4.157e+07   0
14.4   0.4875   0.2929   -0.04687   0   -2.542e+08   4.153e+07   0
14.5   0.4835   0.2675   -0.04272   0   -2.538e+08   4.147e+07   0
14.6   0.4779   0.2422   -0.03857   0   -2.533e+08   4.14e+07   0
14.7   0.4704   0.2169   -0.03444   0   -2.526e+08   4.129e+07   0
14.8   0.4607   0.1917   -0.03032   0   -2.516e+08   4.116e+07   0
14.9   0.4581   0.1665   -0.0262   0   -2.514e+08   4.112e+07   0
15   0.4581   0.1414   -0.02209   0   -2.514e+08   4.112e+07   0
15.1   0.4581   0.1163   -0.01798   0   -2.514e+08   4.112e+07   0
15.2   0.4581   0.09112   -0.01387   0   -2.514e+08   4.112e+07   0
15.3   0.4581   0.06598   -0.009758   0   -2.514e+08   4.112e+07   0
15.4   0.4581   0.04084   -0.005646   0   -2.514e+08   4.112e+07   0
15.5   0.4581   0.0157   -0.001534   0   -2.514e+08   4.112e+07   0
15.6   0.4581   -0.009434   0.002577   0   -2.514e+08   4.112e+07   0
15.7   0.4581   -0.03457   0.006689   0   -2.514e+08   4.112e+07   0
15.8   0.4581   -0.05971   0.0108   0   -2.514e+08   4.112e+07   0
15.9   0.4581   -0.08485   0.01491   0   -2.514e+08   4.112e+07   0
16   0.4581   -0.11   0.01902   0   -2.514e+08   4.112e+07   0
16.1   0.4581   -0.1351   0.02314   0   -2.514e+08   4.112e+07   0
16.2   0.4581   -0.1603   0.02725   0   -2.514e+08   4.112e+07   0
16.3   0.4581   -0.1854   0.03136   0   -2.514e+08   4.112e+07   0
16.4   0.4809   -0.2107   0.03549   0   -2.536e+08   4.152e+07   0
16.5   0.5015   -0.2361   0.03966   0   -2.554e+08   4.185e+07   0
16.6   0.52   -0.2617   0.04386   0   -2.569e+08   4.213e+07   0
16.7   0.5367   -0.2875   0.04809   0   -2.583e+08   4.236e+07   0
16.8   0.5519   -0.3134   0.05233   0   -2.594e+08   4.256e+07   0
16.9   0.5657   -0.3394   0.0566   0   -2.604e+08   4.274e+07   0
17   0.5782   -0.3655   0.06088   0   -2.613e+08   4.289e+07   0
17.1   0.5895   -0.3916   0.06517   0   -2.62e+08   4.302e+07   0
17.2   0.5998   -0.4178   0.06948   0   -2.627e+08   4.313e+07   0
17.3   0.6091   -0.4441   0.0738   0   -2.633e+08   4.324e+07   0
17.4   0.6175   -0.4705   0.07813   0   -2.638e+08   4.332e+07   0
17.5   0.625   -0.4969   0.08247   0   -2.642e+08   4.34e+07   0
17.6   0.6317   -0.5233   0.08681   0   -2.646e+08   4.347e+07   0
17.7   0.6377   -0.5498   0.09116   0   -2.649e+08   4.353e+07   0
17.8   0.6429   -0.5763   0.09551   0   -2.652e+08   4.358e+07   0
17.9   0.6475   -0.6029   0.09987   0   -2.655e+08   4.362e+07   0
18   0.6515   -0.6294   0.1042   0   -2.657e+08   4.366e+07   0
18.1   0.6548   -0.656   0.1086   0   -2.659e+08   4.369e+07   0
18.2   0.6576   -0.6826   0.113   0   -2.66e+08   4.372e+07   0
18.3   0.6598   -0.7092   0.1173   0   -2.662e+08   4.374e+07   0
18.4   0.6615   -0.7358   0.1217   0   -2.663e+08   4.375e+07   0
18.5   0.6619   -0.7625   0.1261   0   -2.663e+08   4.376e+07   0
18.6   0.6619   -0.7891   0.1305   0   -2.663e+08   4.376e+07   0
18.7   0.6619   -0.8157   0.1349   0   -2.663e+08   4.376e+07   0
18.8   0.6619   -0.8423   0.1392   0   -2.663e+08   4.376e+07   0
18.9   0.6619   -0.869   0.1436   0   -2.663e+08   4.376e+07   0
19   0.6619   -0.8956   0.148   0   -2.663e+08   4.376e+07   0
19.1   0.6619   -0.9222   0.1524   0   -2.663e+08   4.376e+07   0
19.2   0.6619   -0.9488   0.1567   0   -2.663e+08   4.376e+07   0
19.3   0.6619   -0.9755   0.1611   0   -2.663e+08   4.376e+07   0
19.4   0.6619   -1.002   0.1655   0   -2.663e+08   4.376e+07   0
19.5   0.6619   -1.029   0.1699   0   -2.663e+08   4.376e+07   0
19.6   0.6619   -1.055   0.1742   0   -2.663e+08   4.376e+07   0
19.7   0.6619   -1.082   0.1786   0   -2.663e+08   4.376e+07   0
19.8   0.6619   -1.109   0.183   0   -2.663e+08   4.376e+07   0
19.9   0.6619   -1.135   0.1874   0   -2.66e+08   4.535e+07   0
20   0.6641   -1.161   0.1958   0   -2.41e+08   1.216e+08   0
20.1   0.6664   -1.183   0.2114   0   -1.948e+08   1.871e+08   0
20.2   0.6686   -1.199   0.2327   0   -1.314e+08   2.361e+08   0
20.3   0.6709   -1.209   0.258   0   -5.665e+07   2.643e+08   0
20.4   0.6732   -1.21   0.2848   0   2.3e+07   2.695e+08   0
20.5   0.6754   -1.204   0.3111   0   1.006e+08   2.512e+08   0
20.6   0.6777   -1.19   0.3343   0   1.694e+08   2.111e+08   0
20.7   0.68   -1.17   0.3526   0   2.235e+08   1.529e+08   0
20.8   0.6823   -1.146   0.3644   0   2.583e+08   8.165e+07   0
20.9   0.6846   -1.12   0.3687   0   2.71e+08   3.437e+06   0
21   0.6869   -1.093   0.365   0   2.606e+08   -7.499e+07   0
21.1   0.6874   -1.067   0.3561   0   2.555e+08   -9.085e+07   0
21.2   0.6874   -1.042   0.347   0   2.555e+08   -9.085e+07   0
21.3   0.6874   -1.016   0.3379   0   2.555e+08   -9.085e+07   0
21.4   0.6874   -0.9905   0.3288   0   2.555e+08   -9.085e+07   0
21.5   0.6874   -0.965   0.3197   0   2.555e+08   -9.085e+07   0
21.6   0.6874   -0.9394   0.3107   0   2.555e+08   -9.085e+07   0
21.7   0.6874   -0.9139   0.3016   0   2.555e+08   -9.085e+07   0
21.8   0.6874   -0.8883   0.2925   0   2.555e+08   -9.085e+07   0
21.9   0.6874   -0.8628   0.2834   0   2.555e+08   -9.085e+07   0
22   0.6874   -0.8372   0.2743   0   2.555e+08   -9.085e+07   0
22.1   0.6874   -0.8117   0.2652   0   2.555e+08   -9.085e+07   0
22.2   0.6874   -0.7861   0.2561   0   2.555e+08   -9.085e+07   0
22.3   0.6874   -0.7606   0.2471   0   2.555e+08   -9.085e+07   0
22.4   0.6874   -0.735   0.238   0   2.555e+08   -9.085e+07   0
22.5   0.6884   -0.7095   0.2289   0   2.555e+08   -9.086e+07   0
22.6   0.692   -0.6839   0.2198   0   2.557e+08   -9.089e+07   0
22.7   0.6953   -0.6583   0.2107   0   2.559e+08   -9.092e+07   0
22.8   0.6983   -0.6327   0.2016   0   2.56e+08   -9.095e+07   0
22.9   0.7009   -0.6071   0.1925   0   2.562e+08   -9.097e+07   0
23   0.7032   -0.5815   0.1834   0   2.563e+08   -9.098e+07   0
23.1   0.7051   -0.5559   0.1743   0   2.564e+08   -9.1e+07   0
23.2   0.7064   -0.5302   0.1652   0   2.564e+08   -9.101e+07   0
23.3   0.7073   -0.5046   0.1561   0   2.565e+08   -9.101e+07   0
23.4   0.7075   -0.4789   0.147   0   2.565e+08   -9.101e+07   0
23.5   0.7071   -0.4533   0.1379   0   2.565e+08   -9.101e+07   0
23.6   0.7059   -0.4276   0.1288   0   2.564e+08   -9.1e+07   0
23.7   0.7038   -0.402   0.1197   0   2.563e+08   -9.1e+07   0
23.8   0.7009   -0.3764   0.1106   0   2.562e+08   -9.099e+07   0
23.9   0.6969   -0.3508   0.1015   0   2.56e+08   -9.099e+07   0
24   0.6917   -0.3252   0.09243   0   2.557e+08   -9.098e+07   0
24.1   0.6852   -0.2996   0.08333   0   2.553e+08   -9.099e+07   0
24.2   0.6771   -0.2741   0.07423   0   2.549e+08   -9.101e+07   0
24.3   0.6671   -0.2487   0.06513   0   2.543e+08   -9.105e+07   0
24.4   0.655   -0.2233   0.05602   0   2.536e+08   -9.113e+07   0
24.5   0.6403   -0.1979   0.0469   0   2.527e+08   -9.128e+07   0
24.6   0.6306   -0.1727   0.03776   0   2.52e+08   -9.141e+07   0
24.7   0.6306   -0.1475   0.02862   0   2.52e+08   -9.141e+07   0
24.8   0.6306   -0.1223   0.01948   0   2.52e+08   -9.141e+07   0
24.9   0.6306   -0.09712   0.01034   0   2.52e+08   -9.141e+07   0
25   0.6306   -0.07192   0.001195   0   2.52e+08   -9.141e+07   0
25.1   0.6306   -0.04672   -0.007946   0   2.52e+08   -9.141e+07   0
25.2   0.6306   -0.02152   -0.01709   0   2.52e+08   -9.141e+07   0
25.3   0.6306   0.003683   -0.02623   0   2.52e+08   -9.141e+07   0
25.4   0.6306   0.02888   -0.03537   0   2.52e+08   -9.141e+07   0
25.5   0.6306   0.05409   -0.04451   0   2.52e+08   -9.141e+07   0
25.6   0.6306   0.07929   -0.05365   0   2.52e+08   -9.141e+07   0
25.7   0.6306   0.1045   -0.06279   0   2.52e+08   -9.141e+07   0
25.8   0.6306   0.1297   -0.07193   0   2.52e+08   -9.141e+07   0
25.9   0.6306   0.1549   -0.08107   0   2.52e+08   -9.141e+07   0
26   0.6425   0.1801   -0.09023   0   2.525e+08   -9.204e+07   0
26.1   0.6645   0.2054   -0.09949   0   2.534e+08   -9.309e+07   0
26.2   0.6838   0.2308   -0.1088   0   2.542e+08   -9.391e+07   0
26.3   0.7008   0.2562   -0.1183   0   2.549e+08   -9.457e+07   0
26.4   0.7159   0.2818   -0.1278   0   2.554e+08   -9.51e+07   0
26.5   0.7293   0.3073   -0.1373   0   2.559e+08   -9.553e+07   0
26.6   0.7412   0.3329   -0.1469   0   2.563e+08   -9.589e+07   0
26.7   0.7517   0.3586   -0.1565   0   2.567e+08   -9.62e+07   0
26.8   0.7611   0.3843   -0.1661   0   2.57e+08   -9.645e+07   0
26.9   0.7693   0.41   -0.1758   0   2.573e+08   -9.666e+07   0
27   0.7766   0.4357   -0.1854   0   2.576e+08   -9.684e+07   0
27.1   0.7829   0.4615   -0.1951   0   2.578e+08   -9.699e+07   0
27.2   0.7883   0.4873   -0.2048   0   2.58e+08   -9.712e+07   0
27.3   0.793   0.5131   -0.2145   0   2.581e+08   -9.722e+07   0
27.4   0.7969   0.5389   -0.2243   0   2.582e+08   -9.731e+07   0
27.5   0.8001   0.5647   -0.234   0   2.583e+08   -9.737e+07   0
27.6   0.8027   0.5906   -0.2437   0   2.584e+08   -9.743e+07   0
27.7   0.8047   0.6164   -0.2535   0   2.585e+08   -9.747e+07   0
27.8   0.8061   0.6423   -0.2632   0   2.585e+08   -9.749e+07   0
27.9   0.807   0.6681   -0.273   0   2.586e+08   -9.751e+07   0
28   0.8074   0.694   -0.2827   0   2.586e+08   -9.752e+07   0
28.1   0.8074   0.7199   -0.2925   0   2.586e+08   -9.752e+07   0
28.2   0.8074   0.7457   -0.3022   0   2.586e+08   -9.752e+07   0
28.3   0.8074   0.7716   -0.312   0   2.586e+08   -9.752e+07   0
28.4   0.8074   0.7974   -0.3217   0   2.586e+08   -9.752e+07   0
28.5   0.8074   0.8233   -0.3315   0   2.586e+08   -9.752e+07   0
28.6   0.8074   0.8491   -0.3412   0   2.586e+08   -9.752e+07   0
28.7   0.8074   0.875   -0.351   0   2.586e+08   -9.752e+07   0
28.8   0.8074   0.9009   -0.3608   0   2.586e+08   -9.752e+07   0
28.9   0.8074   0.9267   -0.3705   0   2.586e+08   -9.752e+07   0
29   0.8074   0.9526   -0.3803   0   2.586e+08   -9.752e+07   0
29.1   0.8074   0.9784   -0.39   0   2.586e+08   -9.752e+07   0
29.2   0.8074   1.004   -0.3998   0   2.586e+08   -9.752e+07   0
29.3   0.8074   1.03   -0.4095   0   2.586e+08   -9.752e+07   0
29.4   0.8074   1.056   -0.4193   0   2.586e+08   -9.752e+07   0
29.5   0.809   1.082   -0.4295   0   2.454e+08   -1.272e+08   0
29.6   0.8141   1.103   -0.4465   0   1.835e+08   -2.07e+08   0
29.7   0.8192   1.117   -0.47   0   9.748e+07   -2.591e+08   0
29.8   0.8243   1.122   -0.4972   0   -1.183e+06   -2.77e+08   0
29.9   0.8295   1.117   -0.5242   0   -9.946e+07   -2.587e+08   0
30   0.8346   1.103   -0.5477   0   -1.846e+08   -2.07e+08   0
30.1   0.8399   1.081   -0.5647   0   -2.458e+08   -1.287e+08   0
30.2   0.8451   1.055   -0.5729   0   -2.756e+08   -3.43e+07   0
30.3   0.8504   1.027   -0.5713   0   -2.703e+08   6.426e+07   0
30.4   0.8541   1.001   -0.5606   0   -2.462e+08   1.29e+08   0
30.5   0.8541   0.9768   -0.5477   0   -2.462e+08   1.29e+08   0
30.6   0.8541   0.9522   -0.5348   0   -2.462e+08   1.29e+08   0
30.7   0.8541   0.9276   -0.5219   0   -2.462e+08   1.29e+08   0
30.8   0.8541   0.903   -0.509   0   -2.462e+08   1.29e+08   0
30.9   0.8541   0.8783   -0.4961   0   -2.462e+08   1.29e+08   0
31   0.8541   0.8537   -0.4832   0   -2.462e+08   1.29e+08   0
31.1   0.8541   0.8291   -0.4703   0   -2.462e+08   1.29e+08   0
31.2   0.8541   0.8045   -0.4574   0   -2.462e+08   1.29e+08   0
31.3   0.8541   0.7798   -0.4445   0   -2.462e+08   1.29e+08   0
31.4   0.8541   0.7552   -0.4316   0   -2.462e+08   1.29e+08   0
31.5   0.8541   0.7306   -0.4187   0   -2.462e+08   1.29e+08   0
31.6   0.8541   0.706   -0.4058   0   -2.462e+08   1.29e+08   0
31.7   0.8541   0.6813   -0.3929   0   -2.462e+08   1.29e+08   0
31.8   0.8541   0.6567   -0.38   0   -2.462e+08   1.29e+08   0
31.9   0.8569   0.6321   -0.3671   0   -2.463e+08   1.291e+08   0
32   0.8602   0.6074   -0.3542   0   -2.464e+08   1.292e+08   0
32.1   0.8633   0.5828   -0.3412   0   -2.465e+08   1.292e+08   0
32.2   0.866   0.5582   -0.3283   0   -2.465e+08   1.293e+08   0
32.3   0.8683   0.5335   -0.3154   0   -2.466e+08   1.294e+08   0
32.4   0.8702   0.5088   -0.3024   0   -2.466e+08   1.294e+08   0
32.5   0.8715   0.4842   -0.2895   0   -2.467e+08   1.294e+08   0
32.6   0.8724   0.4595   -0.2766   0   -2.467e+08   1.295e+08   0
32.7   0.8726   0.4348   -0.2636   0   -2.467e+08   1.295e+08   0
32.8   0.8722   0.4102   -0.2507   0   -2.467e+08   1.295e+08   0
32.9   0.871   0.3855   -0.2377   0   -2.467e+08   1.294e+08   0
33   0.869   0.3608   -0.2248   0   -2.466e+08   1.294e+08   0
33.1   0.866   0.3362   -0.2118   0   -2.466e+08   1.293e+08   0
33.2   0.862   0.3115   -0.1989   0   -2.465e+08   1.291e+08   0
33.3   0.8568   0.2869   -0.186   0   -2.464e+08   1.29e+08   0
33.4   0.8502   0.2623   -0.1731   0   -2.462e+08   1.287e+08   0
33.5   0.842   0.2376   -0.1603   0   -2.461e+08   1.284e+08   0
33.6   0.832   0.213   -0.1475   0   -2.459e+08   1.28e+08   0
33.7   0.8197   0.1885   -0.1347   0   -2.457e+08   1.274e+08   0
33.8   0.8048   0.1639   -0.122   0   -2.455e+08   1.267e+08   0
33.9   0.7943   0.1394   -0.1093   0   -2.454e+08   1.261e+08   0
34   0.7943   0.1148   -0.09673   0   -2.454e+08   1.261e+08   0
34.1   0.7943   0.09029   -0.08412   0   -2.454e+08   1.261e+08   0
34.2   0.7943   0.06575   -0.0715   0   -2.454e+08   1.261e+08   0
34.3   0.7943   0.04122   -0.05889   0   -2.454e+08   1.261e+08   0
34.4   0.7943   0.01668   -0.04628   0   -2.454e+08   1.261e+08   0
34.5   0.7943   -0.007855   -0.03367   0   -2.454e+08   1.261e+08   0
34.6   0.7943   -0.03239   -0.02106   0   -2.454e+08   1.261e+08   0
34.7   0.7943   -0.05692   -0.008447   0   -2.454e+08   1.261e+08   0
34.8   0.7943   -0.08146   0.004165   0   -2.454e+08   1.261e+08   0
34.9   0.7943   -0.106   0.01678   0   -2.454e+08   1.261e+08   0
35   0.7943   -0.1305   0.02939   0   -2.454e+08   1.261e+08   0
35.1   0.7943   -0.1551   0.042   0   -2.454e+08   1.261e+08   0
35.2   0.7943   -0.1796   0.05461   0   -2.454e+08   1.261e+08   0
35.3   0.818   -0.2042   0.0672   0   -2.466e+08   1.256e+08   0
35.4   0.8392   -0.2289   0.07974   0   -2.476e+08   1.253e+08   0
35.5   0.8578   -0.2537   0.09227   0   -2.484e+08   1.251e+08   0
35.6   0.8743   -0.2786   0.1048   0   -2.491e+08   1.25e+08   0
35.7   0.889   -0.3035   0.1173   0   -2.496e+08   1.249e+08   0
35.8   0.902   -0.3285   0.1297   0   -2.501e+08   1.248e+08   0
35.9   0.9136   -0.3535   0.1422   0   -2.505e+08   1.247e+08   0
36   0.9239   -0.3786   0.1547   0   -2.508e+08   1.247e+08   0
36.1   0.933   -0.4037   0.1672   0   -2.511e+08   1.247e+08   0
36.2   0.9411   -0.4288   0.1796   0   -2.514e+08   1.247e+08   0
36.3   0.9482   -0.454   0.1921   0   -2.516e+08   1.247e+08   0
36.4   0.9544   -0.4792   0.2046   0   -2.518e+08   1.247e+08   0
36.5   0.9598   -0.5043   0.217   0   -2.519e+08   1.247e+08   0
36.6   0.9644   -0.5295   0.2295   0   -2.521e+08   1.247e+08   0
36.7   0.9682   -0.5548   0.242   0   -2.522e+08   1.247e+08   0
36.8   0.9714   -0.58   0.2545   0   -2.523e+08   1.247e+08   0
36.9   0.9739   -0.6052   0.2669   0   -2.523e+08   1.247e+08   0
37   0.9759   -0.6304   0.2794   0   -2.524e+08   1.247e+08   0
37.1   0.9773   -0.6557   0.2919   0   -2.524e+08   1.247e+08   0
37.2   0.9782   -0.6809   0.3043   0   -2.525e+08   1.247e+08   0
37.3   0.9783   -0.7062   0.3168   0   -2.525e+08   1.247e+08   0
37.4   0.9783   -0.7314   0.3293   0   -2.525e+08   1.247e+08   0
37.5   0.9783   -0.7567   0.3418   0   -2.525e+08   1.247e+08   0
37.6   0.9783   -0.7819   0.3542   0   -2.525e+08   1.247e+08   0
37.7   0.9783   -0.8072   0.3667   0   -2.525e+08   1.247e+08   0
37.8   0.9783   -0.8324   0.3792   0   -2.525e+08   1.247e+08   0
37.9   0.9783   -0.8576   0.3917   0   -2.525e+08   1.247e+08   0
38   0.9783   -0.8829   0.4041   0   -2.525e+08   1.247e+08   0
38.1   0.9783   -0.9081   0.4166   0   -2.525e+08   1.247e+08   0
38.2   0.9783   -0.9334   0.4291   0   -2.525e+08   1.247e+08   0
38.3   0.9783   -0.9586   0.4416   0   -2.525e+08   1.247e+08   0
38.4   0.9783   -0.9839   0.454   0   -2.525e+08   1.247e+08   0
38.5   0.9783   -1.009   0.4665   0   -2.525e+08   1.247e+08   0
38.6   0.9783   -1.034   0.479   0   -2.525e+08   1.247e+08   0
38.7   0.9783   -1.06   0.4915   0   -2.525e+08   1.247e+08   0
38.8   0.9783   -1.085   0.5039   0   -2.525e+08   1.247e+08   0
38.9   0.9783   -1.11   0.5164   0   -2.525e+08   1.247e+08   0
39   0.9783   -1.135   0.5289   0   -2.525e+08   1.247e+08   0
39.1   0.9783   -1.161   0.5414   0   -2.525e+08   1.247e+08   0
39.2   0.9783   -1.186   0.5538   0   -2.525e+08   1.247e+08   0
39.3   0.9783   -1.211   0.5663   0   -2.525e+08   1.247e+08   0
39.4   0.9783   -1.236   0.5788   0   -2.525e+08   1.247e+08   0
39.5   0.9783   -1.262   0.5913   0   -2.525e+08   1.247e+08   0
39.6   0.9783   -1.287   0.6037   0   -2.525e+08   1.247e+08   0
39.7   0.9783   -1.312   0.6162   0   -2.525e+08   1.247e+08   0
39.8   0.9783   -1.337   0.6287   0   -2.525e+08   1.247e+08   0
39.9   0.9783   -1.363   0.6412   0   -2.525e+08   1.247e+08   0
40   0.9783   -1.388   0.6536   0   -2.525e+08   1.247e+08   0
40.1   0.9783   -1.413   0.6661   0   -2.525e+08   1.247e+08   0
40.2   0.9783   -1.438   0.6786   0   -2.525e+08   1.247e+08   0
40.3   0.9783   -1.464   0.6911   0   -2.525e+08   1.247e+08   0
40.4   0.9783   -1.489   0.7035   0   -2.525e+08   1.247e+08   0
40.5   0.9783   -1.514   0.716   0   -2.525e+08   1.247e+08   0
40.6   0.9783   -1.539   0.7285   0   -2.525e+08   1.247e+08   0
40.7   0.9783   -1.565   0.741   0   -2.525e+08   1.247e+08   0
40.8   0.9783   -1.59   0.7534   0   -2.525e+08   1.247e+08   0
40.9   0.9783   -1.615   0.7659   0   -2.525e+08   1.247e+08   0
41   0.9783   -1.64   0.7784   0   -2.525e+08   1.247e+08   0
41.1   0.9783   -1.666   0.7909   0   -2.525e+08   1.247e+08   0
41.2   0.9783   -1.691   0.8033   0   -2.525e+08   1.247e+08   0
41.3   0.9783   -1.716   0.8158   0   -2.525e+08   1.247e+08   0
41.4   0.9783   -1.741   0.8283   0   -2.525e+08   1.247e+08   0
41.5   0.9783   -1.766   0.8408   0   -2.525e+08   1.247e+08   0
41.6   0.9783   -1.792   0.8532   0   -2.525e+08   1.247e+08   0
41.7   0.9783   -1.817   0.8657   0   -2.525e+08   1.247e+08   0
41.8   0.9783   -1.842   0.8782   0   -2.525e+08   1.247e+08   0
41.9   0.9783   -1.867   0.8907   0   -2.525e+08   1.247e+08   0
42   0.9783   -1.893   0.9031   0   -2.525e+08   1.247e+08   0
42.1   0.9783   -1.918   0.9156   0   -2.525e+08   1.247e+08   0
42.2   0.9783   -1.943   0.9281   0   -2.525e+08   1.247e+08   0
42.3   0.9783   -1.968   0.9406   0   -2.525e+08   1.247e+08   0
42.4   0.9783   -1.994   0.953   0   -2.525e+08   1.247e+08   0
42.5   0.9783   -2.019   0.9655   0   -2.525e+08   1.247e+08   0
42.6   0.9783   -2.044   0.978   0   -2.525e+08   1.247e+08   0
42.7   0.9783   -2.069   0.9905   0   -2.525e+08   1.247e+08   0
42.8   0.9783   -2.095   1.003   0   -2.525e+08   1.247e+08   0
42.9   0.9783   -2.12   1.015   0   -2.525e+08   1.247e+08   0
43   0.9783   -2.145   1.028   0   -2.525e+08   1.247e+08   0
43.1   0.9783   -2.17   1.04   0   -2.525e+08   1.247e+08   0
43.2   0.9783   -2.196   1.053   0   -2.525e+08   1.247e+08   0
43.3   0.9783   -2.221   1.065   0   -2.525e+08   1.247e+08   0
43.4   0.9783   -2.246   1.078   0   -2.525e+08   1.247e+08   0
43.5   0.9783   -2.271   1.09   0   -2.525e+08   1.247e+08   0
43.6   0.9783   -2.297   1.103   0   -2.525e+08   1.247e+08   0
43.7   0.9783   -2.322   1.115   0   -2.525e+08   1.247e+08   0
43.8   0.9783   -2.347   1.128   0   -2.525e+08   1.247e+08   0
43.9   0.9783   -2.372   1.14   0   -2.525e+08   1.247e+08   0
44   0.9783   -2.398   1.153   0   -2.525e+08   1.247e+08   0
44.1   0.9783   -2.423   1.165   0   -2.525e+08   1.247e+08   0
44.2   0.9783   -2.448   1.178   0   -2.525e+08   1.247e+08   0
44.3   0.9783   -2.473   1.19   0   -2.525e+08   1.247e+08   0
44.4   0.9783   -2.499   1.203   0   -2.525e+08   1.247e+08   0
44.5   0.9783   -2.524   1.215   0   -2.525e+08   1.247e+08   0
44.6   0.9783   -2.549   1.227   0   -2.525e+08   1.247e+08   0
44.7   0.9783   -2.574   1.24   0   -2.525e+08   1.247e+08   0
44.8   0.9783   -2.6   1.252   0   -2.525e+08   1.247e+08   0
44.9   0.9783   -2.625   1.265   0   -2.525e+08   1.247e+08   0
45   0.9783   -2.65   1.277   0   -2.525e+08   1.247e+08   0
