0   0.04   -0.753   0   0   1.121e+08   0   0
0.1   0.04   -0.753   0   0   1.121e+08   0   0
0.2   0.04   -0.753   0   0   1.121e+08   0   0
0.3   0.04   -0.753   0   0   1.121e+08   0   0
0.4   0.04   -0.753   0   0   1.121e+08   0   0
0.5   0.04   -0.753   0   0   1.121e+08   0   0
0.6   0.04   -0.753   0   0   1.121e+08   0   0
0.7   0.04   -0.753   0   0   1.121e+08   0   0
0.8   0.04   -0.753   0   0   1.121e+08   0   0
0.9   0.04   -0.753   0   0   1.121e+08   0   0
1   0.04   -0.753   0   0   1.121e+08   0   0
1.1   0.04046   -0.7497   0   0   1.127e+08   0   0
1.2   0.04221   -0.7383   0   0   1.149e+08   0   0
1.3   0.04418   -0.7267   0   0   1.172e+08   0   0
1.4   0.04636   -0.7149   0   0   1.197e+08   0   0
1.5   0.04876   -0.7028   0   0   1.224e+08   0   0
1.6   0.05139   -0.6904   0   0   1.252e+08   0   0
1.7   0.05425   -0.6777   0   0   1.282e+08   0   0
1.8   0.05735   -0.6648   0   0   1.312e+08   0   0
1.9   0.0607   -0.6515   0   0   1.344e+08   0   0
2   0.06429   -0.6379   0   0   1.377e+08   0   0
2.1   0.06814   -0.6239   0   0   1.411e+08   0   0
2.2   0.07223   -0.6096   0   0   1.445e+08   0   0
2.3   0.07658   -0.595   0   0   1.48e+08   0   0
2.4   0.08117   -0.58   0   0   1.515e+08   0   0
2.5   0.08601   -0.5647   0   0   1.55e+08   0   0
2.6   0.09108   -0.549   0   0   1.585e+08   0   0
2.7   0.09639   -0.533   0   0   1.621e+08   0   0
2.8   0.1019   -0.5166   0   0   1.655e+08   0   0
2.9   0.1077   -0.4999   0   0   1.69e+08   0   0
3   0.1136   -0.4828   0   0   1.724e+08   0   0
3.1   0.1197   -0.4654   0   0   1.757e+08   0   0
3.2   0.1259   -0.4477   0   0   1.79e+08   0   0
3.3   0.1323   -0.4296   0   0   1.821e+08   0   0
3.4   0.1388   -0.4113   0   0   1.852e+08   0   0
3.5   0.1454   -0.3926   0   0   1.882e+08   0   0
3.6   0.152   -0.3736   0   0   1.91e+08   0   0
3.7   0.1586   -0.3544   0   0   1.937e+08   0   0
3.8   0.1652   -0.3349   0   0   1.963e+08   0   0
3.9   0.1716   -0.3151   0   0   1.988e+08   0   0
4   0.1779   -0.2951   0   0   2.011e+08   0   0
4.1   0.184   -0.2749   0   0   2.032e+08   0   0
4.2   0.1897   -0.2545   0   0   2.051e+08   0   0
4.3   0.1951   -0.2339   0   0   2.069e+08   0   0
4.4   0.1999   -0.2131   0   0   2.084e+08   0   0
4.5   0.204   -0.1922   0   0   2.097e+08   0   0
4.6   0.2047   -0.1712   0   0   2.099e+08   0   0
4.7   0.2047   -0.1502   0   0   2.099e+08   0   0
4.8   0.2047   -0.1292   0   0   2.099e+08   0   0
4.9   0.2047   -0.1082   0   0   2.099e+08   0   0
5   0.2047   -0.08726   0   0   2.099e+08   0   0
5.1   0.2047   -0.06626   0   0   2.099e+08   0   0
5.2   0.2047   -0.04527   0   0   2.099e+08   0   0
5.3   0.2047   -0.02428   0   0   2.099e+08   0   0
5.4   0.2047   -0.003293   0   0   2.099e+08   0   0
5.5   0.2047   0.0177   0   0   2.099e+08   0   0
5.6   0.2047   0.03869   0   0   2.099e+08   0   0
5.7   0.2047   0.05968   0   0   2.099e+08   0   0
5.8   0.2047   0.08067   0   0   2.099e+08   0   0
5.9   0.2047   0.1017   0   0   2.099e+08   0   0
6   0.2047   0.1227   0   0   2.099e+08   0   0
6.1   0.2047   0.1436   0   0   2.099e+08   0   0
6.2   0.2047   0.1646   0   0   2.099e+08   0   0
6.3   0.2047   0.1856   0   0   2.099e+08   0   0
6.4   0.2195   0.2068   0   0   2.142e+08   0   0
6.5   0.2357   0.2285   0   0   2.186e+08   0   0
6.6   0.2512   0.2505   0   0   2.224e+08   0   0
6.7   0.266   0.2729   0   0   2.258e+08   0   0
6.8   0.2801   0.2957   0   0   2.289e+08   0   0
6.9   0.2934   0.3187   0   0   2.315e+08   0   0
7   0.3061   0.342   0   0   2.339e+08   0   0
7.1   0.3181   0.3655   0   0   2.361e+08   0   0
7.2   0.3294   0.3892   0   0   2.38e+08   0   0
7.3   0.3402   0.4131   0   0   2.398e+08   0   0
7.4   0.3503   0.4371   0   0   2.413e+08   0   0
7.5   0.3597   0.4613   0   0   2.427e+08   0   0
7.6   0.3686   0.4857   0   0   2.44e+08   0   0
7.7   0.3769   0.5101   0   0   2.452e+08   0   0
7.8   0.3846   0.5347   0   0   2.462e+08   0   0
7.9   0.3918   0.5594   0   0   2.471e+08   0   0
8   0.3984   0.5841   0   0   2.48e+08   0   0
8.1   0.4044   0.609   0   0   2.487e+08   0   0
8.2   0.4099   0.6339   0   0   2.494e+08   0   0
8.3   0.4149   0.6588   0   0   2.5e+08   0   0
8.4   0.4194   0.6839   0   0   2.505e+08   0   0
8.5   0.4234   0.709   0   0   2.51e+08   0   0
8.6   0.427   0.7341   0   0   2.514e+08   0   0
8.7   0.4293   0.7592   0   0   2.517e+08   0   0
8.8   0.4293   0.7844   0   0   2.517e+08   0   0
8.9   0.4293   0.8096   0   0   2.517e+08   0   0
9   0.4293   0.8347   0   0   2.517e+08   0   0
9.1   0.4293   0.8599   0   0   2.517e+08   0   0
9.2   0.4293   0.8851   0   0   2.517e+08   0   0
9.3   0.4293   0.9102   0   0   2.517e+08   0   0
9.4   0.4293   0.9354   0   0   2.517e+08   0   0
9.5   0.4293   0.9606   0   0   2.517e+08   0   0
9.6   0.4293   0.9857   0   0   2.517e+08   0   0
9.7   0.4293   1.011   0   0   2.517e+08   0   0
9.8   0.4293   1.036   0   0   2.517e+08   0   0
9.9   0.4293   1.061   0   0   2.517e+08   0   0
10   0.4293   1.086   0   0   2.517e+08   0   0
10.1   0.4295   1.112   -0.0001096   0   2.514e+08   -1.218e+07   0
10.2   0.4304   1.136   -0.004901   0   2.38e+08   -8.231e+07   0
10.3   0.4313   1.158   -0.01642   0   2.054e+08   -1.458e+08   0
10.4   0.4322   1.177   -0.03373   0   1.564e+08   -1.976e+08   0
10.5   0.4331   1.189   -0.05545   0   9.482e+07   -2.336e+08   0
10.6   0.4341   1.195   -0.07985   0   2.571e+07   -2.509e+08   0
10.7   0.435   1.194   -0.105   0   -4.544e+07   -2.482e+08   0
10.8   0.4359   1.186   -0.1288   0   -1.13e+08   -2.257e+08   0
10.9   0.4368   1.172   -0.1495   0   -1.715e+08   -1.853e+08   0
11   0.4378   1.152   -0.1653   0   -2.164e+08   -1.302e+08   0
11.1   0.4387   1.129   -0.1751   0   -2.442e+08   -6.485e+07   0
11.2   0.4396   1.104   -0.1781   0   -2.527e+08   5.639e+06   0
11.3   0.4401   1.079   -0.1748   0   -2.495e+08   4.106e+07   0
11.4   0.4401   1.054   -0.1707   0   -2.495e+08   4.106e+07   0
11.5   0.4401   1.029   -0.1666   0   -2.495e+08   4.106e+07   0
11.6   0.4401   1.004   -0.1625   0   -2.495e+08   4.106e+07   0
11.7   0.4401   0.9793   -0.1584   0   -2.495e+08   4.106e+07   0
11.8   0.4401   0.9544   -0.1543   0   -2.495e+08   4.106e+07   0
11.9   0.4401   0.9294   -0.1502   0   -2.495e+08   4.106e+07   0
12   0.4401   0.9045   -0.1461   0   -2.495e+08   4.106e+07   0
12.1   0.4401   0.8795   -0.142   0   -2.495e+08   4.106e+07   0
12.2   0.4401   0.8546   -0.1379   0   -2.495e+08   4.106e+07   0
12.3   0.4401   0.8296   -0.1338   0   -2.495e+08   4.106e+07   0
12.4   0.4401   0.8047   -0.1297   0   -2.495e+08   4.106e+07   0
12.5   0.4401   0.7797   -0.1255   0   -2.495e+08   4.106e+07   0
12.6   0.4401   0.7548   -0.1214   0   -2.495e+08   4.106e+07   0
12.7   0.4428   0.7298   -0.1173   0   -2.498e+08   4.111e+07   0
12.8   0.4477   0.7048   -0.1132   0   -2.503e+08   4.118e+07   0
12.9   0.4525   0.6798   -0.1091   0   -2.508e+08   4.126e+07   0
13   0.4573   0.6547   -0.105   0   -2.513e+08   4.133e+07   0
13.1   0.4618   0.6295   -0.1008   0   -2.517e+08   4.14e+07   0
13.2   0.4662   0.6043   -0.09668   0   -2.521e+08   4.146e+07   0
13.3   0.4703   0.5791   -0.09254   0   -2.525e+08   4.152e+07   0
13.4   0.4741   0.5538   -0.08838   0   -2.529e+08   4.158e+07   0
13.5   0.4776   0.5285   -0.08422   0   -2.532e+08   4.162e+07   0
13.6   0.4807   0.5032   -0.08006   0   -2.535e+08   4.167e+07   0
13.7   0.4834   0.4778   -0.07589   0   -2.538e+08   4.17e+07   0
13.8   0.4856   0.4524   -0.07172   0   -2.54e+08   4.173e+07   0
13.9   0.4873   0.427   -0.06754   0   -2.541e+08   4.175e+07   0
14   0.4883   0.4016   -0.06337   0   -2.542e+08   4.176e+07   0
14.1   0.4885   0.3762   -0.05919   0   -2.542e+08   4.177e+07   0
14.2   0.4879   0.3507   -0.05501   0   -2.542e+08   4.176e+07   0
14.3   0.4864   0.3253   -0.05084   0   -2.541e+08   4.174e+07   0
14.4   0.4838   0.2999   -0.04667   0   -2.538e+08   4.171e+07   0
14.5   0.4798   0.2746   -0.0425   0   -2.534e+08   4.166e+07   0
14.6   0.4744   0.2492   -0.03833   0   -2.529e+08   4.16e+07   0
14.7   0.4672   0.224   -0.03418   0   -2.522e+08   4.151e+07   0
14.8   0.4578   0.1988   -0.03003   0   -2.513e+08   4.14e+07   0
14.9   0.452   0.1737   -0.0259   0   -2.507e+08   4.133e+07   0
15   0.452   0.1487   -0.02176   0   -2.507e+08   4.133e+07   0
15.1   0.452   0.1236   -0.01763   0   -2.507e+08   4.133e+07   0
15.2   0.452   0.09851   -0.0135   0   -2.507e+08   4.133e+07   0
15.3   0.452   0.07344   -0.009363   0   -2.507e+08   4.133e+07   0
15.4   0.452   0.04836   -0.00523   0   -2.507e+08   4.133e+07   0
15.5   0.452   0.02329   -0.001096   0   -2.507e+08   4.133e+07   0
15.6   0.452   -0.00178   0.003037   0   -2.507e+08   4.133e+07   0
15.7   0.452   -0.02685   0.00717   0   -2.507e+08   4.133e+07   0
15.8   0.452   -0.05192   0.0113   0   -2.507e+08   4.133e+07   0
15.9   0.452   -0.077   0.01544   0   -2.507e+08   4.133e+07   0
16   0.452   -0.1021   0.01957   0   -2.507e+08   4.133e+07   0
16.1   0.452   -0.1271   0.0237   0   -2.507e+08   4.133e+07   0
16.2   0.452   -0.1522   0.02784   0   -2.507e+08   4.133e+07   0
16.3   0.452   -0.1773   0.03197   0   -2.507e+08   4.133e+07   0
16.4   0.4679   -0.2024   0.03612   0   -2.523e+08   4.167e+07   0
16.5   0.4892   -0.2277   0.04031   0   -2.543e+08   4.209e+07   0
16.6   0.5082   -0.2533   0.04453   0   -2.559e+08   4.243e+07   0
16.7   0.5254   -0.2789   0.04879   0   -2.573e+08   4.272e+07   0
16.8   0.541   -0.3047   0.05307   0   -2.585e+08   4.296e+07   0
16.9   0.5551   -0.3306   0.05738   0   -2.595e+08   4.317e+07   0
17   0.5678   -0.3566   0.06171   0   -2.604e+08   4.335e+07   0
17.1   0.5794   -0.3827   0.06605   0   -2.612e+08   4.35e+07   0
17.2   0.5899   -0.4089   0.07041   0   -2.619e+08   4.363e+07   0
17.3   0.5994   -0.4351   0.07478   0   -2.625e+08   4.375e+07   0
17.4   0.6079   -0.4614   0.07916   0   -2.631e+08   4.385e+07   0
17.5   0.6155   -0.4877   0.08355   0   -2.635e+08   4.394e+07   0
17.6   0.6224   -0.5141   0.08794   0   -2.639e+08   4.402e+07   0
17.7   0.6284   -0.5405   0.09235   0   -2.643e+08   4.408e+07   0
17.8   0.6337   -0.5669   0.09676   0   -2.646e+08   4.414e+07   0
17.9   0.6384   -0.5934   0.1012   0   -2.649e+08   4.419e+07   0
18   0.6424   -0.6199   0.1056   0   -2.651e+08   4.423e+07   0
18.1   0.6457   -0.6464   0.11   0   -2.653e+08   4.427e+07   0
18.2   0.6485   -0.673   0.1145   0   -2.654e+08   4.43e+07   0
18.3   0.6508   -0.6995   0.1189   0   -2.656e+08   4.432e+07   0
18.4   0.6525   -0.7261   0.1233   0   -2.657e+08   4.434e+07   0
18.5   0.6533   -0.7526   0.1277   0   -2.657e+08   4.434e+07   0
18.6   0.6533   -0.7792   0.1322   0   -2.657e+08   4.434e+07   0
18.7   0.6533   -0.8058   0.1366   0   -2.657e+08   4.434e+07   0
18.8   0.6533   -0.8323   0.1411   0   -2.657e+08   4.434e+07   0
18.9   0.6533   -0.8589   0.1455   0   -2.657e+08   4.434e+07   0
19   0.6533   -0.8855   0.1499   0   -2.657e+08   4.434e+07   0
19.1   0.6533   -0.9121   0.1544   0   -2.657e+08   4.434e+07   0
19.2   0.6533   -0.9386   0.1588   0   -2.657e+08   4.434e+07   0
19.3   0.6533   -0.9652   0.1632   0   -2.657e+08   4.434e+07   0
19.4   0.6533   -0.9918   0.1677   0   -2.657e+08   4.434e+07   0
19.5   0.6533   -1.018   0.1721   0   -2.657e+08   4.434e+07   0
19.6   0.6533   -1.045   0.1765   0   -2.657e+08   4.434e+07   0
19.7   0.6533   -1.071   0.181   0   -2.657e+08   4.434e+07   0
19.8   0.6533   -1.098   0.1854   0   -2.657e+08   4.434e+07   0
19.9   0.6533   -1.125   0.1898   0   -2.657e+08   4.434e+07   0
20   0.6548   -1.151   0.196   0   -2.518e+08   9.591e+07   0
20.1   0.657   -1.174   0.2092   0   -2.123e+08   1.662e+08   0
20.2   0.6592   -1.193   0.2288   0   -1.538e+08   2.216e+08   0
20.3   0.6615   -1.204   0.2529   0   -8.165e+07   2.572e+08   0
20.4   0.6637   -1.209   0.2795   0   -2.364e+06   2.699e+08   0
20.5   0.666   -1.205   0.3061   0   7.706e+07   2.588e+08   0
20.6   0.6682   -1.193   0.3305   0   1.496e+08   2.25e+08   0
20.7   0.6705   -1.175   0.3504   0   2.09e+08   1.714e+08   0
20.8   0.6727   -1.152   0.3642   0   2.501e+08   1.029e+08   0
20.9   0.675   -1.126   0.3706   0   2.693e+08   2.559e+07   0
21   0.6773   -1.099   0.3692   0   2.652e+08   -5.391e+07   0
21.1   0.6783   -1.073   0.361   0   2.553e+08   -9.005e+07   0
21.2   0.6783   -1.048   0.352   0   2.553e+08   -9.005e+07   0
21.3   0.6783   -1.022   0.343   0   2.553e+08   -9.005e+07   0
21.4   0.6783   -0.9966   0.334   0   2.553e+08   -9.005e+07   0
21.5   0.6783   -0.9711   0.325   0   2.553e+08   -9.005e+07   0
21.6   0.6783   -0.9456   0.316   0   2.553e+08   -9.005e+07   0
21.7   0.6783   -0.92   0.307   0   2.553e+08   -9.005e+07   0
21.8   0.6783   -0.8945   0.298   0   2.553e+08   -9.005e+07   0
21.9   0.6783   -0.869   0.289   0   2.553e+08   -9.005e+07   0
22   0.6783   -0.8434   0.28   0   2.553e+08   -9.005e+07   0
22.1   0.6783   -0.8179   0.2709   0   2.553e+08   -9.005e+07   0
22.2   0.6783   -0.7924   0.2619   0   2.553e+08   -9.005e+07   0
22.3   0.6783   -0.7669   0.2529   0   2.553e+08   -9.005e+07   0
22.4   0.6783   -0.7413   0.2439   0   2.553e+08   -9.005e+07   0
22.5   0.6783   -0.7158   0.2349   0   2.553e+08   -9.005e+07   0
22.6   0.6818   -0.6903   0.2259   0   2.555e+08   -9.009e+07   0
22.7   0.6851   -0.6647   0.2169   0   2.556e+08   -9.013e+07   0
22.8   0.688   -0.6391   0.2079   0   2.558e+08   -9.016e+07   0
22.9   0.6907   -0.6135   0.1989   0   2.559e+08   -9.019e+07   0
23   0.6929   -0.5879   0.1899   0   2.56e+08   -9.021e+07   0
23.1   0.6947   -0.5623   0.1808   0   2.561e+08   -9.023e+07   0
23.2   0.6961   -0.5367   0.1718   0   2.562e+08   -9.024e+07   0
23.3   0.6969   -0.5111   0.1628   0   2.562e+08   -9.025e+07   0
23.4   0.6971   -0.4855   0.1538   0   2.562e+08   -9.025e+07   0
23.5   0.6967   -0.4599   0.1447   0   2.562e+08   -9.024e+07   0
23.6   0.6955   -0.4342   0.1357   0   2.561e+08   -9.024e+07   0
23.7   0.6935   -0.4086   0.1267   0   2.56e+08   -9.022e+07   0
23.8   0.6907   -0.383   0.1177   0   2.559e+08   -9.02e+07   0
23.9   0.6868   -0.3575   0.1086   0   2.557e+08   -9.018e+07   0
24   0.6817   -0.3319   0.09963   0   2.554e+08   -9.016e+07   0
24.1   0.6753   -0.3064   0.09062   0   2.551e+08   -9.013e+07   0
24.2   0.6674   -0.2809   0.08161   0   2.547e+08   -9.011e+07   0
24.3   0.6578   -0.2554   0.0726   0   2.541e+08   -9.009e+07   0
24.4   0.6461   -0.2301   0.06359   0   2.534e+08   -9.009e+07   0
24.5   0.632   -0.2048   0.05458   0   2.526e+08   -9.012e+07   0
24.6   0.6168   -0.1796   0.04556   0   2.516e+08   -9.018e+07   0
24.7   0.6168   -0.1544   0.03654   0   2.516e+08   -9.018e+07   0
24.8   0.6168   -0.1292   0.02753   0   2.516e+08   -9.018e+07   0
24.9   0.6168   -0.1041   0.01851   0   2.516e+08   -9.018e+07   0
25   0.6168   -0.07892   0.009489   0   2.516e+08   -9.018e+07   0
25.1   0.6168   -0.05377   0.0004711   0   2.516e+08   -9.018e+07   0
25.2   0.6168   -0.02861   -0.008547   0   2.516e+08   -9.018e+07   0
25.3   0.6168   -0.00345   -0.01757   0   2.516e+08   -9.018e+07   0
25.4   0.6168   0.02171   -0.02658   0   2.516e+08   -9.018e+07   0
25.5   0.6168   0.04687   -0.0356   0   2.516e+08   -9.018e+07   0
25.6   0.6168   0.07202   -0.04462   0   2.516e+08   -9.018e+07   0
25.7   0.6168   0.09718   -0.05364   0   2.516e+08   -9.018e+07   0
25.8   0.6168   0.1223   -0.06266   0   2.516e+08   -9.018e+07   0
25.9   0.6168   0.1475   -0.07167   0   2.516e+08   -9.018e+07   0
26   0.6188   0.1727   -0.08069   0   2.517e+08   -9.028e+07   0
26.1   0.6419   0.1979   -0.08977   0   2.528e+08   -9.129e+07   0
26.2   0.6621   0.2232   -0.09894   0   2.537e+08   -9.207e+07   0
26.3   0.6798   0.2486   -0.1082   0   2.544e+08   -9.269e+07   0
26.4   0.6954   0.2741   -0.1175   0   2.551e+08   -9.32e+07   0
26.5   0.7093   0.2996   -0.1268   0   2.556e+08   -9.361e+07   0
26.6   0.7215   0.3252   -0.1362   0   2.561e+08   -9.396e+07   0
26.7   0.7324   0.3508   -0.1456   0   2.565e+08   -9.424e+07   0
26.8   0.742   0.3765   -0.155   0   2.569e+08   -9.448e+07   0
26.9   0.7504   0.4022   -0.1645   0   2.572e+08   -9.469e+07   0
27   0.7578   0.428   -0.174   0   2.575e+08   -9.486e+07   0
27.1   0.7643   0.4537   -0.1835   0   2.577e+08   -9.5e+07   0
27.2   0.7699   0.4795   -0.193   0   2.579e+08   -9.512e+07   0
27.3   0.7746   0.5053   -0.2025   0   2.581e+08   -9.522e+07   0
27.4   0.7786   0.5311   -0.212   0   2.582e+08   -9.53e+07   0
27.5   0.7819   0.557   -0.2216   0   2.583e+08   -9.536e+07   0
27.6   0.7845   0.5828   -0.2311   0   2.584e+08   -9.541e+07   0
27.7   0.7865   0.6086   -0.2406   0   2.585e+08   -9.545e+07   0
27.8   0.7879   0.6345   -0.2502   0   2.586e+08   -9.548e+07   0
27.9   0.7888   0.6603   -0.2597   0   2.586e+08   -9.549e+07   0
28   0.7892   0.6862   -0.2693   0   2.586e+08   -9.55e+07   0
28.1   0.7893   0.7121   -0.2788   0   2.586e+08   -9.55e+07   0
28.2   0.7893   0.7379   -0.2884   0   2.586e+08   -9.55e+07   0
28.3   0.7893   0.7638   -0.2979   0   2.586e+08   -9.55e+07   0
28.4   0.7893   0.7896   -0.3075   0   2.586e+08   -9.55e+07   0
28.5   0.7893   0.8155   -0.317   0   2.586e+08   -9.55e+07   0
28.6   0.7893   0.8414   -0.3266   0   2.586e+08   -9.55e+07   0
28.7   0.7893   0.8672   -0.3361   0   2.586e+08   -9.55e+07   0
28.8   0.7893   0.8931   -0.3457   0   2.586e+08   -9.55e+07   0
28.9   0.7893   0.9189   -0.3552   0   2.586e+08   -9.55e+07   0
29   0.7893   0.9448   -0.3648   0   2.586e+08   -9.55e+07   0
29.1   0.7893   0.9707   -0.3743   0   2.586e+08   -9.55e+07   0
29.2   0.7893   0.9965   -0.3839   0   2.586e+08   -9.55e+07   0
29.3   0.7893   1.022   -0.3934   0   2.586e+08   -9.55e+07   0
29.4   0.7893   1.048   -0.403   0   2.586e+08   -9.55e+07   0
29.5   0.7893   1.074   -0.4125   0   2.586e+08   -9.55e+07   0
29.6   0.7933   1.098   -0.4252   0   2.186e+08   -1.682e+08   0
29.7   0.7983   1.117   -0.4456   0   1.428e+08   -2.362e+08   0
29.8   0.8033   1.126   -0.4714   0   4.776e+07   -2.72e+08   0
29.9   0.8084   1.126   -0.4988   0   -5.35e+07   -2.712e+08   0
30   0.8134   1.116   -0.5244   0   -1.474e+08   -2.34e+08   0
30.1   0.8185   1.097   -0.5446   0   -2.215e+08   -1.66e+08   0
30.2   0.8236   1.072   -0.5568   0   -2.663e+08   -7.621e+07   0
30.3   0.8288   1.045   -0.5594   0   -2.761e+08   2.33e+07   0
30.4   0.834   1.018   -0.5521   0   -2.502e+08   1.196e+08   0
30.5   0.8346   0.9939   -0.5391   0   -2.448e+08   1.303e+08   0
30.6   0.8346   0.9694   -0.5261   0   -2.448e+08   1.303e+08   0
30.7   0.8346   0.9449   -0.5131   0   -2.448e+08   1.303e+08   0
30.8   0.8346   0.9204   -0.5001   0   -2.448e+08   1.303e+08   0
30.9   0.8346   0.8959   -0.487   0   -2.448e+08   1.303e+08   0
31   0.8346   0.8714   -0.474   0   -2.448e+08   1.303e+08   0
31.1   0.8346   0.847   -0.461   0   -2.448e+08   1.303e+08   0
31.2   0.8346   0.8225   -0.4479   0   -2.448e+08   1.303e+08   0
31.3   0.8346   0.798   -0.4349   0   -2.448e+08   1.303e+08   0
31.4   0.8346   0.7735   -0.4219   0   -2.448e+08   1.303e+08   0
31.5   0.8346   0.749   -0.4089   0   -2.448e+08   1.303e+08   0
31.6   0.8346   0.7245   -0.3958   0   -2.448e+08   1.303e+08   0
31.7   0.8346   0.7001   -0.3828   0   -2.448e+08   1.303e+08   0
31.8   0.8346   0.6756   -0.3698   0   -2.448e+08   1.303e+08   0
31.9   0.8359   0.6511   -0.3567   0   -2.449e+08   1.303e+08   0
32   0.8392   0.6266   -0.3437   0   -2.45e+08   1.304e+08   0
32.1   0.8422   0.6021   -0.3307   0   -2.45e+08   1.304e+08   0
32.2   0.8448   0.5776   -0.3176   0   -2.451e+08   1.305e+08   0
32.3   0.8471   0.5531   -0.3046   0   -2.452e+08   1.305e+08   0
32.4   0.8489   0.5286   -0.2915   0   -2.452e+08   1.306e+08   0
32.5   0.8503   0.504   -0.2785   0   -2.453e+08   1.306e+08   0
32.6   0.8511   0.4795   -0.2654   0   -2.453e+08   1.306e+08   0
32.7   0.8514   0.455   -0.2524   0   -2.453e+08   1.306e+08   0
32.8   0.8509   0.4304   -0.2393   0   -2.453e+08   1.306e+08   0
32.9   0.8498   0.4059   -0.2262   0   -2.453e+08   1.306e+08   0
33   0.8478   0.3814   -0.2132   0   -2.452e+08   1.305e+08   0
33.1   0.845   0.3569   -0.2001   0   -2.451e+08   1.305e+08   0
33.2   0.841   0.3324   -0.1871   0   -2.45e+08   1.304e+08   0
33.3   0.836   0.3079   -0.1741   0   -2.449e+08   1.303e+08   0
33.4   0.8296   0.2834   -0.161   0   -2.447e+08   1.301e+08   0
33.5   0.8217   0.2589   -0.148   0   -2.445e+08   1.3e+08   0
33.6   0.812   0.2345   -0.135   0   -2.442e+08   1.297e+08   0
33.7   0.8003   0.2101   -0.1221   0   -2.439e+08   1.294e+08   0
33.8   0.786   0.1857   -0.1092   0   -2.435e+08   1.29e+08   0
33.9   0.7687   0.1614   -0.09628   0   -2.43e+08   1.285e+08   0
34   0.7687   0.1371   -0.08343   0   -2.43e+08   1.285e+08   0
34.1   0.7687   0.1128   -0.07057   0   -2.43e+08   1.285e+08   0
34.2   0.7687   0.08851   -0.05772   0   -2.43e+08   1.285e+08   0
34.3   0.7687   0.06421   -0.04487   0   -2.43e+08   1.285e+08   0
34.4   0.7687   0.03992   -0.03201   0   -2.43e+08   1.285e+08   0
34.5   0.7687   0.01562   -0.01916   0   -2.43e+08   1.285e+08   0
34.6   0.7687   -0.008671   -0.006308   0   -2.43e+08   1.285e+08   0
34.7   0.7687   -0.03297   0.006545   0   -2.43e+08   1.285e+08   0
34.8   0.7687   -0.05726   0.0194   0   -2.43e+08   1.285e+08   0
34.9   0.7687   -0.08156   0.03225   0   -2.43e+08   1.285e+08   0
35   0.7687   -0.1059   0.0451   0   -2.43e+08   1.285e+08   0
35.1   0.7687   -0.1301   0.05796   0   -2.43e+08   1.285e+08   0
35.2   0.7687   -0.1544   0.07081   0   -2.43e+08   1.285e+08   0
35.3   0.7771   -0.1787   0.08367   0   -2.433e+08   1.286e+08   0
35.4   0.8001   -0.2031   0.09653   0   -2.442e+08   1.288e+08   0
35.5   0.8202   -0.2276   0.1094   0   -2.45e+08   1.29e+08   0
35.6   0.8378   -0.2521   0.1223   0   -2.456e+08   1.291e+08   0
35.7   0.8533   -0.2767   0.1352   0   -2.461e+08   1.293e+08   0
35.8   0.867   -0.3013   0.1482   0   -2.465e+08   1.294e+08   0
35.9   0.8792   -0.326   0.1611   0   -2.469e+08   1.295e+08   0
36   0.89   -0.3507   0.1741   0   -2.472e+08   1.296e+08   0
36.1   0.8995   -0.3754   0.187   0   -2.475e+08   1.297e+08   0
36.2   0.9079   -0.4002   0.2   0   -2.477e+08   1.298e+08   0
36.3   0.9152   -0.425   0.213   0   -2.479e+08   1.299e+08   0
36.4   0.9217   -0.4498   0.226   0   -2.481e+08   1.299e+08   0
36.5   0.9272   -0.4746   0.239   0   -2.483e+08   1.3e+08   0
36.6   0.9319   -0.4994   0.252   0   -2.484e+08   1.3e+08   0
36.7   0.9359   -0.5243   0.265   0   -2.485e+08   1.301e+08   0
36.8   0.9391   -0.5491   0.278   0   -2.486e+08   1.301e+08   0
36.9   0.9418   -0.574   0.291   0   -2.486e+08   1.301e+08   0
37   0.9438   -0.5989   0.304   0   -2.487e+08   1.301e+08   0
37.1   0.9452   -0.6237   0.317   0   -2.487e+08   1.302e+08   0
37.2   0.9461   -0.6486   0.3301   0   -2.488e+08   1.302e+08   0
37.3   0.9465   -0.6735   0.3431   0   -2.488e+08   1.302e+08   0
37.4   0.9465   -0.6984   0.3561   0   -2.488e+08   1.302e+08   0
37.5   0.9465   -0.7232   0.3691   0   -2.488e+08   1.302e+08   0
37.6   0.9465   -0.7481   0.3821   0   -2.488e+08   1.302e+08   0
37.7   0.9465   -0.773   0.3951   0   -2.488e+08   1.302e+08   0
37.8   0.9465   -0.7979   0.4082   0   -2.488e+08   1.302e+08   0
37.9   0.9465   -0.8227   0.4212   0   -2.488e+08   1.302e+08   0
38   0.9465   -0.8476   0.4342   0   -2.488e+08   1.302e+08   0
38.1   0.9465   -0.8725   0.4472   0   -2.488e+08   1.302e+08   0
38.2   0.9465   -0.8974   0.4602   0   -2.488e+08   1.302e+08   0
38.3   0.9465   -0.9223   0.4732   0   -2.488e+08   1.302e+08   0
38.4   0.9465   -0.9471   0.4863   0   -2.488e+08   1.302e+08   0
38.5   0.9465   -0.972   0.4993   0   -2.488e+08   1.302e+08   0
38.6   0.9465   -0.9969   0.5123   0   -2.488e+08   1.302e+08   0
38.7   0.9465   -1.022   0.5253   0   -2.488e+08   1.302e+08   0
38.8   0.9465   -1.047   0.5383   0   -2.488e+08   1.302e+08   0
38.9   0.9465   -1.072   0.5513   0   -2.488e+08   1.302e+08   0
39   0.9465   -1.096   0.5644   0   -2.488e+08   1.302e+08   0
39.1   0.9465   -1.121   0.5774   0   -2.488e+08   1.302e+08   0
39.2   0.9465   -1.146   0.5904   0   -2.488e+08   1.302e+08   0
39.3   0.9465   -1.171   0.6034   0   -2.488e+08   1.302e+08   0
39.4   0.9465   -1.196   0.6164   0   -2.488e+08   1.302e+08   0
39.5   0.9465   -1.221   0.6294   0   -2.488e+08   1.302e+08   0
39.6   0.9465   -1.246   0.6425   0   -2.488e+08   1.302e+08   0
39.7   0.9465   -1.271   0.6555   0   -2.488e+08   1.302e+08   0
39.8   0.9465   -1.295   0.6685   0   -2.488e+08   1.302e+08   0
39.9   0.9465   -1.32   0.6815   0   -2.488e+08   1.302e+08   0
40   0.9465   -1.345   0.6945   0   -2.488e+08   1.302e+08   0
40.1   0.9465   -1.37   0.7075   0   -2.488e+08   1.302e+08   0
40.2   0.9465   -1.395   0.7206   0   -2.488e+08   1.302e+08   0
40.3   0.9465   -1.42   0.7336   0   -2.488e+08   1.302e+08   0
40.4   0.9465   -1.445   0.7466   0   -2.488e+08   1.302e+08   0
40.5   0.9465   -1.47   0.7596   0   -2.488e+08   1.302e+08   0
40.6   0.9465   -1.494   0.7726   0   -2.488e+08   1.302e+08   0
40.7   0.9465   -1.519   0.7856   0   -2.488e+08   1.302e+08   0
40.8   0.9465   -1.544   0.7987   0   -2.488e+08   1.302e+08   0
40.9   0.9465   -1.569   0.8117   0   -2.488e+08   1.302e+08   0
41   0.9465   -1.594   0.8247   0   -2.488e+08   1.302e+08   0
41.1   0.9465   -1.619   0.8377   0   -2.488e+08   1.302e+08   0
41.2   0.9465   -1.644   0.8507   0   -2.488e+08   1.302e+08   0
41.3   0.9465   -1.669   0.8637   0   -2.488e+08   1.302e+08   0
41.4   0.9465   -1.693   0.8768   0   -2.488e+08   1.302e+08   0
41.5   0.9465   -1.718   0.8898   0   -2.488e+08   1.302e+08   0
41.6   0.9465   -1.743   0.9028   0   -2.488e+08   1.302e+08   0
41.7   0.9465   -1.768   0.9158   0   -2.488e+08   1.302e+08   0
41.8   0.9465   -1.793   0.9288   0   -2.488e+08   1.302e+08   0
41.9   0.9465   -1.818   0.9418   0   -2.488e+08   1.302e+08   0
42   0.9465   -1.843   0.9549   0   -2.488e+08   1.302e+08   0
42.1   0.9465   -1.868   0.9679   0   -2.488e+08   1.302e+08   0
42.2   0.9465   -1.892   0.9809   0   -2.488e+08   1.302e+08   0
42.3   0.9465   -1.917   0.9939   0   -2.488e+08   1.302e+08   0
42.4   0.9465   -1.942   1.007   0   -2.488e+08   1.302e+08   0
42.5   0.9465   -1.967   1.02   0   -2.488e+08   1.302e+08   0
42.6   0.9465   -1.992   1.033   0   -2.488e+08   1.302e+08   0
42.7   0.9465   -2.017   1.046   0   -2.488e+08   1.302e+08   0
42.8   0.9465   -2.042   1.059   0   -2.488e+08   1.302e+08   0
42.9   0.9465   -2.067   1.072   0   -2.488e+08   1.302e+08   0
43   0.9465   -2.091   1.085   0   -2.488e+08   1.302e+08   0
43.1   0.9465   -2.116   1.098   0   -2.488e+08   1.302e+08   0
43.2   0.9465   -2.141   1.111   0   -2.488e+08   1.302e+08   0
43.3   0.9465   -2.166   1.124   0   -2.488e+08   1.302e+08   0
43.4   0.9465   -2.191   1.137   0   -2.488e+08   1.302e+08   0
43.5   0.9465   -2.216   1.15   0   -2.488e+08   1.302e+08   0
43.6   0.9465   -2.241   1.163   0   -2.488e+08   1.302e+08   0
43.7   0.9465   -2.266   1.176   0   -2.488e+08   1.302e+08   0
43.8   0.9465   -2.29   1.189   0   -2.488e+08   1.302e+08   0
43.9   0.9465   -2.315   1.202   0   -2.488e+08   1.302e+08   0
44   0.9465   -2.34   1.215   0   -2.488e+08   1.302e+08   0
44.1   0.9465   -2.365   1.228   0   -2.488e+08   1.302e+08   0
44.2   0.9465   -2.39   1.241   0   -2.488e+08   1.302e+08   0
44.3   0.9465   -2.415   1.254   0   -2.488e+08   1.302e+08   0
44.4   0.9465   -2.44   1.267   0   -2.488e+08   1.302e+08   0
44.5   0.9465   -2.465   1.28   0   -2.488e+08   1.302e+08   0
44.6   0.9465   -2.489   1.293   0   -2.488e+08   1.302e+08   0
44.7   0.9465   -2.514   1.306   0   -2.488e+08   1.302e+08   0
44.8   0.9465   -2.539   1.319   0   -2.488e+08   1.302e+08   0
44.9   0.9465   -2.564   1.332   0   -2.488e+08   1.302e+08   0
45   0.9465   -2.589   1.345   0   -2.488e+08   1.302e+08   0
