0   0.04   -0.753   0   0   1.121e+08   0   0
0.1   0.04   -0.753   0   0   1.121e+08   0   0
0.2   0.04   -0.753   0   0   1.121e+08   0   0
0.3   0.04   -0.753   0   0   1.121e+08   0   0
0.4   0.04   -0.753   0   0   1.121e+08   0   0
0.5   0.04   -0.753   0   0   1.121e+08   0   0
0.6   0.04   -0.753   0   0   1.121e+08   0   0
0.7   0.04   -0.753   0   0   1.121e+08   0   0
0.8   0.04   -0.753   0   0   1.121e+08   0   0
0.9   0.04   -0.753   0   0   1.121e+08   0   0
1   0.04   -0.753   0   0   1.121e+08   0   0
1.1   0.04013   -0.752   0   0   1.123e+08   0   0
1.2   0.04188   -0.7406   0   0   1.145e+08   0   0
1.3   0.04383   -0.7291   0   0   1.168e+08   0   0
1.4   0.04599   -0.7173   0   0   1.193e+08   0   0
1.5   0.04838   -0.7052   0   0   1.22e+08   0   0
1.6   0.05099   -0.6929   0   0   1.248e+08   0   0
1.7   0.05383   -0.6802   0   0   1.277e+08   0   0
1.8   0.05691   -0.6673   0   0   1.308e+08   0   0
1.9   0.06024   -0.6541   0   0   1.34e+08   0   0
2   0.0638   -0.6405   0   0   1.373e+08   0   0
2.1   0.06762   -0.6266   0   0   1.406e+08   0   0
2.2   0.07168   -0.6124   0   0   1.441e+08   0   0
2.3   0.076   -0.5978   0   0   1.475e+08   0   0
2.4   0.08055   -0.5829   0   0   1.51e+08   0   0
2.5   0.08535   -0.5676   0   0   1.545e+08   0   0
2.6   0.09039   -0.5519   0   0   1.581e+08   0   0
2.7   0.09565   -0.536   0   0   1.616e+08   0   0
2.8   0.1011   -0.5196   0   0   1.651e+08   0   0
2.9   0.1068   -0.5029   0   0   1.685e+08   0   0
3   0.1127   -0.4859   0   0   1.719e+08   0   0
3.1   0.1187   -0.4686   0   0   1.752e+08   0   0
3.2   0.1249   -0.4509   0   0   1.785e+08   0   0
3.3   0.1313   -0.4329   0   0   1.816e+08   0   0
3.4   0.1377   -0.4146   0   0   1.847e+08   0   0
3.5   0.1442   -0.3959   0   0   1.876e+08   0   0
3.6   0.1507   -0.377   0   0   1.905e+08   0   0
3.7   0.1572   -0.3578   0   0   1.932e+08   0   0
3.8   0.1637   -0.3384   0   0   1.958e+08   0   0
3.9   0.1701   -0.3187   0   0   1.982e+08   0   0
4   0.1763   -0.2988   0   0   2.005e+08   0   0
4.1   0.1823   -0.2786   0   0   2.026e+08   0   0
4.2   0.1879   -0.2582   0   0   2.045e+08   0   0
4.3   0.1932   -0.2377   0   0   2.063e+08   0   0
4.4   0.1979   -0.217   0   0   2.078e+08   0   0
4.5   0.2019   -0.1962   0   0   2.09e+08   0   0
4.6   0.2032   -0.1752   0   0   2.094e+08   0   0
4.7   0.2032   -0.1543   0   0   2.094e+08   0   0
4.8   0.2032   -0.1333   0   0   2.094e+08   0   0
4.9   0.2032   -0.1124   0   0   2.094e+08   0   0
5   0.2032   -0.09144   0   0   2.094e+08   0   0
5.1   0.2032   -0.07049   0   0   2.094e+08   0   0
5.2   0.2032   -0.04955   0   0   2.094e+08   0   0
5.3   0.2032   -0.0286   0   0   2.094e+08   0   0
5.4   0.2032   -0.007658   0   0   2.094e+08   0   0
5.5   0.2032   0.01329   0   0   2.094e+08   0   0
5.6   0.2032   0.03423   0   0   2.094e+08   0   0
5.7   0.2032   0.05518   0   0   2.094e+08   0   0
5.8   0.2032   0.07612   0   0   2.094e+08   0   0
5.9   0.2032   0.09707   0   0   2.094e+08   0   0
6   0.2032   0.118   0   0   2.094e+08   0   0
6.1   0.2032   0.139   0   0   2.094e+08   0   0
6.2   0.2032   0.1599   0   0   2.094e+08   0   0
6.3   0.2032   0.1808   0   0   2.094e+08   0   0
6.4   0.2142   0.2019   0   0   2.127e+08   0   0
6.5   0.2307   0.2234   0   0   2.173e+08   0   0
6.6   0.2465   0.2453   0   0   2.213e+08   0   0
6.7   0.2615   0.2677   0   0   2.248e+08   0   0
6.8   0.2757   0.2903   0   0   2.279e+08   0   0
6.9   0.2893   0.3132   0   0   2.307e+08   0   0
7   0.3021   0.3364   0   0   2.332e+08   0   0
7.1   0.3143   0.3599   0   0   2.354e+08   0   0
7.2   0.3258   0.3835   0   0   2.374e+08   0   0
7.3   0.3366   0.4073   0   0   2.392e+08   0   0
7.4   0.3469   0.4313   0   0   2.408e+08   0   0
7.5   0.3564   0.4555   0   0   2.423e+08   0   0
7.6   0.3654   0.4798   0   0   2.436e+08   0   0
7.7   0.3738   0.5042   0   0   2.447e+08   0   0
7.8   0.3816   0.5287   0   0   2.458e+08   0   0
7.9   0.3888   0.5534   0   0   2.468e+08   0   0
8   0.3954   0.5781   0   0   2.476e+08   0   0
8.1   0.4015   0.6029   0   0   2.484e+08   0   0
8.2   0.4071   0.6278   0   0   2.491e+08   0   0
8.3   0.4121   0.6527   0   0   2.497e+08   0   0
8.4   0.4167   0.6777   0   0   2.502e+08   0   0
8.5   0.4207   0.7027   0   0   2.507e+08   0   0
8.6   0.4243   0.7278   0   0   2.511e+08   0   0
8.7   0.4274   0.753   0   0   2.514e+08   0   0
8.8   0.4274   0.7781   0   0   2.514e+08   0   0
8.9   0.4274   0.8032   0   0   2.514e+08   0   0
9   0.4274   0.8284   0   0   2.514e+08   0   0
9.1   0.4274   0.8535   0   0   2.514e+08   0   0
9.2   0.4274   0.8787   0   0   2.514e+08   0   0
9.3   0.4274   0.9038   0   0   2.514e+08   0   0
9.4   0.4274   0.929   0   0   2.514e+08   0   0
9.5   0.4274   0.9541   0   0   2.514e+08   0   0
9.6   0.4274   0.9793   0   0   2.514e+08   0   0
9.7   0.4274   1.004   0   0   2.514e+08   0   0
9.8   0.4274   1.03   0   0   2.514e+08   0   0
9.9   0.4274   1.055   0   0   2.514e+08   0   0
10   0.4274   1.08   0   0   2.514e+08   0   0
10.1   0.4274   1.105   0   0   2.514e+08   0   0
10.2   0.4282   1.13   -0.002987   0   2.431e+08   -6.456e+07   0
10.3   0.4291   1.153   -0.01283   0   2.152e+08   -1.304e+08   0
10.4   0.43   1.172   -0.02877   0   1.7e+08   -1.856e+08   0
10.5   0.431   1.186   -0.04951   0   1.111e+08   -2.26e+08   0
10.6   0.4319   1.194   -0.07339   0   4.335e+07   -2.482e+08   0
10.7   0.4328   1.195   -0.0985   0   -2.791e+07   -2.505e+08   0
10.8   0.4337   1.189   -0.1228   0   -9.693e+07   -2.328e+08   0
10.9   0.4346   1.176   -0.1444   0   -1.582e+08   -1.965e+08   0
11   0.4355   1.157   -0.1615   0   -2.069e+08   -1.445e+08   0
11.1   0.4365   1.135   -0.1729   0   -2.391e+08   -8.11e+07   0
11.2   0.4374   1.11   -0.1775   0   -2.523e+08   -1.124e+07   0
11.3   0.4381   1.085   -0.1753   0   -2.493e+08   4.063e+07   0
11.4   0.4381   1.06   -0.1712   0   -2.493e+08   4.063e+07   0
11.5   0.4381   1.035   -0.1672   0   -2.493e+08   4.063e+07   0
11.6   0.4381   1.01   -0.1631   0   -2.493e+08   4.063e+07   0
11.7   0.4381   0.9853   -0.159   0   -2.493e+08   4.063e+07   0
11.8   0.4381   0.9603   -0.155   0   -2.493e+08   4.063e+07   0
11.9   0.4381   0.9354   -0.1509   0   -2.493e+08   4.063e+07   0
12   0.4381   0.9105   -0.1468   0   -2.493e+08   4.063e+07   0
12.1   0.4381   0.8855   -0.1428   0   -2.493e+08   4.063e+07   0
12.2   0.4381   0.8606   -0.1387   0   -2.493e+08   4.063e+07   0
12.3   0.4381   0.8357   -0.1347   0   -2.493e+08   4.063e+07   0
12.4   0.4381   0.8107   -0.1306   0   -2.493e+08   4.063e+07   0
12.5   0.4381   0.7858   -0.1265   0   -2.493e+08   4.063e+07   0
12.6   0.4381   0.7609   -0.1225   0   -2.493e+08   4.063e+07   0
12.7   0.4395   0.7359   -0.1184   0   -2.495e+08   4.065e+07   0
12.8   0.4444   0.711   -0.1143   0   -2.5e+08   4.073e+07   0
12.9   0.4492   0.6859   -0.1103   0   -2.505e+08   4.081e+07   0
13   0.4538   0.6609   -0.1062   0   -2.51e+08   4.088e+07   0
13.1   0.4583   0.6357   -0.1021   0   -2.514e+08   4.095e+07   0
13.2   0.4626   0.6106   -0.09798   0   -2.519e+08   4.102e+07   0
13.3   0.4667   0.5854   -0.09387   0   -2.523e+08   4.108e+07   0
13.4   0.4705   0.5601   -0.08976   0   -2.526e+08   4.114e+07   0
13.5   0.4739   0.5348   -0.08565   0   -2.53e+08   4.119e+07   0
13.6   0.477   0.5095   -0.08153   0   -2.532e+08   4.123e+07   0
13.7   0.4797   0.4842   -0.0774   0   -2.535e+08   4.127e+07   0
13.8   0.4819   0.4588   -0.07327   0   -2.537e+08   4.13e+07   0
13.9   0.4835   0.4335   -0.06914   0   -2.538e+08   4.132e+07   0
14   0.4844   0.4081   -0.06501   0   -2.539e+08   4.134e+07   0
14.1   0.4847   0.3827   -0.06087   0   -2.54e+08   4.134e+07   0
14.2   0.4841   0.3573   -0.05674   0   -2.539e+08   4.133e+07   0
14.3   0.4826   0.3319   -0.05261   0   -2.538e+08   4.131e+07   0
14.4   0.48   0.3065   -0.04848   0   -2.535e+08   4.128e+07   0
14.5   0.4762   0.2812   -0.04435   0   -2.532e+08   4.122e+07   0
14.6   0.4709   0.2559   -0.04023   0   -2.527e+08   4.115e+07   0
14.7   0.4639   0.2307   -0.03612   0   -2.52e+08   4.106e+07   0
14.8   0.4548   0.2055   -0.03202   0   -2.511e+08   4.093e+07   0
14.9   0.446   0.1805   -0.02794   0   -2.502e+08   4.081e+07   0
15   0.446   0.1554   -0.02386   0   -2.502e+08   4.081e+07   0
15.1   0.446   0.1304   -0.01978   0   -2.502e+08   4.081e+07   0
15.2   0.446   0.1054   -0.0157   0   -2.502e+08   4.081e+07   0
15.3   0.446   0.08039   -0.01162   0   -2.502e+08   4.081e+07   0
15.4   0.446   0.05537   -0.007535   0   -2.502e+08   4.081e+07   0
15.5   0.446   0.03035   -0.003454   0   -2.502e+08   4.081e+07   0
15.6   0.446   0.005335   0.0006266   0   -2.502e+08   4.081e+07   0
15.7   0.446   -0.01968   0.004707   0   -2.502e+08   4.081e+07   0
15.8   0.446   -0.0447   0.008788   0   -2.502e+08   4.081e+07   0
15.9   0.446   -0.06972   0.01287   0   -2.502e+08   4.081e+07   0
16   0.446   -0.09473   0.01695   0   -2.502e+08   4.081e+07   0
16.1   0.446   -0.1197   0.02103   0   -2.502e+08   4.081e+07   0
16.2   0.446   -0.1448   0.02511   0   -2.502e+08   4.081e+07   0
16.3   0.446   -0.1698   0.02919   0   -2.502e+08   4.081e+07   0
16.4   0.4548   -0.1948   0.03328   0   -2.511e+08   4.098e+07   0
16.5   0.4768   -0.22   0.03739   0   -2.532e+08   4.138e+07   0
16.6   0.4964   -0.2454   0.04155   0   -2.55e+08   4.171e+07   0
16.7   0.5141   -0.271   0.04574   0   -2.565e+08   4.199e+07   0
16.8   0.53   -0.2967   0.04995   0   -2.578e+08   4.223e+07   0
16.9   0.5444   -0.3226   0.05418   0   -2.589e+08   4.243e+07   0
17   0.5575   -0.3485   0.05843   0   -2.598e+08   4.26e+07   0
17.1   0.5693   -0.3745   0.0627   0   -2.607e+08   4.275e+07   0
17.2   0.58   -0.4006   0.06698   0   -2.614e+08   4.288e+07   0
17.3   0.5896   -0.4268   0.07127   0   -2.62e+08   4.299e+07   0
17.4   0.5983   -0.453   0.07558   0   -2.626e+08   4.309e+07   0
17.5   0.6061   -0.4793   0.07989   0   -2.631e+08   4.318e+07   0
17.6   0.613   -0.5056   0.08421   0   -2.635e+08   4.325e+07   0
17.7   0.6191   -0.532   0.08854   0   -2.639e+08   4.332e+07   0
17.8   0.6245   -0.5584   0.09288   0   -2.642e+08   4.338e+07   0
17.9   0.6292   -0.5848   0.09722   0   -2.645e+08   4.342e+07   0
18   0.6333   -0.6113   0.1016   0   -2.647e+08   4.346e+07   0
18.1   0.6367   -0.6378   0.1059   0   -2.649e+08   4.35e+07   0
18.2   0.6395   -0.6643   0.1103   0   -2.651e+08   4.353e+07   0
18.3   0.6418   -0.6908   0.1146   0   -2.652e+08   4.355e+07   0
18.4   0.6436   -0.7173   0.119   0   -2.653e+08   4.356e+07   0
18.5   0.6448   -0.7439   0.1233   0   -2.653e+08   4.358e+07   0
18.6   0.6448   -0.7704   0.1277   0   -2.653e+08   4.358e+07   0
18.7   0.6448   -0.7969   0.132   0   -2.653e+08   4.358e+07   0
18.8   0.6448   -0.8235   0.1364   0   -2.653e+08   4.358e+07   0
18.9   0.6448   -0.85   0.1408   0   -2.653e+08   4.358e+07   0
19   0.6448   -0.8765   0.1451   0   -2.653e+08   4.358e+07   0
19.1   0.6448   -0.9031   0.1495   0   -2.653e+08   4.358e+07   0
19.2   0.6448   -0.9296   0.1538   0   -2.653e+08   4.358e+07   0
19.3   0.6448   -0.9561   0.1582   0   -2.653e+08   4.358e+07   0
19.4   0.6448   -0.9827   0.1625   0   -2.653e+08   4.358e+07   0
19.5   0.6448   -1.009   0.1669   0   -2.653e+08   4.358e+07   0
19.6   0.6448   -1.036   0.1713   0   -2.653e+08   4.358e+07   0
19.7   0.6448   -1.062   0.1756   0   -2.653e+08   4.358e+07   0
19.8   0.6448   -1.089   0.18   0   -2.653e+08   4.358e+07   0
19.9   0.6448   -1.115   0.1843   0   -2.653e+08   4.358e+07   0
20   0.6454   -1.142   0.189   0   -2.609e+08   6.514e+07   0
20.1   0.6476   -1.167   0.1994   0   -2.297e+08   1.401e+08   0
20.2   0.6498   -1.187   0.2166   0   -1.777e+08   2.022e+08   0
20.3   0.652   -1.201   0.2392   0   -1.097e+08   2.46e+08   0
20.4   0.6542   -1.209   0.2651   0   -3.179e+07   2.675e+08   0
20.5   0.6564   -1.208   0.292   0   4.886e+07   2.651e+08   0
20.6   0.6586   -1.199   0.3173   0   1.251e+08   2.389e+08   0
20.7   0.6608   -1.183   0.339   0   1.9e+08   1.915e+08   0
20.8   0.6631   -1.161   0.355   0   2.381e+08   1.271e+08   0
20.9   0.6653   -1.136   0.364   0   2.651e+08   5.155e+07   0
21   0.6676   -1.109   0.3651   0   2.686e+08   -2.848e+07   0
21.1   0.6694   -1.083   0.3584   0   2.545e+08   -9.098e+07   0
21.2   0.6694   -1.058   0.3493   0   2.545e+08   -9.098e+07   0
21.3   0.6694   -1.032   0.3402   0   2.545e+08   -9.098e+07   0
21.4   0.6694   -1.007   0.3311   0   2.545e+08   -9.098e+07   0
21.5   0.6694   -0.9812   0.3221   0   2.545e+08   -9.098e+07   0
21.6   0.6694   -0.9558   0.313   0   2.545e+08   -9.098e+07   0
21.7   0.6694   -0.9303   0.3039   0   2.545e+08   -9.098e+07   0
21.8   0.6694   -0.9049   0.2948   0   2.545e+08   -9.098e+07   0
21.9   0.6694   -0.8794   0.2857   0   2.545e+08   -9.098e+07   0
22   0.6694   -0.854   0.2766   0   2.545e+08   -9.098e+07   0
22.1   0.6694   -0.8285   0.2675   0   2.545e+08   -9.098e+07   0
22.2   0.6694   -0.8031   0.2584   0   2.545e+08   -9.098e+07   0
22.3   0.6694   -0.7776   0.2493   0   2.545e+08   -9.098e+07   0
22.4   0.6694   -0.7522   0.2402   0   2.545e+08   -9.098e+07   0
22.5   0.6694   -0.7267   0.2311   0   2.545e+08   -9.098e+07   0
22.6   0.6716   -0.7013   0.222   0   2.546e+08   -9.1e+07   0
22.7   0.6748   -0.6758   0.2129   0   2.548e+08   -9.102e+07   0
22.8   0.6777   -0.6503   0.2038   0   2.549e+08   -9.104e+07   0
22.9   0.6803   -0.6248   0.1947   0   2.55e+08   -9.106e+07   0
23   0.6825   -0.5993   0.1856   0   2.552e+08   -9.107e+07   0
23.1   0.6843   -0.5738   0.1764   0   2.553e+08   -9.108e+07   0
23.2   0.6856   -0.5483   0.1673   0   2.553e+08   -9.109e+07   0
23.3   0.6864   -0.5227   0.1582   0   2.554e+08   -9.11e+07   0
23.4   0.6866   -0.4972   0.1491   0   2.554e+08   -9.11e+07   0
23.5   0.6862   -0.4717   0.14   0   2.554e+08   -9.109e+07   0
23.6   0.6851   -0.4461   0.1309   0   2.553e+08   -9.109e+07   0
23.7   0.6832   -0.4206   0.1218   0   2.552e+08   -9.109e+07   0
23.8   0.6803   -0.3951   0.1127   0   2.55e+08   -9.109e+07   0
23.9   0.6766   -0.3696   0.1036   0   2.548e+08   -9.109e+07   0
24   0.6717   -0.3441   0.09447   0   2.546e+08   -9.11e+07   0
24.1   0.6655   -0.3187   0.08536   0   2.542e+08   -9.112e+07   0
24.2   0.6579   -0.2933   0.07624   0   2.538e+08   -9.116e+07   0
24.3   0.6487   -0.268   0.06712   0   2.532e+08   -9.122e+07   0
24.4   0.6375   -0.2427   0.058   0   2.525e+08   -9.133e+07   0
24.5   0.6241   -0.2175   0.04886   0   2.516e+08   -9.151e+07   0
24.6   0.6079   -0.1924   0.03969   0   2.504e+08   -9.18e+07   0
24.7   0.6021   -0.1674   0.0305   0   2.5e+08   -9.192e+07   0
24.8   0.6021   -0.1424   0.02131   0   2.5e+08   -9.192e+07   0
24.9   0.6021   -0.1174   0.01212   0   2.5e+08   -9.192e+07   0
25   0.6021   -0.09237   0.002924   0   2.5e+08   -9.192e+07   0
25.1   0.6021   -0.06738   -0.006268   0   2.5e+08   -9.192e+07   0
25.2   0.6021   -0.04238   -0.01546   0   2.5e+08   -9.192e+07   0
25.3   0.6021   -0.01738   -0.02465   0   2.5e+08   -9.192e+07   0
25.4   0.6021   0.007613   -0.03384   0   2.5e+08   -9.192e+07   0
25.5   0.6021   0.03261   -0.04304   0   2.5e+08   -9.192e+07   0
25.6   0.6021   0.05761   -0.05223   0   2.5e+08   -9.192e+07   0
25.7   0.6021   0.0826   -0.06142   0   2.5e+08   -9.192e+07   0
25.8   0.6021   0.1076   -0.07061   0   2.5e+08   -9.192e+07   0
25.9   0.6021   0.1326   -0.07981   0   2.5e+08   -9.192e+07   0
26   0.6021   0.1576   -0.089   0   2.5e+08   -9.192e+07   0
26.1   0.619   0.1826   -0.09823   0   2.507e+08   -9.299e+07   0
26.2   0.6399   0.2077   -0.1076   0   2.516e+08   -9.417e+07   0
26.3   0.6581   0.2329   -0.1171   0   2.523e+08   -9.508e+07   0
26.4   0.6743   0.2582   -0.1266   0   2.53e+08   -9.581e+07   0
26.5   0.6885   0.2835   -0.1362   0   2.535e+08   -9.64e+07   0
26.6   0.7011   0.3089   -0.1459   0   2.54e+08   -9.688e+07   0
26.7   0.7122   0.3343   -0.1556   0   2.544e+08   -9.728e+07   0
26.8   0.7221   0.3598   -0.1653   0   2.548e+08   -9.761e+07   0
26.9   0.7307   0.3853   -0.1751   0   2.551e+08   -9.789e+07   0
27   0.7383   0.4108   -0.1849   0   2.554e+08   -9.812e+07   0
27.1   0.7449   0.4363   -0.1947   0   2.556e+08   -9.831e+07   0
27.2   0.7505   0.4619   -0.2046   0   2.558e+08   -9.846e+07   0
27.3   0.7554   0.4875   -0.2144   0   2.56e+08   -9.859e+07   0
27.4   0.7594   0.5131   -0.2243   0   2.561e+08   -9.87e+07   0
27.5   0.7628   0.5387   -0.2342   0   2.562e+08   -9.878e+07   0
27.6   0.7654   0.5644   -0.244   0   2.563e+08   -9.885e+07   0
27.7   0.7675   0.59   -0.2539   0   2.564e+08   -9.89e+07   0
27.8   0.7689   0.6156   -0.2638   0   2.564e+08   -9.893e+07   0
27.9   0.7699   0.6413   -0.2737   0   2.565e+08   -9.896e+07   0
28   0.7703   0.6669   -0.2836   0   2.565e+08   -9.896e+07   0
28.1   0.7702   0.6926   -0.2935   0   2.565e+08   -9.896e+07   0
28.2   0.7702   0.7182   -0.3034   0   2.565e+08   -9.896e+07   0
28.3   0.7702   0.7439   -0.3133   0   2.565e+08   -9.896e+07   0
28.4   0.7702   0.7695   -0.3232   0   2.565e+08   -9.896e+07   0
28.5   0.7702   0.7952   -0.3331   0   2.565e+08   -9.896e+07   0
28.6   0.7702   0.8208   -0.343   0   2.565e+08   -9.896e+07   0
28.7   0.7702   0.8465   -0.3529   0   2.565e+08   -9.896e+07   0
28.8   0.7702   0.8721   -0.3628   0   2.565e+08   -9.896e+07   0
28.9   0.7702   0.8978   -0.3727   0   2.565e+08   -9.896e+07   0
29   0.7702   0.9234   -0.3826   0   2.565e+08   -9.896e+07   0
29.1   0.7702   0.9491   -0.3925   0   2.565e+08   -9.896e+07   0
29.2   0.7702   0.9747   -0.4024   0   2.565e+08   -9.896e+07   0
29.3   0.7702   1   -0.4123   0   2.565e+08   -9.896e+07   0
29.4   0.7702   1.026   -0.4222   0   2.565e+08   -9.896e+07   0
29.5   0.7702   1.052   -0.4321   0   2.565e+08   -9.896e+07   0
29.6   0.772   1.077   -0.4426   0   2.402e+08   -1.338e+08   0
29.7   0.7769   1.098   -0.4602   0   1.741e+08   -2.131e+08   0
29.8   0.7818   1.111   -0.4843   0   8.369e+07   -2.624e+08   0
29.9   0.7867   1.114   -0.5115   0   -1.815e+07   -2.75e+08   0
30   0.7917   1.107   -0.538   0   -1.173e+08   -2.496e+08   0
30.1   0.7967   1.091   -0.5602   0   -2.001e+08   -1.901e+08   0
30.2   0.8017   1.068   -0.5751   0   -2.555e+08   -1.048e+08   0
30.3   0.8067   1.041   -0.5806   0   -2.763e+08   -5.604e+06   0
30.4   0.8118   1.014   -0.5761   0   -2.6e+08   9.412e+07   0
30.5   0.8135   0.9893   -0.564   0   -2.459e+08   1.267e+08   0
30.6   0.8135   0.9647   -0.5513   0   -2.459e+08   1.267e+08   0
30.7   0.8135   0.9401   -0.5387   0   -2.459e+08   1.267e+08   0
30.8   0.8135   0.9155   -0.526   0   -2.459e+08   1.267e+08   0
30.9   0.8135   0.8909   -0.5133   0   -2.459e+08   1.267e+08   0
31   0.8135   0.8663   -0.5007   0   -2.459e+08   1.267e+08   0
31.1   0.8135   0.8417   -0.488   0   -2.459e+08   1.267e+08   0
31.2   0.8135   0.8172   -0.4753   0   -2.459e+08   1.267e+08   0
31.3   0.8135   0.7926   -0.4627   0   -2.459e+08   1.267e+08   0
31.4   0.8135   0.768   -0.45   0   -2.459e+08   1.267e+08   0
31.5   0.8135   0.7434   -0.4373   0   -2.459e+08   1.267e+08   0
31.6   0.8135   0.7188   -0.4247   0   -2.459e+08   1.267e+08   0
31.7   0.8135   0.6942   -0.412   0   -2.459e+08   1.267e+08   0
31.8   0.8135   0.6696   -0.3993   0   -2.459e+08   1.267e+08   0
31.9   0.8136   0.645   -0.3867   0   -2.459e+08   1.267e+08   0
32   0.8169   0.6204   -0.374   0   -2.46e+08   1.268e+08   0
32.1   0.8198   0.5958   -0.3613   0   -2.46e+08   1.269e+08   0
32.2   0.8224   0.5712   -0.3486   0   -2.461e+08   1.269e+08   0
32.3   0.8246   0.5466   -0.3359   0   -2.461e+08   1.27e+08   0
32.4   0.8264   0.522   -0.3232   0   -2.462e+08   1.271e+08   0
32.5   0.8277   0.4974   -0.3105   0   -2.462e+08   1.271e+08   0
32.6   0.8285   0.4728   -0.2978   0   -2.462e+08   1.271e+08   0
32.7   0.8288   0.4481   -0.2851   0   -2.462e+08   1.271e+08   0
32.8   0.8284   0.4235   -0.2724   0   -2.462e+08   1.271e+08   0
32.9   0.8273   0.3989   -0.2597   0   -2.462e+08   1.271e+08   0
33   0.8254   0.3743   -0.247   0   -2.462e+08   1.27e+08   0
33.1   0.8226   0.3497   -0.2343   0   -2.461e+08   1.269e+08   0
33.2   0.8188   0.3251   -0.2216   0   -2.461e+08   1.267e+08   0
33.3   0.814   0.3005   -0.2089   0   -2.46e+08   1.265e+08   0
33.4   0.8079   0.2759   -0.1963   0   -2.459e+08   1.262e+08   0
33.5   0.8004   0.2513   -0.1837   0   -2.457e+08   1.259e+08   0
33.6   0.7913   0.2267   -0.1711   0   -2.456e+08   1.254e+08   0
33.7   0.7804   0.2022   -0.1586   0   -2.455e+08   1.247e+08   0
33.8   0.7672   0.1776   -0.1462   0   -2.453e+08   1.238e+08   0
33.9   0.7515   0.1531   -0.1339   0   -2.452e+08   1.227e+08   0
34   0.741   0.1286   -0.1216   0   -2.451e+08   1.218e+08   0
34.1   0.741   0.1041   -0.1095   0   -2.451e+08   1.218e+08   0
34.2   0.741   0.07957   -0.09728   0   -2.451e+08   1.218e+08   0
34.3   0.741   0.05506   -0.0851   0   -2.451e+08   1.218e+08   0
34.4   0.741   0.03055   -0.07292   0   -2.451e+08   1.218e+08   0
34.5   0.741   0.006046   -0.06075   0   -2.451e+08   1.218e+08   0
34.6   0.741   -0.01846   -0.04857   0   -2.451e+08   1.218e+08   0
34.7   0.741   -0.04297   -0.03639   0   -2.451e+08   1.218e+08   0
34.8   0.741   -0.06748   -0.02421   0   -2.451e+08   1.218e+08   0
34.9   0.741   -0.09199   -0.01203   0   -2.451e+08   1.218e+08   0
35   0.741   -0.1165   0.0001547   0   -2.451e+08   1.218e+08   0
35.1   0.741   -0.141   0.01233   0   -2.451e+08   1.218e+08   0
35.2   0.741   -0.1655   0.02451   0   -2.451e+08   1.218e+08   0
35.3   0.7459   -0.19   0.03669   0   -2.454e+08   1.216e+08   0
35.4   0.7686   -0.2147   0.0488   0   -2.47e+08   1.206e+08   0
35.5   0.7885   -0.2394   0.06083   0   -2.482e+08   1.2e+08   0
35.6   0.8061   -0.2643   0.07281   0   -2.491e+08   1.195e+08   0
35.7   0.8217   -0.2892   0.08474   0   -2.499e+08   1.192e+08   0
35.8   0.8355   -0.3143   0.09664   0   -2.506e+08   1.189e+08   0
35.9   0.8478   -0.3393   0.1085   0   -2.511e+08   1.187e+08   0
36   0.8587   -0.3645   0.1204   0   -2.516e+08   1.186e+08   0
36.1   0.8683   -0.3897   0.1322   0   -2.52e+08   1.185e+08   0
36.2   0.8767   -0.4149   0.1441   0   -2.523e+08   1.184e+08   0
36.3   0.8842   -0.4401   0.1559   0   -2.526e+08   1.184e+08   0
36.4   0.8906   -0.4654   0.1678   0   -2.529e+08   1.183e+08   0
36.5   0.8962   -0.4907   0.1796   0   -2.531e+08   1.183e+08   0
36.6   0.901   -0.516   0.1914   0   -2.532e+08   1.183e+08   0
36.7   0.905   -0.5413   0.2032   0   -2.534e+08   1.182e+08   0
36.8   0.9083   -0.5667   0.2151   0   -2.535e+08   1.182e+08   0
36.9   0.911   -0.592   0.2269   0   -2.536e+08   1.182e+08   0
37   0.913   -0.6174   0.2387   0   -2.536e+08   1.182e+08   0
37.1   0.9144   -0.6428   0.2505   0   -2.537e+08   1.182e+08   0
37.2   0.9153   -0.6681   0.2624   0   -2.537e+08   1.182e+08   0
37.3   0.9158   -0.6935   0.2742   0   -2.537e+08   1.182e+08   0
37.4   0.9158   -0.7189   0.286   0   -2.537e+08   1.182e+08   0
37.5   0.9158   -0.7442   0.2978   0   -2.537e+08   1.182e+08   0
37.6   0.9158   -0.7696   0.3096   0   -2.537e+08   1.182e+08   0
37.7   0.9158   -0.795   0.3215   0   -2.537e+08   1.182e+08   0
37.8   0.9158   -0.8204   0.3333   0   -2.537e+08   1.182e+08   0
37.9   0.9158   -0.8457   0.3451   0   -2.537e+08   1.182e+08   0
38   0.9158   -0.8711   0.3569   0   -2.537e+08   1.182e+08   0
38.1   0.9158   -0.8965   0.3687   0   -2.537e+08   1.182e+08   0
38.2   0.9158   -0.9218   0.3806   0   -2.537e+08   1.182e+08   0
38.3   0.9158   -0.9472   0.3924   0   -2.537e+08   1.182e+08   0
38.4   0.9158   -0.9726   0.4042   0   -2.537e+08   1.182e+08   0
38.5   0.9158   -0.998   0.416   0   -2.537e+08   1.182e+08   0
38.6   0.9158   -1.023   0.4279   0   -2.537e+08   1.182e+08   0
38.7   0.9158   -1.049   0.4397   0   -2.537e+08   1.182e+08   0
38.8   0.9158   -1.074   0.4515   0   -2.537e+08   1.182e+08   0
38.9   0.9158   -1.099   0.4633   0   -2.537e+08   1.182e+08   0
39   0.9158   -1.125   0.4751   0   -2.537e+08   1.182e+08   0
39.1   0.9158   -1.15   0.487   0   -2.537e+08   1.182e+08   0
39.2   0.9158   -1.176   0.4988   0   -2.537e+08   1.182e+08   0
39.3   0.9158   -1.201   0.5106   0   -2.537e+08   1.182e+08   0
39.4   0.9158   -1.226   0.5224   0   -2.537e+08   1.182e+08   0
39.5   0.9158   -1.252   0.5342   0   -2.537e+08   1.182e+08   0
39.6   0.9158   -1.277   0.5461   0   -2.537e+08   1.182e+08   0
39.7   0.9158   -1.302   0.5579   0   -2.537e+08   1.182e+08   0
39.8   0.9158   -1.328   0.5697   0   -2.537e+08   1.182e+08   0
39.9   0.9158   -1.353   0.5815   0   -2.537e+08   1.182e+08   0
40   0.9158   -1.379   0.5934   0   -2.537e+08   1.182e+08   0
40.1   0.9158   -1.404   0.6052   0   -2.537e+08   1.182e+08   0
40.2   0.9158   -1.429   0.617   0   -2.537e+08   1.182e+08   0
40.3   0.9158   -1.455   0.6288   0   -2.537e+08   1.182e+08   0
40.4   0.9158   -1.48   0.6406   0   -2.537e+08   1.182e+08   0
40.5   0.9158   -1.505   0.6525   0   -2.537e+08   1.182e+08   0
40.6   0.9158   -1.531   0.6643   0   -2.537e+08   1.182e+08   0
40.7   0.9158   -1.556   0.6761   0   -2.537e+08   1.182e+08   0
40.8   0.9158   -1.582   0.6879   0   -2.537e+08   1.182e+08   0
40.9   0.9158   -1.607   0.6997   0   -2.537e+08   1.182e+08   0
41   0.9158   -1.632   0.7116   0   -2.537e+08   1.182e+08   0
41.1   0.9158   -1.658   0.7234   0   -2.537e+08   1.182e+08   0
41.2   0.9158   -1.683   0.7352   0   -2.537e+08   1.182e+08   0
41.3   0.9158   -1.708   0.747   0   -2.537e+08   1.182e+08   0
41.4   0.9158   -1.734   0.7589   0   -2.537e+08   1.182e+08   0
41.5   0.9158   -1.759   0.7707   0   -2.537e+08   1.182e+08   0
41.6   0.9158   -1.784   0.7825   0   -2.537e+08   1.182e+08   0
41.7   0.9158   -1.81   0.7943   0   -2.537e+08   1.182e+08   0
41.8   0.9158   -1.835   0.8061   0   -2.537e+08   1.182e+08   0
41.9   0.9158   -1.861   0.818   0   -2.537e+08   1.182e+08   0
42   0.9158   -1.886   0.8298   0   -2.537e+08   1.182e+08   0
42.1   0.9158   -1.911   0.8416   0   -2.537e+08   1.182e+08   0
42.2   0.9158   -1.937   0.8534   0   -2.537e+08   1.182e+08   0
42.3   0.9158   -1.962   0.8653   0   -2.537e+08   1.182e+08   0
42.4   0.9158   -1.987   0.8771   0   -2.537e+08   1.182e+08   0
42.5   0.9158   -2.013   0.8889   0   -2.537e+08   1.182e+08   0
42.6   0.9158   -2.038   0.9007   0   -2.537e+08   1.182e+08   0
42.7   0.9158   -2.064   0.9125   0   -2.537e+08   1.182e+08   0
42.8   0.9158   -2.089   0.9244   0   -2.537e+08   1.182e+08   0
42.9   0.9158   -2.114   0.9362   0   -2.537e+08   1.182e+08   0
43   0.9158   -2.14   0.948   0   -2.537e+08   1.182e+08   0
43.1   0.9158   -2.165   0.9598   0   -2.537e+08   1.182e+08   0
43.2   0.9158   -2.19   0.9716   0   -2.537e+08   1.182e+08   0
43.3   0.9158   -2.216   0.9835   0   -2.537e+08   1.182e+08   0
43.4   0.9158   -2.241   0.9953   0   -2.537e+08   1.182e+08   0
43.5   0.9158   -2.267   1.007   0   -2.537e+08   1.182e+08   0
43.6   0.9158   -2.292   1.019   0   -2.537e+08   1.182e+08   0
43.7   0.9158   -2.317   1.031   0   -2.537e+08   1.182e+08   0
43.8   0.9158   -2.343   1.043   0   -2.537e+08   1.182e+08   0
43.9   0.9158   -2.368   1.054   0   -2.537e+08   1.182e+08   0
44   0.9158   -2.393   1.066   0   -2.537e+08   1.182e+08   0
44.1   0.9158   -2.419   1.078   0   -2.537e+08   1.182e+08   0
44.2   0.9158   -2.444   1.09   0   -2.537e+08   1.182e+08   0
44.3   0.9158   -2.47   1.102   0   -2.537e+08   1.182e+08   0
44.4   0.9158   -2.495   1.114   0   -2.537e+08   1.182e+08   0
44.5   0.9158   -2.52   1.125   0   -2.537e+08   1.182e+08   0
44.6   0.9158   -2.546   1.137   0   -2.537e+08   1.182e+08   0
44.7   0.9158   -2.571   1.149   0   -2.537e+08   1.182e+08   0
44.8   0.9158   -2.596   1.161   0   -2.537e+08   1.182e+08   0
44.9   0.9158   -2.622   1.173   0   -2.537e+08   1.182e+08   0
45   0.9158   -2.647   1.184   0   -2.537e+08   1.182e+08   0
