0   0.04   -0.753   0   0   1.121e+08   0   0
0.1   0.04   -0.753   0   0   1.121e+08   0   0
0.2   0.04   -0.753   0   0   1.121e+08   0   0
0.3   0.04   -0.753   0   0   1.121e+08   0   0
0.4   0.04   -0.753   0   0   1.121e+08   0   0
0.5   0.04   -0.753   0   0   1.121e+08   0   0
0.6   0.04   -0.753   0   0   1.121e+08   0   0
0.7   0.04   -0.753   0   0   1.121e+08   0   0
0.8   0.04   -0.753   0   0   1.121e+08   0   0
0.9   0.04   -0.753   0   0   1.121e+08   0   0
1   0.04   -0.753   0   0   1.121e+08   0   0
1.1   0.04   -0.753   0   0   1.121e+08   0   0
1.2   0.04152   -0.743   0   0   1.14e+08   0   0
1.3   0.04346   -0.7315   0   0   1.163e+08   0   0
1.4   0.04561   -0.7197   0   0   1.188e+08   0   0
1.5   0.04797   -0.7077   0   0   1.215e+08   0   0
1.6   0.05057   -0.6954   0   0   1.243e+08   0   0
1.7   0.05339   -0.6828   0   0   1.273e+08   0   0
1.8   0.05645   -0.67   0   0   1.304e+08   0   0
1.9   0.05974   -0.6568   0   0   1.335e+08   0   0
2   0.06329   -0.6433   0   0   1.368e+08   0   0
2.1   0.06707   -0.6294   0   0   1.402e+08   0   0
2.2   0.0711   -0.6152   0   0   1.436e+08   0   0
2.3   0.07538   -0.6007   0   0   1.47e+08   0   0
2.4   0.0799   -0.5858   0   0   1.505e+08   0   0
2.5   0.08466   -0.5706   0   0   1.541e+08   0   0
2.6   0.08965   -0.555   0   0   1.576e+08   0   0
2.7   0.09487   -0.5391   0   0   1.611e+08   0   0
2.8   0.1003   -0.5228   0   0   1.645e+08   0   0
2.9   0.1059   -0.5061   0   0   1.68e+08   0   0
3   0.1118   -0.4892   0   0   1.714e+08   0   0
3.1   0.1177   -0.4719   0   0   1.747e+08   0   0
3.2   0.1239   -0.4542   0   0   1.779e+08   0   0
3.3   0.1301   -0.4363   0   0   1.811e+08   0   0
3.4   0.1365   -0.418   0   0   1.841e+08   0   0
3.5   0.1429   -0.3995   0   0   1.871e+08   0   0
3.6   0.1494   -0.3806   0   0   1.899e+08   0   0
3.7   0.1558   -0.3615   0   0   1.926e+08   0   0
3.8   0.1622   -0.3421   0   0   1.952e+08   0   0
3.9   0.1685   -0.3225   0   0   1.976e+08   0   0
4   0.1746   -0.3026   0   0   1.999e+08   0   0
4.1   0.1804   -0.2825   0   0   2.02e+08   0   0
4.2   0.186   -0.2622   0   0   2.039e+08   0   0
4.3   0.1912   -0.2417   0   0   2.056e+08   0   0
4.4   0.1958   -0.2211   0   0   2.071e+08   0   0
4.5   0.1997   -0.2003   0   0   2.084e+08   0   0
4.6   0.2016   -0.1794   0   0   2.09e+08   0   0
4.7   0.2016   -0.1585   0   0   2.09e+08   0   0
4.8   0.2016   -0.1376   0   0   2.09e+08   0   0
4.9   0.2016   -0.1167   0   0   2.09e+08   0   0
5   0.2016   -0.09585   0   0   2.09e+08   0   0
5.1   0.2016   -0.07495   0   0   2.09e+08   0   0
5.2   0.2016   -0.05406   0   0   2.09e+08   0   0
5.3   0.2016   -0.03316   0   0   2.09e+08   0   0
5.4   0.2016   -0.01227   0   0   2.09e+08   0   0
5.5   0.2016   0.008629   0   0   2.09e+08   0   0
5.6   0.2016   0.02952   0   0   2.09e+08   0   0
5.7   0.2016   0.05042   0   0   2.09e+08   0   0
5.8   0.2016   0.07131   0   0   2.09e+08   0   0
5.9   0.2016   0.09221   0   0   2.09e+08   0   0
6   0.2016   0.1131   0   0   2.09e+08   0   0
6.1   0.2016   0.134   0   0   2.09e+08   0   0
6.2   0.2016   0.1549   0   0   2.09e+08   0   0
6.3   0.2016   0.1758   0   0   2.09e+08   0   0
6.4   0.2086   0.1967   0   0   2.111e+08   0   0
6.5   0.2254   0.2181   0   0   2.159e+08   0   0
6.6   0.2414   0.2399   0   0   2.201e+08   0   0
6.7   0.2567   0.2621   0   0   2.237e+08   0   0
6.8   0.2712   0.2846   0   0   2.27e+08   0   0
6.9   0.2849   0.3075   0   0   2.298e+08   0   0
7   0.2979   0.3306   0   0   2.324e+08   0   0
7.1   0.3103   0.3539   0   0   2.347e+08   0   0
7.2   0.3219   0.3775   0   0   2.367e+08   0   0
7.3   0.3329   0.4013   0   0   2.386e+08   0   0
7.4   0.3432   0.4252   0   0   2.402e+08   0   0
7.5   0.3529   0.4493   0   0   2.417e+08   0   0
7.6   0.362   0.4736   0   0   2.431e+08   0   0
7.7   0.3705   0.4979   0   0   2.443e+08   0   0
7.8   0.3783   0.5224   0   0   2.454e+08   0   0
7.9   0.3856   0.547   0   0   2.463e+08   0   0
8   0.3923   0.5717   0   0   2.472e+08   0   0
8.1   0.3985   0.5964   0   0   2.48e+08   0   0
8.2   0.4041   0.6213   0   0   2.487e+08   0   0
8.3   0.4092   0.6462   0   0   2.493e+08   0   0
8.4   0.4138   0.6711   0   0   2.499e+08   0   0
8.5   0.4179   0.6962   0   0   2.503e+08   0   0
8.6   0.4214   0.7212   0   0   2.508e+08   0   0
8.7   0.4246   0.7463   0   0   2.511e+08   0   0
8.8   0.4253   0.7714   0   0   2.512e+08   0   0
8.9   0.4253   0.7966   0   0   2.512e+08   0   0
9   0.4253   0.8217   0   0   2.512e+08   0   0
9.1   0.4253   0.8468   0   0   2.512e+08   0   0
9.2   0.4253   0.8719   0   0   2.512e+08   0   0
9.3   0.4253   0.897   0   0   2.512e+08   0   0
9.4   0.4253   0.9222   0   0   2.512e+08   0   0
9.5   0.4253   0.9473   0   0   2.512e+08   0   0
9.6   0.4253   0.9724   0   0   2.512e+08   0   0
9.7   0.4253   0.9975   0   0   2.512e+08   0   0
9.8   0.4253   1.023   0   0   2.512e+08   0   0
9.9   0.4253   1.048   0   0   2.512e+08   0   0
10   0.4253   1.073   0   0   2.512e+08   0   0
10.1   0.4253   1.098   0   0   2.512e+08   0   0
10.2   0.4259   1.123   -0.001444   0   2.472e+08   -4.502e+07   0
10.3   0.4268   1.147   -0.009429   0   2.246e+08   -1.129e+08   0
10.4   0.4277   1.167   -0.02378   0   1.838e+08   -1.716e+08   0
10.5   0.4286   1.183   -0.04335   0   1.281e+08   -2.165e+08   0
10.6   0.4295   1.193   -0.06654   0   6.215e+07   -2.439e+08   0
10.7   0.4304   1.195   -0.09149   0   -8.829e+06   -2.516e+08   0
10.8   0.4313   1.191   -0.1162   0   -7.909e+07   -2.391e+08   0
10.9   0.4323   1.18   -0.1387   0   -1.43e+08   -2.075e+08   0
11   0.4332   1.162   -0.1571   0   -1.954e+08   -1.592e+08   0
11.1   0.4341   1.141   -0.17   0   -2.323e+08   -9.823e+07   0
11.2   0.435   1.117   -0.1764   0   -2.506e+08   -2.942e+07   0
11.3   0.4359   1.091   -0.1758   0   -2.49e+08   4.102e+07   0
11.4   0.4359   1.067   -0.1717   0   -2.49e+08   4.102e+07   0
11.5   0.4359   1.042   -0.1675   0   -2.49e+08   4.102e+07   0
11.6   0.4359   1.017   -0.1634   0   -2.49e+08   4.102e+07   0
11.7   0.4359   0.9918   -0.1593   0   -2.49e+08   4.102e+07   0
11.8   0.4359   0.9669   -0.1552   0   -2.49e+08   4.102e+07   0
11.9   0.4359   0.942   -0.1511   0   -2.49e+08   4.102e+07   0
12   0.4359   0.9171   -0.147   0   -2.49e+08   4.102e+07   0
12.1   0.4359   0.8922   -0.1429   0   -2.49e+08   4.102e+07   0
12.2   0.4359   0.8673   -0.1388   0   -2.49e+08   4.102e+07   0
12.3   0.4359   0.8424   -0.1347   0   -2.49e+08   4.102e+07   0
12.4   0.4359   0.8175   -0.1306   0   -2.49e+08   4.102e+07   0
12.5   0.4359   0.7926   -0.1265   0   -2.49e+08   4.102e+07   0
12.6   0.4359   0.7677   -0.1224   0   -2.49e+08   4.102e+07   0
12.7   0.4361   0.7428   -0.1183   0   -2.491e+08   4.102e+07   0
12.8   0.4409   0.7179   -0.1142   0   -2.496e+08   4.11e+07   0
12.9   0.4456   0.6929   -0.1101   0   -2.501e+08   4.117e+07   0
13   0.4503   0.6678   -0.106   0   -2.506e+08   4.124e+07   0
13.1   0.4547   0.6428   -0.1019   0   -2.51e+08   4.13e+07   0
13.2   0.4589   0.6176   -0.09773   0   -2.514e+08   4.136e+07   0
13.3   0.463   0.5925   -0.09359   0   -2.518e+08   4.142e+07   0
13.4   0.4667   0.5673   -0.08944   0   -2.522e+08   4.147e+07   0
13.5   0.4701   0.542   -0.08529   0   -2.525e+08   4.152e+07   0
13.6   0.4731   0.5168   -0.08114   0   -2.528e+08   4.156e+07   0
13.7   0.4758   0.4915   -0.07698   0   -2.531e+08   4.159e+07   0
13.8   0.4779   0.4662   -0.07282   0   -2.533e+08   4.162e+07   0
13.9   0.4795   0.4408   -0.06866   0   -2.534e+08   4.164e+07   0
14   0.4804   0.4155   -0.06449   0   -2.535e+08   4.165e+07   0
14.1   0.4807   0.3901   -0.06033   0   -2.535e+08   4.165e+07   0
14.2   0.4801   0.3648   -0.05616   0   -2.535e+08   4.165e+07   0
14.3   0.4787   0.3394   -0.052   0   -2.533e+08   4.163e+07   0
14.4   0.4761   0.3141   -0.04784   0   -2.531e+08   4.16e+07   0
14.5   0.4724   0.2888   -0.04368   0   -2.527e+08   4.156e+07   0
14.6   0.4673   0.2636   -0.03953   0   -2.523e+08   4.15e+07   0
14.7   0.4605   0.2384   -0.03538   0   -2.516e+08   4.143e+07   0
14.8   0.4517   0.2133   -0.03124   0   -2.507e+08   4.134e+07   0
14.9   0.4405   0.1883   -0.02711   0   -2.495e+08   4.122e+07   0
15   0.4395   0.1633   -0.02299   0   -2.494e+08   4.121e+07   0
15.1   0.4395   0.1384   -0.01887   0   -2.494e+08   4.121e+07   0
15.2   0.4395   0.1134   -0.01475   0   -2.494e+08   4.121e+07   0
15.3   0.4395   0.08849   -0.01063   0   -2.494e+08   4.121e+07   0
15.4   0.4395   0.06355   -0.006507   0   -2.494e+08   4.121e+07   0
15.5   0.4395   0.03861   -0.002386   0   -2.494e+08   4.121e+07   0
15.6   0.4395   0.01367   0.001736   0   -2.494e+08   4.121e+07   0
15.7   0.4395   -0.01127   0.005857   0   -2.494e+08   4.121e+07   0
15.8   0.4395   -0.03621   0.009978   0   -2.494e+08   4.121e+07   0
15.9   0.4395   -0.06115   0.0141   0   -2.494e+08   4.121e+07   0
16   0.4395   -0.08609   0.01822   0   -2.494e+08   4.121e+07   0
16.1   0.4395   -0.111   0.02234   0   -2.494e+08   4.121e+07   0
16.2   0.4395   -0.136   0.02646   0   -2.494e+08   4.121e+07   0
16.3   0.4395   -0.1609   0.03059   0   -2.494e+08   4.121e+07   0
16.4   0.4402   -0.1858   0.03471   0   -2.495e+08   4.123e+07   0
16.5   0.463   -0.2109   0.03886   0   -2.518e+08   4.178e+07   0
16.6   0.4833   -0.2362   0.04306   0   -2.537e+08   4.222e+07   0
16.7   0.5015   -0.2616   0.0473   0   -2.553e+08   4.258e+07   0
16.8   0.5179   -0.2872   0.05157   0   -2.566e+08   4.288e+07   0
16.9   0.5327   -0.313   0.05587   0   -2.578e+08   4.313e+07   0
17   0.5461   -0.3388   0.0602   0   -2.588e+08   4.334e+07   0
17.1   0.5582   -0.3647   0.06454   0   -2.597e+08   4.353e+07   0
17.2   0.5691   -0.3907   0.0689   0   -2.605e+08   4.369e+07   0
17.3   0.5789   -0.4168   0.07328   0   -2.611e+08   4.383e+07   0
17.4   0.5877   -0.443   0.07767   0   -2.617e+08   4.394e+07   0
17.5   0.5957   -0.4692   0.08207   0   -2.622e+08   4.405e+07   0
17.6   0.6027   -0.4954   0.08648   0   -2.627e+08   4.414e+07   0
17.7   0.6089   -0.5217   0.09089   0   -2.631e+08   4.421e+07   0
17.8   0.6144   -0.548   0.09532   0   -2.634e+08   4.428e+07   0
17.9   0.6192   -0.5744   0.09975   0   -2.637e+08   4.434e+07   0
18   0.6233   -0.6008   0.1042   0   -2.639e+08   4.438e+07   0
18.1   0.6268   -0.6272   0.1086   0   -2.641e+08   4.442e+07   0
18.2   0.6296   -0.6536   0.1131   0   -2.643e+08   4.446e+07   0
18.3   0.6319   -0.68   0.1175   0   -2.644e+08   4.448e+07   0
18.4   0.6337   -0.7065   0.122   0   -2.645e+08   4.45e+07   0
18.5   0.635   -0.7329   0.1264   0   -2.646e+08   4.451e+07   0
18.6   0.6353   -0.7594   0.1309   0   -2.646e+08   4.452e+07   0
18.7   0.6353   -0.7859   0.1353   0   -2.646e+08   4.452e+07   0
18.8   0.6353   -0.8123   0.1398   0   -2.646e+08   4.452e+07   0
18.9   0.6353   -0.8388   0.1442   0   -2.646e+08   4.452e+07   0
19   0.6353   -0.8653   0.1487   0   -2.646e+08   4.452e+07   0
19.1   0.6353   -0.8917   0.1531   0   -2.646e+08   4.452e+07   0
19.2   0.6353   -0.9182   0.1576   0   -2.646e+08   4.452e+07   0
19.3   0.6353   -0.9447   0.162   0   -2.646e+08   4.452e+07   0
19.4   0.6353   -0.9711   0.1665   0   -2.646e+08   4.452e+07   0
19.5   0.6353   -0.9976   0.1709   0   -2.646e+08   4.452e+07   0
19.6   0.6353   -1.024   0.1754   0   -2.646e+08   4.452e+07   0
19.7   0.6353   -1.051   0.1798   0   -2.646e+08   4.452e+07   0
19.8   0.6353   -1.077   0.1843   0   -2.646e+08   4.452e+07   0
19.9   0.6353   -1.103   0.1887   0   -2.646e+08   4.452e+07   0
20   0.6353   -1.13   0.1932   0   -2.646e+08   4.452e+07   0
20.1   0.6372   -1.156   0.2007   0   -2.434e+08   1.133e+08   0
20.2   0.6394   -1.178   0.2156   0   -1.983e+08   1.812e+08   0
20.3   0.6416   -1.195   0.2365   0   -1.349e+08   2.324e+08   0
20.4   0.6437   -1.204   0.2614   0   -5.921e+07   2.622e+08   0
20.5   0.6459   -1.206   0.2882   0   2.182e+07   2.681e+08   0
20.6   0.6481   -1.2   0.3142   0   1.008e+08   2.495e+08   0
20.7   0.6503   -1.186   0.3373   0   1.705e+08   2.083e+08   0
20.8   0.6525   -1.166   0.3552   0   2.248e+08   1.483e+08   0
20.9   0.6547   -1.142   0.3664   0   2.588e+08   7.505e+07   0
21   0.657   -1.115   0.3699   0   2.695e+08   -4.885e+06   0
21.1   0.6592   -1.089   0.3654   0   2.562e+08   -8.431e+07   0
21.2   0.6593   -1.063   0.3564   0   2.544e+08   -8.967e+07   0
21.3   0.6593   -1.038   0.3475   0   2.544e+08   -8.967e+07   0
21.4   0.6593   -1.012   0.3385   0   2.544e+08   -8.967e+07   0
21.5   0.6593   -0.987   0.3295   0   2.544e+08   -8.967e+07   0
21.6   0.6593   -0.9616   0.3206   0   2.544e+08   -8.967e+07   0
21.7   0.6593   -0.9362   0.3116   0   2.544e+08   -8.967e+07   0
21.8   0.6593   -0.9107   0.3026   0   2.544e+08   -8.967e+07   0
21.9   0.6593   -0.8853   0.2937   0   2.544e+08   -8.967e+07   0
22   0.6593   -0.8598   0.2847   0   2.544e+08   -8.967e+07   0
22.1   0.6593   -0.8344   0.2757   0   2.544e+08   -8.967e+07   0
22.2   0.6593   -0.809   0.2668   0   2.544e+08   -8.967e+07   0
22.3   0.6593   -0.7835   0.2578   0   2.544e+08   -8.967e+07   0
22.4   0.6593   -0.7581   0.2488   0   2.544e+08   -8.967e+07   0
22.5   0.6593   -0.7327   0.2399   0   2.544e+08   -8.967e+07   0
22.6   0.6604   -0.7072   0.2309   0   2.544e+08   -8.968e+07   0
22.7   0.6636   -0.6818   0.2219   0   2.546e+08   -8.972e+07   0
22.8   0.6665   -0.6563   0.213   0   2.547e+08   -8.975e+07   0
22.9   0.6691   -0.6308   0.204   0   2.549e+08   -8.978e+07   0
23   0.6712   -0.6053   0.195   0   2.55e+08   -8.98e+07   0
23.1   0.673   -0.5798   0.186   0   2.551e+08   -8.982e+07   0
23.2   0.6743   -0.5543   0.177   0   2.552e+08   -8.983e+07   0
23.3   0.6751   -0.5288   0.1681   0   2.552e+08   -8.984e+07   0
23.4   0.6753   -0.5033   0.1591   0   2.552e+08   -8.984e+07   0
23.5   0.6749   -0.4778   0.1501   0   2.552e+08   -8.984e+07   0
23.6   0.6738   -0.4522   0.1411   0   2.551e+08   -8.983e+07   0
23.7   0.6719   -0.4267   0.1321   0   2.55e+08   -8.981e+07   0
23.8   0.6691   -0.4012   0.1231   0   2.549e+08   -8.979e+07   0
23.9   0.6654   -0.3758   0.1142   0   2.547e+08   -8.977e+07   0
24   0.6606   -0.3503   0.1052   0   2.544e+08   -8.974e+07   0
24.1   0.6546   -0.3249   0.09621   0   2.541e+08   -8.971e+07   0
24.2   0.6473   -0.2995   0.08724   0   2.537e+08   -8.969e+07   0
24.3   0.6383   -0.2742   0.07827   0   2.531e+08   -8.966e+07   0
24.4   0.6275   -0.2489   0.06931   0   2.525e+08   -8.965e+07   0
24.5   0.6145   -0.2237   0.06034   0   2.516e+08   -8.965e+07   0
24.6   0.5989   -0.1986   0.05138   0   2.506e+08   -8.97e+07   0
24.7   0.5873   -0.1736   0.0424   0   2.497e+08   -8.976e+07   0
24.8   0.5873   -0.1486   0.03343   0   2.497e+08   -8.976e+07   0
24.9   0.5873   -0.1236   0.02445   0   2.497e+08   -8.976e+07   0
25   0.5873   -0.09864   0.01547   0   2.497e+08   -8.976e+07   0
25.1   0.5873   -0.07367   0.006497   0   2.497e+08   -8.976e+07   0
25.2   0.5873   -0.0487   -0.002479   0   2.497e+08   -8.976e+07   0
25.3   0.5873   -0.02372   -0.01146   0   2.497e+08   -8.976e+07   0
25.4   0.5873   0.001249   -0.02043   0   2.497e+08   -8.976e+07   0
25.5   0.5873   0.02622   -0.02941   0   2.497e+08   -8.976e+07   0
25.6   0.5873   0.05119   -0.03838   0   2.497e+08   -8.976e+07   0
25.7   0.5873   0.07617   -0.04736   0   2.497e+08   -8.976e+07   0
25.8   0.5873   0.1011   -0.05634   0   2.497e+08   -8.976e+07   0
25.9   0.5873   0.1261   -0.06531   0   2.497e+08   -8.976e+07   0
26   0.5873   0.1511   -0.07429   0   2.497e+08   -8.976e+07   0
26.1   0.5931   0.1761   -0.08327   0   2.5e+08   -9.006e+07   0
26.2   0.6152   0.2011   -0.09233   0   2.511e+08   -9.109e+07   0
26.3   0.6345   0.2263   -0.1015   0   2.521e+08   -9.19e+07   0
26.4   0.6514   0.2515   -0.1107   0   2.529e+08   -9.254e+07   0
26.5   0.6662   0.2769   -0.12   0   2.535e+08   -9.306e+07   0
26.6   0.6793   0.3022   -0.1293   0   2.541e+08   -9.348e+07   0
26.7   0.6908   0.3277   -0.1387   0   2.546e+08   -9.383e+07   0
26.8   0.7009   0.3532   -0.1481   0   2.55e+08   -9.413e+07   0
26.9   0.7099   0.3787   -0.1575   0   2.554e+08   -9.437e+07   0
27   0.7176   0.4042   -0.167   0   2.557e+08   -9.457e+07   0
27.1   0.7244   0.4298   -0.1764   0   2.56e+08   -9.474e+07   0
27.2   0.7302   0.4554   -0.1859   0   2.562e+08   -9.488e+07   0
27.3   0.7352   0.4811   -0.1954   0   2.564e+08   -9.5e+07   0
27.4   0.7393   0.5067   -0.2049   0   2.566e+08   -9.509e+07   0
27.5   0.7427   0.5324   -0.2144   0   2.567e+08   -9.517e+07   0
27.6   0.7455   0.558   -0.2239   0   2.568e+08   -9.523e+07   0
27.7   0.7475   0.5837   -0.2335   0   2.569e+08   -9.527e+07   0
27.8   0.749   0.6094   -0.243   0   2.569e+08   -9.53e+07   0
27.9   0.7499   0.6351   -0.2525   0   2.57e+08   -9.532e+07   0
28   0.7504   0.6608   -0.262   0   2.57e+08   -9.533e+07   0
28.1   0.7503   0.6865   -0.2716   0   2.57e+08   -9.533e+07   0
28.2   0.7501   0.7122   -0.2811   0   2.57e+08   -9.532e+07   0
28.3   0.7501   0.7379   -0.2906   0   2.57e+08   -9.532e+07   0
28.4   0.7501   0.7636   -0.3002   0   2.57e+08   -9.532e+07   0
28.5   0.7501   0.7893   -0.3097   0   2.57e+08   -9.532e+07   0
28.6   0.7501   0.815   -0.3192   0   2.57e+08   -9.532e+07   0
28.7   0.7501   0.8407   -0.3288   0   2.57e+08   -9.532e+07   0
28.8   0.7501   0.8664   -0.3383   0   2.57e+08   -9.532e+07   0
28.9   0.7501   0.8921   -0.3478   0   2.57e+08   -9.532e+07   0
29   0.7501   0.9178   -0.3574   0   2.57e+08   -9.532e+07   0
29.1   0.7501   0.9435   -0.3669   0   2.57e+08   -9.532e+07   0
29.2   0.7501   0.9692   -0.3764   0   2.57e+08   -9.532e+07   0
29.3   0.7501   0.9949   -0.386   0   2.57e+08   -9.532e+07   0
29.4   0.7501   1.021   -0.3955   0   2.57e+08   -9.532e+07   0
29.5   0.7501   1.046   -0.405   0   2.57e+08   -9.532e+07   0
29.6   0.7501   1.072   -0.4146   0   2.57e+08   -9.532e+07   0
29.7   0.7538   1.096   -0.4269   0   2.181e+08   -1.662e+08   0
29.8   0.7585   1.114   -0.4473   0   1.403e+08   -2.359e+08   0
29.9   0.7634   1.124   -0.473   0   4.242e+07   -2.713e+08   0
30   0.7682   1.123   -0.5003   0   -6.133e+07   -2.679e+08   0
30.1   0.7731   1.112   -0.5253   0   -1.561e+08   -2.264e+08   0
30.2   0.7779   1.092   -0.5445   0   -2.287e+08   -1.531e+08   0
30.3   0.7829   1.067   -0.5551   0   -2.691e+08   -5.849e+07   0
30.4   0.7878   1.039   -0.5558   0   -2.721e+08   4.402e+07   0
30.5   0.7922   1.014   -0.5465   0   -2.435e+08   1.295e+08   0
30.6   0.7922   0.9893   -0.5336   0   -2.435e+08   1.295e+08   0
30.7   0.7922   0.9649   -0.5206   0   -2.435e+08   1.295e+08   0
30.8   0.7922   0.9406   -0.5077   0   -2.435e+08   1.295e+08   0
30.9   0.7922   0.9162   -0.4947   0   -2.435e+08   1.295e+08   0
31   0.7922   0.8919   -0.4818   0   -2.435e+08   1.295e+08   0
31.1   0.7922   0.8675   -0.4688   0   -2.435e+08   1.295e+08   0
31.2   0.7922   0.8432   -0.4559   0   -2.435e+08   1.295e+08   0
31.3   0.7922   0.8188   -0.4429   0   -2.435e+08   1.295e+08   0
31.4   0.7922   0.7945   -0.43   0   -2.435e+08   1.295e+08   0
31.5   0.7922   0.7701   -0.417   0   -2.435e+08   1.295e+08   0
31.6   0.7922   0.7458   -0.4041   0   -2.435e+08   1.295e+08   0
31.7   0.7922   0.7214   -0.3911   0   -2.435e+08   1.295e+08   0
31.8   0.7922   0.6971   -0.3782   0   -2.435e+08   1.295e+08   0
31.9   0.7922   0.6727   -0.3652   0   -2.435e+08   1.295e+08   0
32   0.7938   0.6484   -0.3523   0   -2.436e+08   1.295e+08   0
32.1   0.7967   0.624   -0.3393   0   -2.436e+08   1.296e+08   0
32.2   0.7992   0.5996   -0.3264   0   -2.437e+08   1.296e+08   0
32.3   0.8014   0.5752   -0.3134   0   -2.438e+08   1.297e+08   0
32.4   0.8032   0.5509   -0.3004   0   -2.439e+08   1.297e+08   0
32.5   0.8045   0.5265   -0.2875   0   -2.439e+08   1.297e+08   0
32.6   0.8053   0.5021   -0.2745   0   -2.439e+08   1.297e+08   0
32.7   0.8055   0.4777   -0.2615   0   -2.439e+08   1.297e+08   0
32.8   0.8051   0.4533   -0.2485   0   -2.439e+08   1.297e+08   0
32.9   0.804   0.4289   -0.2356   0   -2.439e+08   1.297e+08   0
33   0.8022   0.4045   -0.2226   0   -2.438e+08   1.297e+08   0
33.1   0.7995   0.3801   -0.2096   0   -2.437e+08   1.296e+08   0
33.2   0.7958   0.3558   -0.1967   0   -2.436e+08   1.295e+08   0
33.3   0.7911   0.3314   -0.1837   0   -2.435e+08   1.294e+08   0
33.4   0.7852   0.3071   -0.1708   0   -2.433e+08   1.293e+08   0
33.5   0.7779   0.2828   -0.1579   0   -2.43e+08   1.291e+08   0
33.6   0.7691   0.2585   -0.145   0   -2.428e+08   1.289e+08   0
33.7   0.7585   0.2342   -0.1321   0   -2.424e+08   1.287e+08   0
33.8   0.7457   0.21   -0.1192   0   -2.42e+08   1.283e+08   0
33.9   0.7304   0.1858   -0.1064   0   -2.414e+08   1.279e+08   0
34   0.7127   0.1617   -0.09367   0   -2.408e+08   1.274e+08   0
34.1   0.7127   0.1376   -0.08093   0   -2.408e+08   1.274e+08   0
34.2   0.7127   0.1136   -0.06819   0   -2.408e+08   1.274e+08   0
34.3   0.7127   0.08948   -0.05545   0   -2.408e+08   1.274e+08   0
34.4   0.7127   0.0654   -0.04272   0   -2.408e+08   1.274e+08   0
34.5   0.7127   0.04132   -0.02998   0   -2.408e+08   1.274e+08   0
34.6   0.7127   0.01725   -0.01724   0   -2.408e+08   1.274e+08   0
34.7   0.7127   -0.006832   -0.004504   0   -2.408e+08   1.274e+08   0
34.8   0.7127   -0.03091   0.008233   0   -2.408e+08   1.274e+08   0
34.9   0.7127   -0.05499   0.02097   0   -2.408e+08   1.274e+08   0
35   0.7127   -0.07907   0.03371   0   -2.408e+08   1.274e+08   0
35.1   0.7127   -0.1031   0.04645   0   -2.408e+08   1.274e+08   0
35.2   0.7127   -0.1272   0.05918   0   -2.408e+08   1.274e+08   0
35.3   0.7127   -0.1513   0.07192   0   -2.408e+08   1.274e+08   0
35.4   0.7184   -0.1754   0.08466   0   -2.41e+08   1.274e+08   0
35.5   0.7411   -0.1995   0.09742   0   -2.42e+08   1.277e+08   0
35.6   0.7608   -0.2238   0.1102   0   -2.429e+08   1.28e+08   0
35.7   0.778   -0.2481   0.123   0   -2.435e+08   1.282e+08   0
35.8   0.793   -0.2725   0.1359   0   -2.441e+08   1.284e+08   0
35.9   0.8063   -0.2969   0.1487   0   -2.446e+08   1.286e+08   0
36   0.8179   -0.3214   0.1616   0   -2.45e+08   1.287e+08   0
36.1   0.8282   -0.3459   0.1745   0   -2.453e+08   1.289e+08   0
36.2   0.8372   -0.3705   0.1873   0   -2.456e+08   1.29e+08   0
36.3   0.845   -0.395   0.2003   0   -2.459e+08   1.291e+08   0
36.4   0.8519   -0.4196   0.2132   0   -2.461e+08   1.292e+08   0
36.5   0.8577   -0.4443   0.2261   0   -2.463e+08   1.293e+08   0
36.6   0.8627   -0.4689   0.239   0   -2.464e+08   1.293e+08   0
36.7   0.8669   -0.4935   0.252   0   -2.465e+08   1.294e+08   0
36.8   0.8703   -0.5182   0.2649   0   -2.466e+08   1.294e+08   0
36.9   0.8731   -0.5429   0.2778   0   -2.467e+08   1.295e+08   0
37   0.8752   -0.5675   0.2908   0   -2.468e+08   1.295e+08   0
37.1   0.8767   -0.5922   0.3037   0   -2.468e+08   1.295e+08   0
37.2   0.8776   -0.6169   0.3167   0   -2.468e+08   1.295e+08   0
37.3   0.878   -0.6416   0.3296   0   -2.469e+08   1.295e+08   0
37.4   0.878   -0.6663   0.3426   0   -2.469e+08   1.295e+08   0
37.5   0.8779   -0.691   0.3555   0   -2.469e+08   1.295e+08   0
37.6   0.8779   -0.7156   0.3685   0   -2.469e+08   1.295e+08   0
37.7   0.8779   -0.7403   0.3814   0   -2.469e+08   1.295e+08   0
37.8   0.8779   -0.765   0.3944   0   -2.469e+08   1.295e+08   0
37.9   0.8779   -0.7897   0.4073   0   -2.469e+08   1.295e+08   0
38   0.8779   -0.8144   0.4203   0   -2.469e+08   1.295e+08   0
38.1   0.8779   -0.8391   0.4332   0   -2.469e+08   1.295e+08   0
38.2   0.8779   -0.8638   0.4462   0   -2.469e+08   1.295e+08   0
38.3   0.8779   -0.8884   0.4591   0   -2.469e+08   1.295e+08   0
38.4   0.8779   -0.9131   0.4721   0   -2.469e+08   1.295e+08   0
38.5   0.8779   -0.9378   0.485   0   -2.469e+08   1.295e+08   0
38.6   0.8779   -0.9625   0.498   0   -2.469e+08   1.295e+08   0
38.7   0.8779   -0.9872   0.5109   0   -2.469e+08   1.295e+08   0
38.8   0.8779   -1.012   0.5239   0   -2.469e+08   1.295e+08   0
38.9   0.8779   -1.037   0.5368   0   -2.469e+08   1.295e+08   0
39   0.8779   -1.061   0.5498   0   -2.469e+08   1.295e+08   0
39.1   0.8779   -1.086   0.5628   0   -2.469e+08   1.295e+08   0
39.2   0.8779   -1.111   0.5757   0   -2.469e+08   1.295e+08   0
39.3   0.8779   -1.135   0.5887   0   -2.469e+08   1.295e+08   0
39.4   0.8779   -1.16   0.6016   0   -2.469e+08   1.295e+08   0
39.5   0.8779   -1.185   0.6146   0   -2.469e+08   1.295e+08   0
39.6   0.8779   -1.209   0.6275   0   -2.469e+08   1.295e+08   0
39.7   0.8779   -1.234   0.6405   0   -2.469e+08   1.295e+08   0
39.8   0.8779   -1.259   0.6534   0   -2.469e+08   1.295e+08   0
39.9   0.8779   -1.283   0.6664   0   -2.469e+08   1.295e+08   0
40   0.8779   -1.308   0.6793   0   -2.469e+08   1.295e+08   0
40.1   0.8779   -1.333   0.6923   0   -2.469e+08   1.295e+08   0
40.2   0.8779   -1.357   0.7052   0   -2.469e+08   1.295e+08   0
40.3   0.8779   -1.382   0.7182   0   -2.469e+08   1.295e+08   0
40.4   0.8779   -1.407   0.7311   0   -2.469e+08   1.295e+08   0
40.5   0.8779   -1.432   0.7441   0   -2.469e+08   1.295e+08   0
40.6   0.8779   -1.456   0.757   0   -2.469e+08   1.295e+08   0
40.7   0.8779   -1.481   0.77   0   -2.469e+08   1.295e+08   0
40.8   0.8779   -1.506   0.7829   0   -2.469e+08   1.295e+08   0
40.9   0.8779   -1.53   0.7959   0   -2.469e+08   1.295e+08   0
41   0.8779   -1.555   0.8088   0   -2.469e+08   1.295e+08   0
41.1   0.8779   -1.58   0.8218   0   -2.469e+08   1.295e+08   0
41.2   0.8779   -1.604   0.8347   0   -2.469e+08   1.295e+08   0
41.3   0.8779   -1.629   0.8477   0   -2.469e+08   1.295e+08   0
41.4   0.8779   -1.654   0.8606   0   -2.469e+08   1.295e+08   0
41.5   0.8779   -1.678   0.8736   0   -2.469e+08   1.295e+08   0
41.6   0.8779   -1.703   0.8865   0   -2.469e+08   1.295e+08   0
41.7   0.8779   -1.728   0.8995   0   -2.469e+08   1.295e+08   0
41.8   0.8779   -1.752   0.9124   0   -2.469e+08   1.295e+08   0
41.9   0.8779   -1.777   0.9254   0   -2.469e+08   1.295e+08   0
42   0.8779   -1.802   0.9383   0   -2.469e+08   1.295e+08   0
42.1   0.8779   -1.826   0.9513   0   -2.469e+08   1.295e+08   0
42.2   0.8779   -1.851   0.9642   0   -2.469e+08   1.295e+08   0
42.3   0.8779   -1.876   0.9772   0   -2.469e+08   1.295e+08   0
42.4   0.8779   -1.901   0.9901   0   -2.469e+08   1.295e+08   0
42.5   0.8779   -1.925   1.003   0   -2.469e+08   1.295e+08   0
42.6   0.8779   -1.95   1.016   0   -2.469e+08   1.295e+08   0
42.7   0.8779   -1.975   1.029   0   -2.469e+08   1.295e+08   0
42.8   0.8779   -1.999   1.042   0   -2.469e+08   1.295e+08   0
42.9   0.8779   -2.024   1.055   0   -2.469e+08   1.295e+08   0
43   0.8779   -2.049   1.068   0   -2.469e+08   1.295e+08   0
43.1   0.8779   -2.073   1.081   0   -2.469e+08   1.295e+08   0
43.2   0.8779   -2.098   1.094   0   -2.469e+08   1.295e+08   0
43.3   0.8779   -2.123   1.107   0   -2.469e+08   1.295e+08   0
43.4   0.8779   -2.147   1.12   0   -2.469e+08   1.295e+08   0
43.5   0.8779   -2.172   1.133   0   -2.469e+08   1.295e+08   0
43.6   0.8779   -2.197   1.146   0   -2.469e+08   1.295e+08   0
43.7   0.8779   -2.221   1.159   0   -2.469e+08   1.295e+08   0
43.8   0.8779   -2.246   1.171   0   -2.469e+08   1.295e+08   0
43.9   0.8779   -2.271   1.184   0   -2.469e+08   1.295e+08   0
44   0.8779   -2.296   1.197   0   -2.469e+08   1.295e+08   0
44.1   0.8779   -2.32   1.21   0   -2.469e+08   1.295e+08   0
44.2   0.8779   -2.345   1.223   0   -2.469e+08   1.295e+08   0
44.3   0.8779   -2.37   1.236   0   -2.469e+08   1.295e+08   0
44.4   0.8779   -2.394   1.249   0   -2.469e+08   1.295e+08   0
44.5   0.8779   -2.419   1.262   0   -2.469e+08   1.295e+08   0
44.6   0.8779   -2.444   1.275   0   -2.469e+08   1.295e+08   0
44.7   0.8779   -2.468   1.288   0   -2.469e+08   1.295e+08   0
44.8   0.8779   -2.493   1.301   0   -2.469e+08   1.295e+08   0
44.9   0.8779   -2.518   1.314   0   -2.469e+08   1.295e+08   0
45   0.8779   -2.542   1.327   0   -2.469e+08   1.295e+08   0
