0   0.04   -0.753   0   0   1.121e+08   0   0
0.1   0.04   -0.753   0   0   1.121e+08   0   0
0.2   0.04   -0.753   0   0   1.121e+08   0   0
0.3   0.04   -0.753   0   0   1.121e+08   0   0
0.4   0.04   -0.753   0   0   1.121e+08   0   0
0.5   0.04   -0.753   0   0   1.121e+08   0   0
0.6   0.04   -0.753   0   0   1.121e+08   0   0
0.7   0.04   -0.753   0   0   1.121e+08   0   0
0.8   0.04   -0.753   0   0   1.121e+08   0   0
0.9   0.04   -0.753   0   0   1.121e+08   0   0
1   0.04   -0.753   0   0   1.121e+08   0   0
1.1   0.04   -0.753   0   0   1.121e+08   0   0
1.2   0.04118   -0.7453   0   0   1.136e+08   0   0
1.3   0.0431   -0.7338   0   0   1.159e+08   0   0
1.4   0.04524   -0.7221   0   0   1.184e+08   0   0
1.5   0.04759   -0.7101   0   0   1.211e+08   0   0
1.6   0.05016   -0.6979   0   0   1.239e+08   0   0
1.7   0.05296   -0.6853   0   0   1.268e+08   0   0
1.8   0.056   -0.6725   0   0   1.299e+08   0   0
1.9   0.05927   -0.6593   0   0   1.331e+08   0   0
2   0.06279   -0.6459   0   0   1.364e+08   0   0
2.1   0.06655   -0.6321   0   0   1.397e+08   0   0
2.2   0.07055   -0.6179   0   0   1.431e+08   0   0
2.3   0.07479   -0.6034   0   0   1.466e+08   0   0
2.4   0.07928   -0.5886   0   0   1.501e+08   0   0
2.5   0.084   -0.5734   0   0   1.536e+08   0   0
2.6   0.08895   -0.5579   0   0   1.571e+08   0   0
2.7   0.09412   -0.542   0   0   1.606e+08   0   0
2.8   0.09951   -0.5258   0   0   1.64e+08   0   0
2.9   0.1051   -0.5092   0   0   1.675e+08   0   0
3   0.1109   -0.4923   0   0   1.708e+08   0   0
3.1   0.1168   -0.475   0   0   1.742e+08   0   0
3.2   0.1229   -0.4574   0   0   1.774e+08   0   0
3.3   0.1291   -0.4395   0   0   1.805e+08   0   0
3.4   0.1353   -0.4213   0   0   1.836e+08   0   0
3.5   0.1417   -0.4028   0   0   1.865e+08   0   0
3.6   0.1481   -0.384   0   0   1.893e+08   0   0
3.7   0.1544   -0.365   0   0   1.92e+08   0   0
3.8   0.1607   -0.3456   0   0   1.946e+08   0   0
3.9   0.1669   -0.3261   0   0   1.97e+08   0   0
4   0.173   -0.3062   0   0   1.993e+08   0   0
4.1   0.1787   -0.2862   0   0   2.014e+08   0   0
4.2   0.1842   -0.266   0   0   2.033e+08   0   0
4.3   0.1893   -0.2456   0   0   2.05e+08   0   0
4.4   0.1938   -0.225   0   0   2.065e+08   0   0
4.5   0.1976   -0.2043   0   0   2.077e+08   0   0
4.6   0.2001   -0.1834   0   0   2.085e+08   0   0
4.7   0.2001   -0.1626   0   0   2.085e+08   0   0
4.8   0.2001   -0.1418   0   0   2.085e+08   0   0
4.9   0.2001   -0.1209   0   0   2.085e+08   0   0
5   0.2001   -0.1001   0   0   2.085e+08   0   0
5.1   0.2001   -0.07921   0   0   2.085e+08   0   0
5.2   0.2001   -0.05837   0   0   2.085e+08   0   0
5.3   0.2001   -0.03752   0   0   2.085e+08   0   0
5.4   0.2001   -0.01667   0   0   2.085e+08   0   0
5.5   0.2001   0.004176   0   0   2.085e+08   0   0
5.6   0.2001   0.02502   0   0   2.085e+08   0   0
5.7   0.2001   0.04587   0   0   2.085e+08   0   0
5.8   0.2001   0.06672   0   0   2.085e+08   0   0
5.9   0.2001   0.08756   0   0   2.085e+08   0   0
6   0.2001   0.1084   0   0   2.085e+08   0   0
6.1   0.2001   0.1293   0   0   2.085e+08   0   0
6.2   0.2001   0.1501   0   0   2.085e+08   0   0
6.3   0.2001   0.171   0   0   2.085e+08   0   0
6.4   0.2031   0.1918   0   0   2.094e+08   0   0
6.5   0.2202   0.213   0   0   2.144e+08   0   0
6.6   0.2365   0.2347   0   0   2.188e+08   0   0
6.7   0.252   0.2568   0   0   2.226e+08   0   0
6.8   0.2667   0.2792   0   0   2.26e+08   0   0
6.9   0.2806   0.3019   0   0   2.29e+08   0   0
7   0.2938   0.325   0   0   2.316e+08   0   0
7.1   0.3063   0.3483   0   0   2.34e+08   0   0
7.2   0.3181   0.3718   0   0   2.361e+08   0   0
7.3   0.3293   0.3955   0   0   2.38e+08   0   0
7.4   0.3397   0.4194   0   0   2.397e+08   0   0
7.5   0.3495   0.4434   0   0   2.412e+08   0   0
7.6   0.3587   0.4676   0   0   2.426e+08   0   0
7.7   0.3673   0.4919   0   0   2.438e+08   0   0
7.8   0.3752   0.5164   0   0   2.449e+08   0   0
7.9   0.3826   0.5409   0   0   2.459e+08   0   0
8   0.3893   0.5655   0   0   2.468e+08   0   0
8.1   0.3956   0.5903   0   0   2.476e+08   0   0
8.2   0.4012   0.6151   0   0   2.483e+08   0   0
8.3   0.4064   0.6399   0   0   2.49e+08   0   0
8.4   0.411   0.6649   0   0   2.495e+08   0   0
8.5   0.4151   0.6898   0   0   2.5e+08   0   0
8.6   0.4187   0.7149   0   0   2.504e+08   0   0
8.7   0.4218   0.7399   0   0   2.508e+08   0   0
8.8   0.4233   0.765   0   0   2.51e+08   0   0
8.9   0.4233   0.7901   0   0   2.51e+08   0   0
9   0.4233   0.8152   0   0   2.51e+08   0   0
9.1   0.4233   0.8403   0   0   2.51e+08   0   0
9.2   0.4233   0.8654   0   0   2.51e+08   0   0
9.3   0.4233   0.8905   0   0   2.51e+08   0   0
9.4   0.4233   0.9156   0   0   2.51e+08   0   0
9.5   0.4233   0.9407   0   0   2.51e+08   0   0
9.6   0.4233   0.9658   0   0   2.51e+08   0   0
9.7   0.4233   0.9909   0   0   2.51e+08   0   0
9.8   0.4233   1.016   0   0   2.51e+08   0   0
9.9   0.4233   1.041   0   0   2.51e+08   0   0
10   0.4233   1.066   0   0   2.51e+08   0   0
10.1   0.4233   1.091   0   0   2.51e+08   0   0
10.2   0.4236   1.116   -0.0004787   0   2.497e+08   -2.585e+07   0
10.3   0.4245   1.141   -0.006616   0   2.323e+08   -9.537e+07   0
10.4   0.4254   1.162   -0.01936   0   1.96e+08   -1.571e+08   0
10.5   0.4263   1.179   -0.03767   0   1.438e+08   -2.061e+08   0
10.6   0.4272   1.19   -0.06006   0   7.997e+07   -2.384e+08   0
10.7   0.4281   1.195   -0.08472   0   9.652e+06   -2.513e+08   0
10.8   0.429   1.192   -0.1097   0   -6.143e+07   -2.44e+08   0
10.9   0.4299   1.183   -0.1328   0   -1.276e+08   -2.17e+08   0
11   0.4308   1.167   -0.1524   0   -1.834e+08   -1.726e+08   0
11.1   0.4318   1.147   -0.1668   0   -2.245e+08   -1.143e+08   0
11.2   0.4327   1.123   -0.1749   0   -2.476e+08   -4.681e+07   0
11.3   0.4336   1.098   -0.176   0   -2.51e+08   2.437e+07   0
11.4   0.4338   1.073   -0.1721   0   -2.487e+08   4.138e+07   0
11.5   0.4338   1.048   -0.1679   0   -2.487e+08   4.138e+07   0
11.6   0.4338   1.023   -0.1638   0   -2.487e+08   4.138e+07   0
11.7   0.4338   0.9981   -0.1597   0   -2.487e+08   4.138e+07   0
11.8   0.4338   0.9733   -0.1555   0   -2.487e+08   4.138e+07   0
11.9   0.4338   0.9484   -0.1514   0   -2.487e+08   4.138e+07   0
12   0.4338   0.9235   -0.1472   0   -2.487e+08   4.138e+07   0
12.1   0.4338   0.8986   -0.1431   0   -2.487e+08   4.138e+07   0
12.2   0.4338   0.8738   -0.139   0   -2.487e+08   4.138e+07   0
12.3   0.4338   0.8489   -0.1348   0   -2.487e+08   4.138e+07   0
12.4   0.4338   0.824   -0.1307   0   -2.487e+08   4.138e+07   0
12.5   0.4338   0.7991   -0.1266   0   -2.487e+08   4.138e+07   0
12.6   0.4338   0.7743   -0.1224   0   -2.487e+08   4.138e+07   0
12.7   0.4338   0.7494   -0.1183   0   -2.487e+08   4.138e+07   0
12.8   0.4375   0.7245   -0.1141   0   -2.491e+08   4.143e+07   0
12.9   0.4422   0.6996   -0.11   0   -2.496e+08   4.15e+07   0
13   0.4467   0.6746   -0.1058   0   -2.501e+08   4.157e+07   0
13.1   0.4511   0.6495   -0.1017   0   -2.506e+08   4.163e+07   0
13.2   0.4553   0.6244   -0.09751   0   -2.51e+08   4.168e+07   0
13.3   0.4593   0.5993   -0.09334   0   -2.514e+08   4.174e+07   0
13.4   0.463   0.5742   -0.08917   0   -2.518e+08   4.178e+07   0
13.5   0.4663   0.549   -0.08499   0   -2.521e+08   4.182e+07   0
13.6   0.4693   0.5237   -0.0808   0   -2.524e+08   4.186e+07   0
13.7   0.4719   0.4985   -0.07661   0   -2.526e+08   4.189e+07   0
13.8   0.474   0.4732   -0.07242   0   -2.528e+08   4.192e+07   0
13.9   0.4756   0.4479   -0.06823   0   -2.53e+08   4.193e+07   0
14   0.4765   0.4226   -0.06404   0   -2.531e+08   4.194e+07   0
14.1   0.4768   0.3973   -0.05984   0   -2.531e+08   4.195e+07   0
14.2   0.4762   0.372   -0.05565   0   -2.531e+08   4.194e+07   0
14.3   0.4748   0.3467   -0.05146   0   -2.529e+08   4.193e+07   0
14.4   0.4723   0.3214   -0.04726   0   -2.527e+08   4.19e+07   0
14.5   0.4687   0.2962   -0.04308   0   -2.523e+08   4.187e+07   0
14.6   0.4637   0.271   -0.03889   0   -2.518e+08   4.183e+07   0
14.7   0.4571   0.2458   -0.03471   0   -2.512e+08   4.177e+07   0
14.8   0.4486   0.2207   -0.03054   0   -2.503e+08   4.171e+07   0
14.9   0.4378   0.1958   -0.02637   0   -2.491e+08   4.164e+07   0
15   0.4331   0.1709   -0.02221   0   -2.486e+08   4.161e+07   0
15.1   0.4331   0.146   -0.01805   0   -2.486e+08   4.161e+07   0
15.2   0.4331   0.1212   -0.01389   0   -2.486e+08   4.161e+07   0
15.3   0.4331   0.0963   -0.009725   0   -2.486e+08   4.161e+07   0
15.4   0.4331   0.07144   -0.005564   0   -2.486e+08   4.161e+07   0
15.5   0.4331   0.04658   -0.001403   0   -2.486e+08   4.161e+07   0
15.6   0.4331   0.02171   0.002758   0   -2.486e+08   4.161e+07   0
15.7   0.4331   -0.003149   0.006919   0   -2.486e+08   4.161e+07   0
15.8   0.4331   -0.02801   0.01108   0   -2.486e+08   4.161e+07   0
15.9   0.4331   -0.05287   0.01524   0   -2.486e+08   4.161e+07   0
16   0.4331   -0.07774   0.0194   0   -2.486e+08   4.161e+07   0
16.1   0.4331   -0.1026   0.02356   0   -2.486e+08   4.161e+07   0
16.2   0.4331   -0.1275   0.02772   0   -2.486e+08   4.161e+07   0
16.3   0.4331   -0.1523   0.03188   0   -2.486e+08   4.161e+07   0
16.4   0.4331   -0.1772   0.03605   0   -2.486e+08   4.161e+07   0
16.5   0.4493   -0.2021   0.04022   0   -2.503e+08   4.209e+07   0
16.6   0.4703   -0.2272   0.04446   0   -2.524e+08   4.265e+07   0
16.7   0.4891   -0.2526   0.04875   0   -2.541e+08   4.31e+07   0
16.8   0.506   -0.2781   0.05308   0   -2.555e+08   4.347e+07   0
16.9   0.5211   -0.3037   0.05744   0   -2.568e+08   4.378e+07   0
17   0.5348   -0.3294   0.06183   0   -2.578e+08   4.404e+07   0
17.1   0.5472   -0.3552   0.06625   0   -2.588e+08   4.427e+07   0
17.2   0.5583   -0.3812   0.07069   0   -2.596e+08   4.446e+07   0
17.3   0.5683   -0.4071   0.07514   0   -2.603e+08   4.462e+07   0
17.4   0.5773   -0.4332   0.07961   0   -2.609e+08   4.476e+07   0
17.5   0.5854   -0.4593   0.08409   0   -2.614e+08   4.488e+07   0
17.6   0.5926   -0.4855   0.08859   0   -2.619e+08   4.498e+07   0
17.7   0.5989   -0.5117   0.09309   0   -2.623e+08   4.507e+07   0
17.8   0.6045   -0.5379   0.0976   0   -2.626e+08   4.515e+07   0
17.9   0.6093   -0.5642   0.1021   0   -2.629e+08   4.521e+07   0
18   0.6135   -0.5905   0.1066   0   -2.632e+08   4.527e+07   0
18.1   0.617   -0.6169   0.1112   0   -2.634e+08   4.531e+07   0
18.2   0.6199   -0.6432   0.1157   0   -2.636e+08   4.535e+07   0
18.3   0.6222   -0.6696   0.1202   0   -2.637e+08   4.538e+07   0
18.4   0.624   -0.6959   0.1248   0   -2.638e+08   4.54e+07   0
18.5   0.6253   -0.7223   0.1293   0   -2.639e+08   4.542e+07   0
18.6   0.6259   -0.7487   0.1339   0   -2.639e+08   4.542e+07   0
18.7   0.6259   -0.7751   0.1384   0   -2.639e+08   4.542e+07   0
18.8   0.6259   -0.8015   0.1429   0   -2.639e+08   4.542e+07   0
18.9   0.6259   -0.8279   0.1475   0   -2.639e+08   4.542e+07   0
19   0.6259   -0.8543   0.152   0   -2.639e+08   4.542e+07   0
19.1   0.6259   -0.8807   0.1566   0   -2.639e+08   4.542e+07   0
19.2   0.6259   -0.9071   0.1611   0   -2.639e+08   4.542e+07   0
19.3   0.6259   -0.9335   0.1657   0   -2.639e+08   4.542e+07   0
19.4   0.6259   -0.9599   0.1702   0   -2.639e+08   4.542e+07   0
19.5   0.6259   -0.9863   0.1747   0   -2.639e+08   4.542e+07   0
19.6   0.6259   -1.013   0.1793   0   -2.639e+08   4.542e+07   0
19.7   0.6259   -1.039   0.1838   0   -2.639e+08   4.542e+07   0
19.8   0.6259   -1.065   0.1884   0   -2.639e+08   4.542e+07   0
19.9   0.6259   -1.092   0.1929   0   -2.639e+08   4.542e+07   0
20   0.6259   -1.118   0.1975   0   -2.639e+08   4.542e+07   0
20.1   0.627   -1.144   0.203   0   -2.539e+08   8.541e+07   0
20.2   0.6291   -1.168   0.2154   0   -2.162e+08   1.584e+08   0
20.3   0.6313   -1.187   0.2343   0   -1.583e+08   2.164e+08   0
20.4   0.6334   -1.199   0.258   0   -8.562e+07   2.542e+08   0
20.5   0.6356   -1.204   0.2843   0   -5.061e+06   2.683e+08   0
20.6   0.6378   -1.2   0.3108   0   7.589e+07   2.576e+08   0
20.7   0.6399   -1.189   0.335   0   1.498e+08   2.23e+08   0
20.8   0.6421   -1.171   0.3547   0   2.098e+08   1.68e+08   0
20.9   0.6443   -1.147   0.3681   0   2.505e+08   9.759e+07   0
21   0.6465   -1.121   0.3739   0   2.684e+08   1.837e+07   0
21.1   0.6487   -1.094   0.3716   0   2.618e+08   -6.245e+07   0
21.2   0.6494   -1.069   0.3631   0   2.54e+08   -8.898e+07   0
21.3   0.6494   -1.043   0.3542   0   2.54e+08   -8.898e+07   0
21.4   0.6494   -1.018   0.3453   0   2.54e+08   -8.898e+07   0
21.5   0.6494   -0.9927   0.3364   0   2.54e+08   -8.898e+07   0
21.6   0.6494   -0.9673   0.3275   0   2.54e+08   -8.898e+07   0
21.7   0.6494   -0.9419   0.3186   0   2.54e+08   -8.898e+07   0
21.8   0.6494   -0.9165   0.3097   0   2.54e+08   -8.898e+07   0
21.9   0.6494   -0.8911   0.3008   0   2.54e+08   -8.898e+07   0
22   0.6494   -0.8657   0.2919   0   2.54e+08   -8.898e+07   0
22.1   0.6494   -0.8403   0.2831   0   2.54e+08   -8.898e+07   0
22.2   0.6494   -0.8149   0.2742   0   2.54e+08   -8.898e+07   0
22.3   0.6494   -0.7895   0.2653   0   2.54e+08   -8.898e+07   0
22.4   0.6494   -0.7641   0.2564   0   2.54e+08   -8.898e+07   0
22.5   0.6494   -0.7387   0.2475   0   2.54e+08   -8.898e+07   0
22.6   0.6495   -0.7133   0.2386   0   2.54e+08   -8.898e+07   0
22.7   0.6527   -0.6878   0.2297   0   2.542e+08   -8.903e+07   0
22.8   0.6555   -0.6624   0.2208   0   2.544e+08   -8.907e+07   0
22.9   0.658   -0.637   0.2118   0   2.545e+08   -8.91e+07   0
23   0.6602   -0.6115   0.2029   0   2.546e+08   -8.913e+07   0
23.1   0.6619   -0.5861   0.194   0   2.547e+08   -8.916e+07   0
23.2   0.6632   -0.5606   0.1851   0   2.548e+08   -8.917e+07   0
23.3   0.664   -0.5351   0.1762   0   2.548e+08   -8.918e+07   0
23.4   0.6642   -0.5096   0.1673   0   2.548e+08   -8.919e+07   0
23.5   0.6638   -0.4841   0.1583   0   2.548e+08   -8.918e+07   0
23.6   0.6627   -0.4587   0.1494   0   2.547e+08   -8.917e+07   0
23.7   0.6608   -0.4332   0.1405   0   2.546e+08   -8.915e+07   0
23.8   0.6581   -0.4077   0.1316   0   2.545e+08   -8.912e+07   0
23.9   0.6545   -0.3823   0.1227   0   2.543e+08   -8.907e+07   0
24   0.6498   -0.3569   0.1138   0   2.54e+08   -8.902e+07   0
24.1   0.644   -0.3315   0.1049   0   2.537e+08   -8.896e+07   0
24.2   0.6368   -0.3061   0.09599   0   2.533e+08   -8.889e+07   0
24.3   0.6281   -0.2808   0.08711   0   2.528e+08   -8.881e+07   0
24.4   0.6177   -0.2556   0.07823   0   2.522e+08   -8.871e+07   0
24.5   0.6052   -0.2304   0.06937   0   2.514e+08   -8.861e+07   0
24.6   0.5902   -0.2053   0.06051   0   2.504e+08   -8.85e+07   0
24.7   0.5726   -0.1804   0.05167   0   2.491e+08   -8.84e+07   0
24.8   0.5726   -0.1554   0.04283   0   2.491e+08   -8.84e+07   0
24.9   0.5726   -0.1305   0.03399   0   2.491e+08   -8.84e+07   0
25   0.5726   -0.1056   0.02515   0   2.491e+08   -8.84e+07   0
25.1   0.5726   -0.08069   0.01631   0   2.491e+08   -8.84e+07   0
25.2   0.5726   -0.05578   0.007468   0   2.491e+08   -8.84e+07   0
25.3   0.5726   -0.03086   -0.001372   0   2.491e+08   -8.84e+07   0
25.4   0.5726   -0.005947   -0.01021   0   2.491e+08   -8.84e+07   0
25.5   0.5726   0.01897   -0.01905   0   2.491e+08   -8.84e+07   0
25.6   0.5726   0.04388   -0.02789   0   2.491e+08   -8.84e+07   0
25.7   0.5726   0.0688   -0.03673   0   2.491e+08   -8.84e+07   0
25.8   0.5726   0.09371   -0.04557   0   2.491e+08   -8.84e+07   0
25.9   0.5726   0.1186   -0.05441   0   2.491e+08   -8.84e+07   0
26   0.5726   0.1435   -0.06325   0   2.491e+08   -8.84e+07   0
26.1   0.5726   0.1685   -0.07209   0   2.491e+08   -8.84e+07   0
26.2   0.5912   0.1934   -0.08096   0   2.502e+08   -8.914e+07   0
26.3   0.6114   0.2185   -0.08991   0   2.513e+08   -8.986e+07   0
26.4   0.629   0.2437   -0.09893   0   2.523e+08   -9.044e+07   0
26.5   0.6445   0.2689   -0.108   0   2.53e+08   -9.091e+07   0
26.6   0.658   0.2943   -0.1171   0   2.537e+08   -9.129e+07   0
26.7   0.6699   0.3197   -0.1263   0   2.543e+08   -9.161e+07   0
26.8   0.6804   0.3451   -0.1354   0   2.548e+08   -9.187e+07   0
26.9   0.6895   0.3706   -0.1446   0   2.552e+08   -9.209e+07   0
27   0.6975   0.3962   -0.1538   0   2.555e+08   -9.228e+07   0
27.1   0.7045   0.4217   -0.1631   0   2.558e+08   -9.243e+07   0
27.2   0.7104   0.4473   -0.1723   0   2.561e+08   -9.256e+07   0
27.3   0.7155   0.473   -0.1816   0   2.563e+08   -9.267e+07   0
27.4   0.7197   0.4986   -0.1909   0   2.565e+08   -9.276e+07   0
27.5   0.7232   0.5242   -0.2001   0   2.566e+08   -9.283e+07   0
27.6   0.726   0.5499   -0.2094   0   2.567e+08   -9.288e+07   0
27.7   0.7281   0.5756   -0.2187   0   2.568e+08   -9.292e+07   0
27.8   0.7296   0.6013   -0.228   0   2.569e+08   -9.295e+07   0
27.9   0.7305   0.627   -0.2373   0   2.569e+08   -9.297e+07   0
28   0.731   0.6527   -0.2466   0   2.569e+08   -9.298e+07   0
28.1   0.7309   0.6784   -0.2559   0   2.569e+08   -9.298e+07   0
28.2   0.7304   0.704   -0.2652   0   2.569e+08   -9.297e+07   0
28.3   0.7304   0.7297   -0.2745   0   2.569e+08   -9.297e+07   0
28.4   0.7304   0.7554   -0.2838   0   2.569e+08   -9.297e+07   0
28.5   0.7304   0.7811   -0.2931   0   2.569e+08   -9.297e+07   0
28.6   0.7304   0.8068   -0.3024   0   2.569e+08   -9.297e+07   0
28.7   0.7304   0.8325   -0.3117   0   2.569e+08   -9.297e+07   0
28.8   0.7304   0.8582   -0.321   0   2.569e+08   -9.297e+07   0
28.9   0.7304   0.8839   -0.3303   0   2.569e+08   -9.297e+07   0
29   0.7304   0.9096   -0.3396   0   2.569e+08   -9.297e+07   0
29.1   0.7304   0.9353   -0.3489   0   2.569e+08   -9.297e+07   0
29.2   0.7304   0.961   -0.3582   0   2.569e+08   -9.297e+07   0
29.3   0.7304   0.9866   -0.3675   0   2.569e+08   -9.297e+07   0
29.4   0.7304   1.012   -0.3768   0   2.569e+08   -9.297e+07   0
29.5   0.7304   1.038   -0.3861   0   2.569e+08   -9.297e+07   0
29.6   0.7304   1.064   -0.3954   0   2.569e+08   -9.297e+07   0
29.7   0.7313   1.089   -0.4048   0   2.493e+08   -1.118e+08   0
29.8   0.7359   1.111   -0.4206   0   1.883e+08   -1.983e+08   0
29.9   0.7406   1.126   -0.4436   0   9.919e+07   -2.551e+08   0
30   0.7453   1.131   -0.4704   0   -4.425e+06   -2.738e+08   0
30.1   0.7501   1.125   -0.497   0   -1.072e+08   -2.523e+08   0
30.2   0.7548   1.11   -0.5196   0   -1.94e+08   -1.939e+08   0
30.3   0.7596   1.087   -0.5348   0   -2.526e+08   -1.075e+08   0
30.4   0.7645   1.06   -0.5404   0   -2.746e+08   -5.768e+06   0
30.5   0.7693   1.033   -0.5358   0   -2.574e+08   9.652e+07   0
30.6   0.7711   1.009   -0.5233   0   -2.414e+08   1.316e+08   0
30.7   0.7711   0.9849   -0.5101   0   -2.414e+08   1.316e+08   0
30.8   0.7711   0.9608   -0.4969   0   -2.414e+08   1.316e+08   0
30.9   0.7711   0.9366   -0.4838   0   -2.414e+08   1.316e+08   0
31   0.7711   0.9125   -0.4706   0   -2.414e+08   1.316e+08   0
31.1   0.7711   0.8883   -0.4575   0   -2.414e+08   1.316e+08   0
31.2   0.7711   0.8642   -0.4443   0   -2.414e+08   1.316e+08   0
31.3   0.7711   0.84   -0.4312   0   -2.414e+08   1.316e+08   0
31.4   0.7711   0.8159   -0.418   0   -2.414e+08   1.316e+08   0
31.5   0.7711   0.7917   -0.4048   0   -2.414e+08   1.316e+08   0
31.6   0.7711   0.7676   -0.3917   0   -2.414e+08   1.316e+08   0
31.7   0.7711   0.7435   -0.3785   0   -2.414e+08   1.316e+08   0
31.8   0.7711   0.7193   -0.3654   0   -2.414e+08   1.316e+08   0
31.9   0.7711   0.6952   -0.3522   0   -2.414e+08   1.316e+08   0
32   0.7712   0.671   -0.3391   0   -2.414e+08   1.316e+08   0
32.1   0.774   0.6469   -0.3259   0   -2.415e+08   1.316e+08   0
32.2   0.7765   0.6227   -0.3127   0   -2.416e+08   1.316e+08   0
32.3   0.7786   0.5986   -0.2996   0   -2.417e+08   1.317e+08   0
32.4   0.7803   0.5744   -0.2864   0   -2.418e+08   1.317e+08   0
32.5   0.7816   0.5502   -0.2732   0   -2.418e+08   1.317e+08   0
32.6   0.7824   0.526   -0.2601   0   -2.419e+08   1.317e+08   0
32.7   0.7826   0.5018   -0.2469   0   -2.419e+08   1.317e+08   0
32.8   0.7822   0.4776   -0.2337   0   -2.419e+08   1.317e+08   0
32.9   0.7812   0.4535   -0.2206   0   -2.418e+08   1.317e+08   0
33   0.7794   0.4293   -0.2074   0   -2.418e+08   1.317e+08   0
33.1   0.7768   0.4051   -0.1942   0   -2.416e+08   1.317e+08   0
33.2   0.7733   0.3809   -0.1811   0   -2.415e+08   1.316e+08   0
33.3   0.7687   0.3568   -0.1679   0   -2.413e+08   1.316e+08   0
33.4   0.7631   0.3327   -0.1547   0   -2.411e+08   1.316e+08   0
33.5   0.7562   0.3086   -0.1416   0   -2.407e+08   1.315e+08   0
33.6   0.7479   0.2845   -0.1284   0   -2.404e+08   1.315e+08   0
33.7   0.7379   0.2605   -0.1153   0   -2.399e+08   1.315e+08   0
33.8   0.7259   0.2366   -0.1021   0   -2.393e+08   1.315e+08   0
33.9   0.7117   0.2127   -0.089   0   -2.385e+08   1.315e+08   0
34   0.6948   0.1889   -0.07585   0   -2.375e+08   1.316e+08   0
34.1   0.6837   0.1652   -0.06268   0   -2.369e+08   1.316e+08   0
34.2   0.6837   0.1415   -0.04952   0   -2.369e+08   1.316e+08   0
34.3   0.6837   0.1178   -0.03635   0   -2.369e+08   1.316e+08   0
34.4   0.6837   0.09411   -0.02319   0   -2.369e+08   1.316e+08   0
34.5   0.6837   0.07043   -0.01003   0   -2.369e+08   1.316e+08   0
34.6   0.6837   0.04674   0.003139   0   -2.369e+08   1.316e+08   0
34.7   0.6837   0.02306   0.0163   0   -2.369e+08   1.316e+08   0
34.8   0.6837   -0.000629   0.02947   0   -2.369e+08   1.316e+08   0
34.9   0.6837   -0.02431   0.04263   0   -2.369e+08   1.316e+08   0
35   0.6837   -0.048   0.0558   0   -2.369e+08   1.316e+08   0
35.1   0.6837   -0.07169   0.06896   0   -2.369e+08   1.316e+08   0
35.2   0.6837   -0.09537   0.08213   0   -2.369e+08   1.316e+08   0
35.3   0.6837   -0.1191   0.09529   0   -2.369e+08   1.316e+08   0
35.4   0.6837   -0.1427   0.1085   0   -2.369e+08   1.316e+08   0
35.5   0.6992   -0.1664   0.1216   0   -2.373e+08   1.325e+08   0
35.6   0.72   -0.1902   0.135   0   -2.378e+08   1.335e+08   0
35.7   0.7382   -0.214   0.1484   0   -2.383e+08   1.344e+08   0
35.8   0.754   -0.2379   0.1618   0   -2.387e+08   1.35e+08   0
35.9   0.7679   -0.2617   0.1754   0   -2.391e+08   1.355e+08   0
36   0.7801   -0.2857   0.1889   0   -2.394e+08   1.36e+08   0
36.1   0.7908   -0.3096   0.2025   0   -2.397e+08   1.363e+08   0
36.2   0.8001   -0.3336   0.2162   0   -2.399e+08   1.366e+08   0
36.3   0.8082   -0.3576   0.2299   0   -2.401e+08   1.369e+08   0
36.4   0.8153   -0.3816   0.2436   0   -2.403e+08   1.371e+08   0
36.5   0.8213   -0.4057   0.2573   0   -2.404e+08   1.373e+08   0
36.6   0.8265   -0.4297   0.271   0   -2.406e+08   1.374e+08   0
36.7   0.8308   -0.4538   0.2848   0   -2.407e+08   1.375e+08   0
36.8   0.8343   -0.4778   0.2985   0   -2.408e+08   1.376e+08   0
36.9   0.8371   -0.5019   0.3123   0   -2.408e+08   1.377e+08   0
37   0.8393   -0.526   0.3261   0   -2.409e+08   1.377e+08   0
37.1   0.8408   -0.5501   0.3398   0   -2.409e+08   1.378e+08   0
37.2   0.8418   -0.5742   0.3536   0   -2.41e+08   1.378e+08   0
37.3   0.8422   -0.5983   0.3674   0   -2.41e+08   1.378e+08   0
37.4   0.8422   -0.6224   0.3812   0   -2.41e+08   1.378e+08   0
37.5   0.8418   -0.6465   0.395   0   -2.41e+08   1.378e+08   0
37.6   0.8418   -0.6706   0.4087   0   -2.41e+08   1.378e+08   0
37.7   0.8418   -0.6947   0.4225   0   -2.41e+08   1.378e+08   0
37.8   0.8418   -0.7188   0.4363   0   -2.41e+08   1.378e+08   0
37.9   0.8418   -0.7429   0.4501   0   -2.41e+08   1.378e+08   0
38   0.8418   -0.767   0.4638   0   -2.41e+08   1.378e+08   0
38.1   0.8418   -0.7911   0.4776   0   -2.41e+08   1.378e+08   0
38.2   0.8418   -0.8152   0.4914   0   -2.41e+08   1.378e+08   0
38.3   0.8418   -0.8393   0.5052   0   -2.41e+08   1.378e+08   0
38.4   0.8418   -0.8634   0.519   0   -2.41e+08   1.378e+08   0
38.5   0.8418   -0.8875   0.5327   0   -2.41e+08   1.378e+08   0
38.6   0.8418   -0.9116   0.5465   0   -2.41e+08   1.378e+08   0
38.7   0.8418   -0.9357   0.5603   0   -2.41e+08   1.378e+08   0
38.8   0.8418   -0.9598   0.5741   0   -2.41e+08   1.378e+08   0
38.9   0.8418   -0.9839   0.5879   0   -2.41e+08   1.378e+08   0
39   0.8418   -1.008   0.6016   0   -2.41e+08   1.378e+08   0
39.1   0.8418   -1.032   0.6154   0   -2.41e+08   1.378e+08   0
39.2   0.8418   -1.056   0.6292   0   -2.41e+08   1.378e+08   0
39.3   0.8418   -1.08   0.643   0   -2.41e+08   1.378e+08   0
39.4   0.8418   -1.104   0.6567   0   -2.41e+08   1.378e+08   0
39.5   0.8418   -1.128   0.6705   0   -2.41e+08   1.378e+08   0
39.6   0.8418   -1.153   0.6843   0   -2.41e+08   1.378e+08   0
39.7   0.8418   -1.177   0.6981   0   -2.41e+08   1.378e+08   0
39.8   0.8418   -1.201   0.7119   0   -2.41e+08   1.378e+08   0
39.9   0.8418   -1.225   0.7256   0   -2.41e+08   1.378e+08   0
40   0.8418   -1.249   0.7394   0   -2.41e+08   1.378e+08   0
40.1   0.8418   -1.273   0.7532   0   -2.41e+08   1.378e+08   0
40.2   0.8418   -1.297   0.767   0   -2.41e+08   1.378e+08   0
40.3   0.8418   -1.321   0.7808   0   -2.41e+08   1.378e+08   0
40.4   0.8418   -1.345   0.7945   0   -2.41e+08   1.378e+08   0
40.5   0.8418   -1.369   0.8083   0   -2.41e+08   1.378e+08   0
40.6   0.8418   -1.393   0.8221   0   -2.41e+08   1.378e+08   0
40.7   0.8418   -1.418   0.8359   0   -2.41e+08   1.378e+08   0
40.8   0.8418   -1.442   0.8497   0   -2.41e+08   1.378e+08   0
40.9   0.8418   -1.466   0.8634   0   -2.41e+08   1.378e+08   0
41   0.8418   -1.49   0.8772   0   -2.41e+08   1.378e+08   0
41.1   0.8418   -1.514   0.891   0   -2.41e+08   1.378e+08   0
41.2   0.8418   -1.538   0.9048   0   -2.41e+08   1.378e+08   0
41.3   0.8418   -1.562   0.9185   0   -2.41e+08   1.378e+08   0
41.4   0.8418   -1.586   0.9323   0   -2.41e+08   1.378e+08   0
41.5   0.8418   -1.61   0.9461   0   -2.41e+08   1.378e+08   0
41.6   0.8418   -1.634   0.9599   0   -2.41e+08   1.378e+08   0
41.7   0.8418   -1.659   0.9737   0   -2.41e+08   1.378e+08   0
41.8   0.8418   -1.683   0.9874   0   -2.41e+08   1.378e+08   0
41.9   0.8418   -1.707   1.001   0   -2.41e+08   1.378e+08   0
42   0.8418   -1.731   1.015   0   -2.41e+08   1.378e+08   0
42.1   0.8418   -1.755   1.029   0   -2.41e+08   1.378e+08   0
42.2   0.8418   -1.779   1.043   0   -2.41e+08   1.378e+08   0
42.3   0.8418   -1.803   1.056   0   -2.41e+08   1.378e+08   0
42.4   0.8418   -1.827   1.07   0   -2.41e+08   1.378e+08   0
42.5   0.8418   -1.851   1.084   0   -2.41e+08   1.378e+08   0
42.6   0.8418   -1.875   1.098   0   -2.41e+08   1.378e+08   0
42.7   0.8418   -1.9   1.111   0   -2.41e+08   1.378e+08   0
42.8   0.8418   -1.924   1.125   0   -2.41e+08   1.378e+08   0
42.9   0.8418   -1.948   1.139   0   -2.41e+08   1.378e+08   0
43   0.8418   -1.972   1.153   0   -2.41e+08   1.378e+08   0
43.1   0.8418   -1.996   1.167   0   -2.41e+08   1.378e+08   0
43.2   0.8418   -2.02   1.18   0   -2.41e+08   1.378e+08   0
43.3   0.8418   -2.044   1.194   0   -2.41e+08   1.378e+08   0
43.4   0.8418   -2.068   1.208   0   -2.41e+08   1.378e+08   0
43.5   0.8418   -2.092   1.222   0   -2.41e+08   1.378e+08   0
43.6   0.8418   -2.116   1.235   0   -2.41e+08   1.378e+08   0
43.7   0.8418   -2.141   1.249   0   -2.41e+08   1.378e+08   0
43.8   0.8418   -2.165   1.263   0   -2.41e+08   1.378e+08   0
43.9   0.8418   -2.189   1.277   0   -2.41e+08   1.378e+08   0
44   0.8418   -2.213   1.291   0   -2.41e+08   1.378e+08   0
44.1   0.8418   -2.237   1.304   0   -2.41e+08   1.378e+08   0
44.2   0.8418   -2.261   1.318   0   -2.41e+08   1.378e+08   0
44.3   0.8418   -2.285   1.332   0   -2.41e+08   1.378e+08   0
44.4   0.8418   -2.309   1.346   0   -2.41e+08   1.378e+08   0
44.5   0.8418   -2.333   1.359   0   -2.41e+08   1.378e+08   0
44.6   0.8418   -2.357   1.373   0   -2.41e+08   1.378e+08   0
44.7   0.8418   -2.381   1.387   0   -2.41e+08   1.378e+08   0
44.8   0.8418   -2.406   1.401   0   -2.41e+08   1.378e+08   0
44.9   0.8418   -2.43   1.415   0   -2.41e+08   1.378e+08   0
45   0.8418   -2.454   1.428   0   -2.41e+08   1.378e+08   0
