0   0.04   -0.753   0   0   1.121e+08   0   0
0.1   0.04   -0.753   0   0   1.121e+08   0   0
0.2   0.04   -0.753   0   0   1.121e+08   0   0
0.3   0.04   -0.753   0   0   1.121e+08   0   0
0.4   0.04   -0.753   0   0   1.121e+08   0   0
0.5   0.04   -0.753   0   0   1.121e+08   0   0
0.6   0.04   -0.753   0   0   1.121e+08   0   0
0.7   0.04   -0.753   0   0   1.121e+08   0   0
0.8   0.04   -0.753   0   0   1.121e+08   0   0
0.9   0.04   -0.753   0   0   1.121e+08   0   0
1   0.04   -0.753   0   0   1.121e+08   0   0
1.1   0.04   -0.753   0   0   1.121e+08   0   0
1.2   0.04083   -0.7476   0   0   1.132e+08   0   0
1.3   0.04274   -0.7361   0   0   1.155e+08   0   0
1.4   0.04486   -0.7245   0   0   1.18e+08   0   0
1.5   0.0472   -0.7125   0   0   1.206e+08   0   0
1.6   0.04975   -0.7003   0   0   1.235e+08   0   0
1.7   0.05253   -0.6878   0   0   1.264e+08   0   0
1.8   0.05555   -0.675   0   0   1.295e+08   0   0
1.9   0.0588   -0.6619   0   0   1.326e+08   0   0
2   0.06229   -0.6485   0   0   1.359e+08   0   0
2.1   0.06602   -0.6347   0   0   1.392e+08   0   0
2.2   0.06999   -0.6206   0   0   1.427e+08   0   0
2.3   0.0742   -0.6062   0   0   1.461e+08   0   0
2.4   0.07865   -0.5914   0   0   1.496e+08   0   0
2.5   0.08334   -0.5763   0   0   1.531e+08   0   0
2.6   0.08825   -0.5608   0   0   1.566e+08   0   0
2.7   0.09338   -0.545   0   0   1.601e+08   0   0
2.8   0.09871   -0.5288   0   0   1.635e+08   0   0
2.9   0.1042   -0.5122   0   0   1.67e+08   0   0
3   0.11   -0.4954   0   0   1.703e+08   0   0
3.1   0.1158   -0.4782   0   0   1.736e+08   0   0
3.2   0.1219   -0.4607   0   0   1.769e+08   0   0
3.3   0.128   -0.4428   0   0   1.8e+08   0   0
3.4   0.1342   -0.4247   0   0   1.83e+08   0   0
3.5   0.1405   -0.4062   0   0   1.86e+08   0   0
3.6   0.1468   -0.3875   0   0   1.888e+08   0   0
3.7   0.1531   -0.3684   0   0   1.915e+08   0   0
3.8   0.1593   -0.3492   0   0   1.94e+08   0   0
3.9   0.1654   -0.3296   0   0   1.964e+08   0   0
4   0.1713   -0.3099   0   0   1.987e+08   0   0
4.1   0.177   -0.2899   0   0   2.008e+08   0   0
4.2   0.1824   -0.2697   0   0   2.027e+08   0   0
4.3   0.1874   -0.2494   0   0   2.044e+08   0   0
4.4   0.1918   -0.2289   0   0   2.058e+08   0   0
4.5   0.1956   -0.2082   0   0   2.071e+08   0   0
4.6   0.1985   -0.1875   0   0   2.08e+08   0   0
4.7   0.1985   -0.1667   0   0   2.08e+08   0   0
4.8   0.1985   -0.1459   0   0   2.08e+08   0   0
4.9   0.1985   -0.1251   0   0   2.08e+08   0   0
5   0.1985   -0.1043   0   0   2.08e+08   0   0
5.1   0.1985   -0.0835   0   0   2.08e+08   0   0
5.2   0.1985   -0.0627   0   0   2.08e+08   0   0
5.3   0.1985   -0.0419   0   0   2.08e+08   0   0
5.4   0.1985   -0.02111   0   0   2.08e+08   0   0
5.5   0.1985   -0.0003105   0   0   2.08e+08   0   0
5.6   0.1985   0.02049   0   0   2.08e+08   0   0
5.7   0.1985   0.04128   0   0   2.08e+08   0   0
5.8   0.1985   0.06208   0   0   2.08e+08   0   0
5.9   0.1985   0.08288   0   0   2.08e+08   0   0
6   0.1985   0.1037   0   0   2.08e+08   0   0
6.1   0.1985   0.1245   0   0   2.08e+08   0   0
6.2   0.1985   0.1453   0   0   2.08e+08   0   0
6.3   0.1985   0.1661   0   0   2.08e+08   0   0
6.4   0.1985   0.1869   0   0   2.08e+08   0   0
6.5   0.2146   0.2079   0   0   2.128e+08   0   0
6.6   0.2312   0.2294   0   0   2.174e+08   0   0
6.7   0.2469   0.2514   0   0   2.214e+08   0   0
6.8   0.2619   0.2737   0   0   2.249e+08   0   0
6.9   0.276   0.2963   0   0   2.28e+08   0   0
7   0.2894   0.3193   0   0   2.308e+08   0   0
7.1   0.3021   0.3425   0   0   2.332e+08   0   0
7.2   0.3141   0.3659   0   0   2.354e+08   0   0
7.3   0.3253   0.3895   0   0   2.373e+08   0   0
7.4   0.3359   0.4134   0   0   2.391e+08   0   0
7.5   0.3458   0.4374   0   0   2.406e+08   0   0
7.6   0.3551   0.4615   0   0   2.421e+08   0   0
7.7   0.3638   0.4858   0   0   2.433e+08   0   0
7.8   0.3718   0.5102   0   0   2.445e+08   0   0
7.9   0.3792   0.5346   0   0   2.455e+08   0   0
8   0.3861   0.5592   0   0   2.464e+08   0   0
8.1   0.3923   0.5839   0   0   2.472e+08   0   0
8.2   0.3981   0.6087   0   0   2.479e+08   0   0
8.3   0.4032   0.6335   0   0   2.486e+08   0   0
8.4   0.4079   0.6584   0   0   2.492e+08   0   0
8.5   0.412   0.6833   0   0   2.497e+08   0   0
8.6   0.4157   0.7083   0   0   2.501e+08   0   0
8.7   0.4188   0.7334   0   0   2.505e+08   0   0
8.8   0.421   0.7584   0   0   2.507e+08   0   0
8.9   0.421   0.7835   0   0   2.507e+08   0   0
9   0.421   0.8086   0   0   2.507e+08   0   0
9.1   0.421   0.8336   0   0   2.507e+08   0   0
9.2   0.421   0.8587   0   0   2.507e+08   0   0
9.3   0.421   0.8838   0   0   2.507e+08   0   0
9.4   0.421   0.9089   0   0   2.507e+08   0   0
9.5   0.421   0.9339   0   0   2.507e+08   0   0
9.6   0.421   0.959   0   0   2.507e+08   0   0
9.7   0.421   0.9841   0   0   2.507e+08   0   0
9.8   0.421   1.009   0   0   2.507e+08   0   0
9.9   0.421   1.034   0   0   2.507e+08   0   0
10   0.421   1.059   0   0   2.507e+08   0   0
10.1   0.421   1.084   0   0   2.507e+08   0   0
10.2   0.4211   1.109   -2.593e-05   0   2.507e+08   -5.763e+06   0
10.3   0.422   1.134   -0.004206   0   2.389e+08   -7.656e+07   0
10.4   0.4229   1.157   -0.01519   0   2.075e+08   -1.411e+08   0
10.5   0.4238   1.175   -0.03209   0   1.592e+08   -1.941e+08   0
10.6   0.4247   1.188   -0.05352   0   9.797e+07   -2.312e+08   0
10.7   0.4256   1.194   -0.07774   0   2.875e+07   -2.496e+08   0
10.8   0.4265   1.193   -0.1028   0   -4.28e+07   -2.477e+08   0
10.9   0.4274   1.186   -0.1266   0   -1.109e+08   -2.257e+08   0
11   0.4283   1.172   -0.1473   0   -1.7e+08   -1.854e+08   0
11.1   0.4292   1.152   -0.1631   0   -2.153e+08   -1.302e+08   0
11.2   0.4301   1.129   -0.1729   0   -2.433e+08   -6.454e+07   0
11.3   0.431   1.104   -0.1758   0   -2.518e+08   6.335e+06   0
11.4   0.4315   1.079   -0.1725   0   -2.485e+08   4.123e+07   0
11.5   0.4315   1.054   -0.1684   0   -2.485e+08   4.123e+07   0
11.6   0.4315   1.029   -0.1643   0   -2.485e+08   4.123e+07   0
11.7   0.4315   1.005   -0.1601   0   -2.485e+08   4.123e+07   0
11.8   0.4315   0.9797   -0.156   0   -2.485e+08   4.123e+07   0
11.9   0.4315   0.9549   -0.1519   0   -2.485e+08   4.123e+07   0
12   0.4315   0.93   -0.1478   0   -2.485e+08   4.123e+07   0
12.1   0.4315   0.9052   -0.1436   0   -2.485e+08   4.123e+07   0
12.2   0.4315   0.8803   -0.1395   0   -2.485e+08   4.123e+07   0
12.3   0.4315   0.8555   -0.1354   0   -2.485e+08   4.123e+07   0
12.4   0.4315   0.8306   -0.1313   0   -2.485e+08   4.123e+07   0
12.5   0.4315   0.8058   -0.1272   0   -2.485e+08   4.123e+07   0
12.6   0.4315   0.7809   -0.123   0   -2.485e+08   4.123e+07   0
12.7   0.4315   0.7561   -0.1189   0   -2.485e+08   4.123e+07   0
12.8   0.4338   0.7312   -0.1148   0   -2.488e+08   4.127e+07   0
12.9   0.4385   0.7063   -0.1107   0   -2.493e+08   4.133e+07   0
13   0.443   0.6814   -0.1065   0   -2.497e+08   4.14e+07   0
13.1   0.4473   0.6564   -0.1024   0   -2.502e+08   4.146e+07   0
13.2   0.4515   0.6313   -0.09823   0   -2.506e+08   4.152e+07   0
13.3   0.4554   0.6063   -0.09407   0   -2.51e+08   4.157e+07   0
13.4   0.459   0.5811   -0.08991   0   -2.514e+08   4.161e+07   0
13.5   0.4623   0.556   -0.08575   0   -2.517e+08   4.166e+07   0
13.6   0.4653   0.5308   -0.08158   0   -2.52e+08   4.169e+07   0
13.7   0.4678   0.5056   -0.07741   0   -2.523e+08   4.172e+07   0
13.8   0.4699   0.4803   -0.07324   0   -2.525e+08   4.175e+07   0
13.9   0.4714   0.4551   -0.06906   0   -2.526e+08   4.176e+07   0
14   0.4723   0.4298   -0.06489   0   -2.527e+08   4.177e+07   0
14.1   0.4726   0.4045   -0.06071   0   -2.527e+08   4.178e+07   0
14.2   0.4721   0.3793   -0.05653   0   -2.527e+08   4.177e+07   0
14.3   0.4706   0.354   -0.05235   0   -2.525e+08   4.176e+07   0
14.4   0.4682   0.3288   -0.04818   0   -2.523e+08   4.173e+07   0
14.5   0.4647   0.3036   -0.04401   0   -2.52e+08   4.17e+07   0
14.6   0.4598   0.2784   -0.03984   0   -2.515e+08   4.166e+07   0
14.7   0.4534   0.2533   -0.03568   0   -2.508e+08   4.16e+07   0
14.8   0.4452   0.2282   -0.03152   0   -2.5e+08   4.154e+07   0
14.9   0.4348   0.2033   -0.02737   0   -2.488e+08   4.147e+07   0
15   0.4262   0.1785   -0.02323   0   -2.479e+08   4.142e+07   0
15.1   0.4262   0.1537   -0.01908   0   -2.479e+08   4.142e+07   0
15.2   0.4262   0.1289   -0.01494   0   -2.479e+08   4.142e+07   0
15.3   0.4262   0.1041   -0.0108   0   -2.479e+08   4.142e+07   0
15.4   0.4262   0.07931   -0.006658   0   -2.479e+08   4.142e+07   0
15.5   0.4262   0.05452   -0.002516   0   -2.479e+08   4.142e+07   0
15.6   0.4262   0.02973   0.001626   0   -2.479e+08   4.142e+07   0
15.7   0.4262   0.004944   0.005767   0   -2.479e+08   4.142e+07   0
15.8   0.4262   -0.01984   0.009909   0   -2.479e+08   4.142e+07   0
15.9   0.4262   -0.04463   0.01405   0   -2.479e+08   4.142e+07   0
16   0.4262   -0.06942   0.01819   0   -2.479e+08   4.142e+07   0
16.1   0.4262   -0.09421   0.02233   0   -2.479e+08   4.142e+07   0
16.2   0.4262   -0.119   0.02648   0   -2.479e+08   4.142e+07   0
16.3   0.4262   -0.1438   0.03062   0   -2.479e+08   4.142e+07   0
16.4   0.4262   -0.1686   0.03476   0   -2.479e+08   4.142e+07   0
16.5   0.4345   -0.1934   0.03891   0   -2.488e+08   4.167e+07   0
16.6   0.4562   -0.2184   0.04311   0   -2.51e+08   4.23e+07   0
16.7   0.4756   -0.2436   0.04736   0   -2.529e+08   4.279e+07   0
16.8   0.493   -0.2689   0.05166   0   -2.544e+08   4.32e+07   0
16.9   0.5086   -0.2944   0.056   0   -2.557e+08   4.354e+07   0
17   0.5226   -0.3201   0.06037   0   -2.569e+08   4.382e+07   0
17.1   0.5353   -0.3458   0.06476   0   -2.579e+08   4.406e+07   0
17.2   0.5467   -0.3716   0.06918   0   -2.587e+08   4.426e+07   0
17.3   0.5569   -0.3976   0.07362   0   -2.595e+08   4.444e+07   0
17.4   0.5661   -0.4235   0.07807   0   -2.601e+08   4.459e+07   0
17.5   0.5743   -0.4496   0.08253   0   -2.607e+08   4.472e+07   0
17.6   0.5816   -0.4757   0.08701   0   -2.612e+08   4.483e+07   0
17.7   0.5881   -0.5018   0.0915   0   -2.616e+08   4.492e+07   0
17.8   0.5937   -0.528   0.09599   0   -2.62e+08   4.5e+07   0
17.9   0.5987   -0.5542   0.1005   0   -2.623e+08   4.507e+07   0
18   0.6029   -0.5804   0.105   0   -2.625e+08   4.513e+07   0
18.1   0.6065   -0.6067   0.1095   0   -2.628e+08   4.517e+07   0
18.2   0.6094   -0.633   0.114   0   -2.629e+08   4.521e+07   0
18.3   0.6118   -0.6593   0.1186   0   -2.631e+08   4.524e+07   0
18.4   0.6136   -0.6856   0.1231   0   -2.632e+08   4.527e+07   0
18.5   0.6149   -0.7119   0.1276   0   -2.633e+08   4.528e+07   0
18.6   0.6157   -0.7383   0.1321   0   -2.633e+08   4.529e+07   0
18.7   0.6158   -0.7646   0.1367   0   -2.633e+08   4.529e+07   0
18.8   0.6158   -0.7909   0.1412   0   -2.633e+08   4.529e+07   0
18.9   0.6158   -0.8173   0.1457   0   -2.633e+08   4.529e+07   0
19   0.6158   -0.8436   0.1503   0   -2.633e+08   4.529e+07   0
19.1   0.6158   -0.8699   0.1548   0   -2.633e+08   4.529e+07   0
19.2   0.6158   -0.8963   0.1593   0   -2.633e+08   4.529e+07   0
19.3   0.6158   -0.9226   0.1639   0   -2.633e+08   4.529e+07   0
19.4   0.6158   -0.9489   0.1684   0   -2.633e+08   4.529e+07   0
19.5   0.6158   -0.9752   0.1729   0   -2.633e+08   4.529e+07   0
19.6   0.6158   -1.002   0.1774   0   -2.633e+08   4.529e+07   0
19.7   0.6158   -1.028   0.182   0   -2.633e+08   4.529e+07   0
19.8   0.6158   -1.054   0.1865   0   -2.633e+08   4.529e+07   0
19.9   0.6158   -1.081   0.191   0   -2.633e+08   4.529e+07   0
20   0.6158   -1.107   0.1956   0   -2.633e+08   4.529e+07   0
20.1   0.6159   -1.133   0.2001   0   -2.623e+08   5.102e+07   0
20.2   0.618   -1.158   0.2092   0   -2.342e+08   1.288e+08   0
20.3   0.6201   -1.179   0.2255   0   -1.838e+08   1.943e+08   0
20.4   0.6222   -1.194   0.2475   0   -1.159e+08   2.412e+08   0
20.5   0.6244   -1.202   0.273   0   -3.713e+07   2.651e+08   0
20.6   0.6265   -1.202   0.2997   0   4.512e+07   2.64e+08   0
20.7   0.6286   -1.193   0.325   0   1.231e+08   2.38e+08   0
20.8   0.6308   -1.177   0.3465   0   1.894e+08   1.898e+08   0
20.9   0.6329   -1.156   0.3623   0   2.379e+08   1.238e+08   0
21   0.6351   -1.13   0.3708   0   2.643e+08   4.634e+07   0
21.1   0.6373   -1.104   0.3713   0   2.661e+08   -3.533e+07   0
21.2   0.6387   -1.078   0.3642   0   2.535e+08   -8.864e+07   0
21.3   0.6387   -1.053   0.3554   0   2.535e+08   -8.864e+07   0
21.4   0.6387   -1.027   0.3465   0   2.535e+08   -8.864e+07   0
21.5   0.6387   -1.002   0.3376   0   2.535e+08   -8.864e+07   0
21.6   0.6387   -0.9765   0.3288   0   2.535e+08   -8.864e+07   0
21.7   0.6387   -0.9511   0.3199   0   2.535e+08   -8.864e+07   0
21.8   0.6387   -0.9258   0.311   0   2.535e+08   -8.864e+07   0
21.9   0.6387   -0.9004   0.3022   0   2.535e+08   -8.864e+07   0
22   0.6387   -0.8751   0.2933   0   2.535e+08   -8.864e+07   0
22.1   0.6387   -0.8497   0.2844   0   2.535e+08   -8.864e+07   0
22.2   0.6387   -0.8244   0.2756   0   2.535e+08   -8.864e+07   0
22.3   0.6387   -0.799   0.2667   0   2.535e+08   -8.864e+07   0
22.4   0.6387   -0.7737   0.2578   0   2.535e+08   -8.864e+07   0
22.5   0.6387   -0.7483   0.249   0   2.535e+08   -8.864e+07   0
22.6   0.6387   -0.723   0.2401   0   2.535e+08   -8.864e+07   0
22.7   0.6408   -0.6976   0.2313   0   2.536e+08   -8.867e+07   0
22.8   0.6436   -0.6722   0.2224   0   2.538e+08   -8.871e+07   0
22.9   0.646   -0.6468   0.2135   0   2.539e+08   -8.875e+07   0
23   0.6481   -0.6215   0.2046   0   2.54e+08   -8.878e+07   0
23.1   0.6498   -0.596   0.1958   0   2.541e+08   -8.88e+07   0
23.2   0.6511   -0.5706   0.1869   0   2.542e+08   -8.882e+07   0
23.3   0.6518   -0.5452   0.178   0   2.542e+08   -8.883e+07   0
23.4   0.6521   -0.5198   0.1691   0   2.542e+08   -8.883e+07   0
23.5   0.6517   -0.4944   0.1602   0   2.542e+08   -8.882e+07   0
23.6   0.6506   -0.4689   0.1513   0   2.542e+08   -8.881e+07   0
23.7   0.6488   -0.4435   0.1425   0   2.541e+08   -8.879e+07   0
23.8   0.6462   -0.4181   0.1336   0   2.539e+08   -8.876e+07   0
23.9   0.6426   -0.3928   0.1247   0   2.537e+08   -8.872e+07   0
24   0.6381   -0.3674   0.1158   0   2.535e+08   -8.867e+07   0
24.1   0.6324   -0.3421   0.107   0   2.531e+08   -8.861e+07   0
24.2   0.6255   -0.3168   0.09812   0   2.527e+08   -8.855e+07   0
24.3   0.6171   -0.2915   0.08927   0   2.522e+08   -8.847e+07   0
24.4   0.6071   -0.2663   0.08043   0   2.516e+08   -8.838e+07   0
24.5   0.5951   -0.2412   0.0716   0   2.508e+08   -8.829e+07   0
24.6   0.5809   -0.2162   0.06277   0   2.498e+08   -8.82e+07   0
24.7   0.5639   -0.1913   0.05396   0   2.486e+08   -8.811e+07   0
24.8   0.5562   -0.1664   0.04515   0   2.48e+08   -8.808e+07   0
24.9   0.5562   -0.1416   0.03634   0   2.48e+08   -8.808e+07   0
25   0.5562   -0.1168   0.02753   0   2.48e+08   -8.808e+07   0
25.1   0.5562   -0.09204   0.01872   0   2.48e+08   -8.808e+07   0
25.2   0.5562   -0.06724   0.009916   0   2.48e+08   -8.808e+07   0
25.3   0.5562   -0.04244   0.001108   0   2.48e+08   -8.808e+07   0
25.4   0.5562   -0.01764   -0.007699   0   2.48e+08   -8.808e+07   0
25.5   0.5562   0.007166   -0.01651   0   2.48e+08   -8.808e+07   0
25.6   0.5562   0.03197   -0.02532   0   2.48e+08   -8.808e+07   0
25.7   0.5562   0.05677   -0.03412   0   2.48e+08   -8.808e+07   0
25.8   0.5562   0.08157   -0.04293   0   2.48e+08   -8.808e+07   0
25.9   0.5562   0.1064   -0.05174   0   2.48e+08   -8.808e+07   0
26   0.5562   0.1312   -0.06055   0   2.48e+08   -8.808e+07   0
26.1   0.5562   0.156   -0.06935   0   2.48e+08   -8.808e+07   0
26.2   0.564   0.1808   -0.07817   0   2.485e+08   -8.842e+07   0
26.3   0.5852   0.2057   -0.08706   0   2.497e+08   -8.931e+07   0
26.4   0.6037   0.2307   -0.09602   0   2.508e+08   -9e+07   0
26.5   0.6198   0.2559   -0.1051   0   2.516e+08   -9.055e+07   0
26.6   0.6339   0.2811   -0.1141   0   2.524e+08   -9.1e+07   0
26.7   0.6462   0.3063   -0.1232   0   2.53e+08   -9.136e+07   0
26.8   0.6571   0.3316   -0.1324   0   2.535e+08   -9.167e+07   0
26.9   0.6665   0.357   -0.1416   0   2.54e+08   -9.192e+07   0
27   0.6748   0.3824   -0.1508   0   2.544e+08   -9.213e+07   0
27.1   0.6819   0.4079   -0.16   0   2.547e+08   -9.231e+07   0
27.2   0.688   0.4334   -0.1692   0   2.55e+08   -9.246e+07   0
27.3   0.6932   0.4589   -0.1785   0   2.552e+08   -9.258e+07   0
27.4   0.6975   0.4844   -0.1878   0   2.554e+08   -9.267e+07   0
27.5   0.7011   0.51   -0.197   0   2.555e+08   -9.275e+07   0
27.6   0.7039   0.5355   -0.2063   0   2.557e+08   -9.281e+07   0
27.7   0.7061   0.5611   -0.2156   0   2.558e+08   -9.286e+07   0
27.8   0.7076   0.5867   -0.2249   0   2.558e+08   -9.289e+07   0
27.9   0.7086   0.6123   -0.2342   0   2.559e+08   -9.291e+07   0
28   0.709   0.6378   -0.2435   0   2.559e+08   -9.292e+07   0
28.1   0.709   0.6634   -0.2528   0   2.559e+08   -9.292e+07   0
28.2   0.7084   0.689   -0.262   0   2.559e+08   -9.291e+07   0
28.3   0.7079   0.7146   -0.2713   0   2.558e+08   -9.29e+07   0
28.4   0.7079   0.7402   -0.2806   0   2.558e+08   -9.29e+07   0
28.5   0.7079   0.7658   -0.2899   0   2.558e+08   -9.29e+07   0
28.6   0.7079   0.7913   -0.2992   0   2.558e+08   -9.29e+07   0
28.7   0.7079   0.8169   -0.3085   0   2.558e+08   -9.29e+07   0
28.8   0.7079   0.8425   -0.3178   0   2.558e+08   -9.29e+07   0
28.9   0.7079   0.8681   -0.3271   0   2.558e+08   -9.29e+07   0
29   0.7079   0.8937   -0.3364   0   2.558e+08   -9.29e+07   0
29.1   0.7079   0.9193   -0.3457   0   2.558e+08   -9.29e+07   0
29.2   0.7079   0.9448   -0.3549   0   2.558e+08   -9.29e+07   0
29.3   0.7079   0.9704   -0.3642   0   2.558e+08   -9.29e+07   0
29.4   0.7079   0.996   -0.3735   0   2.558e+08   -9.29e+07   0
29.5   0.7079   1.022   -0.3828   0   2.558e+08   -9.29e+07   0
29.6   0.7079   1.047   -0.3921   0   2.558e+08   -9.29e+07   0
29.7   0.7079   1.073   -0.4014   0   2.558e+08   -9.29e+07   0
29.8   0.7106   1.098   -0.4124   0   2.273e+08   -1.499e+08   0
29.9   0.7152   1.117   -0.4315   0   1.519e+08   -2.263e+08   0
30   0.7198   1.127   -0.4566   0   5.317e+07   -2.675e+08   0
30.1   0.7244   1.127   -0.4837   0   -5.353e+07   -2.676e+08   0
30.2   0.729   1.117   -0.5087   0   -1.519e+08   -2.27e+08   0
30.3   0.7336   1.097   -0.5279   0   -2.271e+08   -1.522e+08   0
30.4   0.7383   1.072   -0.5383   0   -2.68e+08   -5.472e+07   0
30.5   0.743   1.045   -0.5385   0   -2.69e+08   5.073e+07   0
30.6   0.7468   1.02   -0.5285   0   -2.41e+08   1.303e+08   0
30.7   0.7468   0.9956   -0.5155   0   -2.41e+08   1.303e+08   0
30.8   0.7468   0.9715   -0.5025   0   -2.41e+08   1.303e+08   0
30.9   0.7468   0.9474   -0.4894   0   -2.41e+08   1.303e+08   0
31   0.7468   0.9233   -0.4764   0   -2.41e+08   1.303e+08   0
31.1   0.7468   0.8992   -0.4634   0   -2.41e+08   1.303e+08   0
31.2   0.7468   0.8751   -0.4504   0   -2.41e+08   1.303e+08   0
31.3   0.7468   0.851   -0.4373   0   -2.41e+08   1.303e+08   0
31.4   0.7468   0.8269   -0.4243   0   -2.41e+08   1.303e+08   0
31.5   0.7468   0.8028   -0.4113   0   -2.41e+08   1.303e+08   0
31.6   0.7468   0.7787   -0.3983   0   -2.41e+08   1.303e+08   0
31.7   0.7468   0.7546   -0.3852   0   -2.41e+08   1.303e+08   0
31.8   0.7468   0.7305   -0.3722   0   -2.41e+08   1.303e+08   0
31.9   0.7468   0.7064   -0.3592   0   -2.41e+08   1.303e+08   0
32   0.7468   0.6823   -0.3462   0   -2.41e+08   1.303e+08   0
32.1   0.7483   0.6582   -0.3331   0   -2.41e+08   1.303e+08   0
32.2   0.7507   0.6341   -0.3201   0   -2.411e+08   1.303e+08   0
32.3   0.7528   0.6099   -0.3071   0   -2.412e+08   1.303e+08   0
32.4   0.7545   0.5858   -0.294   0   -2.413e+08   1.304e+08   0
32.5   0.7557   0.5617   -0.281   0   -2.414e+08   1.304e+08   0
32.6   0.7564   0.5375   -0.268   0   -2.414e+08   1.304e+08   0
32.7   0.7567   0.5134   -0.2549   0   -2.414e+08   1.304e+08   0
32.8   0.7563   0.4893   -0.2419   0   -2.414e+08   1.304e+08   0
32.9   0.7553   0.4651   -0.2288   0   -2.413e+08   1.304e+08   0
33   0.7535   0.441   -0.2158   0   -2.413e+08   1.304e+08   0
33.1   0.751   0.4169   -0.2028   0   -2.412e+08   1.303e+08   0
33.2   0.7476   0.3928   -0.1897   0   -2.41e+08   1.303e+08   0
33.3   0.7433   0.3687   -0.1767   0   -2.408e+08   1.302e+08   0
33.4   0.7379   0.3446   -0.1637   0   -2.406e+08   1.302e+08   0
33.5   0.7313   0.3206   -0.1507   0   -2.403e+08   1.301e+08   0
33.6   0.7233   0.2966   -0.1377   0   -2.399e+08   1.301e+08   0
33.7   0.7138   0.2726   -0.1247   0   -2.394e+08   1.3e+08   0
33.8   0.7025   0.2487   -0.1117   0   -2.389e+08   1.3e+08   0
33.9   0.6892   0.2248   -0.09866   0   -2.381e+08   1.299e+08   0
34   0.6734   0.2011   -0.08567   0   -2.372e+08   1.299e+08   0
34.1   0.6545   0.1774   -0.07268   0   -2.361e+08   1.299e+08   0
34.2   0.6518   0.1538   -0.0597   0   -2.359e+08   1.299e+08   0
34.3   0.6518   0.1302   -0.04671   0   -2.359e+08   1.299e+08   0
34.4   0.6518   0.1066   -0.03372   0   -2.359e+08   1.299e+08   0
34.5   0.6518   0.08303   -0.02073   0   -2.359e+08   1.299e+08   0
34.6   0.6518   0.05944   -0.007738   0   -2.359e+08   1.299e+08   0
34.7   0.6518   0.03585   0.005251   0   -2.359e+08   1.299e+08   0
34.8   0.6518   0.01226   0.01824   0   -2.359e+08   1.299e+08   0
34.9   0.6518   -0.01133   0.03123   0   -2.359e+08   1.299e+08   0
35   0.6518   -0.03492   0.04422   0   -2.359e+08   1.299e+08   0
35.1   0.6518   -0.05851   0.05721   0   -2.359e+08   1.299e+08   0
35.2   0.6518   -0.0821   0.0702   0   -2.359e+08   1.299e+08   0
35.3   0.6518   -0.1057   0.08319   0   -2.359e+08   1.299e+08   0
35.4   0.6518   -0.1293   0.09618   0   -2.359e+08   1.299e+08   0
35.5   0.6518   -0.1529   0.1092   0   -2.359e+08   1.299e+08   0
35.6   0.6739   -0.1765   0.1222   0   -2.366e+08   1.311e+08   0
35.7   0.6934   -0.2002   0.1354   0   -2.372e+08   1.32e+08   0
35.8   0.7103   -0.2239   0.1486   0   -2.378e+08   1.327e+08   0
35.9   0.725   -0.2477   0.1619   0   -2.382e+08   1.333e+08   0
36   0.7378   -0.2716   0.1753   0   -2.386e+08   1.338e+08   0
36.1   0.7491   -0.2955   0.1887   0   -2.389e+08   1.342e+08   0
36.2   0.7589   -0.3194   0.2021   0   -2.392e+08   1.345e+08   0
36.3   0.7674   -0.3433   0.2156   0   -2.395e+08   1.348e+08   0
36.4   0.7747   -0.3673   0.229   0   -2.397e+08   1.35e+08   0
36.5   0.781   -0.3912   0.2426   0   -2.399e+08   1.352e+08   0
36.6   0.7863   -0.4152   0.2561   0   -2.4e+08   1.353e+08   0
36.7   0.7908   -0.4393   0.2696   0   -2.402e+08   1.354e+08   0
36.8   0.7944   -0.4633   0.2832   0   -2.403e+08   1.355e+08   0
36.9   0.7973   -0.4873   0.2967   0   -2.404e+08   1.356e+08   0
37   0.7996   -0.5113   0.3103   0   -2.404e+08   1.357e+08   0
37.1   0.8012   -0.5354   0.3238   0   -2.405e+08   1.357e+08   0
37.2   0.8021   -0.5594   0.3374   0   -2.405e+08   1.357e+08   0
37.3   0.8026   -0.5835   0.351   0   -2.405e+08   1.357e+08   0
37.4   0.8025   -0.6075   0.3646   0   -2.405e+08   1.357e+08   0
37.5   0.802   -0.6316   0.3781   0   -2.405e+08   1.357e+08   0
37.6   0.8015   -0.6556   0.3917   0   -2.405e+08   1.357e+08   0
37.7   0.8015   -0.6797   0.4053   0   -2.405e+08   1.357e+08   0
37.8   0.8015   -0.7037   0.4189   0   -2.405e+08   1.357e+08   0
37.9   0.8015   -0.7278   0.4324   0   -2.405e+08   1.357e+08   0
38   0.8015   -0.7518   0.446   0   -2.405e+08   1.357e+08   0
38.1   0.8015   -0.7759   0.4596   0   -2.405e+08   1.357e+08   0
38.2   0.8015   -0.7999   0.4731   0   -2.405e+08   1.357e+08   0
38.3   0.8015   -0.824   0.4867   0   -2.405e+08   1.357e+08   0
38.4   0.8015   -0.848   0.5003   0   -2.405e+08   1.357e+08   0
38.5   0.8015   -0.8721   0.5139   0   -2.405e+08   1.357e+08   0
38.6   0.8015   -0.8961   0.5274   0   -2.405e+08   1.357e+08   0
38.7   0.8015   -0.9202   0.541   0   -2.405e+08   1.357e+08   0
38.8   0.8015   -0.9442   0.5546   0   -2.405e+08   1.357e+08   0
38.9   0.8015   -0.9683   0.5681   0   -2.405e+08   1.357e+08   0
39   0.8015   -0.9923   0.5817   0   -2.405e+08   1.357e+08   0
39.1   0.8015   -1.016   0.5953   0   -2.405e+08   1.357e+08   0
39.2   0.8015   -1.04   0.6089   0   -2.405e+08   1.357e+08   0
39.3   0.8015   -1.064   0.6224   0   -2.405e+08   1.357e+08   0
39.4   0.8015   -1.089   0.636   0   -2.405e+08   1.357e+08   0
39.5   0.8015   -1.113   0.6496   0   -2.405e+08   1.357e+08   0
39.6   0.8015   -1.137   0.6631   0   -2.405e+08   1.357e+08   0
39.7   0.8015   -1.161   0.6767   0   -2.405e+08   1.357e+08   0
39.8   0.8015   -1.185   0.6903   0   -2.405e+08   1.357e+08   0
39.9   0.8015   -1.209   0.7039   0   -2.405e+08   1.357e+08   0
40   0.8015   -1.233   0.7174   0   -2.405e+08   1.357e+08   0
40.1   0.8015   -1.257   0.731   0   -2.405e+08   1.357e+08   0
40.2   0.8015   -1.281   0.7446   0   -2.405e+08   1.357e+08   0
40.3   0.8015   -1.305   0.7581   0   -2.405e+08   1.357e+08   0
40.4   0.8015   -1.329   0.7717   0   -2.405e+08   1.357e+08   0
40.5   0.8015   -1.353   0.7853   0   -2.405e+08   1.357e+08   0
40.6   0.8015   -1.377   0.7988   0   -2.405e+08   1.357e+08   0
40.7   0.8015   -1.401   0.8124   0   -2.405e+08   1.357e+08   0
40.8   0.8015   -1.425   0.826   0   -2.405e+08   1.357e+08   0
40.9   0.8015   -1.449   0.8396   0   -2.405e+08   1.357e+08   0
41   0.8015   -1.473   0.8531   0   -2.405e+08   1.357e+08   0
41.1   0.8015   -1.497   0.8667   0   -2.405e+08   1.357e+08   0
41.2   0.8015   -1.521   0.8803   0   -2.405e+08   1.357e+08   0
41.3   0.8015   -1.545   0.8938   0   -2.405e+08   1.357e+08   0
41.4   0.8015   -1.57   0.9074   0   -2.405e+08   1.357e+08   0
41.5   0.8015   -1.594   0.921   0   -2.405e+08   1.357e+08   0
41.6   0.8015   -1.618   0.9346   0   -2.405e+08   1.357e+08   0
41.7   0.8015   -1.642   0.9481   0   -2.405e+08   1.357e+08   0
41.8   0.8015   -1.666   0.9617   0   -2.405e+08   1.357e+08   0
41.9   0.8015   -1.69   0.9753   0   -2.405e+08   1.357e+08   0
42   0.8015   -1.714   0.9888   0   -2.405e+08   1.357e+08   0
42.1   0.8015   -1.738   1.002   0   -2.405e+08   1.357e+08   0
42.2   0.8015   -1.762   1.016   0   -2.405e+08   1.357e+08   0
42.3   0.8015   -1.786   1.03   0   -2.405e+08   1.357e+08   0
42.4   0.8015   -1.81   1.043   0   -2.405e+08   1.357e+08   0
42.5   0.8015   -1.834   1.057   0   -2.405e+08   1.357e+08   0
42.6   0.8015   -1.858   1.07   0   -2.405e+08   1.357e+08   0
42.7   0.8015   -1.882   1.084   0   -2.405e+08   1.357e+08   0
42.8   0.8015   -1.906   1.097   0   -2.405e+08   1.357e+08   0
42.9   0.8015   -1.93   1.111   0   -2.405e+08   1.357e+08   0
43   0.8015   -1.954   1.125   0   -2.405e+08   1.357e+08   0
43.1   0.8015   -1.978   1.138   0   -2.405e+08   1.357e+08   0
43.2   0.8015   -2.002   1.152   0   -2.405e+08   1.357e+08   0
43.3   0.8015   -2.026   1.165   0   -2.405e+08   1.357e+08   0
43.4   0.8015   -2.05   1.179   0   -2.405e+08   1.357e+08   0
43.5   0.8015   -2.075   1.192   0   -2.405e+08   1.357e+08   0
43.6   0.8015   -2.099   1.206   0   -2.405e+08   1.357e+08   0
43.7   0.8015   -2.123   1.22   0   -2.405e+08   1.357e+08   0
43.8   0.8015   -2.147   1.233   0   -2.405e+08   1.357e+08   0
43.9   0.8015   -2.171   1.247   0   -2.405e+08   1.357e+08   0
44   0.8015   -2.195   1.26   0   -2.405e+08   1.357e+08   0
44.1   0.8015   -2.219   1.274   0   -2.405e+08   1.357e+08   0
44.2   0.8015   -2.243   1.287   0   -2.405e+08   1.357e+08   0
44.3   0.8015   -2.267   1.301   0   -2.405e+08   1.357e+08   0
44.4   0.8015   -2.291   1.315   0   -2.405e+08   1.357e+08   0
44.5   0.8015   -2.315   1.328   0   -2.405e+08   1.357e+08   0
44.6   0.8015   -2.339   1.342   0   -2.405e+08   1.357e+08   0
44.7   0.8015   -2.363   1.355   0   -2.405e+08   1.357e+08   0
44.8   0.8015   -2.387   1.369   0   -2.405e+08   1.357e+08   0
44.9   0.8015   -2.411   1.382   0   -2.405e+08   1.357e+08   0
45   0.8015   -2.435   1.396   0   -2.405e+08   1.357e+08   0
