0   0.04   -0.753   0   0   1.121e+08   0   0
0.1   0.04   -0.753   0   0   1.121e+08   0   0
0.2   0.04   -0.753   0   0   1.121e+08   0   0
0.3   0.04   -0.753   0   0   1.121e+08   0   0
0.4   0.04   -0.753   0   0   1.121e+08   0   0
0.5   0.04   -0.753   0   0   1.121e+08   0   0
0.6   0.04   -0.753   0   0   1.121e+08   0   0
0.7   0.04   -0.753   0   0   1.121e+08   0   0
0.8   0.04   -0.753   0   0   1.121e+08   0   0
0.9   0.04   -0.753   0   0   1.121e+08   0   0
1   0.04   -0.753   0   0   1.121e+08   0   0
1.1   0.04   -0.753   0   0   1.121e+08   0   0
1.2   0.04048   -0.7498   0   0   1.127e+08   0   0
1.3   0.04238   -0.7384   0   0   1.151e+08   0   0
1.4   0.04448   -0.7268   0   0   1.175e+08   0   0
1.5   0.0468   -0.7149   0   0   1.202e+08   0   0
1.6   0.04934   -0.7028   0   0   1.23e+08   0   0
1.7   0.0521   -0.6903   0   0   1.259e+08   0   0
1.8   0.0551   -0.6776   0   0   1.29e+08   0   0
1.9   0.05832   -0.6645   0   0   1.322e+08   0   0
2   0.06179   -0.6511   0   0   1.354e+08   0   0
2.1   0.06549   -0.6374   0   0   1.388e+08   0   0
2.2   0.06943   -0.6234   0   0   1.422e+08   0   0
2.3   0.07361   -0.609   0   0   1.456e+08   0   0
2.4   0.07802   -0.5942   0   0   1.491e+08   0   0
2.5   0.08267   -0.5791   0   0   1.526e+08   0   0
2.6   0.08754   -0.5637   0   0   1.561e+08   0   0
2.7   0.09263   -0.5479   0   0   1.596e+08   0   0
2.8   0.09792   -0.5318   0   0   1.63e+08   0   0
2.9   0.1034   -0.5153   0   0   1.665e+08   0   0
3   0.1091   -0.4985   0   0   1.698e+08   0   0
3.1   0.1149   -0.4813   0   0   1.731e+08   0   0
3.2   0.1208   -0.4639   0   0   1.763e+08   0   0
3.3   0.1269   -0.4461   0   0   1.795e+08   0   0
3.4   0.1331   -0.428   0   0   1.825e+08   0   0
3.5   0.1393   -0.4096   0   0   1.854e+08   0   0
3.6   0.1455   -0.3909   0   0   1.882e+08   0   0
3.7   0.1517   -0.3719   0   0   1.909e+08   0   0
3.8   0.1579   -0.3527   0   0   1.934e+08   0   0
3.9   0.1639   -0.3332   0   0   1.958e+08   0   0
4   0.1697   -0.3136   0   0   1.981e+08   0   0
4.1   0.1754   -0.2936   0   0   2.001e+08   0   0
4.2   0.1806   -0.2735   0   0   2.02e+08   0   0
4.3   0.1855   -0.2532   0   0   2.037e+08   0   0
4.4   0.1899   -0.2328   0   0   2.052e+08   0   0
4.5   0.1936   -0.2122   0   0   2.064e+08   0   0
4.6   0.1964   -0.1915   0   0   2.073e+08   0   0
4.7   0.1968   -0.1708   0   0   2.074e+08   0   0
4.8   0.1968   -0.15   0   0   2.074e+08   0   0
4.9   0.1968   -0.1293   0   0   2.074e+08   0   0
5   0.1968   -0.1085   0   0   2.074e+08   0   0
5.1   0.1968   -0.0878   0   0   2.074e+08   0   0
5.2   0.1968   -0.06705   0   0   2.074e+08   0   0
5.3   0.1968   -0.04631   0   0   2.074e+08   0   0
5.4   0.1968   -0.02556   0   0   2.074e+08   0   0
5.5   0.1968   -0.004819   0   0   2.074e+08   0   0
5.6   0.1968   0.01593   0   0   2.074e+08   0   0
5.7   0.1968   0.03667   0   0   2.074e+08   0   0
5.8   0.1968   0.05741   0   0   2.074e+08   0   0
5.9   0.1968   0.07816   0   0   2.074e+08   0   0
6   0.1968   0.0989   0   0   2.074e+08   0   0
6.1   0.1968   0.1196   0   0   2.074e+08   0   0
6.2   0.1968   0.1404   0   0   2.074e+08   0   0
6.3   0.1968   0.1611   0   0   2.074e+08   0   0
6.4   0.1968   0.1819   0   0   2.074e+08   0   0
6.5   0.2089   0.2028   0   0   2.112e+08   0   0
6.6   0.2258   0.2241   0   0   2.16e+08   0   0
6.7   0.2418   0.2459   0   0   2.201e+08   0   0
6.8   0.257   0.2681   0   0   2.238e+08   0   0
6.9   0.2713   0.2907   0   0   2.27e+08   0   0
7   0.2849   0.3135   0   0   2.299e+08   0   0
7.1   0.2978   0.3366   0   0   2.324e+08   0   0
7.2   0.3099   0.36   0   0   2.346e+08   0   0
7.3   0.3213   0.3836   0   0   2.366e+08   0   0
7.4   0.332   0.4073   0   0   2.384e+08   0   0
7.5   0.3421   0.4312   0   0   2.401e+08   0   0
7.6   0.3515   0.4553   0   0   2.415e+08   0   0
7.7   0.3602   0.4795   0   0   2.428e+08   0   0
7.8   0.3683   0.5039   0   0   2.44e+08   0   0
7.9   0.3758   0.5283   0   0   2.45e+08   0   0
8   0.3827   0.5529   0   0   2.46e+08   0   0
8.1   0.3891   0.5775   0   0   2.468e+08   0   0
8.2   0.3948   0.6022   0   0   2.475e+08   0   0
8.3   0.4001   0.627   0   0   2.482e+08   0   0
8.4   0.4048   0.6519   0   0   2.488e+08   0   0
8.5   0.4089   0.6768   0   0   2.493e+08   0   0
8.6   0.4126   0.7017   0   0   2.497e+08   0   0
8.7   0.4158   0.7267   0   0   2.501e+08   0   0
8.8   0.4185   0.7518   0   0   2.504e+08   0   0
8.9   0.4186   0.7768   0   0   2.504e+08   0   0
9   0.4186   0.8018   0   0   2.504e+08   0   0
9.1   0.4186   0.8269   0   0   2.504e+08   0   0
9.2   0.4186   0.8519   0   0   2.504e+08   0   0
9.3   0.4186   0.877   0   0   2.504e+08   0   0
9.4   0.4186   0.902   0   0   2.504e+08   0   0
9.5   0.4186   0.9271   0   0   2.504e+08   0   0
9.6   0.4186   0.9521   0   0   2.504e+08   0   0
9.7   0.4186   0.9772   0   0   2.504e+08   0   0
9.8   0.4186   1.002   0   0   2.504e+08   0   0
9.9   0.4186   1.027   0   0   2.504e+08   0   0
10   0.4186   1.052   0   0   2.504e+08   0   0
10.1   0.4186   1.077   0   0   2.504e+08   0   0
10.2   0.4186   1.102   0   0   2.504e+08   0   0
10.3   0.4194   1.127   -0.002327   0   2.439e+08   -5.72e+07   0
10.4   0.4202   1.15   -0.01149   0   2.177e+08   -1.241e+08   0
10.5   0.4211   1.17   -0.02687   0   1.737e+08   -1.808e+08   0
10.6   0.422   1.185   -0.04721   0   1.154e+08   -2.227e+08   0
10.7   0.4229   1.193   -0.07083   0   4.77e+07   -2.464e+08   0
10.8   0.4238   1.194   -0.09582   0   -2.39e+07   -2.499e+08   0
10.9   0.4247   1.188   -0.1201   0   -9.354e+07   -2.331e+08   0
11   0.4256   1.176   -0.1418   0   -1.556e+08   -1.973e+08   0
11.1   0.4265   1.157   -0.159   0   -2.05e+08   -1.455e+08   0
11.2   0.4274   1.135   -0.1704   0   -2.377e+08   -8.191e+07   0
11.3   0.4284   1.11   -0.1751   0   -2.513e+08   -1.171e+07   0
11.4   0.429   1.085   -0.1729   0   -2.482e+08   4.116e+07   0
11.5   0.429   1.061   -0.1688   0   -2.482e+08   4.116e+07   0
11.6   0.429   1.036   -0.1647   0   -2.482e+08   4.116e+07   0
11.7   0.429   1.011   -0.1606   0   -2.482e+08   4.116e+07   0
11.8   0.429   0.9861   -0.1564   0   -2.482e+08   4.116e+07   0
11.9   0.429   0.9613   -0.1523   0   -2.482e+08   4.116e+07   0
12   0.429   0.9365   -0.1482   0   -2.482e+08   4.116e+07   0
12.1   0.429   0.9116   -0.1441   0   -2.482e+08   4.116e+07   0
12.2   0.429   0.8868   -0.14   0   -2.482e+08   4.116e+07   0
12.3   0.429   0.862   -0.1359   0   -2.482e+08   4.116e+07   0
12.4   0.429   0.8372   -0.1317   0   -2.482e+08   4.116e+07   0
12.5   0.429   0.8123   -0.1276   0   -2.482e+08   4.116e+07   0
12.6   0.429   0.7875   -0.1235   0   -2.482e+08   4.116e+07   0
12.7   0.429   0.7627   -0.1194   0   -2.482e+08   4.116e+07   0
12.8   0.4301   0.7379   -0.1153   0   -2.484e+08   4.118e+07   0
12.9   0.4347   0.713   -0.1112   0   -2.489e+08   4.124e+07   0
13   0.4392   0.6881   -0.107   0   -2.494e+08   4.131e+07   0
13.1   0.4435   0.6631   -0.1029   0   -2.498e+08   4.137e+07   0
13.2   0.4476   0.6381   -0.09876   0   -2.502e+08   4.142e+07   0
13.3   0.4514   0.6131   -0.09462   0   -2.506e+08   4.147e+07   0
13.4   0.455   0.588   -0.09047   0   -2.51e+08   4.152e+07   0
13.5   0.4583   0.5629   -0.08631   0   -2.513e+08   4.156e+07   0
13.6   0.4612   0.5377   -0.08215   0   -2.516e+08   4.16e+07   0
13.7   0.4637   0.5126   -0.07799   0   -2.519e+08   4.163e+07   0
13.8   0.4658   0.4874   -0.07383   0   -2.521e+08   4.165e+07   0
13.9   0.4673   0.4621   -0.06966   0   -2.522e+08   4.167e+07   0
14   0.4682   0.4369   -0.0655   0   -2.523e+08   4.168e+07   0
14.1   0.4684   0.4117   -0.06133   0   -2.523e+08   4.168e+07   0
14.2   0.4679   0.3865   -0.05716   0   -2.523e+08   4.167e+07   0
14.3   0.4665   0.3612   -0.05299   0   -2.521e+08   4.166e+07   0
14.4   0.4642   0.336   -0.04883   0   -2.519e+08   4.164e+07   0
14.5   0.4607   0.3108   -0.04467   0   -2.516e+08   4.161e+07   0
14.6   0.4559   0.2857   -0.04051   0   -2.511e+08   4.157e+07   0
14.7   0.4497   0.2606   -0.03635   0   -2.505e+08   4.152e+07   0
14.8   0.4418   0.2356   -0.03221   0   -2.496e+08   4.146e+07   0
14.9   0.4317   0.2107   -0.02806   0   -2.485e+08   4.139e+07   0
15   0.4196   0.1859   -0.02393   0   -2.471e+08   4.132e+07   0
15.1   0.4196   0.1612   -0.0198   0   -2.471e+08   4.132e+07   0
15.2   0.4196   0.1365   -0.01566   0   -2.471e+08   4.132e+07   0
15.3   0.4196   0.1118   -0.01153   0   -2.471e+08   4.132e+07   0
15.4   0.4196   0.0871   -0.007398   0   -2.471e+08   4.132e+07   0
15.5   0.4196   0.06238   -0.003265   0   -2.471e+08   4.132e+07   0
15.6   0.4196   0.03767   0.0008672   0   -2.471e+08   4.132e+07   0
15.7   0.4196   0.01296   0.005   0   -2.471e+08   4.132e+07   0
15.8   0.4196   -0.01175   0.009132   0   -2.471e+08   4.132e+07   0
15.9   0.4196   -0.03646   0.01326   0   -2.471e+08   4.132e+07   0
16   0.4196   -0.06118   0.0174   0   -2.471e+08   4.132e+07   0
16.1   0.4196   -0.08589   0.02153   0   -2.471e+08   4.132e+07   0
16.2   0.4196   -0.1106   0.02566   0   -2.471e+08   4.132e+07   0
16.3   0.4196   -0.1353   0.02979   0   -2.471e+08   4.132e+07   0
16.4   0.4196   -0.16   0.03393   0   -2.471e+08   4.132e+07   0
16.5   0.4198   -0.1847   0.03806   0   -2.471e+08   4.133e+07   0
16.6   0.4424   -0.2096   0.04223   0   -2.496e+08   4.204e+07   0
16.7   0.4624   -0.2346   0.04646   0   -2.516e+08   4.26e+07   0
16.8   0.4803   -0.2599   0.05075   0   -2.533e+08   4.306e+07   0
16.9   0.4964   -0.2853   0.05507   0   -2.547e+08   4.343e+07   0
17   0.5108   -0.3108   0.05943   0   -2.559e+08   4.374e+07   0
17.1   0.5237   -0.3365   0.06382   0   -2.569e+08   4.4e+07   0
17.2   0.5354   -0.3622   0.06823   0   -2.578e+08   4.423e+07   0
17.3   0.5459   -0.388   0.07266   0   -2.586e+08   4.441e+07   0
17.4   0.5552   -0.4139   0.07711   0   -2.593e+08   4.458e+07   0
17.5   0.5636   -0.4399   0.08158   0   -2.599e+08   4.471e+07   0
17.6   0.571   -0.4659   0.08606   0   -2.604e+08   4.483e+07   0
17.7   0.5776   -0.492   0.09054   0   -2.609e+08   4.493e+07   0
17.8   0.5834   -0.5181   0.09504   0   -2.613e+08   4.502e+07   0
17.9   0.5884   -0.5442   0.09955   0   -2.616e+08   4.509e+07   0
18   0.5926   -0.5704   0.1041   0   -2.619e+08   4.515e+07   0
18.1   0.5963   -0.5966   0.1086   0   -2.621e+08   4.52e+07   0
18.2   0.5992   -0.6228   0.1131   0   -2.623e+08   4.525e+07   0
18.3   0.6016   -0.649   0.1176   0   -2.624e+08   4.528e+07   0
18.4   0.6035   -0.6753   0.1222   0   -2.625e+08   4.53e+07   0
18.5   0.6048   -0.7016   0.1267   0   -2.626e+08   4.532e+07   0
18.6   0.6056   -0.7278   0.1312   0   -2.627e+08   4.533e+07   0
18.7   0.6059   -0.7541   0.1358   0   -2.627e+08   4.533e+07   0
18.8   0.6059   -0.7804   0.1403   0   -2.627e+08   4.533e+07   0
18.9   0.6059   -0.8066   0.1448   0   -2.627e+08   4.533e+07   0
19   0.6059   -0.8329   0.1494   0   -2.627e+08   4.533e+07   0
19.1   0.6059   -0.8592   0.1539   0   -2.627e+08   4.533e+07   0
19.2   0.6059   -0.8854   0.1584   0   -2.627e+08   4.533e+07   0
19.3   0.6059   -0.9117   0.163   0   -2.627e+08   4.533e+07   0
19.4   0.6059   -0.938   0.1675   0   -2.627e+08   4.533e+07   0
19.5   0.6059   -0.9642   0.172   0   -2.627e+08   4.533e+07   0
19.6   0.6059   -0.9905   0.1766   0   -2.627e+08   4.533e+07   0
19.7   0.6059   -1.017   0.1811   0   -2.627e+08   4.533e+07   0
19.8   0.6059   -1.043   0.1856   0   -2.627e+08   4.533e+07   0
19.9   0.6059   -1.069   0.1902   0   -2.627e+08   4.533e+07   0
20   0.6059   -1.096   0.1947   0   -2.627e+08   4.533e+07   0
20.1   0.6059   -1.122   0.1992   0   -2.627e+08   4.533e+07   0
20.2   0.6072   -1.148   0.2055   0   -2.482e+08   9.761e+07   0
20.3   0.6093   -1.171   0.219   0   -2.061e+08   1.694e+08   0
20.4   0.6114   -1.188   0.2389   0   -1.441e+08   2.247e+08   0
20.5   0.6135   -1.199   0.2632   0   -6.821e+07   2.582e+08   0
20.6   0.6156   -1.202   0.2897   0   1.419e+07   2.668e+08   0
20.7   0.6177   -1.196   0.3157   0   9.516e+07   2.498e+08   0
20.8   0.6198   -1.183   0.3388   0   1.67e+08   2.089e+08   0
20.9   0.6219   -1.163   0.3568   0   2.228e+08   1.482e+08   0
21   0.6241   -1.139   0.3679   0   2.574e+08   7.34e+07   0
21.1   0.6262   -1.112   0.3712   0   2.677e+08   -8.237e+06   0
21.2   0.6283   -1.086   0.3662   0   2.53e+08   -8.825e+07   0
21.3   0.6283   -1.061   0.3574   0   2.53e+08   -8.825e+07   0
21.4   0.6283   -1.036   0.3486   0   2.53e+08   -8.825e+07   0
21.5   0.6283   -1.01   0.3398   0   2.53e+08   -8.825e+07   0
21.6   0.6283   -0.985   0.3309   0   2.53e+08   -8.825e+07   0
21.7   0.6283   -0.9597   0.3221   0   2.53e+08   -8.825e+07   0
21.8   0.6283   -0.9344   0.3133   0   2.53e+08   -8.825e+07   0
21.9   0.6283   -0.9091   0.3045   0   2.53e+08   -8.825e+07   0
22   0.6283   -0.8838   0.2956   0   2.53e+08   -8.825e+07   0
22.1   0.6283   -0.8585   0.2868   0   2.53e+08   -8.825e+07   0
22.2   0.6283   -0.8332   0.278   0   2.53e+08   -8.825e+07   0
22.3   0.6283   -0.8079   0.2692   0   2.53e+08   -8.825e+07   0
22.4   0.6283   -0.7826   0.2603   0   2.53e+08   -8.825e+07   0
22.5   0.6283   -0.7573   0.2515   0   2.53e+08   -8.825e+07   0
22.6   0.6283   -0.732   0.2427   0   2.53e+08   -8.825e+07   0
22.7   0.6292   -0.7067   0.2339   0   2.531e+08   -8.826e+07   0
22.8   0.632   -0.6813   0.225   0   2.532e+08   -8.831e+07   0
22.9   0.6344   -0.656   0.2162   0   2.533e+08   -8.834e+07   0
23   0.6365   -0.6307   0.2074   0   2.535e+08   -8.837e+07   0
23.1   0.6382   -0.6053   0.1985   0   2.536e+08   -8.839e+07   0
23.2   0.6394   -0.58   0.1897   0   2.536e+08   -8.841e+07   0
23.3   0.6402   -0.5546   0.1808   0   2.537e+08   -8.842e+07   0
23.4   0.6404   -0.5292   0.172   0   2.537e+08   -8.842e+07   0
23.5   0.64   -0.5039   0.1632   0   2.537e+08   -8.842e+07   0
23.6   0.6389   -0.4785   0.1543   0   2.536e+08   -8.841e+07   0
23.7   0.6372   -0.4531   0.1455   0   2.535e+08   -8.838e+07   0
23.8   0.6346   -0.4278   0.1366   0   2.534e+08   -8.835e+07   0
23.9   0.6312   -0.4025   0.1278   0   2.532e+08   -8.831e+07   0
24   0.6268   -0.3772   0.119   0   2.529e+08   -8.826e+07   0
24.1   0.6213   -0.3519   0.1102   0   2.526e+08   -8.82e+07   0
24.2   0.6146   -0.3267   0.1013   0   2.522e+08   -8.813e+07   0
24.3   0.6065   -0.3015   0.09253   0   2.517e+08   -8.805e+07   0
24.4   0.5968   -0.2763   0.08373   0   2.51e+08   -8.796e+07   0
24.5   0.5853   -0.2513   0.07494   0   2.503e+08   -8.786e+07   0
24.6   0.5717   -0.2263   0.06616   0   2.493e+08   -8.775e+07   0
24.7   0.5556   -0.2014   0.05739   0   2.481e+08   -8.765e+07   0
24.8   0.5403   -0.1767   0.04863   0   2.469e+08   -8.757e+07   0
24.9   0.5403   -0.152   0.03987   0   2.469e+08   -8.757e+07   0
25   0.5403   -0.1273   0.03112   0   2.469e+08   -8.757e+07   0
25.1   0.5403   -0.1026   0.02236   0   2.469e+08   -8.757e+07   0
25.2   0.5403   -0.07791   0.0136   0   2.469e+08   -8.757e+07   0
25.3   0.5403   -0.05322   0.004846   0   2.469e+08   -8.757e+07   0
25.4   0.5403   -0.02852   -0.003911   0   2.469e+08   -8.757e+07   0
25.5   0.5403   -0.00383   -0.01267   0   2.469e+08   -8.757e+07   0
25.6   0.5403   0.02086   -0.02143   0   2.469e+08   -8.757e+07   0
25.7   0.5403   0.04556   -0.03018   0   2.469e+08   -8.757e+07   0
25.8   0.5403   0.07025   -0.03894   0   2.469e+08   -8.757e+07   0
25.9   0.5403   0.09494   -0.0477   0   2.469e+08   -8.757e+07   0
26   0.5403   0.1196   -0.05645   0   2.469e+08   -8.757e+07   0
26.1   0.5403   0.1443   -0.06521   0   2.469e+08   -8.757e+07   0
26.2   0.5403   0.169   -0.07397   0   2.469e+08   -8.757e+07   0
26.3   0.5592   0.1938   -0.08276   0   2.481e+08   -8.842e+07   0
26.4   0.5786   0.2186   -0.09165   0   2.493e+08   -8.921e+07   0
26.5   0.5954   0.2436   -0.1006   0   2.503e+08   -8.984e+07   0
26.6   0.6101   0.2687   -0.1096   0   2.511e+08   -9.034e+07   0
26.7   0.6229   0.2938   -0.1187   0   2.518e+08   -9.075e+07   0
26.8   0.6341   0.319   -0.1278   0   2.524e+08   -9.109e+07   0
26.9   0.6439   0.3443   -0.1369   0   2.528e+08   -9.137e+07   0
27   0.6523   0.3696   -0.146   0   2.533e+08   -9.16e+07   0
27.1   0.6597   0.395   -0.1552   0   2.536e+08   -9.179e+07   0
27.2   0.666   0.4203   -0.1644   0   2.539e+08   -9.195e+07   0
27.3   0.6713   0.4457   -0.1736   0   2.542e+08   -9.208e+07   0
27.4   0.6757   0.4712   -0.1828   0   2.544e+08   -9.219e+07   0
27.5   0.6794   0.4966   -0.192   0   2.546e+08   -9.227e+07   0
27.6   0.6823   0.5221   -0.2013   0   2.547e+08   -9.234e+07   0
27.7   0.6845   0.5475   -0.2105   0   2.548e+08   -9.239e+07   0
27.8   0.6861   0.573   -0.2197   0   2.549e+08   -9.242e+07   0
27.9   0.687   0.5985   -0.229   0   2.549e+08   -9.244e+07   0
28   0.6875   0.624   -0.2382   0   2.549e+08   -9.245e+07   0
28.1   0.6874   0.6495   -0.2475   0   2.549e+08   -9.245e+07   0
28.2   0.6869   0.675   -0.2567   0   2.549e+08   -9.244e+07   0
28.3   0.6859   0.7005   -0.266   0   2.549e+08   -9.242e+07   0
28.4   0.6858   0.726   -0.2752   0   2.549e+08   -9.242e+07   0
28.5   0.6858   0.7515   -0.2844   0   2.549e+08   -9.242e+07   0
28.6   0.6858   0.7769   -0.2937   0   2.549e+08   -9.242e+07   0
28.7   0.6858   0.8024   -0.3029   0   2.549e+08   -9.242e+07   0
28.8   0.6858   0.8279   -0.3122   0   2.549e+08   -9.242e+07   0
28.9   0.6858   0.8534   -0.3214   0   2.549e+08   -9.242e+07   0
29   0.6858   0.8789   -0.3306   0   2.549e+08   -9.242e+07   0
29.1   0.6858   0.9044   -0.3399   0   2.549e+08   -9.242e+07   0
29.2   0.6858   0.9299   -0.3491   0   2.549e+08   -9.242e+07   0
29.3   0.6858   0.9553   -0.3584   0   2.549e+08   -9.242e+07   0
29.4   0.6858   0.9808   -0.3676   0   2.549e+08   -9.242e+07   0
29.5   0.6858   1.006   -0.3769   0   2.549e+08   -9.242e+07   0
29.6   0.6858   1.032   -0.3861   0   2.549e+08   -9.242e+07   0
29.7   0.6858   1.057   -0.3953   0   2.549e+08   -9.242e+07   0
29.8   0.6858   1.083   -0.4046   0   2.549e+08   -9.242e+07   0
29.9   0.6901   1.106   -0.4184   0   2.003e+08   -1.83e+08   0
30   0.6945   1.122   -0.4403   0   1.124e+08   -2.472e+08   0
30.1   0.699   1.128   -0.4666   0   6.807e+06   -2.717e+08   0
30.2   0.7035   1.123   -0.4932   0   -9.969e+07   -2.53e+08   0
30.3   0.708   1.108   -0.5158   0   -1.903e+08   -1.946e+08   0
30.4   0.7125   1.086   -0.531   0   -2.51e+08   -1.059e+08   0
30.5   0.7171   1.059   -0.5364   0   -2.726e+08   -8.924e+05   0
30.6   0.7217   1.033   -0.5311   0   -2.522e+08   1.04e+08   0
30.7   0.723   1.009   -0.5183   0   -2.393e+08   1.312e+08   0
30.8   0.723   0.9846   -0.5052   0   -2.393e+08   1.312e+08   0
30.9   0.723   0.9607   -0.4921   0   -2.393e+08   1.312e+08   0
31   0.723   0.9367   -0.479   0   -2.393e+08   1.312e+08   0
31.1   0.723   0.9128   -0.4659   0   -2.393e+08   1.312e+08   0
31.2   0.723   0.8889   -0.4527   0   -2.393e+08   1.312e+08   0
31.3   0.723   0.865   -0.4396   0   -2.393e+08   1.312e+08   0
31.4   0.723   0.841   -0.4265   0   -2.393e+08   1.312e+08   0
31.5   0.723   0.8171   -0.4134   0   -2.393e+08   1.312e+08   0
31.6   0.723   0.7932   -0.4003   0   -2.393e+08   1.312e+08   0
31.7   0.723   0.7692   -0.3872   0   -2.393e+08   1.312e+08   0
31.8   0.723   0.7453   -0.3741   0   -2.393e+08   1.312e+08   0
31.9   0.723   0.7214   -0.3609   0   -2.393e+08   1.312e+08   0
32   0.723   0.6974   -0.3478   0   -2.393e+08   1.312e+08   0
32.1   0.7231   0.6735   -0.3347   0   -2.393e+08   1.312e+08   0
32.2   0.7254   0.6496   -0.3216   0   -2.394e+08   1.312e+08   0
32.3   0.7275   0.6256   -0.3085   0   -2.395e+08   1.312e+08   0
32.4   0.7291   0.6017   -0.2954   0   -2.396e+08   1.312e+08   0
32.5   0.7303   0.5777   -0.2822   0   -2.396e+08   1.312e+08   0
32.6   0.731   0.5538   -0.2691   0   -2.397e+08   1.312e+08   0
32.7   0.7312   0.5298   -0.256   0   -2.397e+08   1.312e+08   0
32.8   0.7309   0.5058   -0.2429   0   -2.397e+08   1.312e+08   0
32.9   0.7299   0.4819   -0.2297   0   -2.396e+08   1.312e+08   0
33   0.7282   0.4579   -0.2166   0   -2.395e+08   1.312e+08   0
33.1   0.7258   0.434   -0.2035   0   -2.394e+08   1.312e+08   0
33.2   0.7225   0.41   -0.1904   0   -2.393e+08   1.312e+08   0
33.3   0.7184   0.3861   -0.1773   0   -2.391e+08   1.312e+08   0
33.4   0.7132   0.3622   -0.1641   0   -2.388e+08   1.311e+08   0
33.5   0.7069   0.3384   -0.151   0   -2.385e+08   1.311e+08   0
33.6   0.6994   0.3145   -0.1379   0   -2.381e+08   1.311e+08   0
33.7   0.6904   0.2907   -0.1248   0   -2.376e+08   1.311e+08   0
33.8   0.6798   0.267   -0.1117   0   -2.369e+08   1.311e+08   0
33.9   0.6674   0.2434   -0.09859   0   -2.362e+08   1.311e+08   0
34   0.6528   0.2198   -0.08548   0   -2.352e+08   1.312e+08   0
34.1   0.6356   0.1963   -0.07235   0   -2.34e+08   1.314e+08   0
34.2   0.6196   0.173   -0.05919   0   -2.328e+08   1.316e+08   0
34.3   0.6196   0.1497   -0.04603   0   -2.328e+08   1.316e+08   0
34.4   0.6196   0.1264   -0.03287   0   -2.328e+08   1.316e+08   0
34.5   0.6196   0.1032   -0.01971   0   -2.328e+08   1.316e+08   0
34.6   0.6196   0.07988   -0.006545   0   -2.328e+08   1.316e+08   0
34.7   0.6196   0.0566   0.006617   0   -2.328e+08   1.316e+08   0
34.8   0.6196   0.03332   0.01978   0   -2.328e+08   1.316e+08   0
34.9   0.6196   0.01004   0.03294   0   -2.328e+08   1.316e+08   0
35   0.6196   -0.01323   0.0461   0   -2.328e+08   1.316e+08   0
35.1   0.6196   -0.03651   0.05927   0   -2.328e+08   1.316e+08   0
35.2   0.6196   -0.05979   0.07243   0   -2.328e+08   1.316e+08   0
35.3   0.6196   -0.08307   0.08559   0   -2.328e+08   1.316e+08   0
35.4   0.6196   -0.1064   0.09875   0   -2.328e+08   1.316e+08   0
35.5   0.6196   -0.1296   0.1119   0   -2.328e+08   1.316e+08   0
35.6   0.6276   -0.1529   0.1251   0   -2.33e+08   1.322e+08   0
35.7   0.6483   -0.1762   0.1384   0   -2.336e+08   1.336e+08   0
35.8   0.6662   -0.1996   0.1518   0   -2.341e+08   1.347e+08   0
35.9   0.6818   -0.2231   0.1653   0   -2.345e+08   1.356e+08   0
36   0.6953   -0.2465   0.1789   0   -2.349e+08   1.363e+08   0
36.1   0.7071   -0.27   0.1926   0   -2.352e+08   1.369e+08   0
36.2   0.7173   -0.2936   0.2063   0   -2.355e+08   1.373e+08   0
36.3   0.7262   -0.3171   0.22   0   -2.358e+08   1.377e+08   0
36.4   0.7338   -0.3407   0.2338   0   -2.36e+08   1.38e+08   0
36.5   0.7403   -0.3643   0.2476   0   -2.362e+08   1.382e+08   0
36.6   0.7459   -0.388   0.2615   0   -2.363e+08   1.384e+08   0
36.7   0.7505   -0.4116   0.2753   0   -2.365e+08   1.386e+08   0
36.8   0.7542   -0.4352   0.2892   0   -2.366e+08   1.387e+08   0
36.9   0.7572   -0.4589   0.3031   0   -2.367e+08   1.388e+08   0
37   0.7595   -0.4826   0.317   0   -2.367e+08   1.389e+08   0
37.1   0.7612   -0.5063   0.3308   0   -2.368e+08   1.39e+08   0
37.2   0.7622   -0.5299   0.3447   0   -2.368e+08   1.39e+08   0
37.3   0.7626   -0.5536   0.3586   0   -2.368e+08   1.39e+08   0
37.4   0.7626   -0.5773   0.3725   0   -2.368e+08   1.39e+08   0
37.5   0.7621   -0.601   0.3864   0   -2.368e+08   1.39e+08   0
37.6   0.7611   -0.6247   0.4003   0   -2.368e+08   1.39e+08   0
37.7   0.7606   -0.6483   0.4142   0   -2.368e+08   1.389e+08   0
37.8   0.7606   -0.672   0.4281   0   -2.368e+08   1.389e+08   0
37.9   0.7606   -0.6957   0.442   0   -2.368e+08   1.389e+08   0
38   0.7606   -0.7194   0.4559   0   -2.368e+08   1.389e+08   0
38.1   0.7606   -0.743   0.4698   0   -2.368e+08   1.389e+08   0
38.2   0.7606   -0.7667   0.4837   0   -2.368e+08   1.389e+08   0
38.3   0.7606   -0.7904   0.4976   0   -2.368e+08   1.389e+08   0
38.4   0.7606   -0.8141   0.5115   0   -2.368e+08   1.389e+08   0
38.5   0.7606   -0.8377   0.5254   0   -2.368e+08   1.389e+08   0
38.6   0.7606   -0.8614   0.5393   0   -2.368e+08   1.389e+08   0
38.7   0.7606   -0.8851   0.5532   0   -2.368e+08   1.389e+08   0
38.8   0.7606   -0.9088   0.5671   0   -2.368e+08   1.389e+08   0
38.9   0.7606   -0.9325   0.581   0   -2.368e+08   1.389e+08   0
39   0.7606   -0.9561   0.5949   0   -2.368e+08   1.389e+08   0
39.1   0.7606   -0.9798   0.6088   0   -2.368e+08   1.389e+08   0
39.2   0.7606   -1.003   0.6227   0   -2.368e+08   1.389e+08   0
39.3   0.7606   -1.027   0.6365   0   -2.368e+08   1.389e+08   0
39.4   0.7606   -1.051   0.6504   0   -2.368e+08   1.389e+08   0
39.5   0.7606   -1.075   0.6643   0   -2.368e+08   1.389e+08   0
39.6   0.7606   -1.098   0.6782   0   -2.368e+08   1.389e+08   0
39.7   0.7606   -1.122   0.6921   0   -2.368e+08   1.389e+08   0
39.8   0.7606   -1.146   0.706   0   -2.368e+08   1.389e+08   0
39.9   0.7606   -1.169   0.7199   0   -2.368e+08   1.389e+08   0
40   0.7606   -1.193   0.7338   0   -2.368e+08   1.389e+08   0
40.1   0.7606   -1.217   0.7477   0   -2.368e+08   1.389e+08   0
40.2   0.7606   -1.24   0.7616   0   -2.368e+08   1.389e+08   0
40.3   0.7606   -1.264   0.7755   0   -2.368e+08   1.389e+08   0
40.4   0.7606   -1.288   0.7894   0   -2.368e+08   1.389e+08   0
40.5   0.7606   -1.311   0.8033   0   -2.368e+08   1.389e+08   0
40.6   0.7606   -1.335   0.8172   0   -2.368e+08   1.389e+08   0
40.7   0.7606   -1.359   0.8311   0   -2.368e+08   1.389e+08   0
40.8   0.7606   -1.382   0.845   0   -2.368e+08   1.389e+08   0
40.9   0.7606   -1.406   0.8589   0   -2.368e+08   1.389e+08   0
41   0.7606   -1.43   0.8727   0   -2.368e+08   1.389e+08   0
41.1   0.7606   -1.453   0.8866   0   -2.368e+08   1.389e+08   0
41.2   0.7606   -1.477   0.9005   0   -2.368e+08   1.389e+08   0
41.3   0.7606   -1.501   0.9144   0   -2.368e+08   1.389e+08   0
41.4   0.7606   -1.524   0.9283   0   -2.368e+08   1.389e+08   0
41.5   0.7606   -1.548   0.9422   0   -2.368e+08   1.389e+08   0
41.6   0.7606   -1.572   0.9561   0   -2.368e+08   1.389e+08   0
41.7   0.7606   -1.595   0.97   0   -2.368e+08   1.389e+08   0
41.8   0.7606   -1.619   0.9839   0   -2.368e+08   1.389e+08   0
41.9   0.7606   -1.643   0.9978   0   -2.368e+08   1.389e+08   0
42   0.7606   -1.666   1.012   0   -2.368e+08   1.389e+08   0
42.1   0.7606   -1.69   1.026   0   -2.368e+08   1.389e+08   0
42.2   0.7606   -1.714   1.039   0   -2.368e+08   1.389e+08   0
42.3   0.7606   -1.737   1.053   0   -2.368e+08   1.389e+08   0
42.4   0.7606   -1.761   1.067   0   -2.368e+08   1.389e+08   0
42.5   0.7606   -1.785   1.081   0   -2.368e+08   1.389e+08   0
42.6   0.7606   -1.808   1.095   0   -2.368e+08   1.389e+08   0
42.7   0.7606   -1.832   1.109   0   -2.368e+08   1.389e+08   0
42.8   0.7606   -1.856   1.123   0   -2.368e+08   1.389e+08   0
42.9   0.7606   -1.879   1.137   0   -2.368e+08   1.389e+08   0
43   0.7606   -1.903   1.151   0   -2.368e+08   1.389e+08   0
43.1   0.7606   -1.927   1.165   0   -2.368e+08   1.389e+08   0
43.2   0.7606   -1.951   1.178   0   -2.368e+08   1.389e+08   0
43.3   0.7606   -1.974   1.192   0   -2.368e+08   1.389e+08   0
43.4   0.7606   -1.998   1.206   0   -2.368e+08   1.389e+08   0
43.5   0.7606   -2.022   1.22   0   -2.368e+08   1.389e+08   0
43.6   0.7606   -2.045   1.234   0   -2.368e+08   1.389e+08   0
43.7   0.7606   -2.069   1.248   0   -2.368e+08   1.389e+08   0
43.8   0.7606   -2.093   1.262   0   -2.368e+08   1.389e+08   0
43.9   0.7606   -2.116   1.276   0   -2.368e+08   1.389e+08   0
44   0.7606   -2.14   1.29   0   -2.368e+08   1.389e+08   0
44.1   0.7606   -2.164   1.303   0   -2.368e+08   1.389e+08   0
44.2   0.7606   -2.187   1.317   0   -2.368e+08   1.389e+08   0
44.3   0.7606   -2.211   1.331   0   -2.368e+08   1.389e+08   0
44.4   0.7606   -2.235   1.345   0   -2.368e+08   1.389e+08   0
44.5   0.7606   -2.258   1.359   0   -2.368e+08   1.389e+08   0
44.6   0.7606   -2.282   1.373   0   -2.368e+08   1.389e+08   0
44.7   0.7606   -2.306   1.387   0   -2.368e+08   1.389e+08   0
44.8   0.7606   -2.329   1.401   0   -2.368e+08   1.389e+08   0
44.9   0.7606   -2.353   1.415   0   -2.368e+08   1.389e+08   0
45   0.7606   -2.377   1.429   0   -2.368e+08   1.389e+08   0
