0   0.04   -0.753   0   0   1.121e+08   0   0
0.1   0.04   -0.753   0   0   1.121e+08   0   0
0.2   0.04004   -0.742   0   0   1.122e+08   0   0
0.3   0.04026   -0.7307   0   0   1.125e+08   0   0
0.4   0.04068   -0.7195   0   0   1.13e+08   0   0
0.5   0.0413   -0.7081   0   0   1.137e+08   0   0
0.6   0.04212   -0.6967   0   0   1.147e+08   0   0
0.7   0.04316   -0.6852   0   0   1.16e+08   0   0
0.8   0.04442   -0.6735   0   0   1.175e+08   0   0
0.9   0.04592   -0.6617   0   0   1.192e+08   0   0
1   0.04766   -0.6497   0   0   1.212e+08   0   0
1.1   0.04966   -0.6374   0   0   1.234e+08   0   0
1.2   0.05193   -0.625   0   0   1.258e+08   0   0
1.3   0.05448   -0.6123   0   0   1.284e+08   0   0
1.4   0.05732   -0.5993   0   0   1.312e+08   0   0
1.5   0.06047   -0.586   0   0   1.342e+08   0   0
1.6   0.06394   -0.5724   0   0   1.374e+08   0   0
1.7   0.06774   -0.5585   0   0   1.407e+08   0   0
1.8   0.07189   -0.5443   0   0   1.442e+08   0   0
1.9   0.0764   -0.5297   0   0   1.478e+08   0   0
2   0.08128   -0.5147   0   0   1.516e+08   0   0
2.1   0.08654   -0.4994   0   0   1.554e+08   0   0
2.2   0.09221   -0.4836   0   0   1.593e+08   0   0
2.3   0.09828   -0.4675   0   0   1.633e+08   0   0
2.4   0.1048   -0.451   0   0   1.673e+08   0   0
2.5   0.1117   -0.434   0   0   1.713e+08   0   0
2.6   0.119   -0.4167   0   0   1.754e+08   0   0
2.7   0.1268   -0.399   0   0   1.794e+08   0   0
2.8   0.1351   -0.3808   0   0   1.834e+08   0   0
2.9   0.1438   -0.3623   0   0   1.874e+08   0   0
3   0.1529   -0.3433   0   0   1.914e+08   0   0
3.1   0.1626   -0.324   0   0   1.953e+08   0   0
3.2   0.1727   -0.3043   0   0   1.992e+08   0   0
3.3   0.1833   -0.2841   0   0   2.03e+08   0   0
3.4   0.1944   -0.2637   0   0   2.067e+08   0   0
3.5   0.206   -0.2428   0   0   2.103e+08   0   0
3.6   0.2182   -0.2216   0   0   2.139e+08   0   0
3.7   0.231   -0.2   0   0   2.174e+08   0   0
3.8   0.2383   -0.1782   0   0   2.193e+08   0   0
3.9   0.2383   -0.1562   0   0   2.193e+08   0   0
4   0.2383   -0.1343   0   0   2.193e+08   0   0
4.1   0.2383   -0.1124   0   0   2.193e+08   0   0
4.2   0.2383   -0.09045   0   0   2.193e+08   0   0
4.3   0.2383   -0.06853   0   0   2.193e+08   0   0
4.4   0.2383   -0.0466   0   0   2.193e+08   0   0
4.5   0.2383   -0.02467   0   0   2.193e+08   0   0
4.6   0.2383   -0.002746   0   0   2.193e+08   0   0
4.7   0.2383   0.01918   0   0   2.193e+08   0   0
4.8   0.2383   0.04111   0   0   2.193e+08   0   0
4.9   0.2383   0.06303   0   0   2.193e+08   0   0
5   0.2383   0.08496   0   0   2.193e+08   0   0
5.1   0.2383   0.1069   0   0   2.193e+08   0   0
5.2   0.2383   0.1288   0   0   2.193e+08   0   0
5.3   0.2383   0.1507   0   0   2.193e+08   0   0
5.4   0.2383   0.1727   0   0   2.193e+08   0   0
5.5   0.241   0.1946   0   0   2.199e+08   0   0
5.6   0.2506   0.2167   0   0   2.223e+08   0   0
5.7   0.2605   0.2391   0   0   2.246e+08   0   0
5.8   0.2704   0.2616   0   0   2.268e+08   0   0
5.9   0.2804   0.2844   0   0   2.289e+08   0   0
6   0.2903   0.3074   0   0   2.309e+08   0   0
6.1   0.3003   0.3306   0   0   2.328e+08   0   0
6.2   0.3101   0.354   0   0   2.347e+08   0   0
6.3   0.3199   0.3775   0   0   2.364e+08   0   0
6.4   0.3295   0.4013   0   0   2.38e+08   0   0
6.5   0.3389   0.4251   0   0   2.396e+08   0   0
6.6   0.3482   0.4492   0   0   2.41e+08   0   0
6.7   0.3572   0.4733   0   0   2.424e+08   0   0
6.8   0.366   0.4976   0   0   2.436e+08   0   0
6.9   0.3745   0.5221   0   0   2.448e+08   0   0
7   0.3828   0.5466   0   0   2.46e+08   0   0
7.1   0.3907   0.5713   0   0   2.47e+08   0   0
7.2   0.3984   0.596   0   0   2.48e+08   0   0
7.3   0.4057   0.6209   0   0   2.489e+08   0   0
7.4   0.4128   0.6458   0   0   2.497e+08   0   0
7.5   0.4194   0.6708   0   0   2.505e+08   0   0
7.6   0.4258   0.6959   0   0   2.513e+08   0   0
7.7   0.4318   0.7211   0   0   2.519e+08   0   0
7.8   0.4374   0.7463   0   0   2.526e+08   0   0
7.9   0.4389   0.7716   0   0   2.527e+08   0   0
8   0.4389   0.7968   0   0   2.527e+08   0   0
8.1   0.4389   0.8221   0   0   2.527e+08   0   0
8.2   0.4389   0.8474   0   0   2.527e+08   0   0
8.3   0.4389   0.8726   0   0   2.527e+08   0   0
8.4   0.4389   0.8979   0   0   2.527e+08   0   0
8.5   0.4389   0.9232   0   0   2.527e+08   0   0
8.6   0.4389   0.9485   0   0   2.527e+08   0   0
8.7   0.4389   0.9737   0   0   2.527e+08   0   0
8.8   0.4389   0.999   0   0   2.527e+08   0   0
8.9   0.4389   1.024   0   0   2.527e+08   0   0
9   0.4389   1.05   0   0   2.527e+08   0   0
9.1   0.4389   1.075   0   0   2.527e+08   0   0
9.2   0.4389   1.1   0   0   2.527e+08   0   0
9.3   0.4395   1.125   -0.001815   0   2.477e+08   -5.025e+07   0
9.4   0.4405   1.149   -0.01027   0   2.241e+08   -1.172e+08   0
9.5   0.4414   1.169   -0.025   0   1.828e+08   -1.748e+08   0
9.6   0.4423   1.185   -0.04483   0   1.272e+08   -2.188e+08   0
9.7   0.4433   1.194   -0.06822   0   6.165e+07   -2.456e+08   0
9.8   0.4442   1.197   -0.09332   0   -8.747e+06   -2.531e+08   0
9.9   0.4451   1.193   -0.1182   0   -7.845e+07   -2.409e+08   0
10   0.4461   1.182   -0.1409   0   -1.42e+08   -2.1e+08   0
10.1   0.447   1.165   -0.1596   0   -1.945e+08   -1.627e+08   0
10.2   0.4479   1.143   -0.1729   0   -2.319e+08   -1.027e+08   0
10.3   0.4489   1.119   -0.1798   0   -2.514e+08   -3.488e+07   0
10.4   0.4498   1.093   -0.1797   0   -2.514e+08   3.567e+07   0
10.5   0.4499   1.068   -0.1756   0   -2.505e+08   4.127e+07   0
10.6   0.4499   1.043   -0.1715   0   -2.505e+08   4.127e+07   0
10.7   0.4499   1.018   -0.1674   0   -2.505e+08   4.127e+07   0
10.8   0.4499   0.9933   -0.1632   0   -2.505e+08   4.127e+07   0
10.9   0.4499   0.9682   -0.1591   0   -2.505e+08   4.127e+07   0
11   0.4499   0.9432   -0.155   0   -2.505e+08   4.127e+07   0
11.1   0.4499   0.9181   -0.1509   0   -2.505e+08   4.127e+07   0
11.2   0.4499   0.8931   -0.1467   0   -2.505e+08   4.127e+07   0
11.3   0.4499   0.868   -0.1426   0   -2.505e+08   4.127e+07   0
11.4   0.4499   0.843   -0.1385   0   -2.505e+08   4.127e+07   0
11.5   0.4499   0.8179   -0.1344   0   -2.505e+08   4.127e+07   0
11.6   0.4499   0.7929   -0.1302   0   -2.505e+08   4.127e+07   0
11.7   0.4499   0.7678   -0.1261   0   -2.505e+08   4.127e+07   0
11.8   0.45   0.7428   -0.122   0   -2.505e+08   4.127e+07   0
11.9   0.4562   0.7177   -0.1179   0   -2.511e+08   4.137e+07   0
12   0.4626   0.6925   -0.1137   0   -2.518e+08   4.147e+07   0
12.1   0.4691   0.6673   -0.1096   0   -2.524e+08   4.158e+07   0
12.2   0.4759   0.642   -0.1054   0   -2.531e+08   4.168e+07   0
12.3   0.4827   0.6167   -0.1012   0   -2.537e+08   4.178e+07   0
12.4   0.4897   0.5913   -0.09704   0   -2.543e+08   4.189e+07   0
12.5   0.4968   0.5658   -0.09284   0   -2.55e+08   4.199e+07   0
12.6   0.504   0.5403   -0.08864   0   -2.556e+08   4.209e+07   0
12.7   0.5112   0.5147   -0.08443   0   -2.562e+08   4.219e+07   0
12.8   0.5185   0.4891   -0.0802   0   -2.568e+08   4.229e+07   0
12.9   0.5257   0.4634   -0.07597   0   -2.574e+08   4.238e+07   0
13   0.5328   0.4376   -0.07173   0   -2.579e+08   4.247e+07   0
13.1   0.5399   0.4118   -0.06747   0   -2.585e+08   4.256e+07   0
13.2   0.5468   0.3859   -0.06321   0   -2.59e+08   4.264e+07   0
13.3   0.5535   0.36   -0.05895   0   -2.595e+08   4.272e+07   0
13.4   0.5599   0.334   -0.05467   0   -2.6e+08   4.28e+07   0
13.5   0.566   0.308   -0.05039   0   -2.604e+08   4.287e+07   0
13.6   0.5716   0.2819   -0.0461   0   -2.608e+08   4.293e+07   0
13.7   0.5767   0.2558   -0.0418   0   -2.611e+08   4.298e+07   0
13.8   0.581   0.2297   -0.0375   0   -2.614e+08   4.303e+07   0
13.9   0.5844   0.2035   -0.03319   0   -2.617e+08   4.307e+07   0
14   0.5861   0.1774   -0.02889   0   -2.618e+08   4.308e+07   0
14.1   0.5861   0.1512   -0.02458   0   -2.618e+08   4.308e+07   0
14.2   0.5861   0.125   -0.02027   0   -2.618e+08   4.308e+07   0
14.3   0.5861   0.09884   -0.01596   0   -2.618e+08   4.308e+07   0
14.4   0.5861   0.07266   -0.01165   0   -2.618e+08   4.308e+07   0
14.5   0.5861   0.04649   -0.007344   0   -2.618e+08   4.308e+07   0
14.6   0.5861   0.02031   -0.003036   0   -2.618e+08   4.308e+07   0
14.7   0.5861   -0.005867   0.001273   0   -2.618e+08   4.308e+07   0
14.8   0.5861   -0.03204   0.005581   0   -2.618e+08   4.308e+07   0
14.9   0.5861   -0.05822   0.00989   0   -2.618e+08   4.308e+07   0
15   0.5861   -0.0844   0.0142   0   -2.618e+08   4.308e+07   0
15.1   0.5861   -0.1106   0.01851   0   -2.618e+08   4.308e+07   0
15.2   0.5861   -0.1367   0.02281   0   -2.618e+08   4.308e+07   0
15.3   0.5861   -0.1629   0.02712   0   -2.618e+08   4.308e+07   0
15.4   0.5886   -0.1891   0.03143   0   -2.619e+08   4.311e+07   0
15.5   0.6073   -0.2154   0.03575   0   -2.631e+08   4.332e+07   0
15.6   0.6248   -0.2417   0.0401   0   -2.642e+08   4.35e+07   0
15.7   0.6412   -0.2682   0.04445   0   -2.651e+08   4.366e+07   0
15.8   0.6566   -0.2947   0.04883   0   -2.66e+08   4.38e+07   0
15.9   0.6711   -0.3214   0.05321   0   -2.667e+08   4.393e+07   0
16   0.6848   -0.3481   0.05761   0   -2.674e+08   4.405e+07   0
16.1   0.6978   -0.3749   0.06202   0   -2.681e+08   4.416e+07   0
16.2   0.7102   -0.4017   0.06644   0   -2.687e+08   4.426e+07   0
16.3   0.7218   -0.4286   0.07088   0   -2.692e+08   4.435e+07   0
16.4   0.7328   -0.4555   0.07531   0   -2.697e+08   4.443e+07   0
16.5   0.7432   -0.4825   0.07976   0   -2.701e+08   4.451e+07   0
16.6   0.753   -0.5096   0.08422   0   -2.706e+08   4.458e+07   0
16.7   0.7622   -0.5366   0.08868   0   -2.709e+08   4.464e+07   0
16.8   0.7709   -0.5638   0.09314   0   -2.713e+08   4.47e+07   0
16.9   0.779   -0.5909   0.09762   0   -2.716e+08   4.475e+07   0
17   0.7866   -0.6181   0.1021   0   -2.719e+08   4.48e+07   0
17.1   0.7937   -0.6453   0.1066   0   -2.722e+08   4.485e+07   0
17.2   0.8003   -0.6725   0.1111   0   -2.724e+08   4.489e+07   0
17.3   0.8063   -0.6998   0.1156   0   -2.726e+08   4.493e+07   0
17.4   0.8119   -0.727   0.12   0   -2.728e+08   4.496e+07   0
17.5   0.8149   -0.7543   0.1245   0   -2.73e+08   4.498e+07   0
17.6   0.8149   -0.7816   0.129   0   -2.73e+08   4.498e+07   0
17.7   0.8149   -0.8089   0.1335   0   -2.73e+08   4.498e+07   0
17.8   0.8149   -0.8362   0.138   0   -2.73e+08   4.498e+07   0
17.9   0.8149   -0.8635   0.1425   0   -2.73e+08   4.498e+07   0
18   0.8149   -0.8908   0.147   0   -2.73e+08   4.498e+07   0
18.1   0.8149   -0.9181   0.1515   0   -2.73e+08   4.498e+07   0
18.2   0.8149   -0.9454   0.156   0   -2.73e+08   4.498e+07   0
18.3   0.8149   -0.9727   0.1605   0   -2.73e+08   4.498e+07   0
18.4   0.8149   -1   0.165   0   -2.73e+08   4.498e+07   0
18.5   0.8149   -1.027   0.1695   0   -2.73e+08   4.498e+07   0
18.6   0.8149   -1.055   0.174   0   -2.73e+08   4.498e+07   0
18.7   0.8149   -1.082   0.1785   0   -2.73e+08   4.498e+07   0
18.8   0.8149   -1.109   0.183   0   -2.73e+08   4.498e+07   0
18.9   0.8151   -1.136   0.1875   0   -2.722e+08   4.93e+07   0
19   0.8177   -1.163   0.196   0   -2.5e+08   1.187e+08   0
19.1   0.8204   -1.186   0.2111   0   -2.105e+08   1.798e+08   0
19.2   0.8231   -1.204   0.2316   0   -1.566e+08   2.284e+08   0
19.3   0.8258   -1.217   0.2563   0   -9.2e+07   2.613e+08   0
19.4   0.8285   -1.222   0.2833   0   -2.12e+07   2.763e+08   0
19.5   0.8311   -1.221   0.3109   0   5.095e+07   2.725e+08   0
19.6   0.8339   -1.212   0.3372   0   1.196e+08   2.502e+08   0
19.7   0.8366   -1.197   0.3603   0   1.8e+08   2.111e+08   0
19.8   0.8393   -1.177   0.3789   0   2.283e+08   1.578e+08   0
19.9   0.842   -1.152   0.3915   0   2.612e+08   9.401e+07   0
20   0.8447   -1.125   0.3974   0   2.766e+08   2.405e+07   0
20.1   0.8475   -1.097   0.3962   0   2.737e+08   -4.742e+07   0
20.2   0.8493   -1.071   0.3884   0   2.62e+08   -9.244e+07   0
20.3   0.8493   -1.044   0.3791   0   2.62e+08   -9.244e+07   0
20.4   0.8493   -1.018   0.3699   0   2.62e+08   -9.244e+07   0
20.5   0.8493   -0.9921   0.3606   0   2.62e+08   -9.244e+07   0
20.6   0.8493   -0.9659   0.3514   0   2.62e+08   -9.244e+07   0
20.7   0.8493   -0.9397   0.3421   0   2.62e+08   -9.244e+07   0
20.8   0.8493   -0.9135   0.3329   0   2.62e+08   -9.244e+07   0
20.9   0.8493   -0.8873   0.3237   0   2.62e+08   -9.244e+07   0
21   0.8493   -0.8611   0.3144   0   2.62e+08   -9.244e+07   0
21.1   0.8493   -0.8349   0.3052   0   2.62e+08   -9.244e+07   0
21.2   0.8493   -0.8087   0.2959   0   2.62e+08   -9.244e+07   0
21.3   0.8493   -0.7825   0.2867   0   2.62e+08   -9.244e+07   0
21.4   0.8493   -0.7563   0.2774   0   2.62e+08   -9.244e+07   0
21.5   0.8493   -0.7301   0.2682   0   2.62e+08   -9.244e+07   0
21.6   0.8499   -0.7039   0.2589   0   2.62e+08   -9.245e+07   0
21.7   0.8562   -0.6776   0.2497   0   2.622e+08   -9.254e+07   0
21.8   0.8625   -0.6514   0.2404   0   2.624e+08   -9.262e+07   0
21.9   0.8689   -0.6252   0.2312   0   2.626e+08   -9.271e+07   0
22   0.8752   -0.5989   0.2219   0   2.628e+08   -9.28e+07   0
22.1   0.8816   -0.5726   0.2126   0   2.63e+08   -9.289e+07   0
22.2   0.8878   -0.5463   0.2033   0   2.631e+08   -9.298e+07   0
22.3   0.894   -0.52   0.194   0   2.633e+08   -9.306e+07   0
22.4   0.9   -0.4936   0.1847   0   2.635e+08   -9.314e+07   0
22.5   0.9058   -0.4673   0.1754   0   2.636e+08   -9.323e+07   0
22.6   0.9113   -0.4409   0.1661   0   2.638e+08   -9.33e+07   0
22.7   0.9166   -0.4145   0.1567   0   2.639e+08   -9.338e+07   0
22.8   0.9215   -0.3881   0.1474   0   2.64e+08   -9.345e+07   0
22.9   0.926   -0.3617   0.138   0   2.641e+08   -9.351e+07   0
23   0.9299   -0.3353   0.1287   0   2.642e+08   -9.357e+07   0
23.1   0.9332   -0.3089   0.1193   0   2.643e+08   -9.362e+07   0
23.2   0.9357   -0.2825   0.11   0   2.644e+08   -9.366e+07   0
23.3   0.9373   -0.256   0.1006   0   2.644e+08   -9.368e+07   0
23.4   0.9378   -0.2296   0.09123   0   2.644e+08   -9.369e+07   0
23.5   0.9368   -0.2031   0.08186   0   2.644e+08   -9.367e+07   0
23.6   0.934   -0.1767   0.07249   0   2.643e+08   -9.362e+07   0
23.7   0.9336   -0.1503   0.06313   0   2.643e+08   -9.361e+07   0
23.8   0.9336   -0.1238   0.05377   0   2.643e+08   -9.361e+07   0
23.9   0.9336   -0.0974   0.04441   0   2.643e+08   -9.361e+07   0
24   0.9336   -0.07097   0.03505   0   2.643e+08   -9.361e+07   0
24.1   0.9336   -0.04454   0.02569   0   2.643e+08   -9.361e+07   0
24.2   0.9336   -0.01811   0.01632   0   2.643e+08   -9.361e+07   0
24.3   0.9336   0.008326   0.006963   0   2.643e+08   -9.361e+07   0
24.4   0.9336   0.03476   -0.002399   0   2.643e+08   -9.361e+07   0
24.5   0.9336   0.06119   -0.01176   0   2.643e+08   -9.361e+07   0
24.6   0.9336   0.08762   -0.02112   0   2.643e+08   -9.361e+07   0
24.7   0.9336   0.1141   -0.03048   0   2.643e+08   -9.361e+07   0
24.8   0.9336   0.1405   -0.03984   0   2.643e+08   -9.361e+07   0
24.9   0.9336   0.1669   -0.04921   0   2.643e+08   -9.361e+07   0
25   0.9448   0.1934   -0.05857   0   2.647e+08   -9.36e+07   0
25.1   0.9661   0.2199   -0.06793   0   2.652e+08   -9.361e+07   0
25.2   0.9854   0.2464   -0.07729   0   2.658e+08   -9.362e+07   0
25.3   1.003   0.273   -0.08665   0   2.662e+08   -9.365e+07   0
25.4   1.02   0.2997   -0.09602   0   2.666e+08   -9.368e+07   0
25.5   1.035   0.3263   -0.1054   0   2.67e+08   -9.372e+07   0
25.6   1.049   0.353   -0.1148   0   2.673e+08   -9.376e+07   0
25.7   1.063   0.3798   -0.1241   0   2.676e+08   -9.38e+07   0
25.8   1.075   0.4066   -0.1335   0   2.678e+08   -9.383e+07   0
25.9   1.087   0.4334   -0.1429   0   2.681e+08   -9.387e+07   0
26   1.097   0.4602   -0.1523   0   2.683e+08   -9.391e+07   0
26.1   1.107   0.487   -0.1617   0   2.685e+08   -9.394e+07   0
26.2   1.117   0.5139   -0.1711   0   2.687e+08   -9.398e+07   0
26.3   1.125   0.5407   -0.1805   0   2.688e+08   -9.401e+07   0
26.4   1.133   0.5676   -0.1899   0   2.69e+08   -9.404e+07   0
26.5   1.141   0.5945   -0.1993   0   2.691e+08   -9.406e+07   0
26.6   1.147   0.6215   -0.2087   0   2.692e+08   -9.409e+07   0
26.7   1.154   0.6484   -0.2181   0   2.694e+08   -9.411e+07   0
26.8   1.159   0.6753   -0.2275   0   2.694e+08   -9.413e+07   0
26.9   1.164   0.7023   -0.2369   0   2.695e+08   -9.415e+07   0
27   1.166   0.7292   -0.2464   0   2.696e+08   -9.416e+07   0
27.1   1.166   0.7562   -0.2558   0   2.696e+08   -9.416e+07   0
27.2   1.166   0.7832   -0.2652   0   2.696e+08   -9.416e+07   0
27.3   1.166   0.8101   -0.2746   0   2.696e+08   -9.416e+07   0
27.4   1.166   0.8371   -0.284   0   2.696e+08   -9.416e+07   0
27.5   1.166   0.864   -0.2934   0   2.696e+08   -9.416e+07   0
27.6   1.166   0.891   -0.3028   0   2.696e+08   -9.416e+07   0
27.7   1.166   0.9179   -0.3123   0   2.696e+08   -9.416e+07   0
27.8   1.166   0.9449   -0.3217   0   2.696e+08   -9.416e+07   0
27.9   1.166   0.9719   -0.3311   0   2.696e+08   -9.416e+07   0
28   1.166   0.9988   -0.3405   0   2.696e+08   -9.416e+07   0
28.1   1.166   1.026   -0.3499   0   2.696e+08   -9.416e+07   0
28.2   1.166   1.053   -0.3593   0   2.696e+08   -9.416e+07   0
28.3   1.166   1.08   -0.3688   0   2.696e+08   -9.416e+07   0
28.4   1.169   1.106   -0.3786   0   2.591e+08   -1.202e+08   0
28.5   1.176   1.13   -0.3942   0   2.143e+08   -1.89e+08   0
28.6   1.183   1.149   -0.416   0   1.521e+08   -2.42e+08   0
28.7   1.19   1.16   -0.442   0   7.763e+07   -2.752e+08   0
28.8   1.197   1.164   -0.4703   0   -2.823e+06   -2.86e+08   0
28.9   1.204   1.16   -0.4985   0   -8.28e+07   -2.739e+08   0
29   1.211   1.148   -0.5243   0   -1.559e+08   -2.401e+08   0
29.1   1.218   1.129   -0.5458   0   -2.165e+08   -1.874e+08   0
29.2   1.225   1.105   -0.5613   0   -2.6e+08   -1.203e+08   0
29.3   1.232   1.077   -0.5695   0   -2.832e+08   -4.404e+07   0
29.4   1.239   1.049   -0.5699   0   -2.845e+08   3.535e+07   0
29.5   1.246   1.021   -0.5624   0   -2.642e+08   1.118e+08   0
29.6   1.249   0.9958   -0.5491   0   -2.518e+08   1.375e+08   0
29.7   1.249   0.9706   -0.5354   0   -2.518e+08   1.375e+08   0
29.8   1.249   0.9454   -0.5216   0   -2.518e+08   1.375e+08   0
29.9   1.249   0.9203   -0.5079   0   -2.518e+08   1.375e+08   0
30   1.249   0.8951   -0.4942   0   -2.518e+08   1.375e+08   0
30.1   1.249   0.8699   -0.4804   0   -2.518e+08   1.375e+08   0
30.2   1.249   0.8447   -0.4667   0   -2.518e+08   1.375e+08   0
30.3   1.249   0.8195   -0.4529   0   -2.518e+08   1.375e+08   0
30.4   1.249   0.7944   -0.4392   0   -2.518e+08   1.375e+08   0
30.5   1.249   0.7692   -0.4254   0   -2.518e+08   1.375e+08   0
30.6   1.249   0.744   -0.4117   0   -2.518e+08   1.375e+08   0
30.7   1.249   0.7188   -0.3979   0   -2.518e+08   1.375e+08   0
30.8   1.249   0.6936   -0.3842   0   -2.518e+08   1.375e+08   0
30.9   1.249   0.6685   -0.3704   0   -2.518e+08   1.375e+08   0
31   1.253   0.6433   -0.3567   0   -2.519e+08   1.375e+08   0
31.1   1.259   0.6181   -0.3429   0   -2.519e+08   1.375e+08   0
31.2   1.266   0.5929   -0.3292   0   -2.52e+08   1.376e+08   0
31.3   1.272   0.5677   -0.3154   0   -2.521e+08   1.376e+08   0
31.4   1.279   0.5425   -0.3017   0   -2.522e+08   1.377e+08   0
31.5   1.285   0.5173   -0.2879   0   -2.522e+08   1.377e+08   0
31.6   1.291   0.492   -0.2741   0   -2.523e+08   1.378e+08   0
31.7   1.297   0.4668   -0.2603   0   -2.524e+08   1.378e+08   0
31.8   1.303   0.4415   -0.2465   0   -2.525e+08   1.379e+08   0
31.9   1.309   0.4163   -0.2328   0   -2.525e+08   1.379e+08   0
32   1.314   0.391   -0.219   0   -2.526e+08   1.38e+08   0
32.1   1.319   0.3658   -0.2052   0   -2.526e+08   1.38e+08   0
32.2   1.324   0.3405   -0.1914   0   -2.527e+08   1.381e+08   0
32.3   1.328   0.3152   -0.1775   0   -2.527e+08   1.381e+08   0
32.4   1.331   0.29   -0.1637   0   -2.528e+08   1.381e+08   0
32.5   1.334   0.2647   -0.1499   0   -2.528e+08   1.381e+08   0
32.6   1.336   0.2394   -0.1361   0   -2.528e+08   1.382e+08   0
32.7   1.336   0.2141   -0.1223   0   -2.528e+08   1.382e+08   0
32.8   1.335   0.1889   -0.1085   0   -2.528e+08   1.381e+08   0
32.9   1.332   0.1636   -0.09466   0   -2.528e+08   1.381e+08   0
33   1.332   0.1383   -0.08085   0   -2.528e+08   1.381e+08   0
33.1   1.332   0.113   -0.06704   0   -2.528e+08   1.381e+08   0
33.2   1.332   0.08775   -0.05323   0   -2.528e+08   1.381e+08   0
33.3   1.332   0.06248   -0.03941   0   -2.528e+08   1.381e+08   0
33.4   1.332   0.0372   -0.0256   0   -2.528e+08   1.381e+08   0
33.5   1.332   0.01192   -0.01179   0   -2.528e+08   1.381e+08   0
33.6   1.332   -0.01335   0.002023   0   -2.528e+08   1.381e+08   0
33.7   1.332   -0.03863   0.01584   0   -2.528e+08   1.381e+08   0
33.8   1.332   -0.06391   0.02965   0   -2.528e+08   1.381e+08   0
33.9   1.332   -0.08918   0.04346   0   -2.528e+08   1.381e+08   0
34   1.332   -0.1145   0.05727   0   -2.528e+08   1.381e+08   0
34.1   1.332   -0.1397   0.07108   0   -2.528e+08   1.381e+08   0
34.2   1.332   -0.165   0.0849   0   -2.528e+08   1.381e+08   0
34.3   1.352   -0.1903   0.09871   0   -2.53e+08   1.382e+08   0
34.4   1.373   -0.2156   0.1125   0   -2.533e+08   1.382e+08   0
34.5   1.392   -0.241   0.1264   0   -2.535e+08   1.383e+08   0
34.6   1.409   -0.2663   0.1402   0   -2.537e+08   1.384e+08   0
34.7   1.425   -0.2917   0.154   0   -2.539e+08   1.384e+08   0
34.8   1.44   -0.3171   0.1679   0   -2.54e+08   1.385e+08   0
34.9   1.454   -0.3425   0.1817   0   -2.542e+08   1.385e+08   0
35   1.467   -0.3679   0.1956   0   -2.543e+08   1.386e+08   0
35.1   1.479   -0.3934   0.2094   0   -2.544e+08   1.386e+08   0
35.2   1.491   -0.4188   0.2233   0   -2.545e+08   1.386e+08   0
35.3   1.501   -0.4443   0.2372   0   -2.546e+08   1.387e+08   0
35.4   1.511   -0.4698   0.251   0   -2.547e+08   1.387e+08   0
35.5   1.52   -0.4952   0.2649   0   -2.548e+08   1.388e+08   0
35.6   1.529   -0.5207   0.2788   0   -2.549e+08   1.388e+08   0
35.7   1.537   -0.5462   0.2927   0   -2.55e+08   1.388e+08   0
35.8   1.544   -0.5717   0.3065   0   -2.55e+08   1.388e+08   0
35.9   1.551   -0.5972   0.3204   0   -2.551e+08   1.389e+08   0
36   1.557   -0.6227   0.3343   0   -2.551e+08   1.389e+08   0
36.1   1.562   -0.6482   0.3482   0   -2.552e+08   1.389e+08   0
36.2   1.565   -0.6738   0.3621   0   -2.552e+08   1.389e+08   0
36.3   1.565   -0.6993   0.376   0   -2.552e+08   1.389e+08   0
36.4   1.565   -0.7248   0.3899   0   -2.552e+08   1.389e+08   0
36.5   1.565   -0.7503   0.4038   0   -2.552e+08   1.389e+08   0
36.6   1.565   -0.7759   0.4177   0   -2.552e+08   1.389e+08   0
36.7   1.565   -0.8014   0.4316   0   -2.552e+08   1.389e+08   0
36.8   1.565   -0.8269   0.4454   0   -2.552e+08   1.389e+08   0
36.9   1.565   -0.8524   0.4593   0   -2.552e+08   1.389e+08   0
37   1.565   -0.8779   0.4732   0   -2.552e+08   1.389e+08   0
37.1   1.565   -0.9035   0.4871   0   -2.552e+08   1.389e+08   0
37.2   1.565   -0.929   0.501   0   -2.552e+08   1.389e+08   0
37.3   1.565   -0.9545   0.5149   0   -2.552e+08   1.389e+08   0
37.4   1.565   -0.98   0.5288   0   -2.552e+08   1.389e+08   0
37.5   1.565   -1.006   0.5427   0   -2.552e+08   1.389e+08   0
37.6   1.565   -1.031   0.5566   0   -2.552e+08   1.389e+08   0
37.7   1.565   -1.057   0.5705   0   -2.552e+08   1.389e+08   0
37.8   1.565   -1.082   0.5844   0   -2.552e+08   1.389e+08   0
37.9   1.565   -1.108   0.5983   0   -2.552e+08   1.389e+08   0
38   1.565   -1.133   0.6121   0   -2.552e+08   1.389e+08   0
38.1   1.565   -1.159   0.626   0   -2.552e+08   1.389e+08   0
38.2   1.565   -1.184   0.6399   0   -2.552e+08   1.389e+08   0
38.3   1.565   -1.21   0.6538   0   -2.552e+08   1.389e+08   0
38.4   1.565   -1.235   0.6677   0   -2.552e+08   1.389e+08   0
38.5   1.565   -1.261   0.6816   0   -2.552e+08   1.389e+08   0
38.6   1.565   -1.286   0.6955   0   -2.552e+08   1.389e+08   0
38.7   1.565   -1.312   0.7094   0   -2.552e+08   1.389e+08   0
38.8   1.565   -1.337   0.7233   0   -2.552e+08   1.389e+08   0
38.9   1.565   -1.363   0.7372   0   -2.552e+08   1.389e+08   0
39   1.565   -1.388   0.7511   0   -2.552e+08   1.389e+08   0
39.1   1.565   -1.414   0.765   0   -2.552e+08   1.389e+08   0
39.2   1.565   -1.439   0.7788   0   -2.552e+08   1.389e+08   0
39.3   1.565   -1.465   0.7927   0   -2.552e+08   1.389e+08   0
39.4   1.565   -1.49   0.8066   0   -2.552e+08   1.389e+08   0
39.5   1.565   -1.516   0.8205   0   -2.552e+08   1.389e+08   0
39.6   1.565   -1.541   0.8344   0   -2.552e+08   1.389e+08   0
39.7   1.565   -1.567   0.8483   0   -2.552e+08   1.389e+08   0
39.8   1.565   -1.593   0.8622   0   -2.552e+08   1.389e+08   0
39.9   1.565   -1.618   0.8761   0   -2.552e+08   1.389e+08   0
40   1.565   -1.644   0.89   0   -2.552e+08   1.389e+08   0
40.1   1.565   -1.669   0.9039   0   -2.552e+08   1.389e+08   0
40.2   1.565   -1.695   0.9178   0   -2.552e+08   1.389e+08   0
40.3   1.565   -1.72   0.9317   0   -2.552e+08   1.389e+08   0
40.4   1.565   -1.746   0.9455   0   -2.552e+08   1.389e+08   0
40.5   1.565   -1.771   0.9594   0   -2.552e+08   1.389e+08   0
40.6   1.565   -1.797   0.9733   0   -2.552e+08   1.389e+08   0
40.7   1.565   -1.822   0.9872   0   -2.552e+08   1.389e+08   0
40.8   1.565   -1.848   1.001   0   -2.552e+08   1.389e+08   0
40.9   1.565   -1.873   1.015   0   -2.552e+08   1.389e+08   0
41   1.565   -1.899   1.029   0   -2.552e+08   1.389e+08   0
41.1   1.565   -1.924   1.043   0   -2.552e+08   1.389e+08   0
41.2   1.565   -1.95   1.057   0   -2.552e+08   1.389e+08   0
41.3   1.565   -1.975   1.071   0   -2.552e+08   1.389e+08   0
41.4   1.565   -2.001   1.084   0   -2.552e+08   1.389e+08   0
41.5   1.565   -2.026   1.098   0   -2.552e+08   1.389e+08   0
41.6   1.565   -2.052   1.112   0   -2.552e+08   1.389e+08   0
41.7   1.565   -2.077   1.126   0   -2.552e+08   1.389e+08   0
41.8   1.565   -2.103   1.14   0   -2.552e+08   1.389e+08   0
41.9   1.565   -2.128   1.154   0   -2.552e+08   1.389e+08   0
42   1.565   -2.154   1.168   0   -2.552e+08   1.389e+08   0
42.1   1.565   -2.18   1.182   0   -2.552e+08   1.389e+08   0
42.2   1.565   -2.205   1.196   0   -2.552e+08   1.389e+08   0
42.3   1.565   -2.231   1.209   0   -2.552e+08   1.389e+08   0
42.4   1.565   -2.256   1.223   0   -2.552e+08   1.389e+08   0
42.5   1.565   -2.282   1.237   0   -2.552e+08   1.389e+08   0
42.6   1.565   -2.307   1.251   0   -2.552e+08   1.389e+08   0
42.7   1.565   -2.333   1.265   0   -2.552e+08   1.389e+08   0
42.8   1.565   -2.358   1.279   0   -2.552e+08   1.389e+08   0
42.9   1.565   -2.384   1.293   0   -2.552e+08   1.389e+08   0
43   1.565   -2.409   1.307   0   -2.552e+08   1.389e+08   0
43.1   1.565   -2.435   1.321   0   -2.552e+08   1.389e+08   0
43.2   1.565   -2.46   1.335   0   -2.552e+08   1.389e+08   0
43.3   1.565   -2.486   1.348   0   -2.552e+08   1.389e+08   0
43.4   1.565   -2.511   1.362   0   -2.552e+08   1.389e+08   0
43.5   1.565   -2.537   1.376   0   -2.552e+08   1.389e+08   0
43.6   1.565   -2.562   1.39   0   -2.552e+08   1.389e+08   0
43.7   1.565   -2.588   1.404   0   -2.552e+08   1.389e+08   0
43.8   1.565   -2.613   1.418   0   -2.552e+08   1.389e+08   0
43.9   1.565   -2.639   1.432   0   -2.552e+08   1.389e+08   0
44   1.565   -2.664   1.446   0   -2.552e+08   1.389e+08   0
44.1   1.565   -2.69   1.46   0   -2.552e+08   1.389e+08   0
44.2   1.565   -2.715   1.473   0   -2.552e+08   1.389e+08   0
44.3   1.565   -2.741   1.487   0   -2.552e+08   1.389e+08   0
44.4   1.565   -2.767   1.501   0   -2.552e+08   1.389e+08   0
44.5   1.565   -2.792   1.515   0   -2.552e+08   1.389e+08   0
44.6   1.565   -2.818   1.529   0   -2.552e+08   1.389e+08   0
44.7   1.565   -2.843   1.543   0   -2.552e+08   1.389e+08   0
44.8   1.565   -2.869   1.557   0   -2.552e+08   1.389e+08   0
44.9   1.565   -2.894   1.571   0   -2.552e+08   1.389e+08   0
45   1.565   -2.92   1.585   0   -2.552e+08   1.389e+08   0
