0   0.04   -0.753   0   0   1.121e+08   0   0
0.1   0.04   -0.753   0   0   1.121e+08   0   0
0.2   0.04   -0.753   0   0   1.121e+08   0   0
0.3   0.04   -0.753   0   0   1.121e+08   0   0
0.4   0.04   -0.753   0   0   1.121e+08   0   0
0.5   0.04   -0.753   0   0   1.121e+08   0   0
0.6   0.04   -0.753   0   0   1.121e+08   0   0
0.7   0.04   -0.753   0   0   1.121e+08   0   0
0.8   0.04   -0.753   0   0   1.121e+08   0   0
0.9   0.04   -0.753   0   0   1.121e+08   0   0
1   0.04   -0.753   0   0   1.121e+08   0   0
1.1   0.04   -0.753   0   0   1.121e+08   0   0
1.2   0.04012   -0.7521   0   0   1.123e+08   0   0
1.3   0.04201   -0.7407   0   0   1.146e+08   0   0
1.4   0.0441   -0.7291   0   0   1.171e+08   0   0
1.5   0.0464   -0.7173   0   0   1.198e+08   0   0
1.6   0.04892   -0.7052   0   0   1.226e+08   0   0
1.7   0.05167   -0.6928   0   0   1.255e+08   0   0
1.8   0.05464   -0.6801   0   0   1.285e+08   0   0
1.9   0.05784   -0.6671   0   0   1.317e+08   0   0
2   0.06128   -0.6537   0   0   1.35e+08   0   0
2.1   0.06495   -0.6401   0   0   1.383e+08   0   0
2.2   0.06887   -0.6261   0   0   1.417e+08   0   0
2.3   0.07301   -0.6117   0   0   1.451e+08   0   0
2.4   0.07739   -0.597   0   0   1.486e+08   0   0
2.5   0.082   -0.582   0   0   1.521e+08   0   0
2.6   0.08683   -0.5666   0   0   1.556e+08   0   0
2.7   0.09188   -0.5509   0   0   1.591e+08   0   0
2.8   0.09712   -0.5348   0   0   1.625e+08   0   0
2.9   0.1026   -0.5184   0   0   1.659e+08   0   0
3   0.1082   -0.5016   0   0   1.693e+08   0   0
3.1   0.1139   -0.4845   0   0   1.726e+08   0   0
3.2   0.1198   -0.4671   0   0   1.758e+08   0   0
3.3   0.1258   -0.4493   0   0   1.789e+08   0   0
3.4   0.1319   -0.4313   0   0   1.819e+08   0   0
3.5   0.1381   -0.413   0   0   1.849e+08   0   0
3.6   0.1442   -0.3943   0   0   1.877e+08   0   0
3.7   0.1504   -0.3754   0   0   1.903e+08   0   0
3.8   0.1564   -0.3563   0   0   1.929e+08   0   0
3.9   0.1624   -0.3369   0   0   1.952e+08   0   0
4   0.1682   -0.3172   0   0   1.975e+08   0   0
4.1   0.1737   -0.2974   0   0   1.995e+08   0   0
4.2   0.1789   -0.2773   0   0   2.014e+08   0   0
4.3   0.1837   -0.2571   0   0   2.031e+08   0   0
4.4   0.188   -0.2367   0   0   2.045e+08   0   0
4.5   0.1916   -0.2162   0   0   2.057e+08   0   0
4.6   0.1944   -0.1956   0   0   2.067e+08   0   0
4.7   0.1952   -0.1749   0   0   2.069e+08   0   0
4.8   0.1952   -0.1542   0   0   2.069e+08   0   0
4.9   0.1952   -0.1335   0   0   2.069e+08   0   0
5   0.1952   -0.1128   0   0   2.069e+08   0   0
5.1   0.1952   -0.09211   0   0   2.069e+08   0   0
5.2   0.1952   -0.07142   0   0   2.069e+08   0   0
5.3   0.1952   -0.05073   0   0   2.069e+08   0   0
5.4   0.1952   -0.03004   0   0   2.069e+08   0   0
5.5   0.1952   -0.009344   0   0   2.069e+08   0   0
5.6   0.1952   0.01135   0   0   2.069e+08   0   0
5.7   0.1952   0.03204   0   0   2.069e+08   0   0
5.8   0.1952   0.05273   0   0   2.069e+08   0   0
5.9   0.1952   0.07342   0   0   2.069e+08   0   0
6   0.1952   0.09411   0   0   2.069e+08   0   0
6.1   0.1952   0.1148   0   0   2.069e+08   0   0
6.2   0.1952   0.1355   0   0   2.069e+08   0   0
6.3   0.1952   0.1562   0   0   2.069e+08   0   0
6.4   0.1952   0.1769   0   0   2.069e+08   0   0
6.5   0.2032   0.1976   0   0   2.094e+08   0   0
6.6   0.2203   0.2188   0   0   2.145e+08   0   0
6.7   0.2366   0.2405   0   0   2.188e+08   0   0
6.8   0.252   0.2626   0   0   2.226e+08   0   0
6.9   0.2666   0.285   0   0   2.26e+08   0   0
7   0.2804   0.3078   0   0   2.289e+08   0   0
7.1   0.2934   0.3308   0   0   2.315e+08   0   0
7.2   0.3057   0.3541   0   0   2.339e+08   0   0
7.3   0.3173   0.3776   0   0   2.359e+08   0   0
7.4   0.3281   0.4012   0   0   2.378e+08   0   0
7.5   0.3383   0.4251   0   0   2.395e+08   0   0
7.6   0.3478   0.4491   0   0   2.409e+08   0   0
7.7   0.3566   0.4733   0   0   2.423e+08   0   0
7.8   0.3648   0.4976   0   0   2.435e+08   0   0
7.9   0.3724   0.522   0   0   2.445e+08   0   0
8   0.3794   0.5465   0   0   2.455e+08   0   0
8.1   0.3858   0.5711   0   0   2.464e+08   0   0
8.2   0.3916   0.5958   0   0   2.471e+08   0   0
8.3   0.3969   0.6205   0   0   2.478e+08   0   0
8.4   0.4016   0.6453   0   0   2.484e+08   0   0
8.5   0.4058   0.6702   0   0   2.489e+08   0   0
8.6   0.4095   0.6951   0   0   2.494e+08   0   0
8.7   0.4127   0.72   0   0   2.497e+08   0   0
8.8   0.4155   0.745   0   0   2.501e+08   0   0
8.9   0.4163   0.7701   0   0   2.502e+08   0   0
9   0.4163   0.7951   0   0   2.502e+08   0   0
9.1   0.4163   0.8201   0   0   2.502e+08   0   0
9.2   0.4163   0.8451   0   0   2.502e+08   0   0
9.3   0.4163   0.8701   0   0   2.502e+08   0   0
9.4   0.4163   0.8951   0   0   2.502e+08   0   0
9.5   0.4163   0.9202   0   0   2.502e+08   0   0
9.6   0.4163   0.9452   0   0   2.502e+08   0   0
9.7   0.4163   0.9702   0   0   2.502e+08   0   0
9.8   0.4163   0.9952   0   0   2.502e+08   0   0
9.9   0.4163   1.02   0   0   2.502e+08   0   0
10   0.4163   1.045   0   0   2.502e+08   0   0
10.1   0.4163   1.07   0   0   2.502e+08   0   0
10.2   0.4163   1.095   0   0   2.502e+08   0   0
10.3   0.4167   1.12   -0.0009937   0   2.474e+08   -3.743e+07   0
10.4   0.4176   1.144   -0.008266   0   2.266e+08   -1.063e+08   0
10.5   0.4185   1.165   -0.02203   0   1.871e+08   -1.664e+08   0
10.6   0.4194   1.181   -0.04114   0   1.322e+08   -2.128e+08   0
10.7   0.4203   1.191   -0.06404   0   6.642e+07   -2.417e+08   0
10.8   0.4212   1.194   -0.08883   0   -4.818e+06   -2.507e+08   0
10.9   0.4221   1.19   -0.1135   0   -7.565e+07   -2.392e+08   0
11   0.423   1.179   -0.136   0   -1.403e+08   -2.081e+08   0
11.1   0.4239   1.162   -0.1545   0   -1.935e+08   -1.6e+08   0
11.2   0.4248   1.141   -0.1675   0   -2.309e+08   -9.888e+07   0
11.3   0.4257   1.117   -0.1739   0   -2.495e+08   -2.973e+07   0
11.4   0.4266   1.092   -0.1733   0   -2.48e+08   4.111e+07   0
11.5   0.4266   1.067   -0.1692   0   -2.48e+08   4.111e+07   0
11.6   0.4266   1.042   -0.1651   0   -2.48e+08   4.111e+07   0
11.7   0.4266   1.017   -0.161   0   -2.48e+08   4.111e+07   0
11.8   0.4266   0.9924   -0.1568   0   -2.48e+08   4.111e+07   0
11.9   0.4266   0.9676   -0.1527   0   -2.48e+08   4.111e+07   0
12   0.4266   0.9428   -0.1486   0   -2.48e+08   4.111e+07   0
12.1   0.4266   0.918   -0.1445   0   -2.48e+08   4.111e+07   0
12.2   0.4266   0.8932   -0.1404   0   -2.48e+08   4.111e+07   0
12.3   0.4266   0.8684   -0.1363   0   -2.48e+08   4.111e+07   0
12.4   0.4266   0.8436   -0.1322   0   -2.48e+08   4.111e+07   0
12.5   0.4266   0.8188   -0.1281   0   -2.48e+08   4.111e+07   0
12.6   0.4266   0.794   -0.124   0   -2.48e+08   4.111e+07   0
12.7   0.4266   0.7692   -0.1198   0   -2.48e+08   4.111e+07   0
12.8   0.4266   0.7444   -0.1157   0   -2.48e+08   4.111e+07   0
12.9   0.431   0.7196   -0.1116   0   -2.485e+08   4.118e+07   0
13   0.4354   0.6947   -0.1075   0   -2.489e+08   4.124e+07   0
13.1   0.4397   0.6698   -0.1034   0   -2.494e+08   4.13e+07   0
13.2   0.4437   0.6448   -0.09924   0   -2.498e+08   4.135e+07   0
13.3   0.4475   0.6198   -0.09511   0   -2.502e+08   4.14e+07   0
13.4   0.4511   0.5948   -0.09096   0   -2.506e+08   4.145e+07   0
13.5   0.4543   0.5697   -0.08682   0   -2.509e+08   4.149e+07   0
13.6   0.4572   0.5446   -0.08267   0   -2.512e+08   4.152e+07   0
13.7   0.4596   0.5195   -0.07851   0   -2.515e+08   4.155e+07   0
13.8   0.4617   0.4943   -0.07436   0   -2.517e+08   4.157e+07   0
13.9   0.4631   0.4691   -0.0702   0   -2.518e+08   4.159e+07   0
14   0.464   0.4439   -0.06604   0   -2.519e+08   4.16e+07   0
14.1   0.4643   0.4187   -0.06188   0   -2.519e+08   4.16e+07   0
14.2   0.4637   0.3936   -0.05772   0   -2.519e+08   4.16e+07   0
14.3   0.4624   0.3684   -0.05356   0   -2.517e+08   4.158e+07   0
14.4   0.4601   0.3432   -0.0494   0   -2.515e+08   4.156e+07   0
14.5   0.4567   0.3181   -0.04525   0   -2.512e+08   4.153e+07   0
14.6   0.4521   0.293   -0.0411   0   -2.507e+08   4.149e+07   0
14.7   0.446   0.2679   -0.03695   0   -2.501e+08   4.145e+07   0
14.8   0.4383   0.243   -0.03281   0   -2.492e+08   4.139e+07   0
14.9   0.4286   0.2181   -0.02867   0   -2.482e+08   4.134e+07   0
15   0.4165   0.1933   -0.02454   0   -2.468e+08   4.128e+07   0
15.1   0.4128   0.1687   -0.02041   0   -2.463e+08   4.126e+07   0
15.2   0.4128   0.1441   -0.01629   0   -2.463e+08   4.126e+07   0
15.3   0.4128   0.1194   -0.01216   0   -2.463e+08   4.126e+07   0
15.4   0.4128   0.09482   -0.008037   0   -2.463e+08   4.126e+07   0
15.5   0.4128   0.07018   -0.003911   0   -2.463e+08   4.126e+07   0
15.6   0.4128   0.04555   0.0002149   0   -2.463e+08   4.126e+07   0
15.7   0.4128   0.02092   0.004341   0   -2.463e+08   4.126e+07   0
15.8   0.4128   -0.00371   0.008467   0   -2.463e+08   4.126e+07   0
15.9   0.4128   -0.02834   0.01259   0   -2.463e+08   4.126e+07   0
16   0.4128   -0.05297   0.01672   0   -2.463e+08   4.126e+07   0
16.1   0.4128   -0.07761   0.02084   0   -2.463e+08   4.126e+07   0
16.2   0.4128   -0.1022   0.02497   0   -2.463e+08   4.126e+07   0
16.3   0.4128   -0.1269   0.0291   0   -2.463e+08   4.126e+07   0
16.4   0.4128   -0.1515   0.03322   0   -2.463e+08   4.126e+07   0
16.5   0.4128   -0.1761   0.03735   0   -2.463e+08   4.126e+07   0
16.6   0.4281   -0.2008   0.04149   0   -2.48e+08   4.178e+07   0
16.7   0.4489   -0.2257   0.0457   0   -2.502e+08   4.242e+07   0
16.8   0.4673   -0.2509   0.04997   0   -2.52e+08   4.293e+07   0
16.9   0.4838   -0.2761   0.05429   0   -2.535e+08   4.335e+07   0
17   0.4986   -0.3016   0.05864   0   -2.548e+08   4.369e+07   0
17.1   0.5119   -0.3271   0.06302   0   -2.56e+08   4.398e+07   0
17.2   0.5239   -0.3527   0.06744   0   -2.569e+08   4.423e+07   0
17.3   0.5345   -0.3785   0.07187   0   -2.577e+08   4.443e+07   0
17.4   0.5441   -0.4043   0.07632   0   -2.585e+08   4.461e+07   0
17.5   0.5526   -0.4302   0.08079   0   -2.591e+08   4.476e+07   0
17.6   0.5602   -0.4561   0.08527   0   -2.596e+08   4.489e+07   0
17.7   0.5669   -0.4821   0.08977   0   -2.601e+08   4.5e+07   0
17.8   0.5728   -0.5081   0.09427   0   -2.605e+08   4.509e+07   0
17.9   0.5778   -0.5342   0.09878   0   -2.608e+08   4.517e+07   0
18   0.5822   -0.5603   0.1033   0   -2.611e+08   4.523e+07   0
18.1   0.5859   -0.5864   0.1078   0   -2.614e+08   4.529e+07   0
18.2   0.5889   -0.6126   0.1124   0   -2.616e+08   4.533e+07   0
18.3   0.5913   -0.6387   0.1169   0   -2.617e+08   4.536e+07   0
18.4   0.5932   -0.6649   0.1214   0   -2.619e+08   4.539e+07   0
18.5   0.5945   -0.6911   0.126   0   -2.619e+08   4.541e+07   0
18.6   0.5953   -0.7173   0.1305   0   -2.62e+08   4.542e+07   0
18.7   0.5957   -0.7435   0.1351   0   -2.62e+08   4.543e+07   0
18.8   0.5957   -0.7697   0.1396   0   -2.62e+08   4.543e+07   0
18.9   0.5957   -0.7959   0.1441   0   -2.62e+08   4.543e+07   0
19   0.5957   -0.8221   0.1487   0   -2.62e+08   4.543e+07   0
19.1   0.5957   -0.8483   0.1532   0   -2.62e+08   4.543e+07   0
19.2   0.5957   -0.8745   0.1578   0   -2.62e+08   4.543e+07   0
19.3   0.5957   -0.9007   0.1623   0   -2.62e+08   4.543e+07   0
19.4   0.5957   -0.9269   0.1669   0   -2.62e+08   4.543e+07   0
19.5   0.5957   -0.9531   0.1714   0   -2.62e+08   4.543e+07   0
19.6   0.5957   -0.9793   0.1759   0   -2.62e+08   4.543e+07   0
19.7   0.5957   -1.006   0.1805   0   -2.62e+08   4.543e+07   0
19.8   0.5957   -1.032   0.185   0   -2.62e+08   4.543e+07   0
19.9   0.5957   -1.058   0.1896   0   -2.62e+08   4.543e+07   0
20   0.5957   -1.084   0.1941   0   -2.62e+08   4.543e+07   0
20.1   0.5957   -1.11   0.1987   0   -2.62e+08   4.543e+07   0
20.2   0.5961   -1.136   0.2034   0   -2.582e+08   6.356e+07   0
20.3   0.5982   -1.161   0.2137   0   -2.258e+08   1.408e+08   0
20.4   0.6002   -1.181   0.2312   0   -1.71e+08   2.041e+08   0
20.5   0.6023   -1.194   0.2539   0   -9.937e+07   2.471e+08   0
20.6   0.6044   -1.2   0.2798   0   -1.804e+07   2.659e+08   0
20.7   0.6065   -1.198   0.3062   0   6.498e+07   2.586e+08   0
20.8   0.6085   -1.187   0.3307   0   1.416e+08   2.261e+08   0
20.9   0.6106   -1.17   0.3507   0   2.044e+08   1.716e+08   0
21   0.6127   -1.147   0.3644   0   2.473e+08   1.006e+08   0
21.1   0.6148   -1.121   0.3704   0   2.664e+08   1.99e+07   0
21.2   0.6169   -1.095   0.3682   0   2.598e+08   -6.262e+07   0
21.3   0.6176   -1.069   0.3598   0   2.524e+08   -8.811e+07   0
21.4   0.6176   -1.044   0.351   0   2.524e+08   -8.811e+07   0
21.5   0.6176   -1.019   0.3422   0   2.524e+08   -8.811e+07   0
21.6   0.6176   -0.9937   0.3334   0   2.524e+08   -8.811e+07   0
21.7   0.6176   -0.9685   0.3245   0   2.524e+08   -8.811e+07   0
21.8   0.6176   -0.9432   0.3157   0   2.524e+08   -8.811e+07   0
21.9   0.6176   -0.918   0.3069   0   2.524e+08   -8.811e+07   0
22   0.6176   -0.8927   0.2981   0   2.524e+08   -8.811e+07   0
22.1   0.6176   -0.8675   0.2893   0   2.524e+08   -8.811e+07   0
22.2   0.6176   -0.8423   0.2805   0   2.524e+08   -8.811e+07   0
22.3   0.6176   -0.817   0.2717   0   2.524e+08   -8.811e+07   0
22.4   0.6176   -0.7918   0.2629   0   2.524e+08   -8.811e+07   0
22.5   0.6176   -0.7666   0.2541   0   2.524e+08   -8.811e+07   0
22.6   0.6176   -0.7413   0.2452   0   2.524e+08   -8.811e+07   0
22.7   0.6176   -0.7161   0.2364   0   2.524e+08   -8.811e+07   0
22.8   0.6202   -0.6908   0.2276   0   2.525e+08   -8.815e+07   0
22.9   0.6226   -0.6656   0.2188   0   2.527e+08   -8.818e+07   0
23   0.6246   -0.6403   0.21   0   2.528e+08   -8.821e+07   0
23.1   0.6263   -0.615   0.2012   0   2.529e+08   -8.824e+07   0
23.2   0.6275   -0.5897   0.1923   0   2.529e+08   -8.825e+07   0
23.3   0.6282   -0.5644   0.1835   0   2.53e+08   -8.826e+07   0
23.4   0.6284   -0.5391   0.1747   0   2.53e+08   -8.827e+07   0
23.5   0.628   -0.5138   0.1659   0   2.53e+08   -8.826e+07   0
23.6   0.627   -0.4885   0.157   0   2.529e+08   -8.825e+07   0
23.7   0.6253   -0.4633   0.1482   0   2.528e+08   -8.823e+07   0
23.8   0.6228   -0.438   0.1394   0   2.527e+08   -8.82e+07   0
23.9   0.6194   -0.4127   0.1306   0   2.525e+08   -8.816e+07   0
24   0.6151   -0.3875   0.1218   0   2.522e+08   -8.811e+07   0
24.1   0.6098   -0.3623   0.1129   0   2.519e+08   -8.805e+07   0
24.2   0.6033   -0.3371   0.1041   0   2.515e+08   -8.798e+07   0
24.3   0.5955   -0.312   0.09535   0   2.51e+08   -8.79e+07   0
24.4   0.5862   -0.2869   0.08657   0   2.503e+08   -8.781e+07   0
24.5   0.5752   -0.2619   0.07779   0   2.496e+08   -8.771e+07   0
24.6   0.5622   -0.237   0.06902   0   2.486e+08   -8.761e+07   0
24.7   0.5469   -0.2122   0.06027   0   2.475e+08   -8.751e+07   0
24.8   0.5288   -0.1875   0.05152   0   2.46e+08   -8.742e+07   0
24.9   0.5237   -0.163   0.04278   0   2.456e+08   -8.74e+07   0
25   0.5237   -0.1384   0.03404   0   2.456e+08   -8.74e+07   0
25.1   0.5237   -0.1139   0.0253   0   2.456e+08   -8.74e+07   0
25.2   0.5237   -0.0893   0.01656   0   2.456e+08   -8.74e+07   0
25.3   0.5237   -0.06474   0.007822   0   2.456e+08   -8.74e+07   0
25.4   0.5237   -0.04018   -0.0009179   0   2.456e+08   -8.74e+07   0
25.5   0.5237   -0.01562   -0.009658   0   2.456e+08   -8.74e+07   0
25.6   0.5237   0.008939   -0.0184   0   2.456e+08   -8.74e+07   0
25.7   0.5237   0.0335   -0.02714   0   2.456e+08   -8.74e+07   0
25.8   0.5237   0.05806   -0.03588   0   2.456e+08   -8.74e+07   0
25.9   0.5237   0.08262   -0.04462   0   2.456e+08   -8.74e+07   0
26   0.5237   0.1072   -0.05336   0   2.456e+08   -8.74e+07   0
26.1   0.5237   0.1317   -0.0621   0   2.456e+08   -8.74e+07   0
26.2   0.5237   0.1563   -0.07084   0   2.456e+08   -8.74e+07   0
26.3   0.5316   0.1809   -0.07959   0   2.461e+08   -8.78e+07   0
26.4   0.5521   0.2055   -0.08842   0   2.475e+08   -8.874e+07   0
26.5   0.5697   0.2303   -0.09733   0   2.485e+08   -8.948e+07   0
26.6   0.5851   0.2553   -0.1063   0   2.495e+08   -9.007e+07   0
26.7   0.5984   0.2802   -0.1153   0   2.502e+08   -9.055e+07   0
26.8   0.61   0.3053   -0.1244   0   2.509e+08   -9.093e+07   0
26.9   0.6202   0.3304   -0.1335   0   2.514e+08   -9.125e+07   0
27   0.6289   0.3556   -0.1427   0   2.519e+08   -9.152e+07   0
27.1   0.6365   0.3808   -0.1518   0   2.523e+08   -9.173e+07   0
27.2   0.643   0.406   -0.161   0   2.526e+08   -9.191e+07   0
27.3   0.6484   0.4313   -0.1702   0   2.529e+08   -9.206e+07   0
27.4   0.653   0.4566   -0.1794   0   2.531e+08   -9.218e+07   0
27.5   0.6567   0.4819   -0.1886   0   2.533e+08   -9.227e+07   0
27.6   0.6597   0.5072   -0.1979   0   2.534e+08   -9.235e+07   0
27.7   0.662   0.5326   -0.2071   0   2.535e+08   -9.24e+07   0
27.8   0.6636   0.558   -0.2164   0   2.536e+08   -9.244e+07   0
27.9   0.6646   0.5833   -0.2256   0   2.537e+08   -9.246e+07   0
28   0.665   0.6087   -0.2348   0   2.537e+08   -9.247e+07   0
28.1   0.6649   0.6341   -0.2441   0   2.537e+08   -9.247e+07   0
28.2   0.6644   0.6594   -0.2533   0   2.537e+08   -9.246e+07   0
28.3   0.6634   0.6848   -0.2626   0   2.536e+08   -9.244e+07   0
28.4   0.6625   0.7101   -0.2718   0   2.536e+08   -9.242e+07   0
28.5   0.6625   0.7355   -0.2811   0   2.536e+08   -9.242e+07   0
28.6   0.6625   0.7609   -0.2903   0   2.536e+08   -9.242e+07   0
28.7   0.6625   0.7862   -0.2996   0   2.536e+08   -9.242e+07   0
28.8   0.6625   0.8116   -0.3088   0   2.536e+08   -9.242e+07   0
28.9   0.6625   0.8369   -0.318   0   2.536e+08   -9.242e+07   0
29   0.6625   0.8623   -0.3273   0   2.536e+08   -9.242e+07   0
29.1   0.6625   0.8876   -0.3365   0   2.536e+08   -9.242e+07   0
29.2   0.6625   0.913   -0.3458   0   2.536e+08   -9.242e+07   0
29.3   0.6625   0.9383   -0.355   0   2.536e+08   -9.242e+07   0
29.4   0.6625   0.9637   -0.3642   0   2.536e+08   -9.242e+07   0
29.5   0.6625   0.9891   -0.3735   0   2.536e+08   -9.242e+07   0
29.6   0.6625   1.014   -0.3827   0   2.536e+08   -9.242e+07   0
29.7   0.6625   1.04   -0.392   0   2.536e+08   -9.242e+07   0
29.8   0.6625   1.065   -0.4012   0   2.536e+08   -9.242e+07   0
29.9   0.6638   1.09   -0.411   0   2.392e+08   -1.251e+08   0
30   0.6682   1.111   -0.4281   0   1.692e+08   -2.106e+08   0
30.1   0.6725   1.123   -0.452   0   7.104e+07   -2.609e+08   0
30.2   0.6768   1.125   -0.4788   0   -3.871e+07   -2.679e+08   0
30.3   0.6812   1.115   -0.5041   0   -1.419e+08   -2.307e+08   0
30.4   0.6856   1.097   -0.5237   0   -2.217e+08   -1.56e+08   0
30.5   0.69   1.072   -0.5344   0   -2.654e+08   -5.61e+07   0
30.6   0.6945   1.045   -0.5345   0   -2.664e+08   5.263e+07   0
30.7   0.6979   1.02   -0.5243   0   -2.384e+08   1.304e+08   0
30.8   0.6979   0.9964   -0.5113   0   -2.384e+08   1.304e+08   0
30.9   0.6979   0.9726   -0.4982   0   -2.384e+08   1.304e+08   0
31   0.6979   0.9487   -0.4852   0   -2.384e+08   1.304e+08   0
31.1   0.6979   0.9249   -0.4721   0   -2.384e+08   1.304e+08   0
31.2   0.6979   0.9011   -0.4591   0   -2.384e+08   1.304e+08   0
31.3   0.6979   0.8772   -0.4461   0   -2.384e+08   1.304e+08   0
31.4   0.6979   0.8534   -0.433   0   -2.384e+08   1.304e+08   0
31.5   0.6979   0.8296   -0.42   0   -2.384e+08   1.304e+08   0
31.6   0.6979   0.8057   -0.4069   0   -2.384e+08   1.304e+08   0
31.7   0.6979   0.7819   -0.3939   0   -2.384e+08   1.304e+08   0
31.8   0.6979   0.7581   -0.3809   0   -2.384e+08   1.304e+08   0
31.9   0.6979   0.7342   -0.3678   0   -2.384e+08   1.304e+08   0
32   0.6979   0.7104   -0.3548   0   -2.384e+08   1.304e+08   0
32.1   0.6979   0.6866   -0.3417   0   -2.384e+08   1.304e+08   0
32.2   0.699   0.6627   -0.3287   0   -2.384e+08   1.304e+08   0
32.3   0.7009   0.6389   -0.3156   0   -2.385e+08   1.304e+08   0
32.4   0.7025   0.615   -0.3026   0   -2.386e+08   1.305e+08   0
32.5   0.7037   0.5912   -0.2896   0   -2.386e+08   1.305e+08   0
32.6   0.7044   0.5673   -0.2765   0   -2.387e+08   1.305e+08   0
32.7   0.7046   0.5434   -0.2635   0   -2.387e+08   1.305e+08   0
32.8   0.7042   0.5196   -0.2504   0   -2.387e+08   1.305e+08   0
32.9   0.7033   0.4957   -0.2374   0   -2.386e+08   1.305e+08   0
33   0.7017   0.4718   -0.2243   0   -2.385e+08   1.305e+08   0
33.1   0.6993   0.448   -0.2113   0   -2.384e+08   1.304e+08   0
33.2   0.6962   0.4242   -0.1982   0   -2.383e+08   1.304e+08   0
33.3   0.6922   0.4003   -0.1852   0   -2.38e+08   1.304e+08   0
33.4   0.6873   0.3766   -0.1721   0   -2.378e+08   1.303e+08   0
33.5   0.6813   0.3528   -0.1591   0   -2.375e+08   1.303e+08   0
33.6   0.6741   0.3291   -0.1461   0   -2.371e+08   1.303e+08   0
33.7   0.6656   0.3054   -0.1331   0   -2.366e+08   1.302e+08   0
33.8   0.6556   0.2818   -0.12   0   -2.359e+08   1.302e+08   0
33.9   0.6439   0.2582   -0.107   0   -2.352e+08   1.302e+08   0
34   0.6303   0.2347   -0.09399   0   -2.343e+08   1.303e+08   0
34.1   0.6144   0.2114   -0.08096   0   -2.331e+08   1.304e+08   0
34.2   0.5957   0.1881   -0.06791   0   -2.317e+08   1.305e+08   0
34.3   0.5863   0.165   -0.05485   0   -2.309e+08   1.307e+08   0
34.4   0.5863   0.1419   -0.04178   0   -2.309e+08   1.307e+08   0
34.5   0.5863   0.1188   -0.02871   0   -2.309e+08   1.307e+08   0
34.6   0.5863   0.09574   -0.01564   0   -2.309e+08   1.307e+08   0
34.7   0.5863   0.07265   -0.002575   0   -2.309e+08   1.307e+08   0
34.8   0.5863   0.04956   0.01049   0   -2.309e+08   1.307e+08   0
34.9   0.5863   0.02648   0.02356   0   -2.309e+08   1.307e+08   0
35   0.5863   0.003388   0.03663   0   -2.309e+08   1.307e+08   0
35.1   0.5863   -0.0197   0.0497   0   -2.309e+08   1.307e+08   0
35.2   0.5863   -0.04279   0.06277   0   -2.309e+08   1.307e+08   0
35.3   0.5863   -0.06588   0.07583   0   -2.309e+08   1.307e+08   0
35.4   0.5863   -0.08896   0.0889   0   -2.309e+08   1.307e+08   0
35.5   0.5863   -0.1121   0.102   0   -2.309e+08   1.307e+08   0
35.6   0.5863   -0.1351   0.115   0   -2.309e+08   1.307e+08   0
35.7   0.599   -0.1582   0.1281   0   -2.313e+08   1.317e+08   0
35.8   0.6183   -0.1814   0.1414   0   -2.319e+08   1.331e+08   0
35.9   0.635   -0.2046   0.1547   0   -2.324e+08   1.341e+08   0
36   0.6494   -0.2279   0.1682   0   -2.329e+08   1.35e+08   0
36.1   0.6619   -0.2512   0.1817   0   -2.333e+08   1.356e+08   0
36.2   0.6728   -0.2745   0.1953   0   -2.336e+08   1.362e+08   0
36.3   0.6821   -0.2979   0.209   0   -2.339e+08   1.366e+08   0
36.4   0.6901   -0.3213   0.2226   0   -2.342e+08   1.37e+08   0
36.5   0.697   -0.3448   0.2363   0   -2.344e+08   1.373e+08   0
36.6   0.7028   -0.3682   0.2501   0   -2.346e+08   1.375e+08   0
36.7   0.7076   -0.3917   0.2638   0   -2.348e+08   1.377e+08   0
36.8   0.7115   -0.4152   0.2776   0   -2.349e+08   1.378e+08   0
36.9   0.7146   -0.4387   0.2914   0   -2.35e+08   1.379e+08   0
37   0.717   -0.4622   0.3052   0   -2.351e+08   1.38e+08   0
37.1   0.7186   -0.4857   0.319   0   -2.351e+08   1.381e+08   0
37.2   0.7197   -0.5092   0.3328   0   -2.352e+08   1.381e+08   0
37.3   0.7202   -0.5327   0.3466   0   -2.352e+08   1.381e+08   0
37.4   0.7201   -0.5562   0.3605   0   -2.352e+08   1.381e+08   0
37.5   0.7196   -0.5797   0.3743   0   -2.352e+08   1.381e+08   0
37.6   0.7186   -0.6032   0.3881   0   -2.351e+08   1.381e+08   0
37.7   0.7172   -0.6268   0.4019   0   -2.351e+08   1.38e+08   0
37.8   0.7167   -0.6503   0.4157   0   -2.351e+08   1.38e+08   0
37.9   0.7167   -0.6738   0.4295   0   -2.351e+08   1.38e+08   0
38   0.7167   -0.6973   0.4433   0   -2.351e+08   1.38e+08   0
38.1   0.7167   -0.7208   0.4571   0   -2.351e+08   1.38e+08   0
38.2   0.7167   -0.7443   0.4709   0   -2.351e+08   1.38e+08   0
38.3   0.7167   -0.7678   0.4847   0   -2.351e+08   1.38e+08   0
38.4   0.7167   -0.7913   0.4985   0   -2.351e+08   1.38e+08   0
38.5   0.7167   -0.8148   0.5123   0   -2.351e+08   1.38e+08   0
38.6   0.7167   -0.8383   0.5261   0   -2.351e+08   1.38e+08   0
38.7   0.7167   -0.8618   0.5399   0   -2.351e+08   1.38e+08   0
38.8   0.7167   -0.8853   0.5537   0   -2.351e+08   1.38e+08   0
38.9   0.7167   -0.9088   0.5675   0   -2.351e+08   1.38e+08   0
39   0.7167   -0.9323   0.5813   0   -2.351e+08   1.38e+08   0
39.1   0.7167   -0.9558   0.5951   0   -2.351e+08   1.38e+08   0
39.2   0.7167   -0.9793   0.6089   0   -2.351e+08   1.38e+08   0
39.3   0.7167   -1.003   0.6227   0   -2.351e+08   1.38e+08   0
39.4   0.7167   -1.026   0.6365   0   -2.351e+08   1.38e+08   0
39.5   0.7167   -1.05   0.6503   0   -2.351e+08   1.38e+08   0
39.6   0.7167   -1.073   0.6641   0   -2.351e+08   1.38e+08   0
39.7   0.7167   -1.097   0.6779   0   -2.351e+08   1.38e+08   0
39.8   0.7167   -1.12   0.6918   0   -2.351e+08   1.38e+08   0
39.9   0.7167   -1.144   0.7056   0   -2.351e+08   1.38e+08   0
40   0.7167   -1.167   0.7194   0   -2.351e+08   1.38e+08   0
40.1   0.7167   -1.191   0.7332   0   -2.351e+08   1.38e+08   0
40.2   0.7167   -1.214   0.747   0   -2.351e+08   1.38e+08   0
40.3   0.7167   -1.238   0.7608   0   -2.351e+08   1.38e+08   0
40.4   0.7167   -1.261   0.7746   0   -2.351e+08   1.38e+08   0
40.5   0.7167   -1.285   0.7884   0   -2.351e+08   1.38e+08   0
40.6   0.7167   -1.308   0.8022   0   -2.351e+08   1.38e+08   0
40.7   0.7167   -1.332   0.816   0   -2.351e+08   1.38e+08   0
40.8   0.7167   -1.355   0.8298   0   -2.351e+08   1.38e+08   0
40.9   0.7167   -1.379   0.8436   0   -2.351e+08   1.38e+08   0
41   0.7167   -1.402   0.8574   0   -2.351e+08   1.38e+08   0
41.1   0.7167   -1.426   0.8712   0   -2.351e+08   1.38e+08   0
41.2   0.7167   -1.449   0.885   0   -2.351e+08   1.38e+08   0
41.3   0.7167   -1.473   0.8988   0   -2.351e+08   1.38e+08   0
41.4   0.7167   -1.496   0.9126   0   -2.351e+08   1.38e+08   0
41.5   0.7167   -1.52   0.9264   0   -2.351e+08   1.38e+08   0
41.6   0.7167   -1.543   0.9402   0   -2.351e+08   1.38e+08   0
41.7   0.7167   -1.567   0.954   0   -2.351e+08   1.38e+08   0
41.8   0.7167   -1.59   0.9678   0   -2.351e+08   1.38e+08   0
41.9   0.7167   -1.614   0.9816   0   -2.351e+08   1.38e+08   0
42   0.7167   -1.638   0.9954   0   -2.351e+08   1.38e+08   0
42.1   0.7167   -1.661   1.009   0   -2.351e+08   1.38e+08   0
42.2   0.7167   -1.685   1.023   0   -2.351e+08   1.38e+08   0
42.3   0.7167   -1.708   1.037   0   -2.351e+08   1.38e+08   0
42.4   0.7167   -1.732   1.051   0   -2.351e+08   1.38e+08   0
42.5   0.7167   -1.755   1.064   0   -2.351e+08   1.38e+08   0
42.6   0.7167   -1.779   1.078   0   -2.351e+08   1.38e+08   0
42.7   0.7167   -1.802   1.092   0   -2.351e+08   1.38e+08   0
42.8   0.7167   -1.826   1.106   0   -2.351e+08   1.38e+08   0
42.9   0.7167   -1.849   1.12   0   -2.351e+08   1.38e+08   0
43   0.7167   -1.873   1.133   0   -2.351e+08   1.38e+08   0
43.1   0.7167   -1.896   1.147   0   -2.351e+08   1.38e+08   0
43.2   0.7167   -1.92   1.161   0   -2.351e+08   1.38e+08   0
43.3   0.7167   -1.943   1.175   0   -2.351e+08   1.38e+08   0
43.4   0.7167   -1.967   1.189   0   -2.351e+08   1.38e+08   0
43.5   0.7167   -1.99   1.202   0   -2.351e+08   1.38e+08   0
43.6   0.7167   -2.014   1.216   0   -2.351e+08   1.38e+08   0
43.7   0.7167   -2.037   1.23   0   -2.351e+08   1.38e+08   0
43.8   0.7167   -2.061   1.244   0   -2.351e+08   1.38e+08   0
43.9   0.7167   -2.084   1.258   0   -2.351e+08   1.38e+08   0
44   0.7167   -2.108   1.271   0   -2.351e+08   1.38e+08   0
44.1   0.7167   -2.131   1.285   0   -2.351e+08   1.38e+08   0
44.2   0.7167   -2.155   1.299   0   -2.351e+08   1.38e+08   0
44.3   0.7167   -2.178   1.313   0   -2.351e+08   1.38e+08   0
44.4   0.7167   -2.202   1.327   0   -2.351e+08   1.38e+08   0
44.5   0.7167   -2.225   1.34   0   -2.351e+08   1.38e+08   0
44.6   0.7167   -2.249   1.354   0   -2.351e+08   1.38e+08   0
44.7   0.7167   -2.272   1.368   0   -2.351e+08   1.38e+08   0
44.8   0.7167   -2.296   1.382   0   -2.351e+08   1.38e+08   0
44.9   0.7167   -2.319   1.396   0   -2.351e+08   1.38e+08   0
45   0.7167   -2.343   1.41   0   -2.351e+08   1.38e+08   0
