0   0.04   -0.753   0   0   1.121e+08   0   0
0.1   0.04   -0.753   0   0   1.121e+08   0   0
0.2   0.04   -0.753   0   0   1.121e+08   0   0
0.3   0.04   -0.753   0   0   1.121e+08   0   0
0.4   0.04   -0.753   0   0   1.121e+08   0   0
0.5   0.04   -0.753   0   0   1.121e+08   0   0
0.6   0.04   -0.753   0   0   1.121e+08   0   0
0.7   0.04   -0.753   0   0   1.121e+08   0   0
0.8   0.04   -0.753   0   0   1.121e+08   0   0
0.9   0.04   -0.753   0   0   1.121e+08   0   0
1   0.04   -0.753   0   0   1.121e+08   0   0
1.1   0.04   -0.753   0   0   1.121e+08   0   0
1.2   0.04   -0.753   0   0   1.121e+08   0   0
1.3   0.04162   -0.7431   0   0   1.141e+08   0   0
1.4   0.0437   -0.7316   0   0   1.166e+08   0   0
1.5   0.04598   -0.7198   0   0   1.193e+08   0   0
1.6   0.04848   -0.7077   0   0   1.221e+08   0   0
1.7   0.05121   -0.6954   0   0   1.25e+08   0   0
1.8   0.05416   -0.6827   0   0   1.281e+08   0   0
1.9   0.05733   -0.6697   0   0   1.312e+08   0   0
2   0.06075   -0.6565   0   0   1.345e+08   0   0
2.1   0.06439   -0.6428   0   0   1.378e+08   0   0
2.2   0.06827   -0.6289   0   0   1.412e+08   0   0
2.3   0.07238   -0.6146   0   0   1.446e+08   0   0
2.4   0.07673   -0.6   0   0   1.481e+08   0   0
2.5   0.0813   -0.585   0   0   1.516e+08   0   0
2.6   0.08609   -0.5696   0   0   1.551e+08   0   0
2.7   0.09109   -0.554   0   0   1.585e+08   0   0
2.8   0.09629   -0.5379   0   0   1.62e+08   0   0
2.9   0.1017   -0.5216   0   0   1.654e+08   0   0
3   0.1072   -0.5049   0   0   1.687e+08   0   0
3.1   0.1129   -0.4878   0   0   1.72e+08   0   0
3.2   0.1188   -0.4704   0   0   1.752e+08   0   0
3.3   0.1247   -0.4528   0   0   1.783e+08   0   0
3.4   0.1307   -0.4348   0   0   1.814e+08   0   0
3.5   0.1368   -0.4165   0   0   1.843e+08   0   0
3.6   0.1429   -0.3979   0   0   1.871e+08   0   0
3.7   0.149   -0.3791   0   0   1.897e+08   0   0
3.8   0.1549   -0.36   0   0   1.922e+08   0   0
3.9   0.1608   -0.3406   0   0   1.946e+08   0   0
4   0.1665   -0.3211   0   0   1.968e+08   0   0
4.1   0.1719   -0.3013   0   0   1.989e+08   0   0
4.2   0.1771   -0.2813   0   0   2.008e+08   0   0
4.3   0.1818   -0.2611   0   0   2.024e+08   0   0
4.4   0.186   -0.2408   0   0   2.039e+08   0   0
4.5   0.1895   -0.2204   0   0   2.051e+08   0   0
4.6   0.1922   -0.1998   0   0   2.06e+08   0   0
4.7   0.1934   -0.1792   0   0   2.063e+08   0   0
4.8   0.1934   -0.1586   0   0   2.063e+08   0   0
4.9   0.1934   -0.1379   0   0   2.063e+08   0   0
5   0.1934   -0.1173   0   0   2.063e+08   0   0
5.1   0.1934   -0.09665   0   0   2.063e+08   0   0
5.2   0.1934   -0.07602   0   0   2.063e+08   0   0
5.3   0.1934   -0.05539   0   0   2.063e+08   0   0
5.4   0.1934   -0.03475   0   0   2.063e+08   0   0
5.5   0.1934   -0.01412   0   0   2.063e+08   0   0
5.6   0.1934   0.006513   0   0   2.063e+08   0   0
5.7   0.1934   0.02715   0   0   2.063e+08   0   0
5.8   0.1934   0.04778   0   0   2.063e+08   0   0
5.9   0.1934   0.06841   0   0   2.063e+08   0   0
6   0.1934   0.08905   0   0   2.063e+08   0   0
6.1   0.1934   0.1097   0   0   2.063e+08   0   0
6.2   0.1934   0.1303   0   0   2.063e+08   0   0
6.3   0.1934   0.1509   0   0   2.063e+08   0   0
6.4   0.1934   0.1716   0   0   2.063e+08   0   0
6.5   0.1968   0.1922   0   0   2.074e+08   0   0
6.6   0.2142   0.2132   0   0   2.127e+08   0   0
6.7   0.2308   0.2347   0   0   2.173e+08   0   0
6.8   0.2465   0.2567   0   0   2.213e+08   0   0
6.9   0.2613   0.279   0   0   2.248e+08   0   0
7   0.2753   0.3016   0   0   2.279e+08   0   0
7.1   0.2886   0.3246   0   0   2.306e+08   0   0
7.2   0.301   0.3477   0   0   2.33e+08   0   0
7.3   0.3128   0.3712   0   0   2.351e+08   0   0
7.4   0.3238   0.3948   0   0   2.371e+08   0   0
7.5   0.3341   0.4186   0   0   2.388e+08   0   0
7.6   0.3437   0.4425   0   0   2.403e+08   0   0
7.7   0.3526   0.4666   0   0   2.417e+08   0   0
7.8   0.3609   0.4908   0   0   2.429e+08   0   0
7.9   0.3686   0.5152   0   0   2.44e+08   0   0
8   0.3756   0.5396   0   0   2.45e+08   0   0
8.1   0.3821   0.5642   0   0   2.459e+08   0   0
8.2   0.388   0.5888   0   0   2.467e+08   0   0
8.3   0.3933   0.6135   0   0   2.473e+08   0   0
8.4   0.3981   0.6383   0   0   2.479e+08   0   0
8.5   0.4023   0.6631   0   0   2.485e+08   0   0
8.6   0.4061   0.688   0   0   2.489e+08   0   0
8.7   0.4093   0.7129   0   0   2.493e+08   0   0
8.8   0.4121   0.7378   0   0   2.497e+08   0   0
8.9   0.4135   0.7628   0   0   2.498e+08   0   0
9   0.4135   0.7878   0   0   2.498e+08   0   0
9.1   0.4135   0.8128   0   0   2.498e+08   0   0
9.2   0.4135   0.8378   0   0   2.498e+08   0   0
9.3   0.4135   0.8628   0   0   2.498e+08   0   0
9.4   0.4135   0.8877   0   0   2.498e+08   0   0
9.5   0.4135   0.9127   0   0   2.498e+08   0   0
9.6   0.4135   0.9377   0   0   2.498e+08   0   0
9.7   0.4135   0.9627   0   0   2.498e+08   0   0
9.8   0.4135   0.9877   0   0   2.498e+08   0   0
9.9   0.4135   1.013   0   0   2.498e+08   0   0
10   0.4135   1.038   0   0   2.498e+08   0   0
10.1   0.4135   1.063   0   0   2.498e+08   0   0
10.2   0.4135   1.088   0   0   2.498e+08   0   0
10.3   0.4137   1.113   -0.0001671   0   2.494e+08   -1.519e+07   0
10.4   0.4146   1.137   -0.005286   0   2.348e+08   -8.578e+07   0
10.5   0.4155   1.159   -0.01715   0   2.007e+08   -1.492e+08   0
10.6   0.4164   1.176   -0.03478   0   1.499e+08   -2.003e+08   0
10.7   0.4173   1.188   -0.0567   0   8.671e+07   -2.348e+08   0
10.8   0.4181   1.194   -0.08111   0   1.637e+07   -2.498e+08   0
10.9   0.419   1.192   -0.106   0   -5.531e+07   -2.443e+08   0
11   0.4199   1.183   -0.1293   0   -1.224e+08   -2.186e+08   0
11.1   0.4208   1.167   -0.1491   0   -1.795e+08   -1.75e+08   0
11.2   0.4217   1.147   -0.1638   0   -2.218e+08   -1.17e+08   0
11.3   0.4226   1.124   -0.1721   0   -2.46e+08   -4.95e+07   0
11.4   0.4235   1.099   -0.1734   0   -2.5e+08   2.209e+07   0
11.5   0.4238   1.074   -0.1696   0   -2.476e+08   4.135e+07   0
11.6   0.4238   1.049   -0.1654   0   -2.476e+08   4.135e+07   0
11.7   0.4238   1.024   -0.1613   0   -2.476e+08   4.135e+07   0
11.8   0.4238   0.9995   -0.1572   0   -2.476e+08   4.135e+07   0
11.9   0.4238   0.9747   -0.153   0   -2.476e+08   4.135e+07   0
12   0.4238   0.95   -0.1489   0   -2.476e+08   4.135e+07   0
12.1   0.4238   0.9252   -0.1448   0   -2.476e+08   4.135e+07   0
12.2   0.4238   0.9004   -0.1406   0   -2.476e+08   4.135e+07   0
12.3   0.4238   0.8757   -0.1365   0   -2.476e+08   4.135e+07   0
12.4   0.4238   0.8509   -0.1323   0   -2.476e+08   4.135e+07   0
12.5   0.4238   0.8262   -0.1282   0   -2.476e+08   4.135e+07   0
12.6   0.4238   0.8014   -0.1241   0   -2.476e+08   4.135e+07   0
12.7   0.4238   0.7766   -0.1199   0   -2.476e+08   4.135e+07   0
12.8   0.4238   0.7519   -0.1158   0   -2.476e+08   4.135e+07   0
12.9   0.4268   0.7271   -0.1117   0   -2.479e+08   4.14e+07   0
13   0.4311   0.7023   -0.1075   0   -2.484e+08   4.145e+07   0
13.1   0.4353   0.6774   -0.1034   0   -2.489e+08   4.151e+07   0
13.2   0.4393   0.6525   -0.09922   0   -2.493e+08   4.156e+07   0
13.3   0.4431   0.6276   -0.09507   0   -2.497e+08   4.161e+07   0
13.4   0.4466   0.6026   -0.0909   0   -2.501e+08   4.165e+07   0
13.5   0.4498   0.5775   -0.08674   0   -2.504e+08   4.168e+07   0
13.6   0.4526   0.5525   -0.08257   0   -2.507e+08   4.172e+07   0
13.7   0.455   0.5274   -0.07839   0   -2.51e+08   4.174e+07   0
13.8   0.457   0.5023   -0.07422   0   -2.512e+08   4.176e+07   0
13.9   0.4585   0.4772   -0.07004   0   -2.513e+08   4.178e+07   0
14   0.4593   0.452   -0.06586   0   -2.514e+08   4.179e+07   0
14.1   0.4596   0.4269   -0.06168   0   -2.514e+08   4.179e+07   0
14.2   0.4591   0.4017   -0.0575   0   -2.514e+08   4.178e+07   0
14.3   0.4577   0.3766   -0.05333   0   -2.512e+08   4.177e+07   0
14.4   0.4555   0.3515   -0.04915   0   -2.51e+08   4.176e+07   0
14.5   0.4522   0.3264   -0.04498   0   -2.507e+08   4.173e+07   0
14.6   0.4477   0.3014   -0.0408   0   -2.502e+08   4.17e+07   0
14.7   0.4418   0.2764   -0.03664   0   -2.496e+08   4.167e+07   0
14.8   0.4344   0.2515   -0.03247   0   -2.488e+08   4.163e+07   0
14.9   0.425   0.2266   -0.02831   0   -2.477e+08   4.16e+07   0
15   0.4134   0.2019   -0.02415   0   -2.463e+08   4.158e+07   0
15.1   0.4051   0.1774   -0.01999   0   -2.453e+08   4.157e+07   0
15.2   0.4051   0.1528   -0.01584   0   -2.453e+08   4.157e+07   0
15.3   0.4051   0.1283   -0.01168   0   -2.453e+08   4.157e+07   0
15.4   0.4051   0.1038   -0.007522   0   -2.453e+08   4.157e+07   0
15.5   0.4051   0.07924   -0.003365   0   -2.453e+08   4.157e+07   0
15.6   0.4051   0.05471   0.0007921   0   -2.453e+08   4.157e+07   0
15.7   0.4051   0.03018   0.004949   0   -2.453e+08   4.157e+07   0
15.8   0.4051   0.005649   0.009106   0   -2.453e+08   4.157e+07   0
15.9   0.4051   -0.01888   0.01326   0   -2.453e+08   4.157e+07   0
16   0.4051   -0.04341   0.01742   0   -2.453e+08   4.157e+07   0
16.1   0.4051   -0.06795   0.02158   0   -2.453e+08   4.157e+07   0
16.2   0.4051   -0.09248   0.02573   0   -2.453e+08   4.157e+07   0
16.3   0.4051   -0.117   0.02989   0   -2.453e+08   4.157e+07   0
16.4   0.4051   -0.1415   0.03405   0   -2.453e+08   4.157e+07   0
16.5   0.4051   -0.1661   0.0382   0   -2.453e+08   4.157e+07   0
16.6   0.4116   -0.1906   0.04237   0   -2.461e+08   4.183e+07   0
16.7   0.4331   -0.2153   0.04659   0   -2.485e+08   4.263e+07   0
16.8   0.4523   -0.2403   0.05089   0   -2.504e+08   4.326e+07   0
16.9   0.4693   -0.2654   0.05524   0   -2.521e+08   4.377e+07   0
17   0.4846   -0.2907   0.05964   0   -2.535e+08   4.419e+07   0
17.1   0.4983   -0.3161   0.06407   0   -2.547e+08   4.453e+07   0
17.2   0.5105   -0.3416   0.06854   0   -2.557e+08   4.482e+07   0
17.3   0.5215   -0.3672   0.07304   0   -2.566e+08   4.506e+07   0
17.4   0.5313   -0.3929   0.07755   0   -2.573e+08   4.527e+07   0
17.5   0.54   -0.4187   0.08209   0   -2.58e+08   4.544e+07   0
17.6   0.5478   -0.4445   0.08664   0   -2.586e+08   4.559e+07   0
17.7   0.5546   -0.4704   0.09121   0   -2.591e+08   4.572e+07   0
17.8   0.5605   -0.4964   0.09579   0   -2.595e+08   4.582e+07   0
17.9   0.5657   -0.5223   0.1004   0   -2.599e+08   4.591e+07   0
18   0.5701   -0.5483   0.105   0   -2.602e+08   4.599e+07   0
18.1   0.5739   -0.5744   0.1096   0   -2.604e+08   4.605e+07   0
18.2   0.5769   -0.6004   0.1142   0   -2.606e+08   4.61e+07   0
18.3   0.5794   -0.6265   0.1188   0   -2.608e+08   4.614e+07   0
18.4   0.5813   -0.6526   0.1234   0   -2.609e+08   4.617e+07   0
18.5   0.5826   -0.6787   0.128   0   -2.61e+08   4.619e+07   0
18.6   0.5835   -0.7048   0.1326   0   -2.611e+08   4.62e+07   0
18.7   0.5839   -0.7309   0.1373   0   -2.611e+08   4.621e+07   0
18.8   0.5839   -0.757   0.1419   0   -2.611e+08   4.621e+07   0
18.9   0.5839   -0.7831   0.1465   0   -2.611e+08   4.621e+07   0
19   0.5839   -0.8092   0.1511   0   -2.611e+08   4.621e+07   0
19.1   0.5839   -0.8353   0.1557   0   -2.611e+08   4.621e+07   0
19.2   0.5839   -0.8614   0.1604   0   -2.611e+08   4.621e+07   0
19.3   0.5839   -0.8875   0.165   0   -2.611e+08   4.621e+07   0
19.4   0.5839   -0.9136   0.1696   0   -2.611e+08   4.621e+07   0
19.5   0.5839   -0.9397   0.1742   0   -2.611e+08   4.621e+07   0
19.6   0.5839   -0.9658   0.1788   0   -2.611e+08   4.621e+07   0
19.7   0.5839   -0.9919   0.1835   0   -2.611e+08   4.621e+07   0
19.8   0.5839   -1.018   0.1881   0   -2.611e+08   4.621e+07   0
19.9   0.5839   -1.044   0.1927   0   -2.611e+08   4.621e+07   0
20   0.5839   -1.07   0.1973   0   -2.611e+08   4.621e+07   0
20.1   0.5839   -1.096   0.202   0   -2.611e+08   4.621e+07   0
20.2   0.5839   -1.122   0.2066   0   -2.611e+08   4.621e+07   0
20.3   0.5854   -1.148   0.2135   0   -2.431e+08   1.062e+08   0
20.4   0.5874   -1.17   0.2278   0   -1.975e+08   1.772e+08   0
20.5   0.5894   -1.187   0.2484   0   -1.321e+08   2.303e+08   0
20.6   0.5915   -1.196   0.2731   0   -5.341e+07   2.602e+08   0
20.7   0.5935   -1.197   0.2996   0   3.056e+07   2.64e+08   0
20.8   0.5956   -1.19   0.325   0   1.114e+08   2.415e+08   0
20.9   0.5976   -1.175   0.347   0   1.811e+08   1.949e+08   0
21   0.5997   -1.154   0.3633   0   2.328e+08   1.29e+08   0
21.1   0.6017   -1.129   0.3723   0   2.615e+08   5.052e+07   0
21.2   0.6038   -1.103   0.3732   0   2.644e+08   -3.292e+07   0
21.3   0.6052   -1.077   0.3662   0   2.52e+08   -8.668e+07   0
21.4   0.6052   -1.052   0.3576   0   2.52e+08   -8.668e+07   0
21.5   0.6052   -1.027   0.3489   0   2.52e+08   -8.668e+07   0
21.6   0.6052   -1.002   0.3402   0   2.52e+08   -8.668e+07   0
21.7   0.6052   -0.9764   0.3316   0   2.52e+08   -8.668e+07   0
21.8   0.6052   -0.9512   0.3229   0   2.52e+08   -8.668e+07   0
21.9   0.6052   -0.926   0.3142   0   2.52e+08   -8.668e+07   0
22   0.6052   -0.9008   0.3056   0   2.52e+08   -8.668e+07   0
22.1   0.6052   -0.8756   0.2969   0   2.52e+08   -8.668e+07   0
22.2   0.6052   -0.8504   0.2882   0   2.52e+08   -8.668e+07   0
22.3   0.6052   -0.8252   0.2796   0   2.52e+08   -8.668e+07   0
22.4   0.6052   -0.8   0.2709   0   2.52e+08   -8.668e+07   0
22.5   0.6052   -0.7748   0.2622   0   2.52e+08   -8.668e+07   0
22.6   0.6052   -0.7496   0.2536   0   2.52e+08   -8.668e+07   0
22.7   0.6052   -0.7244   0.2449   0   2.52e+08   -8.668e+07   0
22.8   0.6066   -0.6992   0.2362   0   2.521e+08   -8.671e+07   0
22.9   0.609   -0.6739   0.2275   0   2.523e+08   -8.675e+07   0
23   0.611   -0.6487   0.2189   0   2.524e+08   -8.679e+07   0
23.1   0.6126   -0.6235   0.2102   0   2.525e+08   -8.682e+07   0
23.2   0.6138   -0.5982   0.2015   0   2.526e+08   -8.684e+07   0
23.3   0.6145   -0.5729   0.1928   0   2.526e+08   -8.686e+07   0
23.4   0.6147   -0.5477   0.1841   0   2.526e+08   -8.686e+07   0
23.5   0.6143   -0.5224   0.1754   0   2.526e+08   -8.685e+07   0
23.6   0.6133   -0.4972   0.1668   0   2.525e+08   -8.683e+07   0
23.7   0.6116   -0.4719   0.1581   0   2.524e+08   -8.68e+07   0
23.8   0.6092   -0.4467   0.1494   0   2.523e+08   -8.676e+07   0
23.9   0.6059   -0.4215   0.1407   0   2.521e+08   -8.67e+07   0
24   0.6018   -0.3963   0.1321   0   2.518e+08   -8.663e+07   0
24.1   0.5966   -0.3711   0.1234   0   2.515e+08   -8.653e+07   0
24.2   0.5903   -0.346   0.1148   0   2.511e+08   -8.642e+07   0
24.3   0.5828   -0.3209   0.1061   0   2.506e+08   -8.628e+07   0
24.4   0.5739   -0.2959   0.0975   0   2.5e+08   -8.612e+07   0
24.5   0.5633   -0.2709   0.0889   0   2.493e+08   -8.592e+07   0
24.6   0.5509   -0.246   0.08032   0   2.484e+08   -8.568e+07   0
24.7   0.5364   -0.2212   0.07177   0   2.474e+08   -8.54e+07   0
24.8   0.5193   -0.1965   0.06325   0   2.46e+08   -8.506e+07   0
24.9   0.5052   -0.172   0.05476   0   2.449e+08   -8.477e+07   0
25   0.5052   -0.1475   0.04628   0   2.449e+08   -8.477e+07   0
25.1   0.5052   -0.123   0.0378   0   2.449e+08   -8.477e+07   0
25.2   0.5052   -0.09854   0.02933   0   2.449e+08   -8.477e+07   0
25.3   0.5052   -0.07405   0.02085   0   2.449e+08   -8.477e+07   0
25.4   0.5052   -0.04956   0.01237   0   2.449e+08   -8.477e+07   0
25.5   0.5052   -0.02508   0.003895   0   2.449e+08   -8.477e+07   0
25.6   0.5052   -0.0005882   -0.004582   0   2.449e+08   -8.477e+07   0
25.7   0.5052   0.0239   -0.01306   0   2.449e+08   -8.477e+07   0
25.8   0.5052   0.04839   -0.02154   0   2.449e+08   -8.477e+07   0
25.9   0.5052   0.07288   -0.03001   0   2.449e+08   -8.477e+07   0
26   0.5052   0.09736   -0.03849   0   2.449e+08   -8.477e+07   0
26.1   0.5052   0.1219   -0.04697   0   2.449e+08   -8.477e+07   0
26.2   0.5052   0.1463   -0.05544   0   2.449e+08   -8.477e+07   0
26.3   0.5052   0.1708   -0.06392   0   2.449e+08   -8.477e+07   0
26.4   0.5218   0.1954   -0.07242   0   2.461e+08   -8.534e+07   0
26.5   0.5405   0.2201   -0.08099   0   2.475e+08   -8.595e+07   0
26.6   0.5567   0.2449   -0.08961   0   2.486e+08   -8.643e+07   0
26.7   0.5708   0.2698   -0.09827   0   2.496e+08   -8.683e+07   0
26.8   0.5829   0.2948   -0.107   0   2.503e+08   -8.715e+07   0
26.9   0.5935   0.3198   -0.1157   0   2.51e+08   -8.742e+07   0
27   0.6026   0.345   -0.1245   0   2.515e+08   -8.765e+07   0
27.1   0.6105   0.3701   -0.1332   0   2.52e+08   -8.783e+07   0
27.2   0.6172   0.3954   -0.142   0   2.524e+08   -8.799e+07   0
27.3   0.6228   0.4206   -0.1508   0   2.527e+08   -8.812e+07   0
27.4   0.6275   0.4459   -0.1596   0   2.53e+08   -8.822e+07   0
27.5   0.6314   0.4712   -0.1685   0   2.532e+08   -8.83e+07   0
27.6   0.6344   0.4965   -0.1773   0   2.533e+08   -8.837e+07   0
27.7   0.6367   0.5219   -0.1861   0   2.535e+08   -8.842e+07   0
27.8   0.6384   0.5472   -0.195   0   2.536e+08   -8.845e+07   0
27.9   0.6394   0.5726   -0.2038   0   2.536e+08   -8.847e+07   0
28   0.6399   0.5979   -0.2127   0   2.536e+08   -8.848e+07   0
28.1   0.6398   0.6233   -0.2215   0   2.536e+08   -8.848e+07   0
28.2   0.6393   0.6487   -0.2304   0   2.536e+08   -8.847e+07   0
28.3   0.6383   0.674   -0.2392   0   2.535e+08   -8.845e+07   0
28.4   0.6369   0.6994   -0.2481   0   2.535e+08   -8.842e+07   0
28.5   0.6362   0.7247   -0.2569   0   2.534e+08   -8.841e+07   0
28.6   0.6362   0.7501   -0.2657   0   2.534e+08   -8.841e+07   0
28.7   0.6362   0.7754   -0.2746   0   2.534e+08   -8.841e+07   0
28.8   0.6362   0.8007   -0.2834   0   2.534e+08   -8.841e+07   0
28.9   0.6362   0.8261   -0.2923   0   2.534e+08   -8.841e+07   0
29   0.6362   0.8514   -0.3011   0   2.534e+08   -8.841e+07   0
29.1   0.6362   0.8768   -0.31   0   2.534e+08   -8.841e+07   0
29.2   0.6362   0.9021   -0.3188   0   2.534e+08   -8.841e+07   0
29.3   0.6362   0.9275   -0.3276   0   2.534e+08   -8.841e+07   0
29.4   0.6362   0.9528   -0.3365   0   2.534e+08   -8.841e+07   0
29.5   0.6362   0.9782   -0.3453   0   2.534e+08   -8.841e+07   0
29.6   0.6362   1.003   -0.3542   0   2.534e+08   -8.841e+07   0
29.7   0.6362   1.029   -0.363   0   2.534e+08   -8.841e+07   0
29.8   0.6362   1.054   -0.3718   0   2.534e+08   -8.841e+07   0
29.9   0.6362   1.08   -0.3807   0   2.534e+08   -8.841e+07   0
30   0.6382   1.104   -0.3907   0   2.305e+08   -1.377e+08   0
30.1   0.6424   1.124   -0.409   0   1.541e+08   -2.202e+08   0
30.2   0.6466   1.134   -0.4336   0   5.098e+07   -2.641e+08   0
30.3   0.6508   1.134   -0.4603   0   -6.082e+07   -2.623e+08   0
30.4   0.655   1.122   -0.4845   0   -1.62e+08   -2.154e+08   0
30.5   0.6593   1.102   -0.502   0   -2.353e+08   -1.318e+08   0
30.6   0.6635   1.076   -0.51   0   -2.687e+08   -2.601e+07   0
30.7   0.6679   1.05   -0.507   0   -2.568e+08   8.395e+07   0
30.8   0.6699   1.026   -0.4948   0   -2.354e+08   1.327e+08   0
30.9   0.6699   1.002   -0.4816   0   -2.354e+08   1.327e+08   0
31   0.6699   0.9787   -0.4683   0   -2.354e+08   1.327e+08   0
31.1   0.6699   0.9551   -0.455   0   -2.354e+08   1.327e+08   0
31.2   0.6699   0.9316   -0.4418   0   -2.354e+08   1.327e+08   0
31.3   0.6699   0.908   -0.4285   0   -2.354e+08   1.327e+08   0
31.4   0.6699   0.8845   -0.4152   0   -2.354e+08   1.327e+08   0
31.5   0.6699   0.861   -0.4019   0   -2.354e+08   1.327e+08   0
31.6   0.6699   0.8374   -0.3887   0   -2.354e+08   1.327e+08   0
31.7   0.6699   0.8139   -0.3754   0   -2.354e+08   1.327e+08   0
31.8   0.6699   0.7903   -0.3621   0   -2.354e+08   1.327e+08   0
31.9   0.6699   0.7668   -0.3488   0   -2.354e+08   1.327e+08   0
32   0.6699   0.7432   -0.3356   0   -2.354e+08   1.327e+08   0
32.1   0.6699   0.7197   -0.3223   0   -2.354e+08   1.327e+08   0
32.2   0.6699   0.6962   -0.309   0   -2.354e+08   1.327e+08   0
32.3   0.6712   0.6726   -0.2957   0   -2.355e+08   1.327e+08   0
32.4   0.6727   0.6491   -0.2825   0   -2.356e+08   1.327e+08   0
32.5   0.6738   0.6255   -0.2692   0   -2.357e+08   1.327e+08   0
32.6   0.6745   0.6019   -0.2559   0   -2.357e+08   1.327e+08   0
32.7   0.6747   0.5784   -0.2426   0   -2.357e+08   1.327e+08   0
32.8   0.6743   0.5548   -0.2294   0   -2.357e+08   1.327e+08   0
32.9   0.6734   0.5312   -0.2161   0   -2.356e+08   1.328e+08   0
33   0.6719   0.5077   -0.2028   0   -2.355e+08   1.328e+08   0
33.1   0.6697   0.4841   -0.1895   0   -2.354e+08   1.328e+08   0
33.2   0.6668   0.4606   -0.1763   0   -2.352e+08   1.328e+08   0
33.3   0.663   0.4371   -0.163   0   -2.349e+08   1.328e+08   0
33.4   0.6584   0.4136   -0.1497   0   -2.346e+08   1.329e+08   0
33.5   0.6529   0.3902   -0.1364   0   -2.342e+08   1.33e+08   0
33.6   0.6463   0.3668   -0.1231   0   -2.337e+08   1.331e+08   0
33.7   0.6386   0.3434   -0.1098   0   -2.331e+08   1.333e+08   0
33.8   0.6297   0.3201   -0.09642   0   -2.324e+08   1.336e+08   0
33.9   0.6193   0.2969   -0.08305   0   -2.315e+08   1.339e+08   0
34   0.6075   0.2739   -0.06963   0   -2.303e+08   1.344e+08   0
34.1   0.5939   0.2509   -0.05617   0   -2.29e+08   1.35e+08   0
34.2   0.5784   0.2281   -0.04262   0   -2.272e+08   1.359e+08   0
34.3   0.5609   0.2055   -0.02897   0   -2.25e+08   1.372e+08   0
34.4   0.545   0.1831   -0.01518   0   -2.228e+08   1.386e+08   0
34.5   0.545   0.1608   -0.001321   0   -2.228e+08   1.386e+08   0
34.6   0.545   0.1385   0.01253   0   -2.228e+08   1.386e+08   0
34.7   0.545   0.1163   0.02639   0   -2.228e+08   1.386e+08   0
34.8   0.545   0.09397   0.04024   0   -2.228e+08   1.386e+08   0
34.9   0.545   0.07169   0.0541   0   -2.228e+08   1.386e+08   0
35   0.545   0.04941   0.06795   0   -2.228e+08   1.386e+08   0
35.1   0.545   0.02714   0.08181   0   -2.228e+08   1.386e+08   0
35.2   0.545   0.004857   0.09566   0   -2.228e+08   1.386e+08   0
35.3   0.545   -0.01742   0.1095   0   -2.228e+08   1.386e+08   0
35.4   0.545   -0.0397   0.1234   0   -2.228e+08   1.386e+08   0
35.5   0.545   -0.06198   0.1372   0   -2.228e+08   1.386e+08   0
35.6   0.545   -0.08426   0.1511   0   -2.228e+08   1.386e+08   0
35.7   0.5518   -0.1065   0.165   0   -2.227e+08   1.397e+08   0
35.8   0.5703   -0.1288   0.1791   0   -2.224e+08   1.426e+08   0
35.9   0.5866   -0.151   0.1935   0   -2.224e+08   1.448e+08   0
36   0.6009   -0.1733   0.208   0   -2.224e+08   1.465e+08   0
36.1   0.6134   -0.1955   0.2227   0   -2.224e+08   1.478e+08   0
36.2   0.6243   -0.2177   0.2376   0   -2.225e+08   1.489e+08   0
36.3   0.6338   -0.24   0.2525   0   -2.226e+08   1.497e+08   0
36.4   0.6419   -0.2623   0.2675   0   -2.227e+08   1.504e+08   0
36.5   0.6489   -0.2845   0.2826   0   -2.228e+08   1.509e+08   0
36.6   0.6547   -0.3068   0.2977   0   -2.229e+08   1.514e+08   0
36.7   0.6596   -0.3291   0.3128   0   -2.23e+08   1.517e+08   0
36.8   0.6636   -0.3514   0.328   0   -2.231e+08   1.52e+08   0
36.9   0.6668   -0.3737   0.3432   0   -2.231e+08   1.522e+08   0
37   0.6692   -0.3961   0.3585   0   -2.232e+08   1.523e+08   0
37.1   0.6709   -0.4184   0.3737   0   -2.232e+08   1.524e+08   0
37.2   0.672   -0.4407   0.389   0   -2.233e+08   1.525e+08   0
37.3   0.6725   -0.463   0.4042   0   -2.233e+08   1.525e+08   0
37.4   0.6724   -0.4854   0.4195   0   -2.233e+08   1.525e+08   0
37.5   0.6719   -0.5077   0.4347   0   -2.233e+08   1.525e+08   0
37.6   0.6709   -0.53   0.45   0   -2.232e+08   1.525e+08   0
37.7   0.6694   -0.5523   0.4652   0   -2.232e+08   1.524e+08   0
37.8   0.6676   -0.5747   0.4804   0   -2.231e+08   1.523e+08   0
37.9   0.6673   -0.597   0.4957   0   -2.231e+08   1.523e+08   0
38   0.6673   -0.6193   0.5109   0   -2.231e+08   1.523e+08   0
38.1   0.6673   -0.6416   0.5261   0   -2.231e+08   1.523e+08   0
38.2   0.6673   -0.6639   0.5413   0   -2.231e+08   1.523e+08   0
38.3   0.6673   -0.6862   0.5566   0   -2.231e+08   1.523e+08   0
38.4   0.6673   -0.7085   0.5718   0   -2.231e+08   1.523e+08   0
38.5   0.6673   -0.7309   0.587   0   -2.231e+08   1.523e+08   0
38.6   0.6673   -0.7532   0.6022   0   -2.231e+08   1.523e+08   0
38.7   0.6673   -0.7755   0.6175   0   -2.231e+08   1.523e+08   0
38.8   0.6673   -0.7978   0.6327   0   -2.231e+08   1.523e+08   0
38.9   0.6673   -0.8201   0.6479   0   -2.231e+08   1.523e+08   0
39   0.6673   -0.8424   0.6632   0   -2.231e+08   1.523e+08   0
39.1   0.6673   -0.8647   0.6784   0   -2.231e+08   1.523e+08   0
39.2   0.6673   -0.887   0.6936   0   -2.231e+08   1.523e+08   0
39.3   0.6673   -0.9094   0.7088   0   -2.231e+08   1.523e+08   0
39.4   0.6673   -0.9317   0.7241   0   -2.231e+08   1.523e+08   0
39.5   0.6673   -0.954   0.7393   0   -2.231e+08   1.523e+08   0
39.6   0.6673   -0.9763   0.7545   0   -2.231e+08   1.523e+08   0
39.7   0.6673   -0.9986   0.7697   0   -2.231e+08   1.523e+08   0
39.8   0.6673   -1.021   0.785   0   -2.231e+08   1.523e+08   0
39.9   0.6673   -1.043   0.8002   0   -2.231e+08   1.523e+08   0
40   0.6673   -1.066   0.8154   0   -2.231e+08   1.523e+08   0
40.1   0.6673   -1.088   0.8306   0   -2.231e+08   1.523e+08   0
40.2   0.6673   -1.11   0.8459   0   -2.231e+08   1.523e+08   0
40.3   0.6673   -1.132   0.8611   0   -2.231e+08   1.523e+08   0
40.4   0.6673   -1.155   0.8763   0   -2.231e+08   1.523e+08   0
40.5   0.6673   -1.177   0.8915   0   -2.231e+08   1.523e+08   0
40.6   0.6673   -1.199   0.9068   0   -2.231e+08   1.523e+08   0
40.7   0.6673   -1.222   0.922   0   -2.231e+08   1.523e+08   0
40.8   0.6673   -1.244   0.9372   0   -2.231e+08   1.523e+08   0
40.9   0.6673   -1.266   0.9525   0   -2.231e+08   1.523e+08   0
41   0.6673   -1.289   0.9677   0   -2.231e+08   1.523e+08   0
41.1   0.6673   -1.311   0.9829   0   -2.231e+08   1.523e+08   0
41.2   0.6673   -1.333   0.9981   0   -2.231e+08   1.523e+08   0
41.3   0.6673   -1.356   1.013   0   -2.231e+08   1.523e+08   0
41.4   0.6673   -1.378   1.029   0   -2.231e+08   1.523e+08   0
41.5   0.6673   -1.4   1.044   0   -2.231e+08   1.523e+08   0
41.6   0.6673   -1.423   1.059   0   -2.231e+08   1.523e+08   0
41.7   0.6673   -1.445   1.074   0   -2.231e+08   1.523e+08   0
41.8   0.6673   -1.467   1.089   0   -2.231e+08   1.523e+08   0
41.9   0.6673   -1.49   1.105   0   -2.231e+08   1.523e+08   0
42   0.6673   -1.512   1.12   0   -2.231e+08   1.523e+08   0
42.1   0.6673   -1.534   1.135   0   -2.231e+08   1.523e+08   0
42.2   0.6673   -1.556   1.15   0   -2.231e+08   1.523e+08   0
42.3   0.6673   -1.579   1.166   0   -2.231e+08   1.523e+08   0
42.4   0.6673   -1.601   1.181   0   -2.231e+08   1.523e+08   0
42.5   0.6673   -1.623   1.196   0   -2.231e+08   1.523e+08   0
42.6   0.6673   -1.646   1.211   0   -2.231e+08   1.523e+08   0
42.7   0.6673   -1.668   1.227   0   -2.231e+08   1.523e+08   0
42.8   0.6673   -1.69   1.242   0   -2.231e+08   1.523e+08   0
42.9   0.6673   -1.713   1.257   0   -2.231e+08   1.523e+08   0
43   0.6673   -1.735   1.272   0   -2.231e+08   1.523e+08   0
43.1   0.6673   -1.757   1.287   0   -2.231e+08   1.523e+08   0
43.2   0.6673   -1.78   1.303   0   -2.231e+08   1.523e+08   0
43.3   0.6673   -1.802   1.318   0   -2.231e+08   1.523e+08   0
43.4   0.6673   -1.824   1.333   0   -2.231e+08   1.523e+08   0
43.5   0.6673   -1.847   1.348   0   -2.231e+08   1.523e+08   0
43.6   0.6673   -1.869   1.364   0   -2.231e+08   1.523e+08   0
43.7   0.6673   -1.891   1.379   0   -2.231e+08   1.523e+08   0
43.8   0.6673   -1.913   1.394   0   -2.231e+08   1.523e+08   0
43.9   0.6673   -1.936   1.409   0   -2.231e+08   1.523e+08   0
44   0.6673   -1.958   1.424   0   -2.231e+08   1.523e+08   0
44.1   0.6673   -1.98   1.44   0   -2.231e+08   1.523e+08   0
44.2   0.6673   -2.003   1.455   0   -2.231e+08   1.523e+08   0
44.3   0.6673   -2.025   1.47   0   -2.231e+08   1.523e+08   0
44.4   0.6673   -2.047   1.485   0   -2.231e+08   1.523e+08   0
44.5   0.6673   -2.07   1.501   0   -2.231e+08   1.523e+08   0
44.6   0.6673   -2.092   1.516   0   -2.231e+08   1.523e+08   0
44.7   0.6673   -2.114   1.531   0   -2.231e+08   1.523e+08   0
44.8   0.6673   -2.137   1.546   0   -2.231e+08   1.523e+08   0
44.9   0.6673   -2.159   1.562   0   -2.231e+08   1.523e+08   0
45   0.6673   -2.181   1.577   0   -2.231e+08   1.523e+08   0
