0   0.04   -0.753   0   0   1.121e+08   0   0
0.1   0.04   -0.753   0   0   1.121e+08   0   0
0.2   0.04   -0.753   0   0   1.121e+08   0   0
0.3   0.04   -0.753   0   0   1.121e+08   0   0
0.4   0.04   -0.753   0   0   1.121e+08   0   0
0.5   0.04   -0.753   0   0   1.121e+08   0   0
0.6   0.04   -0.753   0   0   1.121e+08   0   0
0.7   0.04   -0.753   0   0   1.121e+08   0   0
0.8   0.04   -0.753   0   0   1.121e+08   0   0
0.9   0.04   -0.753   0   0   1.121e+08   0   0
1   0.04   -0.753   0   0   1.121e+08   0   0
1.1   0.04   -0.753   0   0   1.121e+08   0   0
1.2   0.04   -0.753   0   0   1.121e+08   0   0
1.3   0.04125   -0.7454   0   0   1.137e+08   0   0
1.4   0.04331   -0.7339   0   0   1.162e+08   0   0
1.5   0.04558   -0.7222   0   0   1.188e+08   0   0
1.6   0.04806   -0.7101   0   0   1.216e+08   0   0
1.7   0.05077   -0.6978   0   0   1.245e+08   0   0
1.8   0.05369   -0.6852   0   0   1.276e+08   0   0
1.9   0.05685   -0.6723   0   0   1.307e+08   0   0
2   0.06023   -0.6591   0   0   1.34e+08   0   0
2.1   0.06385   -0.6455   0   0   1.373e+08   0   0
2.2   0.0677   -0.6316   0   0   1.407e+08   0   0
2.3   0.07178   -0.6174   0   0   1.441e+08   0   0
2.4   0.07609   -0.6028   0   0   1.476e+08   0   0
2.5   0.08063   -0.5878   0   0   1.511e+08   0   0
2.6   0.08538   -0.5725   0   0   1.546e+08   0   0
2.7   0.09033   -0.5569   0   0   1.58e+08   0   0
2.8   0.09549   -0.5409   0   0   1.615e+08   0   0
2.9   0.1008   -0.5246   0   0   1.649e+08   0   0
3   0.1063   -0.508   0   0   1.682e+08   0   0
3.1   0.112   -0.491   0   0   1.715e+08   0   0
3.2   0.1178   -0.4737   0   0   1.747e+08   0   0
3.3   0.1237   -0.456   0   0   1.778e+08   0   0
3.4   0.1296   -0.4381   0   0   1.808e+08   0   0
3.5   0.1356   -0.4199   0   0   1.837e+08   0   0
3.6   0.1416   -0.4014   0   0   1.865e+08   0   0
3.7   0.1476   -0.3826   0   0   1.891e+08   0   0
3.8   0.1535   -0.3635   0   0   1.917e+08   0   0
3.9   0.1593   -0.3443   0   0   1.94e+08   0   0
4   0.1649   -0.3247   0   0   1.962e+08   0   0
4.1   0.1703   -0.305   0   0   1.983e+08   0   0
4.2   0.1753   -0.2851   0   0   2.001e+08   0   0
4.3   0.18   -0.265   0   0   2.018e+08   0   0
4.4   0.1841   -0.2447   0   0   2.032e+08   0   0
4.5   0.1875   -0.2243   0   0   2.044e+08   0   0
4.6   0.1902   -0.2039   0   0   2.053e+08   0   0
4.7   0.1916   -0.1833   0   0   2.058e+08   0   0
4.8   0.1916   -0.1627   0   0   2.058e+08   0   0
4.9   0.1916   -0.1421   0   0   2.058e+08   0   0
5   0.1916   -0.1216   0   0   2.058e+08   0   0
5.1   0.1916   -0.101   0   0   2.058e+08   0   0
5.2   0.1916   -0.08042   0   0   2.058e+08   0   0
5.3   0.1916   -0.05985   0   0   2.058e+08   0   0
5.4   0.1916   -0.03927   0   0   2.058e+08   0   0
5.5   0.1916   -0.01869   0   0   2.058e+08   0   0
5.6   0.1916   0.001881   0   0   2.058e+08   0   0
5.7   0.1916   0.02246   0   0   2.058e+08   0   0
5.8   0.1916   0.04303   0   0   2.058e+08   0   0
5.9   0.1916   0.06361   0   0   2.058e+08   0   0
6   0.1916   0.08418   0   0   2.058e+08   0   0
6.1   0.1916   0.1048   0   0   2.058e+08   0   0
6.2   0.1916   0.1253   0   0   2.058e+08   0   0
6.3   0.1916   0.1459   0   0   2.058e+08   0   0
6.4   0.1916   0.1665   0   0   2.058e+08   0   0
6.5   0.1916   0.1871   0   0   2.058e+08   0   0
6.6   0.2083   0.2079   0   0   2.11e+08   0   0
6.7   0.2251   0.2292   0   0   2.158e+08   0   0
6.8   0.2411   0.251   0   0   2.2e+08   0   0
6.9   0.2561   0.2732   0   0   2.236e+08   0   0
7   0.2704   0.2957   0   0   2.268e+08   0   0
7.1   0.2838   0.3186   0   0   2.296e+08   0   0
7.2   0.2964   0.3417   0   0   2.321e+08   0   0
7.3   0.3083   0.365   0   0   2.343e+08   0   0
7.4   0.3195   0.3885   0   0   2.363e+08   0   0
7.5   0.3299   0.4122   0   0   2.381e+08   0   0
7.6   0.3396   0.4361   0   0   2.397e+08   0   0
7.7   0.3487   0.4602   0   0   2.411e+08   0   0
7.8   0.3571   0.4843   0   0   2.423e+08   0   0
7.9   0.3648   0.5086   0   0   2.435e+08   0   0
8   0.372   0.533   0   0   2.445e+08   0   0
8.1   0.3785   0.5575   0   0   2.454e+08   0   0
8.2   0.3844   0.5821   0   0   2.462e+08   0   0
8.3   0.3898   0.6068   0   0   2.469e+08   0   0
8.4   0.3946   0.6315   0   0   2.475e+08   0   0
8.5   0.3989   0.6563   0   0   2.481e+08   0   0
8.6   0.4027   0.6811   0   0   2.485e+08   0   0
8.7   0.4059   0.706   0   0   2.489e+08   0   0
8.8   0.4087   0.7309   0   0   2.493e+08   0   0
8.9   0.4108   0.7558   0   0   2.495e+08   0   0
9   0.4108   0.7808   0   0   2.495e+08   0   0
9.1   0.4108   0.8057   0   0   2.495e+08   0   0
9.2   0.4108   0.8307   0   0   2.495e+08   0   0
9.3   0.4108   0.8556   0   0   2.495e+08   0   0
9.4   0.4108   0.8806   0   0   2.495e+08   0   0
9.5   0.4108   0.9055   0   0   2.495e+08   0   0
9.6   0.4108   0.9305   0   0   2.495e+08   0   0
9.7   0.4108   0.9554   0   0   2.495e+08   0   0
9.8   0.4108   0.9804   0   0   2.495e+08   0   0
9.9   0.4108   1.005   0   0   2.495e+08   0   0
10   0.4108   1.03   0   0   2.495e+08   0   0
10.1   0.4108   1.055   0   0   2.495e+08   0   0
10.2   0.4108   1.08   0   0   2.495e+08   0   0
10.3   0.4108   1.105   0   0   2.495e+08   0   0
10.4   0.4116   1.13   -0.003016   0   2.409e+08   -6.519e+07   0
10.5   0.4125   1.153   -0.01295   0   2.123e+08   -1.315e+08   0
10.6   0.4134   1.172   -0.029   0   1.66e+08   -1.867e+08   0
10.7   0.4143   1.185   -0.04982   0   1.058e+08   -2.264e+08   0
10.8   0.4151   1.192   -0.07369   0   3.68e+07   -2.473e+08   0
10.9   0.416   1.193   -0.09861   0   -3.522e+07   -2.476e+08   0
11   0.4169   1.185   -0.1225   0   -1.043e+08   -2.275e+08   0
11.1   0.4178   1.172   -0.1434   0   -1.648e+08   -1.885e+08   0
11.2   0.4187   1.153   -0.1596   0   -2.116e+08   -1.339e+08   0
11.3   0.4196   1.13   -0.1698   0   -2.411e+08   -6.833e+07   0
11.4   0.4205   1.105   -0.1731   0   -2.506e+08   2.866e+06   0
11.5   0.421   1.08   -0.17   0   -2.474e+08   4.087e+07   0
11.6   0.421   1.056   -0.1659   0   -2.474e+08   4.087e+07   0
11.7   0.421   1.031   -0.1618   0   -2.474e+08   4.087e+07   0
11.8   0.421   1.006   -0.1577   0   -2.474e+08   4.087e+07   0
11.9   0.421   0.9815   -0.1536   0   -2.474e+08   4.087e+07   0
12   0.421   0.9568   -0.1495   0   -2.474e+08   4.087e+07   0
12.1   0.421   0.9321   -0.1454   0   -2.474e+08   4.087e+07   0
12.2   0.421   0.9073   -0.1413   0   -2.474e+08   4.087e+07   0
12.3   0.421   0.8826   -0.1373   0   -2.474e+08   4.087e+07   0
12.4   0.421   0.8579   -0.1332   0   -2.474e+08   4.087e+07   0
12.5   0.421   0.8331   -0.1291   0   -2.474e+08   4.087e+07   0
12.6   0.421   0.8084   -0.125   0   -2.474e+08   4.087e+07   0
12.7   0.421   0.7836   -0.1209   0   -2.474e+08   4.087e+07   0
12.8   0.421   0.7589   -0.1168   0   -2.474e+08   4.087e+07   0
12.9   0.4227   0.7342   -0.1127   0   -2.476e+08   4.09e+07   0
13   0.427   0.7094   -0.1086   0   -2.48e+08   4.096e+07   0
13.1   0.4312   0.6846   -0.1045   0   -2.485e+08   4.102e+07   0
13.2   0.4351   0.6597   -0.1004   0   -2.489e+08   4.107e+07   0
13.3   0.4388   0.6348   -0.09632   0   -2.493e+08   4.112e+07   0
13.4   0.4423   0.6098   -0.09221   0   -2.497e+08   4.116e+07   0
13.5   0.4454   0.5848   -0.08809   0   -2.5e+08   4.12e+07   0
13.6   0.4482   0.5598   -0.08397   0   -2.503e+08   4.124e+07   0
13.7   0.4506   0.5348   -0.07984   0   -2.506e+08   4.126e+07   0
13.8   0.4525   0.5097   -0.07571   0   -2.508e+08   4.129e+07   0
13.9   0.454   0.4846   -0.07158   0   -2.509e+08   4.13e+07   0
14   0.4548   0.4595   -0.06745   0   -2.51e+08   4.131e+07   0
14.1   0.455   0.4344   -0.06332   0   -2.51e+08   4.131e+07   0
14.2   0.4546   0.4093   -0.05919   0   -2.51e+08   4.131e+07   0
14.3   0.4533   0.3842   -0.05506   0   -2.509e+08   4.13e+07   0
14.4   0.4511   0.3591   -0.05093   0   -2.506e+08   4.128e+07   0
14.5   0.4478   0.3341   -0.04681   0   -2.503e+08   4.125e+07   0
14.6   0.4435   0.3091   -0.04268   0   -2.498e+08   4.121e+07   0
14.7   0.4378   0.2841   -0.03856   0   -2.492e+08   4.117e+07   0
14.8   0.4305   0.2593   -0.03445   0   -2.484e+08   4.112e+07   0
14.9   0.4215   0.2345   -0.03034   0   -2.474e+08   4.107e+07   0
15   0.4103   0.2098   -0.02623   0   -2.461e+08   4.102e+07   0
15.1   0.3975   0.1853   -0.02213   0   -2.445e+08   4.098e+07   0
15.2   0.3975   0.1608   -0.01804   0   -2.445e+08   4.098e+07   0
15.3   0.3975   0.1364   -0.01394   0   -2.445e+08   4.098e+07   0
15.4   0.3975   0.1119   -0.009841   0   -2.445e+08   4.098e+07   0
15.5   0.3975   0.08747   -0.005744   0   -2.445e+08   4.098e+07   0
15.6   0.3975   0.06303   -0.001646   0   -2.445e+08   4.098e+07   0
15.7   0.3975   0.03858   0.002452   0   -2.445e+08   4.098e+07   0
15.8   0.3975   0.01414   0.006549   0   -2.445e+08   4.098e+07   0
15.9   0.3975   -0.01031   0.01065   0   -2.445e+08   4.098e+07   0
16   0.3975   -0.03476   0.01474   0   -2.445e+08   4.098e+07   0
16.1   0.3975   -0.0592   0.01884   0   -2.445e+08   4.098e+07   0
16.2   0.3975   -0.08365   0.02294   0   -2.445e+08   4.098e+07   0
16.3   0.3975   -0.1081   0.02704   0   -2.445e+08   4.098e+07   0
16.4   0.3975   -0.1325   0.03114   0   -2.445e+08   4.098e+07   0
16.5   0.3975   -0.157   0.03523   0   -2.445e+08   4.098e+07   0
16.6   0.3975   -0.1814   0.03933   0   -2.445e+08   4.098e+07   0
16.7   0.4173   -0.206   0.04346   0   -2.468e+08   4.171e+07   0
16.8   0.4372   -0.2308   0.04767   0   -2.49e+08   4.237e+07   0
16.9   0.4548   -0.2558   0.05193   0   -2.508e+08   4.29e+07   0
17   0.4706   -0.2809   0.05625   0   -2.523e+08   4.333e+07   0
17.1   0.4847   -0.3062   0.0606   0   -2.536e+08   4.368e+07   0
17.2   0.4973   -0.3316   0.06498   0   -2.547e+08   4.398e+07   0
17.3   0.5085   -0.3572   0.06939   0   -2.556e+08   4.422e+07   0
17.4   0.5185   -0.3828   0.07382   0   -2.564e+08   4.443e+07   0
17.5   0.5275   -0.4084   0.07828   0   -2.571e+08   4.461e+07   0
17.6   0.5354   -0.4342   0.08274   0   -2.578e+08   4.476e+07   0
17.7   0.5423   -0.46   0.08723   0   -2.583e+08   4.489e+07   0
17.8   0.5484   -0.4858   0.09172   0   -2.587e+08   4.5e+07   0
17.9   0.5537   -0.5117   0.09623   0   -2.591e+08   4.509e+07   0
18   0.5582   -0.5377   0.1007   0   -2.594e+08   4.516e+07   0
18.1   0.562   -0.5636   0.1053   0   -2.597e+08   4.523e+07   0
18.2   0.5651   -0.5896   0.1098   0   -2.599e+08   4.528e+07   0
18.3   0.5676   -0.6156   0.1143   0   -2.601e+08   4.532e+07   0
18.4   0.5695   -0.6416   0.1188   0   -2.602e+08   4.535e+07   0
18.5   0.5709   -0.6676   0.1234   0   -2.603e+08   4.537e+07   0
18.6   0.5718   -0.6937   0.1279   0   -2.604e+08   4.538e+07   0
18.7   0.5721   -0.7197   0.1325   0   -2.604e+08   4.538e+07   0
18.8   0.5721   -0.7458   0.137   0   -2.604e+08   4.538e+07   0
18.9   0.5721   -0.7718   0.1415   0   -2.604e+08   4.538e+07   0
19   0.5721   -0.7978   0.1461   0   -2.604e+08   4.538e+07   0
19.1   0.5721   -0.8239   0.1506   0   -2.604e+08   4.538e+07   0
19.2   0.5721   -0.8499   0.1552   0   -2.604e+08   4.538e+07   0
19.3   0.5721   -0.876   0.1597   0   -2.604e+08   4.538e+07   0
19.4   0.5721   -0.902   0.1642   0   -2.604e+08   4.538e+07   0
19.5   0.5721   -0.928   0.1688   0   -2.604e+08   4.538e+07   0
19.6   0.5721   -0.9541   0.1733   0   -2.604e+08   4.538e+07   0
19.7   0.5721   -0.9801   0.1778   0   -2.604e+08   4.538e+07   0
19.8   0.5721   -1.006   0.1824   0   -2.604e+08   4.538e+07   0
19.9   0.5721   -1.032   0.1869   0   -2.604e+08   4.538e+07   0
20   0.5721   -1.058   0.1915   0   -2.604e+08   4.538e+07   0
20.1   0.5721   -1.084   0.196   0   -2.604e+08   4.538e+07   0
20.2   0.5721   -1.11   0.2005   0   -2.604e+08   4.538e+07   0
20.3   0.5726   -1.136   0.2053   0   -2.563e+08   6.463e+07   0
20.4   0.5746   -1.16   0.2158   0   -2.227e+08   1.428e+08   0
20.5   0.5765   -1.18   0.2334   0   -1.66e+08   2.061e+08   0
20.6   0.5785   -1.193   0.2564   0   -9.229e+07   2.482e+08   0
20.7   0.5805   -1.198   0.2822   0   -9.17e+06   2.648e+08   0
20.8   0.5826   -1.195   0.3084   0   7.483e+07   2.543e+08   0
20.9   0.5846   -1.183   0.3322   0   1.511e+08   2.179e+08   0
21   0.5866   -1.165   0.3512   0   2.121e+08   1.594e+08   0
21.1   0.5886   -1.142   0.3635   0   2.515e+08   8.493e+07   0
21.2   0.5906   -1.115   0.3678   0   2.656e+08   1.907e+06   0
21.3   0.5927   -1.089   0.3638   0   2.53e+08   -8.124e+07   0
21.4   0.5928   -1.064   0.355   0   2.509e+08   -8.764e+07   0
21.5   0.5928   -1.039   0.3463   0   2.509e+08   -8.764e+07   0
21.6   0.5928   -1.014   0.3375   0   2.509e+08   -8.764e+07   0
21.7   0.5928   -0.989   0.3288   0   2.509e+08   -8.764e+07   0
21.8   0.5928   -0.9639   0.32   0   2.509e+08   -8.764e+07   0
21.9   0.5928   -0.9388   0.3112   0   2.509e+08   -8.764e+07   0
22   0.5928   -0.9137   0.3025   0   2.509e+08   -8.764e+07   0
22.1   0.5928   -0.8886   0.2937   0   2.509e+08   -8.764e+07   0
22.2   0.5928   -0.8636   0.2849   0   2.509e+08   -8.764e+07   0
22.3   0.5928   -0.8385   0.2762   0   2.509e+08   -8.764e+07   0
22.4   0.5928   -0.8134   0.2674   0   2.509e+08   -8.764e+07   0
22.5   0.5928   -0.7883   0.2586   0   2.509e+08   -8.764e+07   0
22.6   0.5928   -0.7632   0.2499   0   2.509e+08   -8.764e+07   0
22.7   0.5928   -0.7381   0.2411   0   2.509e+08   -8.764e+07   0
22.8   0.5931   -0.713   0.2323   0   2.509e+08   -8.765e+07   0
22.9   0.5954   -0.6879   0.2236   0   2.51e+08   -8.768e+07   0
23   0.5974   -0.6628   0.2148   0   2.512e+08   -8.771e+07   0
23.1   0.599   -0.6377   0.206   0   2.513e+08   -8.774e+07   0
23.2   0.6001   -0.6126   0.1973   0   2.513e+08   -8.775e+07   0
23.3   0.6008   -0.5874   0.1885   0   2.514e+08   -8.776e+07   0
23.4   0.601   -0.5623   0.1797   0   2.514e+08   -8.776e+07   0
23.5   0.6006   -0.5372   0.1709   0   2.514e+08   -8.776e+07   0
23.6   0.5997   -0.512   0.1622   0   2.513e+08   -8.775e+07   0
23.7   0.598   -0.4869   0.1534   0   2.512e+08   -8.773e+07   0
23.8   0.5957   -0.4618   0.1446   0   2.51e+08   -8.77e+07   0
23.9   0.5925   -0.4367   0.1358   0   2.508e+08   -8.766e+07   0
24   0.5885   -0.4116   0.1271   0   2.506e+08   -8.761e+07   0
24.1   0.5835   -0.3866   0.1183   0   2.502e+08   -8.756e+07   0
24.2   0.5775   -0.3616   0.1096   0   2.498e+08   -8.75e+07   0
24.3   0.5703   -0.3366   0.1008   0   2.493e+08   -8.743e+07   0
24.4   0.5617   -0.3117   0.09209   0   2.487e+08   -8.735e+07   0
24.5   0.5517   -0.2869   0.08336   0   2.479e+08   -8.726e+07   0
24.6   0.5399   -0.2621   0.07463   0   2.47e+08   -8.718e+07   0
24.7   0.5262   -0.2375   0.06592   0   2.459e+08   -8.71e+07   0
24.8   0.5102   -0.213   0.05721   0   2.445e+08   -8.703e+07   0
24.9   0.4915   -0.1886   0.04851   0   2.428e+08   -8.7e+07   0
25   0.4861   -0.1644   0.03981   0   2.423e+08   -8.7e+07   0
25.1   0.4861   -0.1401   0.03111   0   2.423e+08   -8.7e+07   0
25.2   0.4861   -0.1159   0.02241   0   2.423e+08   -8.7e+07   0
25.3   0.4861   -0.09169   0.01371   0   2.423e+08   -8.7e+07   0
25.4   0.4861   -0.06746   0.00501   0   2.423e+08   -8.7e+07   0
25.5   0.4861   -0.04323   -0.00369   0   2.423e+08   -8.7e+07   0
25.6   0.4861   -0.019   -0.01239   0   2.423e+08   -8.7e+07   0
25.7   0.4861   0.005227   -0.02109   0   2.423e+08   -8.7e+07   0
25.8   0.4861   0.02945   -0.02979   0   2.423e+08   -8.7e+07   0
25.9   0.4861   0.05368   -0.03849   0   2.423e+08   -8.7e+07   0
26   0.4861   0.07791   -0.04719   0   2.423e+08   -8.7e+07   0
26.1   0.4861   0.1021   -0.05589   0   2.423e+08   -8.7e+07   0
26.2   0.4861   0.1264   -0.06459   0   2.423e+08   -8.7e+07   0
26.3   0.4861   0.1506   -0.07329   0   2.423e+08   -8.7e+07   0
26.4   0.49   0.1748   -0.082   0   2.426e+08   -8.725e+07   0
26.5   0.5099   0.1992   -0.09078   0   2.44e+08   -8.84e+07   0
26.6   0.527   0.2236   -0.09967   0   2.452e+08   -8.929e+07   0
26.7   0.5418   0.2482   -0.1086   0   2.462e+08   -8.999e+07   0
26.8   0.5545   0.2729   -0.1177   0   2.47e+08   -9.055e+07   0
26.9   0.5655   0.2976   -0.1267   0   2.477e+08   -9.1e+07   0
27   0.575   0.3224   -0.1359   0   2.483e+08   -9.136e+07   0
27.1   0.5832   0.3472   -0.145   0   2.487e+08   -9.166e+07   0
27.2   0.5901   0.3721   -0.1542   0   2.491e+08   -9.19e+07   0
27.3   0.596   0.3971   -0.1634   0   2.495e+08   -9.21e+07   0
27.4   0.6008   0.422   -0.1726   0   2.498e+08   -9.226e+07   0
27.5   0.6048   0.447   -0.1818   0   2.5e+08   -9.238e+07   0
27.6   0.6079   0.472   -0.1911   0   2.502e+08   -9.248e+07   0
27.7   0.6103   0.497   -0.2003   0   2.503e+08   -9.255e+07   0
27.8   0.612   0.5221   -0.2096   0   2.504e+08   -9.26e+07   0
27.9   0.6131   0.5471   -0.2189   0   2.504e+08   -9.263e+07   0
28   0.6136   0.5722   -0.2281   0   2.505e+08   -9.265e+07   0
28.1   0.6135   0.5972   -0.2374   0   2.505e+08   -9.265e+07   0
28.2   0.6129   0.6223   -0.2467   0   2.504e+08   -9.263e+07   0
28.3   0.6119   0.6473   -0.2559   0   2.504e+08   -9.26e+07   0
28.4   0.6105   0.6723   -0.2652   0   2.503e+08   -9.256e+07   0
28.5   0.6087   0.6974   -0.2744   0   2.502e+08   -9.251e+07   0
28.6   0.6084   0.7224   -0.2837   0   2.502e+08   -9.25e+07   0
28.7   0.6084   0.7474   -0.2929   0   2.502e+08   -9.25e+07   0
28.8   0.6084   0.7724   -0.3022   0   2.502e+08   -9.25e+07   0
28.9   0.6084   0.7974   -0.3114   0   2.502e+08   -9.25e+07   0
29   0.6084   0.8224   -0.3207   0   2.502e+08   -9.25e+07   0
29.1   0.6084   0.8475   -0.3299   0   2.502e+08   -9.25e+07   0
29.2   0.6084   0.8725   -0.3392   0   2.502e+08   -9.25e+07   0
29.3   0.6084   0.8975   -0.3484   0   2.502e+08   -9.25e+07   0
29.4   0.6084   0.9225   -0.3577   0   2.502e+08   -9.25e+07   0
29.5   0.6084   0.9475   -0.3669   0   2.502e+08   -9.25e+07   0
29.6   0.6084   0.9726   -0.3762   0   2.502e+08   -9.25e+07   0
29.7   0.6084   0.9976   -0.3854   0   2.502e+08   -9.25e+07   0
29.8   0.6084   1.023   -0.3947   0   2.502e+08   -9.25e+07   0
29.9   0.6084   1.048   -0.4039   0   2.502e+08   -9.25e+07   0
30   0.6084   1.073   -0.4132   0   2.502e+08   -9.25e+07   0
30.1   0.6114   1.096   -0.4254   0   2.07e+08   -1.685e+08   0
30.2   0.6155   1.113   -0.4462   0   1.176e+08   -2.399e+08   0
30.3   0.6195   1.119   -0.472   0   6.919e+06   -2.673e+08   0
30.4   0.6236   1.114   -0.4981   0   -1.049e+08   -2.463e+08   0
30.5   0.6277   1.098   -0.5197   0   -1.976e+08   -1.809e+08   0
30.6   0.6318   1.075   -0.5331   0   -2.549e+08   -8.325e+07   0
30.7   0.6359   1.049   -0.5358   0   -2.668e+08   2.9e+07   0
30.8   0.6397   1.024   -0.5274   0   -2.361e+08   1.281e+08   0
30.9   0.6397   1   -0.5146   0   -2.361e+08   1.281e+08   0
31   0.6397   0.9764   -0.5018   0   -2.361e+08   1.281e+08   0
31.1   0.6397   0.9528   -0.489   0   -2.361e+08   1.281e+08   0
31.2   0.6397   0.9292   -0.4762   0   -2.361e+08   1.281e+08   0
31.3   0.6397   0.9055   -0.4634   0   -2.361e+08   1.281e+08   0
31.4   0.6397   0.8819   -0.4506   0   -2.361e+08   1.281e+08   0
31.5   0.6397   0.8583   -0.4378   0   -2.361e+08   1.281e+08   0
31.6   0.6397   0.8347   -0.4249   0   -2.361e+08   1.281e+08   0
31.7   0.6397   0.8111   -0.4121   0   -2.361e+08   1.281e+08   0
31.8   0.6397   0.7875   -0.3993   0   -2.361e+08   1.281e+08   0
31.9   0.6397   0.7639   -0.3865   0   -2.361e+08   1.281e+08   0
32   0.6397   0.7403   -0.3737   0   -2.361e+08   1.281e+08   0
32.1   0.6397   0.7166   -0.3609   0   -2.361e+08   1.281e+08   0
32.2   0.6397   0.693   -0.3481   0   -2.361e+08   1.281e+08   0
32.3   0.64   0.6694   -0.3353   0   -2.361e+08   1.281e+08   0
32.4   0.6415   0.6458   -0.3225   0   -2.362e+08   1.281e+08   0
32.5   0.6426   0.6222   -0.3097   0   -2.363e+08   1.281e+08   0
32.6   0.6432   0.5985   -0.2969   0   -2.363e+08   1.281e+08   0
32.7   0.6434   0.5749   -0.2841   0   -2.363e+08   1.281e+08   0
32.8   0.6431   0.5513   -0.2713   0   -2.363e+08   1.281e+08   0
32.9   0.6422   0.5277   -0.2584   0   -2.363e+08   1.281e+08   0
33   0.6407   0.504   -0.2456   0   -2.362e+08   1.281e+08   0
33.1   0.6386   0.4804   -0.2328   0   -2.361e+08   1.28e+08   0
33.2   0.6357   0.4568   -0.22   0   -2.359e+08   1.28e+08   0
33.3   0.6321   0.4332   -0.2072   0   -2.357e+08   1.279e+08   0
33.4   0.6276   0.4097   -0.1944   0   -2.354e+08   1.279e+08   0
33.5   0.6222   0.3862   -0.1817   0   -2.351e+08   1.278e+08   0
33.6   0.6158   0.3627   -0.1689   0   -2.347e+08   1.277e+08   0
33.7   0.6082   0.3392   -0.1561   0   -2.342e+08   1.276e+08   0
33.8   0.5995   0.3158   -0.1434   0   -2.336e+08   1.275e+08   0
33.9   0.5893   0.2925   -0.1306   0   -2.329e+08   1.274e+08   0
34   0.5776   0.2693   -0.1179   0   -2.321e+08   1.273e+08   0
34.1   0.5641   0.2461   -0.1052   0   -2.311e+08   1.272e+08   0
34.2   0.5486   0.223   -0.09244   0   -2.298e+08   1.271e+08   0
34.3   0.5307   0.2001   -0.07973   0   -2.283e+08   1.271e+08   0
34.4   0.51   0.1774   -0.06703   0   -2.263e+08   1.271e+08   0
34.5   0.5086   0.1548   -0.05432   0   -2.262e+08   1.271e+08   0
34.6   0.5086   0.1322   -0.04161   0   -2.262e+08   1.271e+08   0
34.7   0.5086   0.1096   -0.0289   0   -2.262e+08   1.271e+08   0
34.8   0.5086   0.08694   -0.01619   0   -2.262e+08   1.271e+08   0
34.9   0.5086   0.06432   -0.003487   0   -2.262e+08   1.271e+08   0
35   0.5086   0.04171   0.009221   0   -2.262e+08   1.271e+08   0
35.1   0.5086   0.01909   0.02193   0   -2.262e+08   1.271e+08   0
35.2   0.5086   -0.003528   0.03464   0   -2.262e+08   1.271e+08   0
35.3   0.5086   -0.02615   0.04734   0   -2.262e+08   1.271e+08   0
35.4   0.5086   -0.04876   0.06005   0   -2.262e+08   1.271e+08   0
35.5   0.5086   -0.07138   0.07276   0   -2.262e+08   1.271e+08   0
35.6   0.5086   -0.094   0.08547   0   -2.262e+08   1.271e+08   0
35.7   0.5086   -0.1166   0.09818   0   -2.262e+08   1.271e+08   0
35.8   0.5086   -0.1392   0.1109   0   -2.262e+08   1.271e+08   0
35.9   0.5203   -0.1619   0.1236   0   -2.267e+08   1.281e+08   0
36   0.5378   -0.1846   0.1365   0   -2.276e+08   1.294e+08   0
36.1   0.5527   -0.2074   0.1495   0   -2.283e+08   1.304e+08   0
36.2   0.5654   -0.2302   0.1626   0   -2.289e+08   1.312e+08   0
36.3   0.5762   -0.2532   0.1757   0   -2.294e+08   1.319e+08   0
36.4   0.5854   -0.2761   0.189   0   -2.298e+08   1.324e+08   0
36.5   0.5932   -0.2991   0.2022   0   -2.302e+08   1.328e+08   0
36.6   0.5997   -0.3222   0.2155   0   -2.305e+08   1.331e+08   0
36.7   0.6051   -0.3452   0.2288   0   -2.307e+08   1.334e+08   0
36.8   0.6095   -0.3683   0.2422   0   -2.309e+08   1.336e+08   0
36.9   0.6129   -0.3914   0.2556   0   -2.311e+08   1.338e+08   0
37   0.6155   -0.4145   0.2689   0   -2.312e+08   1.339e+08   0
37.1   0.6174   -0.4376   0.2823   0   -2.313e+08   1.34e+08   0
37.2   0.6185   -0.4608   0.2957   0   -2.313e+08   1.34e+08   0
37.3   0.6191   -0.4839   0.3091   0   -2.314e+08   1.34e+08   0
37.4   0.619   -0.507   0.3225   0   -2.314e+08   1.34e+08   0
37.5   0.6184   -0.5302   0.336   0   -2.313e+08   1.34e+08   0
37.6   0.6173   -0.5533   0.3494   0   -2.313e+08   1.34e+08   0
37.7   0.6158   -0.5764   0.3627   0   -2.312e+08   1.339e+08   0
37.8   0.6139   -0.5996   0.3761   0   -2.311e+08   1.338e+08   0
37.9   0.6117   -0.6227   0.3895   0   -2.31e+08   1.337e+08   0
38   0.6099   -0.6458   0.4029   0   -2.309e+08   1.337e+08   0
38.1   0.6099   -0.6689   0.4162   0   -2.309e+08   1.337e+08   0
38.2   0.6099   -0.6919   0.4296   0   -2.309e+08   1.337e+08   0
38.3   0.6099   -0.715   0.443   0   -2.309e+08   1.337e+08   0
38.4   0.6099   -0.7381   0.4563   0   -2.309e+08   1.337e+08   0
38.5   0.6099   -0.7612   0.4697   0   -2.309e+08   1.337e+08   0
38.6   0.6099   -0.7843   0.4831   0   -2.309e+08   1.337e+08   0
38.7   0.6099   -0.8074   0.4964   0   -2.309e+08   1.337e+08   0
38.8   0.6099   -0.8305   0.5098   0   -2.309e+08   1.337e+08   0
38.9   0.6099   -0.8536   0.5232   0   -2.309e+08   1.337e+08   0
39   0.6099   -0.8767   0.5366   0   -2.309e+08   1.337e+08   0
39.1   0.6099   -0.8998   0.5499   0   -2.309e+08   1.337e+08   0
39.2   0.6099   -0.9229   0.5633   0   -2.309e+08   1.337e+08   0
39.3   0.6099   -0.946   0.5767   0   -2.309e+08   1.337e+08   0
39.4   0.6099   -0.9691   0.59   0   -2.309e+08   1.337e+08   0
39.5   0.6099   -0.9922   0.6034   0   -2.309e+08   1.337e+08   0
39.6   0.6099   -1.015   0.6168   0   -2.309e+08   1.337e+08   0
39.7   0.6099   -1.038   0.6301   0   -2.309e+08   1.337e+08   0
39.8   0.6099   -1.061   0.6435   0   -2.309e+08   1.337e+08   0
39.9   0.6099   -1.085   0.6569   0   -2.309e+08   1.337e+08   0
40   0.6099   -1.108   0.6702   0   -2.309e+08   1.337e+08   0
40.1   0.6099   -1.131   0.6836   0   -2.309e+08   1.337e+08   0
40.2   0.6099   -1.154   0.697   0   -2.309e+08   1.337e+08   0
40.3   0.6099   -1.177   0.7103   0   -2.309e+08   1.337e+08   0
40.4   0.6099   -1.2   0.7237   0   -2.309e+08   1.337e+08   0
40.5   0.6099   -1.223   0.7371   0   -2.309e+08   1.337e+08   0
40.6   0.6099   -1.246   0.7504   0   -2.309e+08   1.337e+08   0
40.7   0.6099   -1.269   0.7638   0   -2.309e+08   1.337e+08   0
40.8   0.6099   -1.292   0.7772   0   -2.309e+08   1.337e+08   0
40.9   0.6099   -1.315   0.7905   0   -2.309e+08   1.337e+08   0
41   0.6099   -1.339   0.8039   0   -2.309e+08   1.337e+08   0
41.1   0.6099   -1.362   0.8173   0   -2.309e+08   1.337e+08   0
41.2   0.6099   -1.385   0.8306   0   -2.309e+08   1.337e+08   0
41.3   0.6099   -1.408   0.844   0   -2.309e+08   1.337e+08   0
41.4   0.6099   -1.431   0.8574   0   -2.309e+08   1.337e+08   0
41.5   0.6099   -1.454   0.8707   0   -2.309e+08   1.337e+08   0
41.6   0.6099   -1.477   0.8841   0   -2.309e+08   1.337e+08   0
41.7   0.6099   -1.5   0.8975   0   -2.309e+08   1.337e+08   0
41.8   0.6099   -1.523   0.9108   0   -2.309e+08   1.337e+08   0
41.9   0.6099   -1.546   0.9242   0   -2.309e+08   1.337e+08   0
42   0.6099   -1.569   0.9376   0   -2.309e+08   1.337e+08   0
42.1   0.6099   -1.593   0.9509   0   -2.309e+08   1.337e+08   0
42.2   0.6099   -1.616   0.9643   0   -2.309e+08   1.337e+08   0
42.3   0.6099   -1.639   0.9777   0   -2.309e+08   1.337e+08   0
42.4   0.6099   -1.662   0.991   0   -2.309e+08   1.337e+08   0
42.5   0.6099   -1.685   1.004   0   -2.309e+08   1.337e+08   0
42.6   0.6099   -1.708   1.018   0   -2.309e+08   1.337e+08   0
42.7   0.6099   -1.731   1.031   0   -2.309e+08   1.337e+08   0
42.8   0.6099   -1.754   1.044   0   -2.309e+08   1.337e+08   0
42.9   0.6099   -1.777   1.058   0   -2.309e+08   1.337e+08   0
43   0.6099   -1.8   1.071   0   -2.309e+08   1.337e+08   0
43.1   0.6099   -1.824   1.085   0   -2.309e+08   1.337e+08   0
43.2   0.6099   -1.847   1.098   0   -2.309e+08   1.337e+08   0
43.3   0.6099   -1.87   1.111   0   -2.309e+08   1.337e+08   0
43.4   0.6099   -1.893   1.125   0   -2.309e+08   1.337e+08   0
43.5   0.6099   -1.916   1.138   0   -2.309e+08   1.337e+08   0
43.6   0.6099   -1.939   1.151   0   -2.309e+08   1.337e+08   0
43.7   0.6099   -1.962   1.165   0   -2.309e+08   1.337e+08   0
43.8   0.6099   -1.985   1.178   0   -2.309e+08   1.337e+08   0
43.9   0.6099   -2.008   1.192   0   -2.309e+08   1.337e+08   0
44   0.6099   -2.031   1.205   0   -2.309e+08   1.337e+08   0
44.1   0.6099   -2.054   1.218   0   -2.309e+08   1.337e+08   0
44.2   0.6099   -2.078   1.232   0   -2.309e+08   1.337e+08   0
44.3   0.6099   -2.101   1.245   0   -2.309e+08   1.337e+08   0
44.4   0.6099   -2.124   1.258   0   -2.309e+08   1.337e+08   0
44.5   0.6099   -2.147   1.272   0   -2.309e+08   1.337e+08   0
44.6   0.6099   -2.17   1.285   0   -2.309e+08   1.337e+08   0
44.7   0.6099   -2.193   1.298   0   -2.309e+08   1.337e+08   0
44.8   0.6099   -2.216   1.312   0   -2.309e+08   1.337e+08   0
44.9   0.6099   -2.239   1.325   0   -2.309e+08   1.337e+08   0
45   0.6099   -2.262   1.339   0   -2.309e+08   1.337e+08   0
