0   0.04   -0.753   0   0   1.121e+08   0   0
0.1   0.04   -0.753   0   0   1.121e+08   0   0
0.2   0.04   -0.753   0   0   1.121e+08   0   0
0.3   0.04   -0.753   0   0   1.121e+08   0   0
0.4   0.04   -0.753   0   0   1.121e+08   0   0
0.5   0.04   -0.753   0   0   1.121e+08   0   0
0.6   0.04   -0.753   0   0   1.121e+08   0   0
0.7   0.04   -0.753   0   0   1.121e+08   0   0
0.8   0.04   -0.753   0   0   1.121e+08   0   0
0.9   0.04   -0.753   0   0   1.121e+08   0   0
1   0.04   -0.753   0   0   1.121e+08   0   0
1.1   0.04   -0.753   0   0   1.121e+08   0   0
1.2   0.04   -0.753   0   0   1.121e+08   0   0
1.3   0.04087   -0.7477   0   0   1.132e+08   0   0
1.4   0.04292   -0.7362   0   0   1.157e+08   0   0
1.5   0.04517   -0.7245   0   0   1.183e+08   0   0
1.6   0.04764   -0.7125   0   0   1.211e+08   0   0
1.7   0.05032   -0.7003   0   0   1.241e+08   0   0
1.8   0.05323   -0.6877   0   0   1.271e+08   0   0
1.9   0.05636   -0.6749   0   0   1.303e+08   0   0
2   0.05972   -0.6617   0   0   1.335e+08   0   0
2.1   0.06331   -0.6481   0   0   1.368e+08   0   0
2.2   0.06713   -0.6343   0   0   1.402e+08   0   0
2.3   0.07118   -0.6201   0   0   1.436e+08   0   0
2.4   0.07546   -0.6056   0   0   1.471e+08   0   0
2.5   0.07995   -0.5907   0   0   1.506e+08   0   0
2.6   0.08466   -0.5754   0   0   1.541e+08   0   0
2.7   0.08958   -0.5599   0   0   1.575e+08   0   0
2.8   0.09469   -0.5439   0   0   1.609e+08   0   0
2.9   0.09998   -0.5277   0   0   1.643e+08   0   0
3   0.1054   -0.5111   0   0   1.677e+08   0   0
3.1   0.111   -0.4941   0   0   1.709e+08   0   0
3.2   0.1168   -0.4769   0   0   1.741e+08   0   0
3.3   0.1226   -0.4593   0   0   1.772e+08   0   0
3.4   0.1285   -0.4414   0   0   1.802e+08   0   0
3.5   0.1344   -0.4233   0   0   1.831e+08   0   0
3.6   0.1404   -0.4048   0   0   1.859e+08   0   0
3.7   0.1463   -0.3861   0   0   1.886e+08   0   0
3.8   0.1521   -0.3671   0   0   1.911e+08   0   0
3.9   0.1578   -0.3479   0   0   1.934e+08   0   0
4   0.1634   -0.3284   0   0   1.956e+08   0   0
4.1   0.1687   -0.3087   0   0   1.977e+08   0   0
4.2   0.1736   -0.2889   0   0   1.995e+08   0   0
4.3   0.1782   -0.2688   0   0   2.012e+08   0   0
4.4   0.1822   -0.2487   0   0   2.026e+08   0   0
4.5   0.1856   -0.2283   0   0   2.038e+08   0   0
4.6   0.1882   -0.2079   0   0   2.046e+08   0   0
4.7   0.1898   -0.1874   0   0   2.052e+08   0   0
4.8   0.1898   -0.1669   0   0   2.052e+08   0   0
4.9   0.1898   -0.1464   0   0   2.052e+08   0   0
5   0.1898   -0.1259   0   0   2.052e+08   0   0
5.1   0.1898   -0.1054   0   0   2.052e+08   0   0
5.2   0.1898   -0.08483   0   0   2.052e+08   0   0
5.3   0.1898   -0.06432   0   0   2.052e+08   0   0
5.4   0.1898   -0.0438   0   0   2.052e+08   0   0
5.5   0.1898   -0.02328   0   0   2.052e+08   0   0
5.6   0.1898   -0.002765   0   0   2.052e+08   0   0
5.7   0.1898   0.01775   0   0   2.052e+08   0   0
5.8   0.1898   0.03827   0   0   2.052e+08   0   0
5.9   0.1898   0.05879   0   0   2.052e+08   0   0
6   0.1898   0.0793   0   0   2.052e+08   0   0
6.1   0.1898   0.09982   0   0   2.052e+08   0   0
6.2   0.1898   0.1203   0   0   2.052e+08   0   0
6.3   0.1898   0.1409   0   0   2.052e+08   0   0
6.4   0.1898   0.1614   0   0   2.052e+08   0   0
6.5   0.1898   0.1819   0   0   2.052e+08   0   0
6.6   0.2022   0.2025   0   0   2.091e+08   0   0
6.7   0.2193   0.2237   0   0   2.142e+08   0   0
6.8   0.2355   0.2454   0   0   2.186e+08   0   0
6.9   0.2509   0.2674   0   0   2.224e+08   0   0
7   0.2653   0.2898   0   0   2.257e+08   0   0
7.1   0.279   0.3125   0   0   2.286e+08   0   0
7.2   0.2918   0.3355   0   0   2.312e+08   0   0
7.3   0.3039   0.3588   0   0   2.335e+08   0   0
7.4   0.3151   0.3822   0   0   2.356e+08   0   0
7.5   0.3257   0.4059   0   0   2.374e+08   0   0
7.6   0.3356   0.4297   0   0   2.39e+08   0   0
7.7   0.3447   0.4537   0   0   2.405e+08   0   0
7.8   0.3532   0.4778   0   0   2.418e+08   0   0
7.9   0.361   0.502   0   0   2.429e+08   0   0
8   0.3683   0.5264   0   0   2.44e+08   0   0
8.1   0.3749   0.5508   0   0   2.449e+08   0   0
8.2   0.3808   0.5754   0   0   2.457e+08   0   0
8.3   0.3863   0.6   0   0   2.464e+08   0   0
8.4   0.3911   0.6246   0   0   2.471e+08   0   0
8.5   0.3955   0.6494   0   0   2.476e+08   0   0
8.6   0.3993   0.6742   0   0   2.481e+08   0   0
8.7   0.4026   0.699   0   0   2.485e+08   0   0
8.8   0.4054   0.7239   0   0   2.489e+08   0   0
8.9   0.4077   0.7488   0   0   2.491e+08   0   0
9   0.4081   0.7737   0   0   2.492e+08   0   0
9.1   0.4081   0.7986   0   0   2.492e+08   0   0
9.2   0.4081   0.8235   0   0   2.492e+08   0   0
9.3   0.4081   0.8484   0   0   2.492e+08   0   0
9.4   0.4081   0.8734   0   0   2.492e+08   0   0
9.5   0.4081   0.8983   0   0   2.492e+08   0   0
9.6   0.4081   0.9232   0   0   2.492e+08   0   0
9.7   0.4081   0.9481   0   0   2.492e+08   0   0
9.8   0.4081   0.973   0   0   2.492e+08   0   0
9.9   0.4081   0.9979   0   0   2.492e+08   0   0
10   0.4081   1.023   0   0   2.492e+08   0   0
10.1   0.4081   1.048   0   0   2.492e+08   0   0
10.2   0.4081   1.073   0   0   2.492e+08   0   0
10.3   0.4081   1.098   0   0   2.492e+08   0   0
10.4   0.4086   1.122   -0.001369   0   2.453e+08   -4.406e+07   0
10.5   0.4095   1.146   -0.009295   0   2.225e+08   -1.127e+08   0
10.6   0.4103   1.166   -0.02365   0   1.809e+08   -1.718e+08   0
10.7   0.4112   1.182   -0.04322   0   1.242e+08   -2.165e+08   0
10.8   0.4121   1.191   -0.06637   0   5.703e+07   -2.431e+08   0
10.9   0.413   1.193   -0.09117   0   -1.486e+07   -2.493e+08   0
11   0.4139   1.188   -0.1155   0   -8.55e+07   -2.348e+08   0
11.1   0.4147   1.176   -0.1375   0   -1.49e+08   -2.007e+08   0
11.2   0.4156   1.158   -0.1551   0   -2.001e+08   -1.5e+08   0
11.3   0.4165   1.136   -0.167   0   -2.347e+08   -8.677e+07   0
11.4   0.4174   1.112   -0.1721   0   -2.498e+08   -1.64e+07   0
11.5   0.4181   1.087   -0.1703   0   -2.47e+08   4.115e+07   0
11.6   0.4181   1.062   -0.1662   0   -2.47e+08   4.115e+07   0
11.7   0.4181   1.038   -0.1621   0   -2.47e+08   4.115e+07   0
11.8   0.4181   1.013   -0.1579   0   -2.47e+08   4.115e+07   0
11.9   0.4181   0.9883   -0.1538   0   -2.47e+08   4.115e+07   0
12   0.4181   0.9636   -0.1497   0   -2.47e+08   4.115e+07   0
12.1   0.4181   0.9389   -0.1456   0   -2.47e+08   4.115e+07   0
12.2   0.4181   0.9142   -0.1415   0   -2.47e+08   4.115e+07   0
12.3   0.4181   0.8895   -0.1374   0   -2.47e+08   4.115e+07   0
12.4   0.4181   0.8648   -0.1333   0   -2.47e+08   4.115e+07   0
12.5   0.4181   0.8401   -0.1291   0   -2.47e+08   4.115e+07   0
12.6   0.4181   0.8154   -0.125   0   -2.47e+08   4.115e+07   0
12.7   0.4181   0.7907   -0.1209   0   -2.47e+08   4.115e+07   0
12.8   0.4181   0.766   -0.1168   0   -2.47e+08   4.115e+07   0
12.9   0.4186   0.7413   -0.1127   0   -2.47e+08   4.116e+07   0
13   0.4229   0.7166   -0.1086   0   -2.475e+08   4.121e+07   0
13.1   0.427   0.6918   -0.1044   0   -2.48e+08   4.127e+07   0
13.2   0.4309   0.667   -0.1003   0   -2.484e+08   4.132e+07   0
13.3   0.4345   0.6421   -0.09617   0   -2.488e+08   4.136e+07   0
13.4   0.4379   0.6172   -0.09203   0   -2.492e+08   4.14e+07   0
13.5   0.441   0.5923   -0.08789   0   -2.495e+08   4.144e+07   0
13.6   0.4438   0.5673   -0.08374   0   -2.498e+08   4.147e+07   0
13.7   0.4461   0.5423   -0.0796   0   -2.501e+08   4.149e+07   0
13.8   0.448   0.5173   -0.07545   0   -2.503e+08   4.151e+07   0
13.9   0.4495   0.4923   -0.07129   0   -2.504e+08   4.153e+07   0
14   0.4503   0.4672   -0.06714   0   -2.505e+08   4.153e+07   0
14.1   0.4505   0.4422   -0.06299   0   -2.505e+08   4.154e+07   0
14.2   0.45   0.4171   -0.05883   0   -2.505e+08   4.153e+07   0
14.3   0.4488   0.3921   -0.05468   0   -2.503e+08   4.152e+07   0
14.4   0.4466   0.367   -0.05053   0   -2.501e+08   4.151e+07   0
14.5   0.4435   0.342   -0.04638   0   -2.498e+08   4.149e+07   0
14.6   0.4392   0.3171   -0.04223   0   -2.493e+08   4.146e+07   0
14.7   0.4337   0.2922   -0.03809   0   -2.487e+08   4.143e+07   0
14.8   0.4267   0.2673   -0.03395   0   -2.479e+08   4.14e+07   0
14.9   0.4179   0.2426   -0.02981   0   -2.469e+08   4.137e+07   0
15   0.4072   0.218   -0.02567   0   -2.456e+08   4.135e+07   0
15.1   0.394   0.1935   -0.02154   0   -2.44e+08   4.135e+07   0
15.2   0.39   0.1691   -0.0174   0   -2.434e+08   4.136e+07   0
15.3   0.39   0.1448   -0.01327   0   -2.434e+08   4.136e+07   0
15.4   0.39   0.1205   -0.009131   0   -2.434e+08   4.136e+07   0
15.5   0.39   0.09612   -0.004995   0   -2.434e+08   4.136e+07   0
15.6   0.39   0.07178   -0.0008594   0   -2.434e+08   4.136e+07   0
15.7   0.39   0.04744   0.003276   0   -2.434e+08   4.136e+07   0
15.8   0.39   0.02309   0.007412   0   -2.434e+08   4.136e+07   0
15.9   0.39   -0.001249   0.01155   0   -2.434e+08   4.136e+07   0
16   0.39   -0.02559   0.01568   0   -2.434e+08   4.136e+07   0
16.1   0.39   -0.04993   0.01982   0   -2.434e+08   4.136e+07   0
16.2   0.39   -0.07428   0.02395   0   -2.434e+08   4.136e+07   0
16.3   0.39   -0.09862   0.02809   0   -2.434e+08   4.136e+07   0
16.4   0.39   -0.123   0.03223   0   -2.434e+08   4.136e+07   0
16.5   0.39   -0.1473   0.03636   0   -2.434e+08   4.136e+07   0
16.6   0.39   -0.1716   0.0405   0   -2.434e+08   4.136e+07   0
16.7   0.4015   -0.196   0.04465   0   -2.448e+08   4.186e+07   0
16.8   0.4221   -0.2206   0.04888   0   -2.472e+08   4.268e+07   0
16.9   0.4403   -0.2454   0.05318   0   -2.491e+08   4.333e+07   0
17   0.4566   -0.2704   0.05754   0   -2.508e+08   4.385e+07   0
17.1   0.4711   -0.2956   0.06195   0   -2.522e+08   4.428e+07   0
17.2   0.484   -0.3209   0.06639   0   -2.533e+08   4.463e+07   0
17.3   0.4955   -0.3463   0.07087   0   -2.543e+08   4.493e+07   0
17.4   0.5058   -0.3717   0.07538   0   -2.552e+08   4.517e+07   0
17.5   0.5149   -0.3973   0.0799   0   -2.56e+08   4.538e+07   0
17.6   0.523   -0.4229   0.08445   0   -2.566e+08   4.556e+07   0
17.7   0.5301   -0.4486   0.08901   0   -2.572e+08   4.57e+07   0
17.8   0.5363   -0.4744   0.09359   0   -2.576e+08   4.583e+07   0
17.9   0.5417   -0.5001   0.09818   0   -2.58e+08   4.593e+07   0
18   0.5463   -0.526   0.1028   0   -2.584e+08   4.602e+07   0
18.1   0.5501   -0.5518   0.1074   0   -2.587e+08   4.609e+07   0
18.2   0.5533   -0.5777   0.112   0   -2.589e+08   4.615e+07   0
18.3   0.5558   -0.6036   0.1166   0   -2.591e+08   4.619e+07   0
18.4   0.5578   -0.6295   0.1212   0   -2.592e+08   4.623e+07   0
18.5   0.5592   -0.6554   0.1259   0   -2.593e+08   4.625e+07   0
18.6   0.5601   -0.6814   0.1305   0   -2.594e+08   4.626e+07   0
18.7   0.5604   -0.7073   0.1351   0   -2.594e+08   4.627e+07   0
18.8   0.5604   -0.7333   0.1397   0   -2.594e+08   4.627e+07   0
18.9   0.5603   -0.7592   0.1444   0   -2.594e+08   4.627e+07   0
19   0.5603   -0.7851   0.149   0   -2.594e+08   4.627e+07   0
19.1   0.5603   -0.8111   0.1536   0   -2.594e+08   4.627e+07   0
19.2   0.5603   -0.837   0.1582   0   -2.594e+08   4.627e+07   0
19.3   0.5603   -0.863   0.1629   0   -2.594e+08   4.627e+07   0
19.4   0.5603   -0.8889   0.1675   0   -2.594e+08   4.627e+07   0
19.5   0.5603   -0.9148   0.1721   0   -2.594e+08   4.627e+07   0
19.6   0.5603   -0.9408   0.1768   0   -2.594e+08   4.627e+07   0
19.7   0.5603   -0.9667   0.1814   0   -2.594e+08   4.627e+07   0
19.8   0.5603   -0.9927   0.186   0   -2.594e+08   4.627e+07   0
19.9   0.5603   -1.019   0.1906   0   -2.594e+08   4.627e+07   0
20   0.5603   -1.045   0.1953   0   -2.594e+08   4.627e+07   0
20.1   0.5603   -1.07   0.1999   0   -2.594e+08   4.627e+07   0
20.2   0.5603   -1.096   0.2045   0   -2.594e+08   4.627e+07   0
20.3   0.5603   -1.122   0.2091   0   -2.594e+08   4.627e+07   0
20.4   0.5618   -1.148   0.2162   0   -2.401e+08   1.087e+08   0
20.5   0.5637   -1.169   0.2308   0   -1.927e+08   1.801e+08   0
20.6   0.5657   -1.185   0.2516   0   -1.25e+08   2.324e+08   0
20.7   0.5676   -1.194   0.2765   0   -4.421e+07   2.603e+08   0
20.8   0.5696   -1.194   0.3028   0   4.115e+07   2.609e+08   0
20.9   0.5716   -1.186   0.3278   0   1.222e+08   2.344e+08   0
21   0.5736   -1.17   0.3488   0   1.904e+08   1.835e+08   0
21.1   0.5756   -1.148   0.3638   0   2.389e+08   1.136e+08   0
21.2   0.5776   -1.123   0.3711   0   2.628e+08   3.212e+07   0
21.3   0.5796   -1.097   0.37   0   2.596e+08   -5.263e+07   0
21.4   0.5804   -1.071   0.362   0   2.505e+08   -8.629e+07   0
21.5   0.5804   -1.046   0.3534   0   2.505e+08   -8.629e+07   0
21.6   0.5804   -1.021   0.3448   0   2.505e+08   -8.629e+07   0
21.7   0.5804   -0.9963   0.3362   0   2.505e+08   -8.629e+07   0
21.8   0.5804   -0.9712   0.3275   0   2.505e+08   -8.629e+07   0
21.9   0.5804   -0.9462   0.3189   0   2.505e+08   -8.629e+07   0
22   0.5804   -0.9211   0.3103   0   2.505e+08   -8.629e+07   0
22.1   0.5804   -0.8961   0.3016   0   2.505e+08   -8.629e+07   0
22.2   0.5804   -0.871   0.293   0   2.505e+08   -8.629e+07   0
22.3   0.5804   -0.846   0.2844   0   2.505e+08   -8.629e+07   0
22.4   0.5804   -0.8209   0.2758   0   2.505e+08   -8.629e+07   0
22.5   0.5804   -0.7959   0.2671   0   2.505e+08   -8.629e+07   0
22.6   0.5804   -0.7709   0.2585   0   2.505e+08   -8.629e+07   0
22.7   0.5804   -0.7458   0.2499   0   2.505e+08   -8.629e+07   0
22.8   0.5804   -0.7208   0.2412   0   2.505e+08   -8.629e+07   0
22.9   0.582   -0.6957   0.2326   0   2.506e+08   -8.632e+07   0
23   0.5839   -0.6707   0.224   0   2.507e+08   -8.636e+07   0
23.1   0.5855   -0.6456   0.2153   0   2.508e+08   -8.639e+07   0
23.2   0.5866   -0.6205   0.2067   0   2.509e+08   -8.641e+07   0
23.3   0.5873   -0.5954   0.1981   0   2.509e+08   -8.642e+07   0
23.4   0.5875   -0.5703   0.1894   0   2.509e+08   -8.642e+07   0
23.5   0.5871   -0.5452   0.1808   0   2.509e+08   -8.642e+07   0
23.6   0.5862   -0.5201   0.1721   0   2.508e+08   -8.64e+07   0
23.7   0.5846   -0.4951   0.1635   0   2.507e+08   -8.637e+07   0
23.8   0.5823   -0.47   0.1549   0   2.506e+08   -8.633e+07   0
23.9   0.5792   -0.445   0.1462   0   2.504e+08   -8.627e+07   0
24   0.5753   -0.4199   0.1376   0   2.501e+08   -8.62e+07   0
24.1   0.5705   -0.3949   0.129   0   2.498e+08   -8.612e+07   0
24.2   0.5646   -0.37   0.1204   0   2.494e+08   -8.601e+07   0
24.3   0.5576   -0.3451   0.1118   0   2.489e+08   -8.588e+07   0
24.4   0.5494   -0.3202   0.1032   0   2.483e+08   -8.573e+07   0
24.5   0.5397   -0.2954   0.09464   0   2.476e+08   -8.556e+07   0
24.6   0.5285   -0.2707   0.08609   0   2.467e+08   -8.535e+07   0
24.7   0.5154   -0.2461   0.07757   0   2.457e+08   -8.511e+07   0
24.8   0.5001   -0.2216   0.06907   0   2.444e+08   -8.483e+07   0
24.9   0.4824   -0.1972   0.0606   0   2.428e+08   -8.451e+07   0
25   0.4679   -0.173   0.05217   0   2.414e+08   -8.424e+07   0
25.1   0.4679   -0.1489   0.04374   0   2.414e+08   -8.424e+07   0
25.2   0.4679   -0.1247   0.03532   0   2.414e+08   -8.424e+07   0
25.3   0.4679   -0.1006   0.0269   0   2.414e+08   -8.424e+07   0
25.4   0.4679   -0.07643   0.01847   0   2.414e+08   -8.424e+07   0
25.5   0.4679   -0.05229   0.01005   0   2.414e+08   -8.424e+07   0
25.6   0.4679   -0.02815   0.001624   0   2.414e+08   -8.424e+07   0
25.7   0.4679   -0.004005   -0.006801   0   2.414e+08   -8.424e+07   0
25.8   0.4679   0.02014   -0.01522   0   2.414e+08   -8.424e+07   0
25.9   0.4679   0.04428   -0.02365   0   2.414e+08   -8.424e+07   0
26   0.4679   0.06842   -0.03207   0   2.414e+08   -8.424e+07   0
26.1   0.4679   0.09257   -0.0405   0   2.414e+08   -8.424e+07   0
26.2   0.4679   0.1167   -0.04892   0   2.414e+08   -8.424e+07   0
26.3   0.4679   0.1409   -0.05735   0   2.414e+08   -8.424e+07   0
26.4   0.4679   0.165   -0.06577   0   2.414e+08   -8.424e+07   0
26.5   0.4799   0.1892   -0.07421   0   2.425e+08   -8.478e+07   0
26.6   0.4981   0.2135   -0.08273   0   2.44e+08   -8.554e+07   0
26.7   0.5137   0.238   -0.09131   0   2.452e+08   -8.613e+07   0
26.8   0.5272   0.2625   -0.09995   0   2.462e+08   -8.661e+07   0
26.9   0.5387   0.2872   -0.1086   0   2.47e+08   -8.7e+07   0
27   0.5486   0.3119   -0.1173   0   2.477e+08   -8.732e+07   0
27.1   0.5571   0.3367   -0.1261   0   2.483e+08   -8.758e+07   0
27.2   0.5643   0.3616   -0.1349   0   2.487e+08   -8.78e+07   0
27.3   0.5704   0.3865   -0.1437   0   2.491e+08   -8.797e+07   0
27.4   0.5754   0.4114   -0.1525   0   2.495e+08   -8.811e+07   0
27.5   0.5795   0.4364   -0.1613   0   2.497e+08   -8.822e+07   0
27.6   0.5828   0.4613   -0.1701   0   2.499e+08   -8.831e+07   0
27.7   0.5852   0.4863   -0.1789   0   2.501e+08   -8.837e+07   0
27.8   0.5869   0.5113   -0.1878   0   2.502e+08   -8.842e+07   0
27.9   0.588   0.5364   -0.1966   0   2.502e+08   -8.845e+07   0
28   0.5885   0.5614   -0.2055   0   2.503e+08   -8.846e+07   0
28.1   0.5884   0.5864   -0.2143   0   2.503e+08   -8.846e+07   0
28.2   0.5879   0.6114   -0.2232   0   2.502e+08   -8.844e+07   0
28.3   0.5868   0.6365   -0.232   0   2.502e+08   -8.842e+07   0
28.4   0.5854   0.6615   -0.2408   0   2.501e+08   -8.838e+07   0
28.5   0.5835   0.6865   -0.2497   0   2.5e+08   -8.833e+07   0
28.6   0.5817   0.7115   -0.2585   0   2.499e+08   -8.829e+07   0
28.7   0.5817   0.7365   -0.2673   0   2.499e+08   -8.829e+07   0
28.8   0.5817   0.7614   -0.2762   0   2.499e+08   -8.829e+07   0
28.9   0.5817   0.7864   -0.285   0   2.499e+08   -8.829e+07   0
29   0.5817   0.8114   -0.2938   0   2.499e+08   -8.829e+07   0
29.1   0.5817   0.8364   -0.3027   0   2.499e+08   -8.829e+07   0
29.2   0.5817   0.8614   -0.3115   0   2.499e+08   -8.829e+07   0
29.3   0.5817   0.8864   -0.3203   0   2.499e+08   -8.829e+07   0
29.4   0.5817   0.9114   -0.3291   0   2.499e+08   -8.829e+07   0
29.5   0.5817   0.9363   -0.338   0   2.499e+08   -8.829e+07   0
29.6   0.5817   0.9613   -0.3468   0   2.499e+08   -8.829e+07   0
29.7   0.5817   0.9863   -0.3556   0   2.499e+08   -8.829e+07   0
29.8   0.5817   1.011   -0.3645   0   2.499e+08   -8.829e+07   0
29.9   0.5817   1.036   -0.3733   0   2.499e+08   -8.829e+07   0
30   0.5817   1.061   -0.3821   0   2.499e+08   -8.829e+07   0
30.1   0.5817   1.086   -0.3909   0   2.499e+08   -8.829e+07   0
30.2   0.5851   1.109   -0.4038   0   1.984e+08   -1.76e+08   0
30.3   0.5889   1.125   -0.4252   0   1.042e+08   -2.442e+08   0
30.4   0.5928   1.129   -0.4511   0   -9.876e+06   -2.656e+08   0
30.5   0.5968   1.123   -0.4766   0   -1.219e+08   -2.364e+08   0
30.6   0.6007   1.106   -0.4968   0   -2.108e+08   -1.627e+08   0
30.7   0.6047   1.082   -0.508   0   -2.6e+08   -5.857e+07   0
30.8   0.6087   1.055   -0.5081   0   -2.607e+08   5.63e+07   0
30.9   0.6114   1.031   -0.4975   0   -2.328e+08   1.306e+08   0
31   0.6114   1.008   -0.4844   0   -2.328e+08   1.306e+08   0
31.1   0.6114   0.9843   -0.4714   0   -2.328e+08   1.306e+08   0
31.2   0.6114   0.961   -0.4583   0   -2.328e+08   1.306e+08   0
31.3   0.6114   0.9377   -0.4452   0   -2.328e+08   1.306e+08   0
31.4   0.6114   0.9144   -0.4322   0   -2.328e+08   1.306e+08   0
31.5   0.6114   0.8912   -0.4191   0   -2.328e+08   1.306e+08   0
31.6   0.6114   0.8679   -0.406   0   -2.328e+08   1.306e+08   0
31.7   0.6114   0.8446   -0.393   0   -2.328e+08   1.306e+08   0
31.8   0.6114   0.8213   -0.3799   0   -2.328e+08   1.306e+08   0
31.9   0.6114   0.7981   -0.3669   0   -2.328e+08   1.306e+08   0
32   0.6114   0.7748   -0.3538   0   -2.328e+08   1.306e+08   0
32.1   0.6114   0.7515   -0.3407   0   -2.328e+08   1.306e+08   0
32.2   0.6114   0.7282   -0.3277   0   -2.328e+08   1.306e+08   0
32.3   0.6114   0.7049   -0.3146   0   -2.328e+08   1.306e+08   0
32.4   0.6118   0.6817   -0.3015   0   -2.328e+08   1.306e+08   0
32.5   0.6128   0.6584   -0.2885   0   -2.329e+08   1.306e+08   0
32.6   0.6135   0.6351   -0.2754   0   -2.329e+08   1.306e+08   0
32.7   0.6136   0.6118   -0.2624   0   -2.329e+08   1.306e+08   0
32.8   0.6133   0.5885   -0.2493   0   -2.329e+08   1.306e+08   0
32.9   0.6125   0.5652   -0.2362   0   -2.328e+08   1.306e+08   0
33   0.6111   0.5419   -0.2232   0   -2.327e+08   1.306e+08   0
33.1   0.6091   0.5187   -0.2101   0   -2.326e+08   1.306e+08   0
33.2   0.6064   0.4954   -0.197   0   -2.324e+08   1.306e+08   0
33.3   0.603   0.4722   -0.184   0   -2.321e+08   1.307e+08   0
33.4   0.5988   0.449   -0.1709   0   -2.318e+08   1.307e+08   0
33.5   0.5938   0.4258   -0.1578   0   -2.314e+08   1.307e+08   0
33.6   0.5879   0.4027   -0.1447   0   -2.309e+08   1.308e+08   0
33.7   0.581   0.3797   -0.1317   0   -2.303e+08   1.309e+08   0
33.8   0.5731   0.3567   -0.1186   0   -2.296e+08   1.311e+08   0
33.9   0.564   0.3337   -0.1054   0   -2.288e+08   1.313e+08   0
34   0.5536   0.3109   -0.09231   0   -2.277e+08   1.315e+08   0
34.1   0.5419   0.2882   -0.07914   0   -2.265e+08   1.319e+08   0
34.2   0.5286   0.2656   -0.06592   0   -2.25e+08   1.325e+08   0
34.3   0.5136   0.2432   -0.05264   0   -2.231e+08   1.332e+08   0
34.4   0.4969   0.221   -0.03927   0   -2.208e+08   1.342e+08   0
34.5   0.4781   0.1991   -0.02578   0   -2.179e+08   1.357e+08   0
34.6   0.4669   0.1774   -0.01213   0   -2.16e+08   1.367e+08   0
34.7   0.4669   0.1558   0.001538   0   -2.16e+08   1.367e+08   0
34.8   0.4669   0.1342   0.01521   0   -2.16e+08   1.367e+08   0
34.9   0.4669   0.1126   0.02888   0   -2.16e+08   1.367e+08   0
35   0.4669   0.09103   0.04255   0   -2.16e+08   1.367e+08   0
35.1   0.4669   0.06943   0.05623   0   -2.16e+08   1.367e+08   0
35.2   0.4669   0.04784   0.0699   0   -2.16e+08   1.367e+08   0
35.3   0.4669   0.02624   0.08357   0   -2.16e+08   1.367e+08   0
35.4   0.4669   0.004643   0.09724   0   -2.16e+08   1.367e+08   0
35.5   0.4669   -0.01695   0.1109   0   -2.16e+08   1.367e+08   0
35.6   0.4669   -0.03855   0.1246   0   -2.16e+08   1.367e+08   0
35.7   0.4669   -0.06015   0.1383   0   -2.16e+08   1.367e+08   0
35.8   0.4669   -0.08175   0.1519   0   -2.16e+08   1.367e+08   0
35.9   0.4724   -0.1033   0.1656   0   -2.159e+08   1.378e+08   0
36   0.489   -0.1249   0.1796   0   -2.158e+08   1.408e+08   0
36.1   0.5035   -0.1465   0.1938   0   -2.159e+08   1.431e+08   0
36.2   0.516   -0.1681   0.2082   0   -2.16e+08   1.449e+08   0
36.3   0.5269   -0.1897   0.2227   0   -2.161e+08   1.462e+08   0
36.4   0.5361   -0.2113   0.2374   0   -2.163e+08   1.473e+08   0
36.5   0.544   -0.233   0.2522   0   -2.164e+08   1.482e+08   0
36.6   0.5507   -0.2546   0.267   0   -2.166e+08   1.488e+08   0
36.7   0.5561   -0.2763   0.2819   0   -2.167e+08   1.494e+08   0
36.8   0.5606   -0.2979   0.2969   0   -2.168e+08   1.498e+08   0
36.9   0.5641   -0.3196   0.3119   0   -2.169e+08   1.501e+08   0
37   0.5668   -0.3413   0.3269   0   -2.17e+08   1.503e+08   0
37.1   0.5686   -0.363   0.342   0   -2.17e+08   1.505e+08   0
37.2   0.5698   -0.3847   0.357   0   -2.171e+08   1.505e+08   0
37.3   0.5704   -0.4064   0.3721   0   -2.171e+08   1.506e+08   0
37.4   0.5703   -0.4281   0.3871   0   -2.171e+08   1.506e+08   0
37.5   0.5697   -0.4499   0.4022   0   -2.171e+08   1.505e+08   0
37.6   0.5686   -0.4716   0.4172   0   -2.17e+08   1.505e+08   0
37.7   0.5671   -0.4933   0.4323   0   -2.17e+08   1.504e+08   0
37.8   0.5651   -0.515   0.4473   0   -2.169e+08   1.502e+08   0
37.9   0.5628   -0.5366   0.4623   0   -2.168e+08   1.501e+08   0
38   0.5602   -0.5583   0.4773   0   -2.167e+08   1.499e+08   0
38.1   0.5581   -0.58   0.4923   0   -2.166e+08   1.497e+08   0
38.2   0.5581   -0.6016   0.5073   0   -2.166e+08   1.497e+08   0
38.3   0.5581   -0.6233   0.5222   0   -2.166e+08   1.497e+08   0
38.4   0.5581   -0.645   0.5372   0   -2.166e+08   1.497e+08   0
38.5   0.5581   -0.6666   0.5522   0   -2.166e+08   1.497e+08   0
38.6   0.5581   -0.6883   0.5672   0   -2.166e+08   1.497e+08   0
38.7   0.5581   -0.7099   0.5821   0   -2.166e+08   1.497e+08   0
38.8   0.5581   -0.7316   0.5971   0   -2.166e+08   1.497e+08   0
38.9   0.5581   -0.7533   0.6121   0   -2.166e+08   1.497e+08   0
39   0.5581   -0.7749   0.6271   0   -2.166e+08   1.497e+08   0
39.1   0.5581   -0.7966   0.642   0   -2.166e+08   1.497e+08   0
39.2   0.5581   -0.8183   0.657   0   -2.166e+08   1.497e+08   0
39.3   0.5581   -0.8399   0.672   0   -2.166e+08   1.497e+08   0
39.4   0.5581   -0.8616   0.687   0   -2.166e+08   1.497e+08   0
39.5   0.5581   -0.8832   0.7019   0   -2.166e+08   1.497e+08   0
39.6   0.5581   -0.9049   0.7169   0   -2.166e+08   1.497e+08   0
39.7   0.5581   -0.9266   0.7319   0   -2.166e+08   1.497e+08   0
39.8   0.5581   -0.9482   0.7469   0   -2.166e+08   1.497e+08   0
39.9   0.5581   -0.9699   0.7618   0   -2.166e+08   1.497e+08   0
40   0.5581   -0.9915   0.7768   0   -2.166e+08   1.497e+08   0
40.1   0.5581   -1.013   0.7918   0   -2.166e+08   1.497e+08   0
40.2   0.5581   -1.035   0.8067   0   -2.166e+08   1.497e+08   0
40.3   0.5581   -1.057   0.8217   0   -2.166e+08   1.497e+08   0
40.4   0.5581   -1.078   0.8367   0   -2.166e+08   1.497e+08   0
40.5   0.5581   -1.1   0.8517   0   -2.166e+08   1.497e+08   0
40.6   0.5581   -1.122   0.8666   0   -2.166e+08   1.497e+08   0
40.7   0.5581   -1.143   0.8816   0   -2.166e+08   1.497e+08   0
40.8   0.5581   -1.165   0.8966   0   -2.166e+08   1.497e+08   0
40.9   0.5581   -1.187   0.9116   0   -2.166e+08   1.497e+08   0
41   0.5581   -1.208   0.9265   0   -2.166e+08   1.497e+08   0
41.1   0.5581   -1.23   0.9415   0   -2.166e+08   1.497e+08   0
41.2   0.5581   -1.251   0.9565   0   -2.166e+08   1.497e+08   0
41.3   0.5581   -1.273   0.9715   0   -2.166e+08   1.497e+08   0
41.4   0.5581   -1.295   0.9864   0   -2.166e+08   1.497e+08   0
41.5   0.5581   -1.316   1.001   0   -2.166e+08   1.497e+08   0
41.6   0.5581   -1.338   1.016   0   -2.166e+08   1.497e+08   0
41.7   0.5581   -1.36   1.031   0   -2.166e+08   1.497e+08   0
41.8   0.5581   -1.381   1.046   0   -2.166e+08   1.497e+08   0
41.9   0.5581   -1.403   1.061   0   -2.166e+08   1.497e+08   0
42   0.5581   -1.425   1.076   0   -2.166e+08   1.497e+08   0
42.1   0.5581   -1.446   1.091   0   -2.166e+08   1.497e+08   0
42.2   0.5581   -1.468   1.106   0   -2.166e+08   1.497e+08   0
42.3   0.5581   -1.49   1.121   0   -2.166e+08   1.497e+08   0
42.4   0.5581   -1.511   1.136   0   -2.166e+08   1.497e+08   0
42.5   0.5581   -1.533   1.151   0   -2.166e+08   1.497e+08   0
42.6   0.5581   -1.555   1.166   0   -2.166e+08   1.497e+08   0
42.7   0.5581   -1.576   1.181   0   -2.166e+08   1.497e+08   0
42.8   0.5581   -1.598   1.196   0   -2.166e+08   1.497e+08   0
42.9   0.5581   -1.62   1.211   0   -2.166e+08   1.497e+08   0
43   0.5581   -1.641   1.226   0   -2.166e+08   1.497e+08   0
43.1   0.5581   -1.663   1.241   0   -2.166e+08   1.497e+08   0
43.2   0.5581   -1.685   1.256   0   -2.166e+08   1.497e+08   0
43.3   0.5581   -1.706   1.271   0   -2.166e+08   1.497e+08   0
43.4   0.5581   -1.728   1.286   0   -2.166e+08   1.497e+08   0
43.5   0.5581   -1.75   1.301   0   -2.166e+08   1.497e+08   0
43.6   0.5581   -1.771   1.316   0   -2.166e+08   1.497e+08   0
43.7   0.5581   -1.793   1.331   0   -2.166e+08   1.497e+08   0
43.8   0.5581   -1.815   1.346   0   -2.166e+08   1.497e+08   0
43.9   0.5581   -1.836   1.361   0   -2.166e+08   1.497e+08   0
44   0.5581   -1.858   1.376   0   -2.166e+08   1.497e+08   0
44.1   0.5581   -1.88   1.391   0   -2.166e+08   1.497e+08   0
44.2   0.5581   -1.901   1.406   0   -2.166e+08   1.497e+08   0
44.3   0.5581   -1.923   1.421   0   -2.166e+08   1.497e+08   0
44.4   0.5581   -1.945   1.436   0   -2.166e+08   1.497e+08   0
44.5   0.5581   -1.966   1.451   0   -2.166e+08   1.497e+08   0
44.6   0.5581   -1.988   1.466   0   -2.166e+08   1.497e+08   0
44.7   0.5581   -2.01   1.481   0   -2.166e+08   1.497e+08   0
44.8   0.5581   -2.031   1.496   0   -2.166e+08   1.497e+08   0
44.9   0.5581   -2.053   1.511   0   -2.166e+08   1.497e+08   0
45   0.5581   -2.075   1.526   0   -2.166e+08   1.497e+08   0
