0   0.04   -0.753   0   0   1.121e+08   0   0
0.1   0.04   -0.753   0   0   1.121e+08   0   0
0.2   0.04   -0.753   0   0   1.121e+08   0   0
0.3   0.04   -0.753   0   0   1.121e+08   0   0
0.4   0.04   -0.753   0   0   1.121e+08   0   0
0.5   0.04   -0.753   0   0   1.121e+08   0   0
0.6   0.04   -0.753   0   0   1.121e+08   0   0
0.7   0.04   -0.753   0   0   1.121e+08   0   0
0.8   0.04   -0.753   0   0   1.121e+08   0   0
0.9   0.04   -0.753   0   0   1.121e+08   0   0
1   0.04   -0.753   0   0   1.121e+08   0   0
1.1   0.04   -0.753   0   0   1.121e+08   0   0
1.2   0.04   -0.753   0   0   1.121e+08   0   0
1.3   0.0405   -0.7499   0   0   1.128e+08   0   0
1.4   0.04253   -0.7385   0   0   1.152e+08   0   0
1.5   0.04476   -0.7269   0   0   1.179e+08   0   0
1.6   0.04721   -0.7149   0   0   1.207e+08   0   0
1.7   0.04988   -0.7027   0   0   1.236e+08   0   0
1.8   0.05276   -0.6902   0   0   1.266e+08   0   0
1.9   0.05587   -0.6774   0   0   1.298e+08   0   0
2   0.0592   -0.6643   0   0   1.33e+08   0   0
2.1   0.06277   -0.6508   0   0   1.363e+08   0   0
2.2   0.06656   -0.637   0   0   1.397e+08   0   0
2.3   0.07058   -0.6228   0   0   1.431e+08   0   0
2.4   0.07482   -0.6084   0   0   1.466e+08   0   0
2.5   0.07928   -0.5935   0   0   1.501e+08   0   0
2.6   0.08395   -0.5783   0   0   1.535e+08   0   0
2.7   0.08882   -0.5628   0   0   1.57e+08   0   0
2.8   0.09389   -0.5469   0   0   1.604e+08   0   0
2.9   0.09913   -0.5307   0   0   1.638e+08   0   0
3   0.1045   -0.5142   0   0   1.671e+08   0   0
3.1   0.1101   -0.4973   0   0   1.704e+08   0   0
3.2   0.1158   -0.4801   0   0   1.736e+08   0   0
3.3   0.1215   -0.4626   0   0   1.767e+08   0   0
3.4   0.1274   -0.4448   0   0   1.797e+08   0   0
3.5   0.1332   -0.4266   0   0   1.826e+08   0   0
3.6   0.1391   -0.4082   0   0   1.853e+08   0   0
3.7   0.145   -0.3896   0   0   1.88e+08   0   0
3.8   0.1507   -0.3707   0   0   1.905e+08   0   0
3.9   0.1564   -0.3515   0   0   1.928e+08   0   0
4   0.1618   -0.3321   0   0   1.95e+08   0   0
4.1   0.167   -0.3125   0   0   1.97e+08   0   0
4.2   0.1719   -0.2927   0   0   1.989e+08   0   0
4.3   0.1764   -0.2727   0   0   2.005e+08   0   0
4.4   0.1804   -0.2526   0   0   2.019e+08   0   0
4.5   0.1837   -0.2323   0   0   2.031e+08   0   0
4.6   0.1863   -0.212   0   0   2.04e+08   0   0
4.7   0.1879   -0.1915   0   0   2.045e+08   0   0
4.8   0.188   -0.1711   0   0   2.046e+08   0   0
4.9   0.188   -0.1506   0   0   2.046e+08   0   0
5   0.188   -0.1302   0   0   2.046e+08   0   0
5.1   0.188   -0.1097   0   0   2.046e+08   0   0
5.2   0.188   -0.08926   0   0   2.046e+08   0   0
5.3   0.188   -0.06881   0   0   2.046e+08   0   0
5.4   0.188   -0.04835   0   0   2.046e+08   0   0
5.5   0.188   -0.02789   0   0   2.046e+08   0   0
5.6   0.188   -0.007436   0   0   2.046e+08   0   0
5.7   0.188   0.01302   0   0   2.046e+08   0   0
5.8   0.188   0.03348   0   0   2.046e+08   0   0
5.9   0.188   0.05393   0   0   2.046e+08   0   0
6   0.188   0.07439   0   0   2.046e+08   0   0
6.1   0.188   0.09485   0   0   2.046e+08   0   0
6.2   0.188   0.1153   0   0   2.046e+08   0   0
6.3   0.188   0.1358   0   0   2.046e+08   0   0
6.4   0.188   0.1562   0   0   2.046e+08   0   0
6.5   0.188   0.1767   0   0   2.046e+08   0   0
6.6   0.1958   0.1972   0   0   2.071e+08   0   0
6.7   0.2132   0.2182   0   0   2.124e+08   0   0
6.8   0.2297   0.2397   0   0   2.17e+08   0   0
6.9   0.2453   0.2616   0   0   2.21e+08   0   0
7   0.26   0.2838   0   0   2.245e+08   0   0
7.1   0.2738   0.3065   0   0   2.275e+08   0   0
7.2   0.2869   0.3293   0   0   2.302e+08   0   0
7.3   0.2991   0.3525   0   0   2.326e+08   0   0
7.4   0.3105   0.3759   0   0   2.347e+08   0   0
7.5   0.3212   0.3994   0   0   2.366e+08   0   0
7.6   0.3312   0.4232   0   0   2.383e+08   0   0
7.7   0.3405   0.4471   0   0   2.398e+08   0   0
7.8   0.3491   0.4711   0   0   2.411e+08   0   0
7.9   0.357   0.4953   0   0   2.423e+08   0   0
8   0.3643   0.5196   0   0   2.434e+08   0   0
8.1   0.3709   0.544   0   0   2.443e+08   0   0
8.2   0.377   0.5685   0   0   2.452e+08   0   0
8.3   0.3825   0.593   0   0   2.459e+08   0   0
8.4   0.3874   0.6177   0   0   2.466e+08   0   0
8.5   0.3918   0.6423   0   0   2.471e+08   0   0
8.6   0.3956   0.6671   0   0   2.476e+08   0   0
8.7   0.3989   0.6919   0   0   2.481e+08   0   0
8.8   0.4017   0.7167   0   0   2.484e+08   0   0
8.9   0.4041   0.7415   0   0   2.487e+08   0   0
9   0.405   0.7664   0   0   2.488e+08   0   0
9.1   0.405   0.7913   0   0   2.488e+08   0   0
9.2   0.405   0.8162   0   0   2.488e+08   0   0
9.3   0.405   0.8411   0   0   2.488e+08   0   0
9.4   0.405   0.8659   0   0   2.488e+08   0   0
9.5   0.405   0.8908   0   0   2.488e+08   0   0
9.6   0.405   0.9157   0   0   2.488e+08   0   0
9.7   0.405   0.9406   0   0   2.488e+08   0   0
9.8   0.405   0.9655   0   0   2.488e+08   0   0
9.9   0.405   0.9904   0   0   2.488e+08   0   0
10   0.405   1.015   0   0   2.488e+08   0   0
10.1   0.405   1.04   0   0   2.488e+08   0   0
10.2   0.405   1.065   0   0   2.488e+08   0   0
10.3   0.405   1.09   0   0   2.488e+08   0   0
10.4   0.4053   1.115   -0.000338   0   2.479e+08   -2.179e+07   0
10.5   0.4062   1.139   -0.006119   0   2.312e+08   -9.23e+07   0
10.6   0.407   1.16   -0.0186   0   1.95e+08   -1.55e+08   0
10.7   0.4079   1.177   -0.03673   0   1.422e+08   -2.046e+08   0
10.8   0.4088   1.188   -0.05898   0   7.753e+07   -2.369e+08   0
10.9   0.4097   1.192   -0.08347   0   6.299e+06   -2.493e+08   0
11   0.4105   1.189   -0.1081   0   -6.546e+07   -2.407e+08   0
11.1   0.4114   1.18   -0.1309   0   -1.317e+08   -2.12e+08   0
11.2   0.4123   1.163   -0.1499   0   -1.869e+08   -1.655e+08   0
11.3   0.4132   1.143   -0.1635   0   -2.266e+08   -1.052e+08   0
11.4   0.414   1.119   -0.1706   0   -2.473e+08   -3.614e+07   0
11.5   0.4149   1.094   -0.1706   0   -2.474e+08   3.593e+07   0
11.6   0.415   1.069   -0.1665   0   -2.466e+08   4.094e+07   0
11.7   0.415   1.044   -0.1624   0   -2.466e+08   4.094e+07   0
11.8   0.415   1.02   -0.1583   0   -2.466e+08   4.094e+07   0
11.9   0.415   0.9952   -0.1542   0   -2.466e+08   4.094e+07   0
12   0.415   0.9705   -0.1501   0   -2.466e+08   4.094e+07   0
12.1   0.415   0.9458   -0.146   0   -2.466e+08   4.094e+07   0
12.2   0.415   0.9212   -0.1419   0   -2.466e+08   4.094e+07   0
12.3   0.415   0.8965   -0.1378   0   -2.466e+08   4.094e+07   0
12.4   0.415   0.8718   -0.1337   0   -2.466e+08   4.094e+07   0
12.5   0.415   0.8472   -0.1296   0   -2.466e+08   4.094e+07   0
12.6   0.415   0.8225   -0.1256   0   -2.466e+08   4.094e+07   0
12.7   0.415   0.7979   -0.1215   0   -2.466e+08   4.094e+07   0
12.8   0.415   0.7732   -0.1174   0   -2.466e+08   4.094e+07   0
12.9   0.415   0.7485   -0.1133   0   -2.466e+08   4.094e+07   0
13   0.4185   0.7238   -0.1092   0   -2.47e+08   4.098e+07   0
13.1   0.4225   0.6991   -0.1051   0   -2.475e+08   4.104e+07   0
13.2   0.4264   0.6743   -0.101   0   -2.479e+08   4.109e+07   0
13.3   0.43   0.6495   -0.09686   0   -2.484e+08   4.113e+07   0
13.4   0.4333   0.6247   -0.09274   0   -2.487e+08   4.117e+07   0
13.5   0.4364   0.5998   -0.08862   0   -2.491e+08   4.121e+07   0
13.6   0.4391   0.5749   -0.0845   0   -2.494e+08   4.124e+07   0
13.7   0.4414   0.5499   -0.08038   0   -2.496e+08   4.126e+07   0
13.8   0.4433   0.5249   -0.07625   0   -2.498e+08   4.128e+07   0
13.9   0.4447   0.5   -0.07212   0   -2.499e+08   4.13e+07   0
14   0.4455   0.475   -0.06799   0   -2.5e+08   4.131e+07   0
14.1   0.4457   0.4499   -0.06386   0   -2.501e+08   4.131e+07   0
14.2   0.4453   0.4249   -0.05973   0   -2.5e+08   4.13e+07   0
14.3   0.444   0.3999   -0.0556   0   -2.499e+08   4.129e+07   0
14.4   0.4419   0.375   -0.05147   0   -2.497e+08   4.128e+07   0
14.5   0.4389   0.35   -0.04734   0   -2.493e+08   4.126e+07   0
14.6   0.4347   0.3251   -0.04322   0   -2.489e+08   4.123e+07   0
14.7   0.4293   0.3003   -0.0391   0   -2.483e+08   4.12e+07   0
14.8   0.4225   0.2755   -0.03498   0   -2.475e+08   4.117e+07   0
14.9   0.414   0.2508   -0.03086   0   -2.465e+08   4.114e+07   0
15   0.4037   0.2262   -0.02675   0   -2.452e+08   4.111e+07   0
15.1   0.391   0.2017   -0.02264   0   -2.436e+08   4.11e+07   0
15.2   0.3822   0.1775   -0.01853   0   -2.424e+08   4.112e+07   0
15.3   0.3822   0.1532   -0.01442   0   -2.424e+08   4.112e+07   0
15.4   0.3822   0.129   -0.01031   0   -2.424e+08   4.112e+07   0
15.5   0.3822   0.1047   -0.006196   0   -2.424e+08   4.112e+07   0
15.6   0.3822   0.08049   -0.002084   0   -2.424e+08   4.112e+07   0
15.7   0.3822   0.05625   0.002027   0   -2.424e+08   4.112e+07   0
15.8   0.3822   0.032   0.006139   0   -2.424e+08   4.112e+07   0
15.9   0.3822   0.007761   0.01025   0   -2.424e+08   4.112e+07   0
16   0.3822   -0.01648   0.01436   0   -2.424e+08   4.112e+07   0
16.1   0.3822   -0.04072   0.01847   0   -2.424e+08   4.112e+07   0
16.2   0.3822   -0.06497   0.02259   0   -2.424e+08   4.112e+07   0
16.3   0.3822   -0.08921   0.0267   0   -2.424e+08   4.112e+07   0
16.4   0.3822   -0.1134   0.03081   0   -2.424e+08   4.112e+07   0
16.5   0.3822   -0.1377   0.03492   0   -2.424e+08   4.112e+07   0
16.6   0.3822   -0.1619   0.03903   0   -2.424e+08   4.112e+07   0
16.7   0.3847   -0.1862   0.04314   0   -2.427e+08   4.123e+07   0
16.8   0.4061   -0.2106   0.04732   0   -2.454e+08   4.216e+07   0
16.9   0.4251   -0.2352   0.05157   0   -2.475e+08   4.288e+07   0
17   0.4419   -0.2601   0.05589   0   -2.493e+08   4.346e+07   0
17.1   0.4568   -0.2851   0.06026   0   -2.508e+08   4.393e+07   0
17.2   0.4701   -0.3102   0.06467   0   -2.521e+08   4.432e+07   0
17.3   0.482   -0.3355   0.06912   0   -2.531e+08   4.464e+07   0
17.4   0.4925   -0.3609   0.0736   0   -2.541e+08   4.49e+07   0
17.5   0.5019   -0.3863   0.0781   0   -2.549e+08   4.513e+07   0
17.6   0.5102   -0.4118   0.08262   0   -2.556e+08   4.532e+07   0
17.7   0.5174   -0.4374   0.08716   0   -2.562e+08   4.548e+07   0
17.8   0.5237   -0.4631   0.09172   0   -2.567e+08   4.561e+07   0
17.9   0.5292   -0.4887   0.09628   0   -2.571e+08   4.572e+07   0
18   0.5339   -0.5145   0.1009   0   -2.575e+08   4.581e+07   0
18.1   0.5378   -0.5402   0.1054   0   -2.577e+08   4.589e+07   0
18.2   0.541   -0.566   0.11   0   -2.58e+08   4.595e+07   0
18.3   0.5436   -0.5918   0.1146   0   -2.582e+08   4.6e+07   0
18.4   0.5456   -0.6177   0.1192   0   -2.583e+08   4.603e+07   0
18.5   0.547   -0.6435   0.1238   0   -2.584e+08   4.606e+07   0
18.6   0.5479   -0.6693   0.1284   0   -2.585e+08   4.607e+07   0
18.7   0.5483   -0.6952   0.1331   0   -2.585e+08   4.608e+07   0
18.8   0.5482   -0.721   0.1377   0   -2.585e+08   4.608e+07   0
18.9   0.5479   -0.7469   0.1423   0   -2.585e+08   4.607e+07   0
19   0.5479   -0.7727   0.1469   0   -2.585e+08   4.607e+07   0
19.1   0.5479   -0.7986   0.1515   0   -2.585e+08   4.607e+07   0
19.2   0.5479   -0.8244   0.1561   0   -2.585e+08   4.607e+07   0
19.3   0.5479   -0.8503   0.1607   0   -2.585e+08   4.607e+07   0
19.4   0.5479   -0.8761   0.1653   0   -2.585e+08   4.607e+07   0
19.5   0.5479   -0.902   0.1699   0   -2.585e+08   4.607e+07   0
19.6   0.5479   -0.9278   0.1745   0   -2.585e+08   4.607e+07   0
19.7   0.5479   -0.9537   0.1791   0   -2.585e+08   4.607e+07   0
19.8   0.5479   -0.9795   0.1837   0   -2.585e+08   4.607e+07   0
19.9   0.5479   -1.005   0.1883   0   -2.585e+08   4.607e+07   0
20   0.5479   -1.031   0.193   0   -2.585e+08   4.607e+07   0
20.1   0.5479   -1.057   0.1976   0   -2.585e+08   4.607e+07   0
20.2   0.5479   -1.083   0.2022   0   -2.585e+08   4.607e+07   0
20.3   0.5479   -1.109   0.2068   0   -2.585e+08   4.607e+07   0
20.4   0.5484   -1.135   0.2116   0   -2.541e+08   6.645e+07   0
20.5   0.5503   -1.158   0.2224   0   -2.189e+08   1.454e+08   0
20.6   0.5522   -1.178   0.2403   0   -1.6e+08   2.086e+08   0
20.7   0.5541   -1.19   0.2634   0   -8.4e+07   2.493e+08   0
20.8   0.5561   -1.194   0.2892   0   9.843e+05   2.632e+08   0
20.9   0.558   -1.19   0.3151   0   8.581e+07   2.489e+08   0
21   0.5599   -1.177   0.3381   0   1.614e+08   2.082e+08   0
21.1   0.5619   -1.158   0.3559   0   2.199e+08   1.454e+08   0
21.2   0.5638   -1.134   0.3666   0   2.55e+08   6.726e+07   0
21.3   0.5658   -1.108   0.3691   0   2.633e+08   -1.792e+07   0
21.4   0.5674   -1.082   0.3632   0   2.499e+08   -8.509e+07   0
21.5   0.5674   -1.057   0.3547   0   2.499e+08   -8.509e+07   0
21.6   0.5674   -1.032   0.3462   0   2.499e+08   -8.509e+07   0
21.7   0.5674   -1.007   0.3377   0   2.499e+08   -8.509e+07   0
21.8   0.5674   -0.982   0.3291   0   2.499e+08   -8.509e+07   0
21.9   0.5674   -0.957   0.3206   0   2.499e+08   -8.509e+07   0
22   0.5674   -0.932   0.3121   0   2.499e+08   -8.509e+07   0
22.1   0.5674   -0.9071   0.3036   0   2.499e+08   -8.509e+07   0
22.2   0.5674   -0.8821   0.2951   0   2.499e+08   -8.509e+07   0
22.3   0.5674   -0.8571   0.2866   0   2.499e+08   -8.509e+07   0
22.4   0.5674   -0.8321   0.2781   0   2.499e+08   -8.509e+07   0
22.5   0.5674   -0.8071   0.2696   0   2.499e+08   -8.509e+07   0
22.6   0.5674   -0.7821   0.2611   0   2.499e+08   -8.509e+07   0
22.7   0.5674   -0.7571   0.2526   0   2.499e+08   -8.509e+07   0
22.8   0.5674   -0.7321   0.2441   0   2.499e+08   -8.509e+07   0
22.9   0.568   -0.7071   0.2355   0   2.499e+08   -8.51e+07   0
23   0.5699   -0.6821   0.227   0   2.501e+08   -8.514e+07   0
23.1   0.5714   -0.6571   0.2185   0   2.502e+08   -8.517e+07   0
23.2   0.5725   -0.6321   0.21   0   2.503e+08   -8.52e+07   0
23.3   0.5731   -0.6071   0.2015   0   2.503e+08   -8.521e+07   0
23.4   0.5733   -0.582   0.193   0   2.503e+08   -8.521e+07   0
23.5   0.573   -0.557   0.1844   0   2.503e+08   -8.521e+07   0
23.6   0.5721   -0.532   0.1759   0   2.502e+08   -8.519e+07   0
23.7   0.5705   -0.507   0.1674   0   2.501e+08   -8.516e+07   0
23.8   0.5683   -0.482   0.1589   0   2.5e+08   -8.511e+07   0
23.9   0.5653   -0.457   0.1504   0   2.498e+08   -8.505e+07   0
24   0.5615   -0.432   0.1419   0   2.495e+08   -8.498e+07   0
24.1   0.5568   -0.4071   0.1334   0   2.492e+08   -8.488e+07   0
24.2   0.5512   -0.3822   0.1249   0   2.488e+08   -8.477e+07   0
24.3   0.5444   -0.3573   0.1164   0   2.483e+08   -8.463e+07   0
24.4   0.5365   -0.3325   0.108   0   2.477e+08   -8.447e+07   0
24.5   0.5273   -0.3078   0.09954   0   2.47e+08   -8.428e+07   0
24.6   0.5165   -0.2831   0.09112   0   2.461e+08   -8.405e+07   0
24.7   0.5041   -0.2586   0.08273   0   2.451e+08   -8.379e+07   0
24.8   0.4897   -0.2341   0.07437   0   2.439e+08   -8.347e+07   0
24.9   0.473   -0.2098   0.06604   0   2.424e+08   -8.31e+07   0
25   0.4536   -0.1857   0.05775   0   2.405e+08   -8.265e+07   0
25.1   0.4483   -0.1617   0.04949   0   2.399e+08   -8.253e+07   0
25.2   0.4483   -0.1377   0.04124   0   2.399e+08   -8.253e+07   0
25.3   0.4483   -0.1137   0.03299   0   2.399e+08   -8.253e+07   0
25.4   0.4483   -0.08968   0.02473   0   2.399e+08   -8.253e+07   0
25.5   0.4483   -0.06569   0.01648   0   2.399e+08   -8.253e+07   0
25.6   0.4483   -0.04169   0.008228   0   2.399e+08   -8.253e+07   0
25.7   0.4483   -0.0177   -2.457e-05   0   2.399e+08   -8.253e+07   0
25.8   0.4483   0.00629   -0.008278   0   2.399e+08   -8.253e+07   0
25.9   0.4483   0.03028   -0.01653   0   2.399e+08   -8.253e+07   0
26   0.4483   0.05427   -0.02478   0   2.399e+08   -8.253e+07   0
26.1   0.4483   0.07827   -0.03304   0   2.399e+08   -8.253e+07   0
26.2   0.4483   0.1023   -0.04129   0   2.399e+08   -8.253e+07   0
26.3   0.4483   0.1263   -0.04954   0   2.399e+08   -8.253e+07   0
26.4   0.4483   0.1502   -0.0578   0   2.399e+08   -8.253e+07   0
26.5   0.4483   0.1742   -0.06605   0   2.399e+08   -8.253e+07   0
26.6   0.4662   0.1983   -0.07434   0   2.416e+08   -8.33e+07   0
26.7   0.4828   0.2225   -0.0827   0   2.43e+08   -8.396e+07   0
26.8   0.4971   0.2469   -0.09113   0   2.442e+08   -8.448e+07   0
26.9   0.5092   0.2714   -0.0996   0   2.452e+08   -8.49e+07   0
27   0.5197   0.2959   -0.1081   0   2.46e+08   -8.525e+07   0
27.1   0.5286   0.3206   -0.1166   0   2.467e+08   -8.553e+07   0
27.2   0.5361   0.3453   -0.1252   0   2.472e+08   -8.576e+07   0
27.3   0.5424   0.37   -0.1338   0   2.477e+08   -8.594e+07   0
27.4   0.5476   0.3948   -0.1424   0   2.48e+08   -8.61e+07   0
27.5   0.5519   0.4196   -0.151   0   2.483e+08   -8.621e+07   0
27.6   0.5552   0.4445   -0.1596   0   2.486e+08   -8.631e+07   0
27.7   0.5577   0.4693   -0.1683   0   2.487e+08   -8.638e+07   0
27.8   0.5595   0.4942   -0.1769   0   2.489e+08   -8.642e+07   0
27.9   0.5607   0.5191   -0.1856   0   2.489e+08   -8.645e+07   0
28   0.5612   0.544   -0.1942   0   2.49e+08   -8.647e+07   0
28.1   0.5611   0.5689   -0.2029   0   2.49e+08   -8.646e+07   0
28.2   0.5605   0.5938   -0.2115   0   2.489e+08   -8.645e+07   0
28.3   0.5594   0.6187   -0.2201   0   2.488e+08   -8.642e+07   0
28.4   0.5579   0.6436   -0.2288   0   2.487e+08   -8.638e+07   0
28.5   0.5561   0.6684   -0.2374   0   2.486e+08   -8.633e+07   0
28.6   0.5538   0.6933   -0.246   0   2.485e+08   -8.627e+07   0
28.7   0.5522   0.7181   -0.2547   0   2.483e+08   -8.623e+07   0
28.8   0.5522   0.743   -0.2633   0   2.483e+08   -8.623e+07   0
28.9   0.5522   0.7678   -0.2719   0   2.483e+08   -8.623e+07   0
29   0.5522   0.7926   -0.2805   0   2.483e+08   -8.623e+07   0
29.1   0.5522   0.8175   -0.2892   0   2.483e+08   -8.623e+07   0
29.2   0.5522   0.8423   -0.2978   0   2.483e+08   -8.623e+07   0
29.3   0.5522   0.8671   -0.3064   0   2.483e+08   -8.623e+07   0
29.4   0.5522   0.892   -0.315   0   2.483e+08   -8.623e+07   0
29.5   0.5522   0.9168   -0.3237   0   2.483e+08   -8.623e+07   0
29.6   0.5522   0.9416   -0.3323   0   2.483e+08   -8.623e+07   0
29.7   0.5522   0.9665   -0.3409   0   2.483e+08   -8.623e+07   0
29.8   0.5522   0.9913   -0.3495   0   2.483e+08   -8.623e+07   0
29.9   0.5522   1.016   -0.3581   0   2.483e+08   -8.623e+07   0
30   0.5522   1.041   -0.3668   0   2.483e+08   -8.623e+07   0
30.1   0.5522   1.066   -0.3754   0   2.483e+08   -8.623e+07   0
30.2   0.5522   1.091   -0.384   0   2.483e+08   -8.623e+07   0
30.3   0.5555   1.113   -0.3971   0   1.927e+08   -1.792e+08   0
30.4   0.5593   1.128   -0.4187   0   9.466e+07   -2.458e+08   0
30.5   0.563   1.131   -0.4446   0   -2.241e+07   -2.627e+08   0
30.6   0.5667   1.123   -0.4695   0   -1.348e+08   -2.269e+08   0
30.7   0.5705   1.105   -0.4884   0   -2.203e+08   -1.459e+08   0
30.8   0.5743   1.081   -0.4976   0   -2.62e+08   -3.614e+07   0
30.9   0.5781   1.055   -0.4953   0   -2.522e+08   8.059e+07   0
31   0.5799   1.031   -0.4834   0   -2.306e+08   1.303e+08   0
31.1   0.5799   1.008   -0.4704   0   -2.306e+08   1.303e+08   0
31.2   0.5799   0.9848   -0.4573   0   -2.306e+08   1.303e+08   0
31.3   0.5799   0.9618   -0.4443   0   -2.306e+08   1.303e+08   0
31.4   0.5799   0.9387   -0.4313   0   -2.306e+08   1.303e+08   0
31.5   0.5799   0.9156   -0.4183   0   -2.306e+08   1.303e+08   0
31.6   0.5799   0.8926   -0.4052   0   -2.306e+08   1.303e+08   0
31.7   0.5799   0.8695   -0.3922   0   -2.306e+08   1.303e+08   0
31.8   0.5799   0.8465   -0.3792   0   -2.306e+08   1.303e+08   0
31.9   0.5799   0.8234   -0.3662   0   -2.306e+08   1.303e+08   0
32   0.5799   0.8003   -0.3531   0   -2.306e+08   1.303e+08   0
32.1   0.5799   0.7773   -0.3401   0   -2.306e+08   1.303e+08   0
32.2   0.5799   0.7542   -0.3271   0   -2.306e+08   1.303e+08   0
32.3   0.5799   0.7311   -0.3141   0   -2.306e+08   1.303e+08   0
32.4   0.5799   0.7081   -0.301   0   -2.306e+08   1.303e+08   0
32.5   0.5802   0.685   -0.288   0   -2.307e+08   1.303e+08   0
32.6   0.5808   0.662   -0.275   0   -2.307e+08   1.303e+08   0
32.7   0.581   0.6389   -0.262   0   -2.307e+08   1.303e+08   0
32.8   0.5807   0.6158   -0.2489   0   -2.307e+08   1.303e+08   0
32.9   0.5799   0.5927   -0.2359   0   -2.306e+08   1.303e+08   0
33   0.5786   0.5697   -0.2229   0   -2.305e+08   1.303e+08   0
33.1   0.5767   0.5466   -0.2099   0   -2.304e+08   1.303e+08   0
33.2   0.5741   0.5236   -0.1968   0   -2.301e+08   1.303e+08   0
33.3   0.5709   0.5006   -0.1838   0   -2.299e+08   1.303e+08   0
33.4   0.567   0.4776   -0.1708   0   -2.295e+08   1.304e+08   0
33.5   0.5623   0.4547   -0.1577   0   -2.291e+08   1.304e+08   0
33.6   0.5568   0.4318   -0.1447   0   -2.286e+08   1.305e+08   0
33.7   0.5505   0.409   -0.1316   0   -2.28e+08   1.307e+08   0
33.8   0.5432   0.3862   -0.1185   0   -2.272e+08   1.308e+08   0
33.9   0.5349   0.3636   -0.1054   0   -2.264e+08   1.311e+08   0
34   0.5255   0.341   -0.09232   0   -2.253e+08   1.314e+08   0
34.1   0.5149   0.3185   -0.07916   0   -2.241e+08   1.318e+08   0
34.2   0.503   0.2962   -0.06595   0   -2.225e+08   1.324e+08   0
34.3   0.4899   0.274   -0.05267   0   -2.207e+08   1.331e+08   0
34.4   0.4753   0.252   -0.03931   0   -2.185e+08   1.342e+08   0
34.5   0.4592   0.2303   -0.02583   0   -2.158e+08   1.355e+08   0
34.6   0.4416   0.2089   -0.01218   0   -2.125e+08   1.374e+08   0
34.7   0.423   0.1879   0.001678   0   -2.083e+08   1.399e+08   0
34.8   0.423   0.167   0.01567   0   -2.083e+08   1.399e+08   0
34.9   0.423   0.1462   0.02966   0   -2.083e+08   1.399e+08   0
35   0.423   0.1254   0.04366   0   -2.083e+08   1.399e+08   0
35.1   0.423   0.1045   0.05765   0   -2.083e+08   1.399e+08   0
35.2   0.423   0.08371   0.07164   0   -2.083e+08   1.399e+08   0
35.3   0.423   0.06288   0.08564   0   -2.083e+08   1.399e+08   0
35.4   0.423   0.04205   0.09963   0   -2.083e+08   1.399e+08   0
35.5   0.423   0.02122   0.1136   0   -2.083e+08   1.399e+08   0
35.6   0.423   0.0003876   0.1276   0   -2.083e+08   1.399e+08   0
35.7   0.423   -0.02044   0.1416   0   -2.083e+08   1.399e+08   0
35.8   0.423   -0.04127   0.1556   0   -2.083e+08   1.399e+08   0
35.9   0.423   -0.0621   0.1696   0   -2.083e+08   1.399e+08   0
36   0.4327   -0.08292   0.1837   0   -2.079e+08   1.425e+08   0
36.1   0.447   -0.1037   0.1981   0   -2.074e+08   1.459e+08   0
36.2   0.4598   -0.1244   0.2128   0   -2.072e+08   1.485e+08   0
36.3   0.4708   -0.1451   0.2278   0   -2.071e+08   1.505e+08   0
36.4   0.4804   -0.1658   0.2429   0   -2.071e+08   1.52e+08   0
36.5   0.4885   -0.1865   0.2582   0   -2.071e+08   1.532e+08   0
36.6   0.4954   -0.2073   0.2735   0   -2.072e+08   1.542e+08   0
36.7   0.5011   -0.228   0.289   0   -2.073e+08   1.549e+08   0
36.8   0.5057   -0.2487   0.3045   0   -2.073e+08   1.555e+08   0
36.9   0.5093   -0.2695   0.3201   0   -2.074e+08   1.559e+08   0
37   0.5121   -0.2902   0.3357   0   -2.075e+08   1.562e+08   0
37.1   0.5141   -0.311   0.3513   0   -2.075e+08   1.564e+08   0
37.2   0.5153   -0.3317   0.367   0   -2.076e+08   1.566e+08   0
37.3   0.5158   -0.3525   0.3826   0   -2.076e+08   1.566e+08   0
37.4   0.5158   -0.3732   0.3983   0   -2.076e+08   1.566e+08   0
37.5   0.5151   -0.394   0.414   0   -2.076e+08   1.566e+08   0
37.6   0.514   -0.4147   0.4296   0   -2.075e+08   1.564e+08   0
37.7   0.5124   -0.4355   0.4453   0   -2.075e+08   1.563e+08   0
37.8   0.5104   -0.4562   0.4609   0   -2.074e+08   1.561e+08   0
37.9   0.5081   -0.477   0.4765   0   -2.073e+08   1.559e+08   0
38   0.5054   -0.4977   0.4921   0   -2.072e+08   1.557e+08   0
38.1   0.5023   -0.5184   0.5076   0   -2.071e+08   1.554e+08   0
38.2   0.4991   -0.5391   0.5231   0   -2.069e+08   1.551e+08   0
38.3   0.4988   -0.5598   0.5386   0   -2.069e+08   1.551e+08   0
38.4   0.4988   -0.5805   0.5542   0   -2.069e+08   1.551e+08   0
38.5   0.4988   -0.6012   0.5697   0   -2.069e+08   1.551e+08   0
38.6   0.4988   -0.6219   0.5852   0   -2.069e+08   1.551e+08   0
38.7   0.4988   -0.6425   0.6007   0   -2.069e+08   1.551e+08   0
38.8   0.4988   -0.6632   0.6162   0   -2.069e+08   1.551e+08   0
38.9   0.4988   -0.6839   0.6317   0   -2.069e+08   1.551e+08   0
39   0.4988   -0.7046   0.6472   0   -2.069e+08   1.551e+08   0
39.1   0.4988   -0.7253   0.6627   0   -2.069e+08   1.551e+08   0
39.2   0.4988   -0.746   0.6782   0   -2.069e+08   1.551e+08   0
39.3   0.4988   -0.7667   0.6937   0   -2.069e+08   1.551e+08   0
39.4   0.4988   -0.7874   0.7092   0   -2.069e+08   1.551e+08   0
39.5   0.4988   -0.8081   0.7247   0   -2.069e+08   1.551e+08   0
39.6   0.4988   -0.8288   0.7403   0   -2.069e+08   1.551e+08   0
39.7   0.4988   -0.8495   0.7558   0   -2.069e+08   1.551e+08   0
39.8   0.4988   -0.8701   0.7713   0   -2.069e+08   1.551e+08   0
39.9   0.4988   -0.8908   0.7868   0   -2.069e+08   1.551e+08   0
40   0.4988   -0.9115   0.8023   0   -2.069e+08   1.551e+08   0
40.1   0.4988   -0.9322   0.8178   0   -2.069e+08   1.551e+08   0
40.2   0.4988   -0.9529   0.8333   0   -2.069e+08   1.551e+08   0
40.3   0.4988   -0.9736   0.8488   0   -2.069e+08   1.551e+08   0
40.4   0.4988   -0.9943   0.8643   0   -2.069e+08   1.551e+08   0
40.5   0.4988   -1.015   0.8798   0   -2.069e+08   1.551e+08   0
40.6   0.4988   -1.036   0.8953   0   -2.069e+08   1.551e+08   0
40.7   0.4988   -1.056   0.9108   0   -2.069e+08   1.551e+08   0
40.8   0.4988   -1.077   0.9264   0   -2.069e+08   1.551e+08   0
40.9   0.4988   -1.098   0.9419   0   -2.069e+08   1.551e+08   0
41   0.4988   -1.118   0.9574   0   -2.069e+08   1.551e+08   0
41.1   0.4988   -1.139   0.9729   0   -2.069e+08   1.551e+08   0
41.2   0.4988   -1.16   0.9884   0   -2.069e+08   1.551e+08   0
41.3   0.4988   -1.181   1.004   0   -2.069e+08   1.551e+08   0
41.4   0.4988   -1.201   1.019   0   -2.069e+08   1.551e+08   0
41.5   0.4988   -1.222   1.035   0   -2.069e+08   1.551e+08   0
41.6   0.4988   -1.243   1.05   0   -2.069e+08   1.551e+08   0
41.7   0.4988   -1.263   1.066   0   -2.069e+08   1.551e+08   0
41.8   0.4988   -1.284   1.081   0   -2.069e+08   1.551e+08   0
41.9   0.4988   -1.305   1.097   0   -2.069e+08   1.551e+08   0
42   0.4988   -1.325   1.112   0   -2.069e+08   1.551e+08   0
42.1   0.4988   -1.346   1.128   0   -2.069e+08   1.551e+08   0
42.2   0.4988   -1.367   1.143   0   -2.069e+08   1.551e+08   0
42.3   0.4988   -1.387   1.159   0   -2.069e+08   1.551e+08   0
42.4   0.4988   -1.408   1.174   0   -2.069e+08   1.551e+08   0
42.5   0.4988   -1.429   1.19   0   -2.069e+08   1.551e+08   0
42.6   0.4988   -1.449   1.206   0   -2.069e+08   1.551e+08   0
42.7   0.4988   -1.47   1.221   0   -2.069e+08   1.551e+08   0
42.8   0.4988   -1.491   1.237   0   -2.069e+08   1.551e+08   0
42.9   0.4988   -1.512   1.252   0   -2.069e+08   1.551e+08   0
43   0.4988   -1.532   1.268   0   -2.069e+08   1.551e+08   0
43.1   0.4988   -1.553   1.283   0   -2.069e+08   1.551e+08   0
43.2   0.4988   -1.574   1.299   0   -2.069e+08   1.551e+08   0
43.3   0.4988   -1.594   1.314   0   -2.069e+08   1.551e+08   0
43.4   0.4988   -1.615   1.33   0   -2.069e+08   1.551e+08   0
43.5   0.4988   -1.636   1.345   0   -2.069e+08   1.551e+08   0
43.6   0.4988   -1.656   1.361   0   -2.069e+08   1.551e+08   0
43.7   0.4988   -1.677   1.376   0   -2.069e+08   1.551e+08   0
43.8   0.4988   -1.698   1.392   0   -2.069e+08   1.551e+08   0
43.9   0.4988   -1.718   1.407   0   -2.069e+08   1.551e+08   0
44   0.4988   -1.739   1.423   0   -2.069e+08   1.551e+08   0
44.1   0.4988   -1.76   1.438   0   -2.069e+08   1.551e+08   0
44.2   0.4988   -1.781   1.454   0   -2.069e+08   1.551e+08   0
44.3   0.4988   -1.801   1.469   0   -2.069e+08   1.551e+08   0
44.4   0.4988   -1.822   1.485   0   -2.069e+08   1.551e+08   0
44.5   0.4988   -1.843   1.5   0   -2.069e+08   1.551e+08   0
44.6   0.4988   -1.863   1.516   0   -2.069e+08   1.551e+08   0
44.7   0.4988   -1.884   1.531   0   -2.069e+08   1.551e+08   0
44.8   0.4988   -1.905   1.547   0   -2.069e+08   1.551e+08   0
44.9   0.4988   -1.925   1.562   0   -2.069e+08   1.551e+08   0
45   0.4988   -1.946   1.578   0   -2.069e+08   1.551e+08   0
