0   0.04   -0.753   0   0   1.121e+08   0   0
0.1   0.04   -0.753   0   0   1.121e+08   0   0
0.2   0.04   -0.753   0   0   1.121e+08   0   0
0.3   0.04   -0.753   0   0   1.121e+08   0   0
0.4   0.04   -0.753   0   0   1.121e+08   0   0
0.5   0.04   -0.753   0   0   1.121e+08   0   0
0.6   0.04   -0.753   0   0   1.121e+08   0   0
0.7   0.04   -0.753   0   0   1.121e+08   0   0
0.8   0.04   -0.753   0   0   1.121e+08   0   0
0.9   0.04   -0.753   0   0   1.121e+08   0   0
1   0.04   -0.753   0   0   1.121e+08   0   0
1.1   0.04   -0.753   0   0   1.121e+08   0   0
1.2   0.04   -0.753   0   0   1.121e+08   0   0
1.3   0.04011   -0.7522   0   0   1.123e+08   0   0
1.4   0.04213   -0.7408   0   0   1.148e+08   0   0
1.5   0.04435   -0.7292   0   0   1.174e+08   0   0
1.6   0.04678   -0.7173   0   0   1.202e+08   0   0
1.7   0.04943   -0.7052   0   0   1.231e+08   0   0
1.8   0.05229   -0.6927   0   0   1.261e+08   0   0
1.9   0.05537   -0.6799   0   0   1.293e+08   0   0
2   0.05868   -0.6669   0   0   1.325e+08   0   0
2.1   0.06222   -0.6534   0   0   1.358e+08   0   0
2.2   0.06598   -0.6397   0   0   1.392e+08   0   0
2.3   0.06997   -0.6256   0   0   1.426e+08   0   0
2.4   0.07418   -0.6111   0   0   1.461e+08   0   0
2.5   0.0786   -0.5964   0   0   1.496e+08   0   0
2.6   0.08323   -0.5812   0   0   1.53e+08   0   0
2.7   0.08807   -0.5658   0   0   1.565e+08   0   0
2.8   0.09309   -0.5499   0   0   1.599e+08   0   0
2.9   0.09829   -0.5338   0   0   1.633e+08   0   0
3   0.1036   -0.5173   0   0   1.666e+08   0   0
3.1   0.1091   -0.5005   0   0   1.699e+08   0   0
3.2   0.1148   -0.4833   0   0   1.73e+08   0   0
3.3   0.1205   -0.4658   0   0   1.761e+08   0   0
3.4   0.1262   -0.4481   0   0   1.791e+08   0   0
3.5   0.1321   -0.43   0   0   1.82e+08   0   0
3.6   0.1379   -0.4117   0   0   1.848e+08   0   0
3.7   0.1437   -0.3931   0   0   1.874e+08   0   0
3.8   0.1494   -0.3742   0   0   1.899e+08   0   0
3.9   0.1549   -0.3551   0   0   1.922e+08   0   0
4   0.1603   -0.3358   0   0   1.944e+08   0   0
4.1   0.1654   -0.3162   0   0   1.964e+08   0   0
4.2   0.1702   -0.2965   0   0   1.983e+08   0   0
4.3   0.1746   -0.2766   0   0   1.999e+08   0   0
4.4   0.1785   -0.2565   0   0   2.013e+08   0   0
4.5   0.1818   -0.2363   0   0   2.024e+08   0   0
4.6   0.1843   -0.216   0   0   2.033e+08   0   0
4.7   0.1859   -0.1957   0   0   2.038e+08   0   0
4.8   0.1862   -0.1753   0   0   2.039e+08   0   0
4.9   0.1862   -0.1549   0   0   2.039e+08   0   0
5   0.1862   -0.1345   0   0   2.039e+08   0   0
5.1   0.1862   -0.1141   0   0   2.039e+08   0   0
5.2   0.1862   -0.09371   0   0   2.039e+08   0   0
5.3   0.1862   -0.07331   0   0   2.039e+08   0   0
5.4   0.1862   -0.05292   0   0   2.039e+08   0   0
5.5   0.1862   -0.03252   0   0   2.039e+08   0   0
5.6   0.1862   -0.01213   0   0   2.039e+08   0   0
5.7   0.1862   0.008266   0   0   2.039e+08   0   0
5.8   0.1862   0.02866   0   0   2.039e+08   0   0
5.9   0.1862   0.04905   0   0   2.039e+08   0   0
6   0.1862   0.06945   0   0   2.039e+08   0   0
6.1   0.1862   0.08984   0   0   2.039e+08   0   0
6.2   0.1862   0.1102   0   0   2.039e+08   0   0
6.3   0.1862   0.1306   0   0   2.039e+08   0   0
6.4   0.1862   0.151   0   0   2.039e+08   0   0
6.5   0.1862   0.1714   0   0   2.039e+08   0   0
6.6   0.1893   0.1918   0   0   2.05e+08   0   0
6.7   0.207   0.2126   0   0   2.106e+08   0   0
6.8   0.2238   0.2339   0   0   2.154e+08   0   0
6.9   0.2396   0.2557   0   0   2.196e+08   0   0
7   0.2546   0.2778   0   0   2.232e+08   0   0
7.1   0.2686   0.3003   0   0   2.264e+08   0   0
7.2   0.2818   0.3231   0   0   2.292e+08   0   0
7.3   0.2942   0.3462   0   0   2.317e+08   0   0
7.4   0.3058   0.3694   0   0   2.339e+08   0   0
7.5   0.3167   0.3929   0   0   2.358e+08   0   0
7.6   0.3268   0.4166   0   0   2.376e+08   0   0
7.7   0.3362   0.4404   0   0   2.391e+08   0   0
7.8   0.3449   0.4644   0   0   2.405e+08   0   0
7.9   0.3529   0.4885   0   0   2.417e+08   0   0
8   0.3603   0.5128   0   0   2.428e+08   0   0
8.1   0.367   0.5371   0   0   2.438e+08   0   0
8.2   0.3731   0.5615   0   0   2.446e+08   0   0
8.3   0.3786   0.586   0   0   2.454e+08   0   0
8.4   0.3836   0.6106   0   0   2.461e+08   0   0
8.5   0.388   0.6352   0   0   2.467e+08   0   0
8.6   0.3919   0.6599   0   0   2.472e+08   0   0
8.7   0.3952   0.6847   0   0   2.476e+08   0   0
8.8   0.3981   0.7094   0   0   2.479e+08   0   0
8.9   0.4005   0.7342   0   0   2.482e+08   0   0
9   0.402   0.7591   0   0   2.484e+08   0   0
9.1   0.402   0.7839   0   0   2.484e+08   0   0
9.2   0.402   0.8088   0   0   2.484e+08   0   0
9.3   0.402   0.8336   0   0   2.484e+08   0   0
9.4   0.402   0.8585   0   0   2.484e+08   0   0
9.5   0.402   0.8833   0   0   2.484e+08   0   0
9.6   0.402   0.9081   0   0   2.484e+08   0   0
9.7   0.402   0.933   0   0   2.484e+08   0   0
9.8   0.402   0.9578   0   0   2.484e+08   0   0
9.9   0.402   0.9827   0   0   2.484e+08   0   0
10   0.402   1.008   0   0   2.484e+08   0   0
10.1   0.402   1.032   0   0   2.484e+08   0   0
10.2   0.402   1.057   0   0   2.484e+08   0   0
10.3   0.402   1.082   0   0   2.484e+08   0   0
10.4   0.402   1.107   0   0   2.484e+08   0   0
10.5   0.4028   1.131   -0.00351   0   2.383e+08   -7.043e+07   0
10.6   0.4037   1.154   -0.01396   0   2.079e+08   -1.363e+08   0
10.7   0.4045   1.172   -0.03045   0   1.599e+08   -1.906e+08   0
10.8   0.4054   1.185   -0.05158   0   9.818e+07   -2.287e+08   0
10.9   0.4063   1.192   -0.07556   0   2.819e+07   -2.474e+08   0
11   0.4071   1.191   -0.1004   0   -4.419e+07   -2.451e+08   0
11.1   0.408   1.183   -0.1239   0   -1.128e+08   -2.222e+08   0
11.2   0.4089   1.168   -0.1441   0   -1.719e+08   -1.805e+08   0
11.3   0.4098   1.149   -0.1594   0   -2.166e+08   -1.236e+08   0
11.4   0.4106   1.126   -0.1685   0   -2.43e+08   -5.639e+07   0
11.5   0.4115   1.101   -0.1705   0   -2.491e+08   1.558e+07   0
11.6   0.4118   1.076   -0.1668   0   -2.463e+08   4.077e+07   0
11.7   0.4118   1.052   -0.1627   0   -2.463e+08   4.077e+07   0
11.8   0.4118   1.027   -0.1587   0   -2.463e+08   4.077e+07   0
11.9   0.4118   1.002   -0.1546   0   -2.463e+08   4.077e+07   0
12   0.4118   0.9778   -0.1505   0   -2.463e+08   4.077e+07   0
12.1   0.4118   0.9531   -0.1464   0   -2.463e+08   4.077e+07   0
12.2   0.4118   0.9285   -0.1424   0   -2.463e+08   4.077e+07   0
12.3   0.4118   0.9039   -0.1383   0   -2.463e+08   4.077e+07   0
12.4   0.4118   0.8793   -0.1342   0   -2.463e+08   4.077e+07   0
12.5   0.4118   0.8546   -0.1301   0   -2.463e+08   4.077e+07   0
12.6   0.4118   0.83   -0.1261   0   -2.463e+08   4.077e+07   0
12.7   0.4118   0.8054   -0.122   0   -2.463e+08   4.077e+07   0
12.8   0.4118   0.7807   -0.1179   0   -2.463e+08   4.077e+07   0
12.9   0.4118   0.7561   -0.1138   0   -2.463e+08   4.077e+07   0
13   0.414   0.7315   -0.1097   0   -2.465e+08   4.08e+07   0
13.1   0.418   0.7068   -0.1057   0   -2.47e+08   4.085e+07   0
13.2   0.4218   0.6821   -0.1016   0   -2.474e+08   4.09e+07   0
13.3   0.4254   0.6573   -0.09748   0   -2.479e+08   4.094e+07   0
13.4   0.4287   0.6325   -0.09339   0   -2.482e+08   4.098e+07   0
13.5   0.4317   0.6077   -0.08929   0   -2.486e+08   4.102e+07   0
13.6   0.4344   0.5828   -0.08518   0   -2.489e+08   4.105e+07   0
13.7   0.4366   0.5579   -0.08108   0   -2.491e+08   4.108e+07   0
13.8   0.4385   0.533   -0.07697   0   -2.493e+08   4.109e+07   0
13.9   0.4398   0.508   -0.07286   0   -2.495e+08   4.111e+07   0
14   0.4407   0.4831   -0.06875   0   -2.495e+08   4.112e+07   0
14.1   0.4409   0.4581   -0.06464   0   -2.496e+08   4.112e+07   0
14.2   0.4404   0.4332   -0.06052   0   -2.495e+08   4.111e+07   0
14.3   0.4392   0.4082   -0.05641   0   -2.494e+08   4.11e+07   0
14.4   0.4371   0.3833   -0.0523   0   -2.492e+08   4.109e+07   0
14.5   0.4342   0.3584   -0.0482   0   -2.488e+08   4.107e+07   0
14.6   0.4301   0.3335   -0.04409   0   -2.484e+08   4.104e+07   0
14.7   0.4249   0.3087   -0.03999   0   -2.478e+08   4.101e+07   0
14.8   0.4183   0.284   -0.03589   0   -2.47e+08   4.098e+07   0
14.9   0.4101   0.2593   -0.03179   0   -2.46e+08   4.095e+07   0
15   0.4001   0.2348   -0.0277   0   -2.448e+08   4.092e+07   0
15.1   0.388   0.2104   -0.02361   0   -2.432e+08   4.091e+07   0
15.2   0.3739   0.1862   -0.01951   0   -2.413e+08   4.093e+07   0
15.3   0.3739   0.162   -0.01542   0   -2.413e+08   4.093e+07   0
15.4   0.3739   0.1379   -0.01133   0   -2.413e+08   4.093e+07   0
15.5   0.3739   0.1138   -0.007234   0   -2.413e+08   4.093e+07   0
15.6   0.3739   0.08963   -0.00314   0   -2.413e+08   4.093e+07   0
15.7   0.3739   0.0655   0.0009534   0   -2.413e+08   4.093e+07   0
15.8   0.3739   0.04137   0.005047   0   -2.413e+08   4.093e+07   0
15.9   0.3739   0.01724   0.00914   0   -2.413e+08   4.093e+07   0
16   0.3739   -0.006893   0.01323   0   -2.413e+08   4.093e+07   0
16.1   0.3739   -0.03102   0.01733   0   -2.413e+08   4.093e+07   0
16.2   0.3739   -0.05516   0.02142   0   -2.413e+08   4.093e+07   0
16.3   0.3739   -0.07929   0.02551   0   -2.413e+08   4.093e+07   0
16.4   0.3739   -0.1034   0.02961   0   -2.413e+08   4.093e+07   0
16.5   0.3739   -0.1276   0.0337   0   -2.413e+08   4.093e+07   0
16.6   0.3739   -0.1517   0.03779   0   -2.413e+08   4.093e+07   0
16.7   0.3739   -0.1758   0.04189   0   -2.413e+08   4.093e+07   0
16.8   0.3891   -0.2   0.04601   0   -2.433e+08   4.164e+07   0
16.9   0.4088   -0.2245   0.05021   0   -2.456e+08   4.247e+07   0
17   0.4262   -0.2491   0.0545   0   -2.476e+08   4.312e+07   0
17.1   0.4417   -0.274   0.05884   0   -2.492e+08   4.365e+07   0
17.2   0.4554   -0.299   0.06322   0   -2.506e+08   4.408e+07   0
17.3   0.4676   -0.3241   0.06765   0   -2.518e+08   4.443e+07   0
17.4   0.4785   -0.3493   0.07211   0   -2.528e+08   4.473e+07   0
17.5   0.4881   -0.3746   0.07659   0   -2.537e+08   4.498e+07   0
17.6   0.4965   -0.4   0.0811   0   -2.544e+08   4.518e+07   0
17.7   0.504   -0.4255   0.08563   0   -2.55e+08   4.535e+07   0
17.8   0.5104   -0.451   0.09017   0   -2.556e+08   4.55e+07   0
17.9   0.516   -0.4766   0.09473   0   -2.56e+08   4.562e+07   0
18   0.5208   -0.5022   0.0993   0   -2.564e+08   4.572e+07   0
18.1   0.5248   -0.5279   0.1039   0   -2.567e+08   4.58e+07   0
18.2   0.5281   -0.5536   0.1085   0   -2.57e+08   4.587e+07   0
18.3   0.5307   -0.5793   0.113   0   -2.572e+08   4.592e+07   0
18.4   0.5327   -0.605   0.1176   0   -2.573e+08   4.595e+07   0
18.5   0.5342   -0.6308   0.1222   0   -2.574e+08   4.598e+07   0
18.6   0.5351   -0.6565   0.1268   0   -2.575e+08   4.6e+07   0
18.7   0.5355   -0.6823   0.1314   0   -2.575e+08   4.601e+07   0
18.8   0.5354   -0.708   0.136   0   -2.575e+08   4.6e+07   0
18.9   0.5349   -0.7338   0.1406   0   -2.575e+08   4.6e+07   0
19   0.5347   -0.7595   0.1452   0   -2.575e+08   4.599e+07   0
19.1   0.5347   -0.7853   0.1498   0   -2.575e+08   4.599e+07   0
19.2   0.5347   -0.811   0.1544   0   -2.575e+08   4.599e+07   0
19.3   0.5347   -0.8368   0.159   0   -2.575e+08   4.599e+07   0
19.4   0.5347   -0.8625   0.1636   0   -2.575e+08   4.599e+07   0
19.5   0.5347   -0.8883   0.1682   0   -2.575e+08   4.599e+07   0
19.6   0.5347   -0.914   0.1728   0   -2.575e+08   4.599e+07   0
19.7   0.5347   -0.9398   0.1774   0   -2.575e+08   4.599e+07   0
19.8   0.5347   -0.9655   0.182   0   -2.575e+08   4.599e+07   0
19.9   0.5347   -0.9913   0.1866   0   -2.575e+08   4.599e+07   0
20   0.5347   -1.017   0.1912   0   -2.575e+08   4.599e+07   0
20.1   0.5347   -1.043   0.1958   0   -2.575e+08   4.599e+07   0
20.2   0.5347   -1.069   0.2004   0   -2.575e+08   4.599e+07   0
20.3   0.5347   -1.094   0.205   0   -2.575e+08   4.599e+07   0
20.4   0.5347   -1.12   0.2096   0   -2.575e+08   4.599e+07   0
20.5   0.536   -1.145   0.2162   0   -2.405e+08   1.03e+08   0
20.6   0.5379   -1.167   0.2303   0   -1.935e+08   1.763e+08   0
20.7   0.5398   -1.183   0.2509   0   -1.251e+08   2.302e+08   0
20.8   0.5416   -1.192   0.2756   0   -4.294e+07   2.586e+08   0
20.9   0.5435   -1.192   0.3017   0   4.388e+07   2.585e+08   0
21   0.5454   -1.183   0.3263   0   1.258e+08   2.302e+08   0
21.1   0.5473   -1.167   0.3468   0   1.94e+08   1.769e+08   0
21.2   0.5493   -1.145   0.361   0   2.411e+08   1.043e+08   0
21.3   0.5512   -1.119   0.3672   0   2.62e+08   2.046e+07   0
21.4   0.5531   -1.093   0.3649   0   2.547e+08   -6.551e+07   0
21.5   0.5536   -1.068   0.3566   0   2.487e+08   -8.543e+07   0
21.6   0.5536   -1.043   0.3481   0   2.487e+08   -8.543e+07   0
21.7   0.5536   -1.019   0.3395   0   2.487e+08   -8.543e+07   0
21.8   0.5536   -0.9937   0.331   0   2.487e+08   -8.543e+07   0
21.9   0.5536   -0.9688   0.3224   0   2.487e+08   -8.543e+07   0
22   0.5536   -0.944   0.3139   0   2.487e+08   -8.543e+07   0
22.1   0.5536   -0.9191   0.3053   0   2.487e+08   -8.543e+07   0
22.2   0.5536   -0.8942   0.2968   0   2.487e+08   -8.543e+07   0
22.3   0.5536   -0.8694   0.2883   0   2.487e+08   -8.543e+07   0
22.4   0.5536   -0.8445   0.2797   0   2.487e+08   -8.543e+07   0
22.5   0.5536   -0.8196   0.2712   0   2.487e+08   -8.543e+07   0
22.6   0.5536   -0.7947   0.2626   0   2.487e+08   -8.543e+07   0
22.7   0.5536   -0.7699   0.2541   0   2.487e+08   -8.543e+07   0
22.8   0.5536   -0.745   0.2455   0   2.487e+08   -8.543e+07   0
22.9   0.5536   -0.7201   0.237   0   2.487e+08   -8.543e+07   0
23   0.555   -0.6952   0.2285   0   2.488e+08   -8.546e+07   0
23.1   0.5565   -0.6703   0.2199   0   2.489e+08   -8.549e+07   0
23.2   0.5576   -0.6454   0.2114   0   2.49e+08   -8.551e+07   0
23.3   0.5582   -0.6205   0.2028   0   2.491e+08   -8.552e+07   0
23.4   0.5584   -0.5956   0.1943   0   2.491e+08   -8.552e+07   0
23.5   0.5581   -0.5707   0.1857   0   2.491e+08   -8.552e+07   0
23.6   0.5572   -0.5458   0.1772   0   2.49e+08   -8.55e+07   0
23.7   0.5557   -0.5209   0.1686   0   2.489e+08   -8.547e+07   0
23.8   0.5535   -0.496   0.1601   0   2.487e+08   -8.543e+07   0
23.9   0.5506   -0.4712   0.1515   0   2.485e+08   -8.538e+07   0
24   0.5469   -0.4463   0.143   0   2.483e+08   -8.531e+07   0
24.1   0.5424   -0.4215   0.1345   0   2.479e+08   -8.523e+07   0
24.2   0.537   -0.3968   0.1259   0   2.475e+08   -8.513e+07   0
24.3   0.5305   -0.372   0.1174   0   2.47e+08   -8.502e+07   0
24.4   0.5229   -0.3474   0.1089   0   2.464e+08   -8.488e+07   0
24.5   0.5141   -0.3228   0.1005   0   2.457e+08   -8.473e+07   0
24.6   0.5039   -0.2982   0.092   0   2.448e+08   -8.455e+07   0
24.7   0.4921   -0.2738   0.08355   0   2.438e+08   -8.434e+07   0
24.8   0.4786   -0.2495   0.07513   0   2.426e+08   -8.411e+07   0
24.9   0.463   -0.2253   0.06673   0   2.411e+08   -8.384e+07   0
25   0.445   -0.2013   0.05836   0   2.392e+08   -8.355e+07   0
25.1   0.4275   -0.1775   0.05002   0   2.373e+08   -8.327e+07   0
25.2   0.4275   -0.1537   0.0417   0   2.373e+08   -8.327e+07   0
25.3   0.4275   -0.13   0.03337   0   2.373e+08   -8.327e+07   0
25.4   0.4275   -0.1063   0.02504   0   2.373e+08   -8.327e+07   0
25.5   0.4275   -0.08257   0.01672   0   2.373e+08   -8.327e+07   0
25.6   0.4275   -0.05884   0.008388   0   2.373e+08   -8.327e+07   0
25.7   0.4275   -0.03511   6.094e-05   0   2.373e+08   -8.327e+07   0
25.8   0.4275   -0.01139   -0.008266   0   2.373e+08   -8.327e+07   0
25.9   0.4275   0.01234   -0.01659   0   2.373e+08   -8.327e+07   0
26   0.4275   0.03607   -0.02492   0   2.373e+08   -8.327e+07   0
26.1   0.4275   0.05979   -0.03325   0   2.373e+08   -8.327e+07   0
26.2   0.4275   0.08352   -0.04158   0   2.373e+08   -8.327e+07   0
26.3   0.4275   0.1072   -0.0499   0   2.373e+08   -8.327e+07   0
26.4   0.4275   0.131   -0.05823   0   2.373e+08   -8.327e+07   0
26.5   0.4275   0.1547   -0.06656   0   2.373e+08   -8.327e+07   0
26.6   0.4314   0.1784   -0.07489   0   2.377e+08   -8.35e+07   0
26.7   0.4493   0.2023   -0.08329   0   2.393e+08   -8.449e+07   0
26.8   0.4645   0.2263   -0.09178   0   2.407e+08   -8.526e+07   0
26.9   0.4775   0.2504   -0.1003   0   2.418e+08   -8.586e+07   0
27   0.4885   0.2747   -0.1089   0   2.427e+08   -8.635e+07   0
27.1   0.4978   0.299   -0.1176   0   2.435e+08   -8.673e+07   0
27.2   0.5057   0.3234   -0.1263   0   2.441e+08   -8.704e+07   0
27.3   0.5123   0.3478   -0.135   0   2.446e+08   -8.729e+07   0
27.4   0.5178   0.3723   -0.1438   0   2.45e+08   -8.749e+07   0
27.5   0.5222   0.3968   -0.1525   0   2.454e+08   -8.765e+07   0
27.6   0.5257   0.4213   -0.1613   0   2.456e+08   -8.777e+07   0
27.7   0.5283   0.4459   -0.1701   0   2.458e+08   -8.786e+07   0
27.8   0.5302   0.4705   -0.1788   0   2.46e+08   -8.792e+07   0
27.9   0.5313   0.4951   -0.1876   0   2.46e+08   -8.796e+07   0
28   0.5318   0.5197   -0.1964   0   2.461e+08   -8.797e+07   0
28.1   0.5318   0.5443   -0.2052   0   2.461e+08   -8.797e+07   0
28.2   0.5311   0.5689   -0.214   0   2.46e+08   -8.795e+07   0
28.3   0.5301   0.5935   -0.2228   0   2.46e+08   -8.792e+07   0
28.4   0.5285   0.6181   -0.2316   0   2.458e+08   -8.787e+07   0
28.5   0.5266   0.6427   -0.2404   0   2.457e+08   -8.781e+07   0
28.6   0.5243   0.6673   -0.2492   0   2.455e+08   -8.774e+07   0
28.7   0.5217   0.6918   -0.2579   0   2.453e+08   -8.765e+07   0
28.8   0.5201   0.7163   -0.2667   0   2.452e+08   -8.76e+07   0
28.9   0.5201   0.7408   -0.2755   0   2.452e+08   -8.76e+07   0
29   0.5201   0.7654   -0.2842   0   2.452e+08   -8.76e+07   0
29.1   0.5201   0.7899   -0.293   0   2.452e+08   -8.76e+07   0
29.2   0.5201   0.8144   -0.3017   0   2.452e+08   -8.76e+07   0
29.3   0.5201   0.8389   -0.3105   0   2.452e+08   -8.76e+07   0
29.4   0.5201   0.8635   -0.3193   0   2.452e+08   -8.76e+07   0
29.5   0.5201   0.888   -0.328   0   2.452e+08   -8.76e+07   0
29.6   0.5201   0.9125   -0.3368   0   2.452e+08   -8.76e+07   0
29.7   0.5201   0.937   -0.3456   0   2.452e+08   -8.76e+07   0
29.8   0.5201   0.9615   -0.3543   0   2.452e+08   -8.76e+07   0
29.9   0.5201   0.9861   -0.3631   0   2.452e+08   -8.76e+07   0
30   0.5201   1.011   -0.3718   0   2.452e+08   -8.76e+07   0
30.1   0.5201   1.035   -0.3806   0   2.452e+08   -8.76e+07   0
30.2   0.5201   1.06   -0.3894   0   2.452e+08   -8.76e+07   0
30.3   0.5201   1.084   -0.3981   0   2.452e+08   -8.76e+07   0
30.4   0.5233   1.106   -0.4114   0   1.87e+08   -1.816e+08   0
30.5   0.5268   1.12   -0.4332   0   8.494e+07   -2.467e+08   0
30.6   0.5304   1.123   -0.459   0   -3.524e+07   -2.588e+08   0
30.7   0.5339   1.113   -0.4831   0   -1.478e+08   -2.157e+08   0
30.8   0.5375   1.094   -0.5005   0   -2.289e+08   -1.27e+08   0
30.9   0.5412   1.069   -0.5075   0   -2.618e+08   -1.166e+07   0
31   0.5448   1.043   -0.5027   0   -2.4e+08   1.06e+08   0
31.1   0.5455   1.02   -0.4901   0   -2.293e+08   1.276e+08   0
31.2   0.5455   0.9975   -0.4774   0   -2.293e+08   1.276e+08   0
31.3   0.5455   0.9745   -0.4646   0   -2.293e+08   1.276e+08   0
31.4   0.5455   0.9516   -0.4518   0   -2.293e+08   1.276e+08   0
31.5   0.5455   0.9287   -0.4391   0   -2.293e+08   1.276e+08   0
31.6   0.5455   0.9058   -0.4263   0   -2.293e+08   1.276e+08   0
31.7   0.5455   0.8828   -0.4136   0   -2.293e+08   1.276e+08   0
31.8   0.5455   0.8599   -0.4008   0   -2.293e+08   1.276e+08   0
31.9   0.5455   0.837   -0.388   0   -2.293e+08   1.276e+08   0
32   0.5455   0.814   -0.3753   0   -2.293e+08   1.276e+08   0
32.1   0.5455   0.7911   -0.3625   0   -2.293e+08   1.276e+08   0
32.2   0.5455   0.7682   -0.3497   0   -2.293e+08   1.276e+08   0
32.3   0.5455   0.7453   -0.337   0   -2.293e+08   1.276e+08   0
32.4   0.5455   0.7223   -0.3242   0   -2.293e+08   1.276e+08   0
32.5   0.5455   0.6994   -0.3115   0   -2.293e+08   1.276e+08   0
32.6   0.5458   0.6765   -0.2987   0   -2.293e+08   1.276e+08   0
32.7   0.5459   0.6536   -0.2859   0   -2.293e+08   1.276e+08   0
32.8   0.5457   0.6306   -0.2732   0   -2.293e+08   1.276e+08   0
32.9   0.5449   0.6077   -0.2604   0   -2.292e+08   1.276e+08   0
33   0.5436   0.5848   -0.2477   0   -2.291e+08   1.276e+08   0
33.1   0.5418   0.5619   -0.2349   0   -2.29e+08   1.276e+08   0
33.2   0.5393   0.539   -0.2221   0   -2.288e+08   1.276e+08   0
33.3   0.5363   0.5161   -0.2094   0   -2.285e+08   1.276e+08   0
33.4   0.5326   0.4933   -0.1966   0   -2.282e+08   1.276e+08   0
33.5   0.5281   0.4705   -0.1839   0   -2.277e+08   1.276e+08   0
33.6   0.5229   0.4477   -0.1711   0   -2.273e+08   1.276e+08   0
33.7   0.5169   0.425   -0.1584   0   -2.267e+08   1.276e+08   0
33.8   0.51   0.4024   -0.1456   0   -2.26e+08   1.276e+08   0
33.9   0.5021   0.3799   -0.1328   0   -2.252e+08   1.277e+08   0
34   0.4932   0.3574   -0.1201   0   -2.242e+08   1.278e+08   0
34.1   0.4833   0.335   -0.1073   0   -2.231e+08   1.28e+08   0
34.2   0.4721   0.3128   -0.09445   0   -2.217e+08   1.282e+08   0
34.3   0.4597   0.2907   -0.08161   0   -2.201e+08   1.286e+08   0
34.4   0.446   0.2688   -0.06873   0   -2.182e+08   1.291e+08   0
34.5   0.4307   0.2471   -0.05579   0   -2.158e+08   1.297e+08   0
34.6   0.4139   0.2256   -0.04277   0   -2.13e+08   1.307e+08   0
34.7   0.3954   0.2045   -0.02964   0   -2.095e+08   1.32e+08   0
34.8   0.3788   0.1838   -0.01635   0   -2.059e+08   1.336e+08   0
34.9   0.3788   0.1632   -0.002989   0   -2.059e+08   1.336e+08   0
35   0.3788   0.1426   0.01037   0   -2.059e+08   1.336e+08   0
35.1   0.3788   0.122   0.02373   0   -2.059e+08   1.336e+08   0
35.2   0.3788   0.1014   0.03709   0   -2.059e+08   1.336e+08   0
35.3   0.3788   0.08083   0.05045   0   -2.059e+08   1.336e+08   0
35.4   0.3788   0.06024   0.0638   0   -2.059e+08   1.336e+08   0
35.5   0.3788   0.03966   0.07716   0   -2.059e+08   1.336e+08   0
35.6   0.3788   0.01907   0.09052   0   -2.059e+08   1.336e+08   0
35.7   0.3788   -0.00152   0.1039   0   -2.059e+08   1.336e+08   0
35.8   0.3788   -0.02211   0.1172   0   -2.059e+08   1.336e+08   0
35.9   0.3788   -0.0427   0.1306   0   -2.059e+08   1.336e+08   0
36   0.3788   -0.06328   0.144   0   -2.059e+08   1.336e+08   0
36.1   0.3788   -0.08387   0.1573   0   -2.059e+08   1.336e+08   0
36.2   0.3865   -0.1045   0.1707   0   -2.059e+08   1.355e+08   0
36.3   0.3995   -0.1251   0.1844   0   -2.06e+08   1.383e+08   0
36.4   0.4106   -0.1457   0.1984   0   -2.062e+08   1.404e+08   0
36.5   0.42   -0.1663   0.2125   0   -2.065e+08   1.421e+08   0
36.6   0.4279   -0.187   0.2268   0   -2.067e+08   1.433e+08   0
36.7   0.4344   -0.2076   0.2411   0   -2.069e+08   1.443e+08   0
36.8   0.4396   -0.2283   0.2556   0   -2.071e+08   1.45e+08   0
36.9   0.4436   -0.2491   0.2701   0   -2.072e+08   1.455e+08   0
37   0.4467   -0.2698   0.2847   0   -2.074e+08   1.459e+08   0
37.1   0.4489   -0.2905   0.2993   0   -2.075e+08   1.462e+08   0
37.2   0.4502   -0.3113   0.3139   0   -2.075e+08   1.463e+08   0
37.3   0.4508   -0.332   0.3286   0   -2.076e+08   1.464e+08   0
37.4   0.4507   -0.3528   0.3432   0   -2.076e+08   1.464e+08   0
37.5   0.4501   -0.3735   0.3578   0   -2.075e+08   1.463e+08   0
37.6   0.4489   -0.3943   0.3725   0   -2.075e+08   1.462e+08   0
37.7   0.4472   -0.415   0.3871   0   -2.074e+08   1.46e+08   0
37.8   0.445   -0.4358   0.4017   0   -2.072e+08   1.458e+08   0
37.9   0.4425   -0.4565   0.4162   0   -2.071e+08   1.455e+08   0
38   0.4396   -0.4772   0.4308   0   -2.069e+08   1.452e+08   0
38.1   0.4364   -0.4979   0.4453   0   -2.067e+08   1.449e+08   0
38.2   0.4329   -0.5185   0.4597   0   -2.065e+08   1.446e+08   0
38.3   0.4292   -0.5392   0.4742   0   -2.062e+08   1.442e+08   0
38.4   0.4253   -0.5598   0.4886   0   -2.06e+08   1.438e+08   0
38.5   0.4237   -0.5804   0.5029   0   -2.059e+08   1.437e+08   0
38.6   0.4237   -0.6009   0.5173   0   -2.059e+08   1.437e+08   0
38.7   0.4237   -0.6215   0.5317   0   -2.059e+08   1.437e+08   0
38.8   0.4237   -0.6421   0.546   0   -2.059e+08   1.437e+08   0
38.9   0.4237   -0.6627   0.5604   0   -2.059e+08   1.437e+08   0
39   0.4237   -0.6833   0.5748   0   -2.059e+08   1.437e+08   0
39.1   0.4237   -0.7039   0.5891   0   -2.059e+08   1.437e+08   0
39.2   0.4237   -0.7245   0.6035   0   -2.059e+08   1.437e+08   0
39.3   0.4237   -0.745   0.6179   0   -2.059e+08   1.437e+08   0
39.4   0.4237   -0.7656   0.6322   0   -2.059e+08   1.437e+08   0
39.5   0.4237   -0.7862   0.6466   0   -2.059e+08   1.437e+08   0
39.6   0.4237   -0.8068   0.661   0   -2.059e+08   1.437e+08   0
39.7   0.4237   -0.8274   0.6753   0   -2.059e+08   1.437e+08   0
39.8   0.4237   -0.848   0.6897   0   -2.059e+08   1.437e+08   0
39.9   0.4237   -0.8686   0.7041   0   -2.059e+08   1.437e+08   0
40   0.4237   -0.8891   0.7184   0   -2.059e+08   1.437e+08   0
40.1   0.4237   -0.9097   0.7328   0   -2.059e+08   1.437e+08   0
40.2   0.4237   -0.9303   0.7472   0   -2.059e+08   1.437e+08   0
40.3   0.4237   -0.9509   0.7615   0   -2.059e+08   1.437e+08   0
40.4   0.4237   -0.9715   0.7759   0   -2.059e+08   1.437e+08   0
40.5   0.4237   -0.9921   0.7903   0   -2.059e+08   1.437e+08   0
40.6   0.4237   -1.013   0.8046   0   -2.059e+08   1.437e+08   0
40.7   0.4237   -1.033   0.819   0   -2.059e+08   1.437e+08   0
40.8   0.4237   -1.054   0.8334   0   -2.059e+08   1.437e+08   0
40.9   0.4237   -1.074   0.8477   0   -2.059e+08   1.437e+08   0
41   0.4237   -1.095   0.8621   0   -2.059e+08   1.437e+08   0
41.1   0.4237   -1.116   0.8765   0   -2.059e+08   1.437e+08   0
41.2   0.4237   -1.136   0.8908   0   -2.059e+08   1.437e+08   0
41.3   0.4237   -1.157   0.9052   0   -2.059e+08   1.437e+08   0
41.4   0.4237   -1.177   0.9195   0   -2.059e+08   1.437e+08   0
41.5   0.4237   -1.198   0.9339   0   -2.059e+08   1.437e+08   0
41.6   0.4237   -1.219   0.9483   0   -2.059e+08   1.437e+08   0
41.7   0.4237   -1.239   0.9626   0   -2.059e+08   1.437e+08   0
41.8   0.4237   -1.26   0.977   0   -2.059e+08   1.437e+08   0
41.9   0.4237   -1.28   0.9914   0   -2.059e+08   1.437e+08   0
42   0.4237   -1.301   1.006   0   -2.059e+08   1.437e+08   0
42.1   0.4237   -1.321   1.02   0   -2.059e+08   1.437e+08   0
42.2   0.4237   -1.342   1.034   0   -2.059e+08   1.437e+08   0
42.3   0.4237   -1.363   1.049   0   -2.059e+08   1.437e+08   0
42.4   0.4237   -1.383   1.063   0   -2.059e+08   1.437e+08   0
42.5   0.4237   -1.404   1.078   0   -2.059e+08   1.437e+08   0
42.6   0.4237   -1.424   1.092   0   -2.059e+08   1.437e+08   0
42.7   0.4237   -1.445   1.106   0   -2.059e+08   1.437e+08   0
42.8   0.4237   -1.466   1.121   0   -2.059e+08   1.437e+08   0
42.9   0.4237   -1.486   1.135   0   -2.059e+08   1.437e+08   0
43   0.4237   -1.507   1.149   0   -2.059e+08   1.437e+08   0
43.1   0.4237   -1.527   1.164   0   -2.059e+08   1.437e+08   0
43.2   0.4237   -1.548   1.178   0   -2.059e+08   1.437e+08   0
43.3   0.4237   -1.568   1.192   0   -2.059e+08   1.437e+08   0
43.4   0.4237   -1.589   1.207   0   -2.059e+08   1.437e+08   0
43.5   0.4237   -1.61   1.221   0   -2.059e+08   1.437e+08   0
43.6   0.4237   -1.63   1.236   0   -2.059e+08   1.437e+08   0
43.7   0.4237   -1.651   1.25   0   -2.059e+08   1.437e+08   0
43.8   0.4237   -1.671   1.264   0   -2.059e+08   1.437e+08   0
43.9   0.4237   -1.692   1.279   0   -2.059e+08   1.437e+08   0
44   0.4237   -1.713   1.293   0   -2.059e+08   1.437e+08   0
44.1   0.4237   -1.733   1.307   0   -2.059e+08   1.437e+08   0
44.2   0.4237   -1.754   1.322   0   -2.059e+08   1.437e+08   0
44.3   0.4237   -1.774   1.336   0   -2.059e+08   1.437e+08   0
44.4   0.4237   -1.795   1.351   0   -2.059e+08   1.437e+08   0
44.5   0.4237   -1.816   1.365   0   -2.059e+08   1.437e+08   0
44.6   0.4237   -1.836   1.379   0   -2.059e+08   1.437e+08   0
44.7   0.4237   -1.857   1.394   0   -2.059e+08   1.437e+08   0
44.8   0.4237   -1.877   1.408   0   -2.059e+08   1.437e+08   0
44.9   0.4237   -1.898   1.422   0   -2.059e+08   1.437e+08   0
45   0.4237   -1.918   1.437   0   -2.059e+08   1.437e+08   0
