0   0.04   -0.753   0   0   1.121e+08   0   0
0.1   0.04   -0.753   0   0   1.121e+08   0   0
0.2   0.04   -0.753   0   0   1.121e+08   0   0
0.3   0.04   -0.753   0   0   1.121e+08   0   0
0.4   0.04   -0.753   0   0   1.121e+08   0   0
0.5   0.04   -0.753   0   0   1.121e+08   0   0
0.6   0.04   -0.753   0   0   1.121e+08   0   0
0.7   0.04   -0.753   0   0   1.121e+08   0   0
0.8   0.04   -0.753   0   0   1.121e+08   0   0
0.9   0.04   -0.753   0   0   1.121e+08   0   0
1   0.04   -0.753   0   0   1.121e+08   0   0
1.1   0.04   -0.753   0   0   1.121e+08   0   0
1.2   0.04   -0.753   0   0   1.121e+08   0   0
1.3   0.04   -0.753   0   0   1.121e+08   0   0
1.4   0.04171   -0.7432   0   0   1.143e+08   0   0
1.5   0.04392   -0.7317   0   0   1.169e+08   0   0
1.6   0.04633   -0.7198   0   0   1.197e+08   0   0
1.7   0.04895   -0.7077   0   0   1.226e+08   0   0
1.8   0.05179   -0.6953   0   0   1.256e+08   0   0
1.9   0.05485   -0.6826   0   0   1.288e+08   0   0
2   0.05814   -0.6696   0   0   1.32e+08   0   0
2.1   0.06165   -0.6562   0   0   1.353e+08   0   0
2.2   0.06538   -0.6425   0   0   1.387e+08   0   0
2.3   0.06933   -0.6285   0   0   1.421e+08   0   0
2.4   0.0735   -0.6141   0   0   1.455e+08   0   0
2.5   0.07789   -0.5993   0   0   1.49e+08   0   0
2.6   0.08248   -0.5843   0   0   1.525e+08   0   0
2.7   0.08727   -0.5688   0   0   1.559e+08   0   0
2.8   0.09225   -0.5531   0   0   1.593e+08   0   0
2.9   0.0974   -0.537   0   0   1.627e+08   0   0
3   0.1027   -0.5205   0   0   1.66e+08   0   0
3.1   0.1081   -0.5038   0   0   1.693e+08   0   0
3.2   0.1137   -0.4867   0   0   1.725e+08   0   0
3.3   0.1194   -0.4693   0   0   1.755e+08   0   0
3.4   0.1251   -0.4516   0   0   1.785e+08   0   0
3.5   0.1308   -0.4336   0   0   1.814e+08   0   0
3.6   0.1366   -0.4153   0   0   1.841e+08   0   0
3.7   0.1423   -0.3968   0   0   1.868e+08   0   0
3.8   0.1479   -0.3779   0   0   1.893e+08   0   0
3.9   0.1534   -0.3589   0   0   1.916e+08   0   0
4   0.1587   -0.3396   0   0   1.938e+08   0   0
4.1   0.1637   -0.3202   0   0   1.958e+08   0   0
4.2   0.1685   -0.3005   0   0   1.976e+08   0   0
4.3   0.1728   -0.2806   0   0   1.992e+08   0   0
4.4   0.1766   -0.2606   0   0   2.006e+08   0   0
4.5   0.1798   -0.2405   0   0   2.017e+08   0   0
4.6   0.1823   -0.2203   0   0   2.026e+08   0   0
4.7   0.1838   -0.2   0   0   2.031e+08   0   0
4.8   0.1842   -0.1797   0   0   2.033e+08   0   0
4.9   0.1842   -0.1594   0   0   2.033e+08   0   0
5   0.1842   -0.139   0   0   2.033e+08   0   0
5.1   0.1842   -0.1187   0   0   2.033e+08   0   0
5.2   0.1842   -0.09838   0   0   2.033e+08   0   0
5.3   0.1842   -0.07806   0   0   2.033e+08   0   0
5.4   0.1842   -0.05773   0   0   2.033e+08   0   0
5.5   0.1842   -0.0374   0   0   2.033e+08   0   0
5.6   0.1842   -0.01708   0   0   2.033e+08   0   0
5.7   0.1842   0.00325   0   0   2.033e+08   0   0
5.8   0.1842   0.02358   0   0   2.033e+08   0   0
5.9   0.1842   0.0439   0   0   2.033e+08   0   0
6   0.1842   0.06423   0   0   2.033e+08   0   0
6.1   0.1842   0.08456   0   0   2.033e+08   0   0
6.2   0.1842   0.1049   0   0   2.033e+08   0   0
6.3   0.1842   0.1252   0   0   2.033e+08   0   0
6.4   0.1842   0.1455   0   0   2.033e+08   0   0
6.5   0.1842   0.1659   0   0   2.033e+08   0   0
6.6   0.1842   0.1862   0   0   2.033e+08   0   0
6.7   0.2002   0.2068   0   0   2.085e+08   0   0
6.8   0.2173   0.2279   0   0   2.136e+08   0   0
6.9   0.2334   0.2495   0   0   2.18e+08   0   0
7   0.2486   0.2715   0   0   2.218e+08   0   0
7.1   0.2629   0.2938   0   0   2.251e+08   0   0
7.2   0.2763   0.3165   0   0   2.281e+08   0   0
7.3   0.2889   0.3394   0   0   2.306e+08   0   0
7.4   0.3007   0.3626   0   0   2.329e+08   0   0
7.5   0.3117   0.386   0   0   2.35e+08   0   0
7.6   0.3219   0.4096   0   0   2.367e+08   0   0
7.7   0.3315   0.4333   0   0   2.383e+08   0   0
7.8   0.3403   0.4572   0   0   2.398e+08   0   0
7.9   0.3484   0.4813   0   0   2.41e+08   0   0
8   0.3558   0.5055   0   0   2.422e+08   0   0
8.1   0.3626   0.5297   0   0   2.432e+08   0   0
8.2   0.3688   0.5541   0   0   2.44e+08   0   0
8.3   0.3744   0.5785   0   0   2.448e+08   0   0
8.4   0.3794   0.603   0   0   2.455e+08   0   0
8.5   0.3839   0.6276   0   0   2.461e+08   0   0
8.6   0.3878   0.6523   0   0   2.466e+08   0   0
8.7   0.3912   0.677   0   0   2.471e+08   0   0
8.8   0.3941   0.7017   0   0   2.474e+08   0   0
8.9   0.3965   0.7264   0   0   2.477e+08   0   0
9   0.3984   0.7512   0   0   2.48e+08   0   0
9.1   0.3985   0.776   0   0   2.48e+08   0   0
9.2   0.3985   0.8008   0   0   2.48e+08   0   0
9.3   0.3985   0.8256   0   0   2.48e+08   0   0
9.4   0.3985   0.8504   0   0   2.48e+08   0   0
9.5   0.3985   0.8752   0   0   2.48e+08   0   0
9.6   0.3985   0.9   0   0   2.48e+08   0   0
9.7   0.3985   0.9248   0   0   2.48e+08   0   0
9.8   0.3985   0.9496   0   0   2.48e+08   0   0
9.9   0.3985   0.9744   0   0   2.48e+08   0   0
10   0.3985   0.9992   0   0   2.48e+08   0   0
10.1   0.3985   1.024   0   0   2.48e+08   0   0
10.2   0.3985   1.049   0   0   2.48e+08   0   0
10.3   0.3985   1.074   0   0   2.48e+08   0   0
10.4   0.3985   1.098   0   0   2.48e+08   0   0
10.5   0.3991   1.123   -0.001514   0   2.437e+08   -4.646e+07   0
10.6   0.3999   1.146   -0.009688   0   2.198e+08   -1.152e+08   0
10.7   0.4008   1.166   -0.02428   0   1.771e+08   -1.74e+08   0
10.8   0.4017   1.181   -0.04403   0   1.193e+08   -2.179e+08   0
10.9   0.4025   1.19   -0.06727   0   5.122e+07   -2.432e+08   0
11   0.4034   1.191   -0.09199   0   -2.121e+07   -2.477e+08   0
11.1   0.4042   1.186   -0.1161   0   -9.182e+07   -2.311e+08   0
11.2   0.4051   1.173   -0.1375   0   -1.546e+08   -1.949e+08   0
11.3   0.406   1.155   -0.1545   0   -2.043e+08   -1.422e+08   0
11.4   0.4068   1.133   -0.1655   0   -2.367e+08   -7.742e+07   0
11.5   0.4077   1.108   -0.1697   0   -2.491e+08   -6.099e+06   0
11.6   0.4083   1.084   -0.1671   0   -2.458e+08   4.092e+07   0
11.7   0.4083   1.059   -0.163   0   -2.458e+08   4.092e+07   0
11.8   0.4083   1.035   -0.1589   0   -2.458e+08   4.092e+07   0
11.9   0.4083   1.01   -0.1548   0   -2.458e+08   4.092e+07   0
12   0.4083   0.9853   -0.1507   0   -2.458e+08   4.092e+07   0
12.1   0.4083   0.9608   -0.1466   0   -2.458e+08   4.092e+07   0
12.2   0.4083   0.9362   -0.1425   0   -2.458e+08   4.092e+07   0
12.3   0.4083   0.9116   -0.1385   0   -2.458e+08   4.092e+07   0
12.4   0.4083   0.887   -0.1344   0   -2.458e+08   4.092e+07   0
12.5   0.4083   0.8624   -0.1303   0   -2.458e+08   4.092e+07   0
12.6   0.4083   0.8378   -0.1262   0   -2.458e+08   4.092e+07   0
12.7   0.4083   0.8133   -0.1221   0   -2.458e+08   4.092e+07   0
12.8   0.4083   0.7887   -0.118   0   -2.458e+08   4.092e+07   0
12.9   0.4083   0.7641   -0.1139   0   -2.458e+08   4.092e+07   0
13   0.4091   0.7395   -0.1098   0   -2.459e+08   4.093e+07   0
13.1   0.4131   0.7149   -0.1057   0   -2.464e+08   4.098e+07   0
13.2   0.4168   0.6902   -0.1016   0   -2.468e+08   4.102e+07   0
13.3   0.4203   0.6655   -0.09751   0   -2.473e+08   4.107e+07   0
13.4   0.4236   0.6408   -0.0934   0   -2.476e+08   4.11e+07   0
13.5   0.4266   0.616   -0.08929   0   -2.48e+08   4.114e+07   0
13.6   0.4292   0.5912   -0.08518   0   -2.483e+08   4.116e+07   0
13.7   0.4314   0.5664   -0.08106   0   -2.485e+08   4.119e+07   0
13.8   0.4332   0.5415   -0.07694   0   -2.487e+08   4.12e+07   0
13.9   0.4346   0.5166   -0.07282   0   -2.489e+08   4.122e+07   0
14   0.4354   0.4917   -0.0687   0   -2.489e+08   4.122e+07   0
14.1   0.4356   0.4668   -0.06457   0   -2.49e+08   4.123e+07   0
14.2   0.4351   0.4419   -0.06045   0   -2.489e+08   4.122e+07   0
14.3   0.434   0.417   -0.05633   0   -2.488e+08   4.121e+07   0
14.4   0.4319   0.3922   -0.05221   0   -2.486e+08   4.12e+07   0
14.5   0.429   0.3673   -0.04809   0   -2.482e+08   4.118e+07   0
14.6   0.4251   0.3425   -0.04397   0   -2.478e+08   4.116e+07   0
14.7   0.42   0.3178   -0.03986   0   -2.472e+08   4.114e+07   0
14.8   0.4136   0.2931   -0.03574   0   -2.464e+08   4.112e+07   0
14.9   0.4057   0.2685   -0.03163   0   -2.455e+08   4.11e+07   0
15   0.3961   0.244   -0.02752   0   -2.443e+08   4.11e+07   0
15.1   0.3845   0.2197   -0.02341   0   -2.427e+08   4.112e+07   0
15.2   0.3705   0.1955   -0.0193   0   -2.408e+08   4.117e+07   0
15.3   0.3651   0.1715   -0.01518   0   -2.4e+08   4.121e+07   0
15.4   0.3651   0.1475   -0.01106   0   -2.4e+08   4.121e+07   0
15.5   0.3651   0.1235   -0.006936   0   -2.4e+08   4.121e+07   0
15.6   0.3651   0.09947   -0.002815   0   -2.4e+08   4.121e+07   0
15.7   0.3651   0.07547   0.001306   0   -2.4e+08   4.121e+07   0
15.8   0.3651   0.05147   0.005427   0   -2.4e+08   4.121e+07   0
15.9   0.3651   0.02747   0.009547   0   -2.4e+08   4.121e+07   0
16   0.3651   0.003466   0.01367   0   -2.4e+08   4.121e+07   0
16.1   0.3651   -0.02053   0.01779   0   -2.4e+08   4.121e+07   0
16.2   0.3651   -0.04454   0.02191   0   -2.4e+08   4.121e+07   0
16.3   0.3651   -0.06854   0.02603   0   -2.4e+08   4.121e+07   0
16.4   0.3651   -0.09254   0.03015   0   -2.4e+08   4.121e+07   0
16.5   0.3651   -0.1165   0.03427   0   -2.4e+08   4.121e+07   0
16.6   0.3651   -0.1405   0.03839   0   -2.4e+08   4.121e+07   0
16.7   0.3651   -0.1645   0.04251   0   -2.4e+08   4.121e+07   0
16.8   0.3705   -0.1885   0.04664   0   -2.407e+08   4.15e+07   0
16.9   0.391   -0.2128   0.05084   0   -2.434e+08   4.253e+07   0
17   0.4091   -0.2372   0.05514   0   -2.455e+08   4.333e+07   0
17.1   0.4252   -0.2619   0.0595   0   -2.473e+08   4.397e+07   0
17.2   0.4394   -0.2867   0.06393   0   -2.488e+08   4.448e+07   0
17.3   0.452   -0.3116   0.0684   0   -2.501e+08   4.49e+07   0
17.4   0.4632   -0.3367   0.07291   0   -2.512e+08   4.525e+07   0
17.5   0.473   -0.3618   0.07745   0   -2.521e+08   4.554e+07   0
17.6   0.4817   -0.3871   0.08201   0   -2.529e+08   4.578e+07   0
17.7   0.4894   -0.4124   0.0866   0   -2.536e+08   4.598e+07   0
17.8   0.496   -0.4378   0.09121   0   -2.542e+08   4.615e+07   0
17.9   0.5017   -0.4633   0.09583   0   -2.547e+08   4.628e+07   0
18   0.5066   -0.4887   0.1005   0   -2.551e+08   4.64e+07   0
18.1   0.5107   -0.5143   0.1051   0   -2.554e+08   4.649e+07   0
18.2   0.514   -0.5398   0.1098   0   -2.557e+08   4.657e+07   0
18.3   0.5167   -0.5654   0.1144   0   -2.559e+08   4.662e+07   0
18.4   0.5187   -0.591   0.1191   0   -2.561e+08   4.667e+07   0
18.5   0.5202   -0.6166   0.1238   0   -2.562e+08   4.67e+07   0
18.6   0.5211   -0.6422   0.1284   0   -2.562e+08   4.672e+07   0
18.7   0.5215   -0.6679   0.1331   0   -2.563e+08   4.672e+07   0
18.8   0.5214   -0.6935   0.1378   0   -2.563e+08   4.672e+07   0
18.9   0.5209   -0.7191   0.1424   0   -2.562e+08   4.671e+07   0
19   0.5203   -0.7447   0.1471   0   -2.562e+08   4.67e+07   0
19.1   0.5203   -0.7704   0.1518   0   -2.562e+08   4.67e+07   0
19.2   0.5203   -0.796   0.1564   0   -2.562e+08   4.67e+07   0
19.3   0.5203   -0.8216   0.1611   0   -2.562e+08   4.67e+07   0
19.4   0.5203   -0.8472   0.1658   0   -2.562e+08   4.67e+07   0
19.5   0.5203   -0.8728   0.1705   0   -2.562e+08   4.67e+07   0
19.6   0.5203   -0.8984   0.1751   0   -2.562e+08   4.67e+07   0
19.7   0.5203   -0.9241   0.1798   0   -2.562e+08   4.67e+07   0
19.8   0.5203   -0.9497   0.1845   0   -2.562e+08   4.67e+07   0
19.9   0.5203   -0.9753   0.1891   0   -2.562e+08   4.67e+07   0
20   0.5203   -1.001   0.1938   0   -2.562e+08   4.67e+07   0
20.1   0.5203   -1.027   0.1985   0   -2.562e+08   4.67e+07   0
20.2   0.5203   -1.052   0.2031   0   -2.562e+08   4.67e+07   0
20.3   0.5203   -1.078   0.2078   0   -2.562e+08   4.67e+07   0
20.4   0.5203   -1.103   0.2125   0   -2.562e+08   4.67e+07   0
20.5   0.5204   -1.129   0.2172   0   -2.548e+08   5.365e+07   0
20.6   0.5222   -1.153   0.2268   0   -2.225e+08   1.355e+08   0
20.7   0.5241   -1.173   0.2439   0   -1.649e+08   2.019e+08   0
20.8   0.5259   -1.185   0.2665   0   -8.859e+07   2.454e+08   0
20.9   0.5278   -1.19   0.292   0   -2.285e+06   2.61e+08   0
21   0.5296   -1.186   0.3177   0   8.423e+07   2.472e+08   0
21.1   0.5315   -1.173   0.3405   0   1.612e+08   2.056e+08   0
21.2   0.5334   -1.154   0.358   0   2.201e+08   1.411e+08   0
21.3   0.5352   -1.13   0.3681   0   2.544e+08   6.082e+07   0
21.4   0.5371   -1.104   0.3698   0   2.604e+08   -2.616e+07   0
21.5   0.5384   -1.079   0.3633   0   2.477e+08   -8.502e+07   0
21.6   0.5384   -1.054   0.3548   0   2.477e+08   -8.502e+07   0
21.7   0.5384   -1.029   0.3463   0   2.477e+08   -8.502e+07   0
21.8   0.5384   -1.004   0.3378   0   2.477e+08   -8.502e+07   0
21.9   0.5384   -0.9797   0.3293   0   2.477e+08   -8.502e+07   0
22   0.5384   -0.955   0.3208   0   2.477e+08   -8.502e+07   0
22.1   0.5384   -0.9302   0.3123   0   2.477e+08   -8.502e+07   0
22.2   0.5384   -0.9054   0.3038   0   2.477e+08   -8.502e+07   0
22.3   0.5384   -0.8807   0.2953   0   2.477e+08   -8.502e+07   0
22.4   0.5384   -0.8559   0.2868   0   2.477e+08   -8.502e+07   0
22.5   0.5384   -0.8311   0.2783   0   2.477e+08   -8.502e+07   0
22.6   0.5384   -0.8064   0.2698   0   2.477e+08   -8.502e+07   0
22.7   0.5384   -0.7816   0.2613   0   2.477e+08   -8.502e+07   0
22.8   0.5384   -0.7568   0.2528   0   2.477e+08   -8.502e+07   0
22.9   0.5384   -0.7321   0.2443   0   2.477e+08   -8.502e+07   0
23   0.5389   -0.7073   0.2358   0   2.477e+08   -8.504e+07   0
23.1   0.5403   -0.6825   0.2273   0   2.478e+08   -8.507e+07   0
23.2   0.5414   -0.6577   0.2188   0   2.479e+08   -8.509e+07   0
23.3   0.542   -0.6329   0.2103   0   2.479e+08   -8.511e+07   0
23.4   0.5422   -0.6082   0.2017   0   2.479e+08   -8.511e+07   0
23.5   0.5419   -0.5834   0.1932   0   2.479e+08   -8.51e+07   0
23.6   0.541   -0.5586   0.1847   0   2.479e+08   -8.508e+07   0
23.7   0.5395   -0.5338   0.1762   0   2.477e+08   -8.505e+07   0
23.8   0.5374   -0.509   0.1677   0   2.476e+08   -8.501e+07   0
23.9   0.5346   -0.4843   0.1592   0   2.474e+08   -8.495e+07   0
24   0.5311   -0.4596   0.1507   0   2.471e+08   -8.487e+07   0
24.1   0.5267   -0.4349   0.1422   0   2.468e+08   -8.478e+07   0
24.2   0.5215   -0.4102   0.1338   0   2.464e+08   -8.466e+07   0
24.3   0.5153   -0.3856   0.1253   0   2.459e+08   -8.453e+07   0
24.4   0.5081   -0.361   0.1169   0   2.453e+08   -8.437e+07   0
24.5   0.4996   -0.3365   0.1084   0   2.446e+08   -8.419e+07   0
24.6   0.49   -0.3121   0.1   0   2.437e+08   -8.397e+07   0
24.7   0.4788   -0.2878   0.09164   0   2.427e+08   -8.372e+07   0
24.8   0.4661   -0.2636   0.08329   0   2.415e+08   -8.343e+07   0
24.9   0.4515   -0.2395   0.07496   0   2.401e+08   -8.309e+07   0
25   0.4348   -0.2156   0.06667   0   2.383e+08   -8.269e+07   0
25.1   0.4156   -0.1919   0.05842   0   2.362e+08   -8.223e+07   0
25.2   0.4049   -0.1683   0.05022   0   2.349e+08   -8.196e+07   0
25.3   0.4049   -0.1448   0.04203   0   2.349e+08   -8.196e+07   0
25.4   0.4049   -0.1214   0.03383   0   2.349e+08   -8.196e+07   0
25.5   0.4049   -0.09786   0.02563   0   2.349e+08   -8.196e+07   0
25.6   0.4049   -0.07437   0.01744   0   2.349e+08   -8.196e+07   0
25.7   0.4049   -0.05088   0.00924   0   2.349e+08   -8.196e+07   0
25.8   0.4049   -0.02739   0.001043   0   2.349e+08   -8.196e+07   0
25.9   0.4049   -0.003899   -0.007153   0   2.349e+08   -8.196e+07   0
26   0.4049   0.01959   -0.01535   0   2.349e+08   -8.196e+07   0
26.1   0.4049   0.04308   -0.02355   0   2.349e+08   -8.196e+07   0
26.2   0.4049   0.06657   -0.03174   0   2.349e+08   -8.196e+07   0
26.3   0.4049   0.09006   -0.03994   0   2.349e+08   -8.196e+07   0
26.4   0.4049   0.1136   -0.04814   0   2.349e+08   -8.196e+07   0
26.5   0.4049   0.137   -0.05633   0   2.349e+08   -8.196e+07   0
26.6   0.4049   0.1605   -0.06453   0   2.349e+08   -8.196e+07   0
26.7   0.4119   0.184   -0.07273   0   2.357e+08   -8.235e+07   0
26.8   0.4284   0.2077   -0.08101   0   2.374e+08   -8.321e+07   0
26.9   0.4423   0.2315   -0.08937   0   2.388e+08   -8.388e+07   0
27   0.4541   0.2554   -0.09778   0   2.399e+08   -8.441e+07   0
27.1   0.4641   0.2795   -0.1062   0   2.408e+08   -8.483e+07   0
27.2   0.4724   0.3036   -0.1147   0   2.416e+08   -8.517e+07   0
27.3   0.4794   0.3278   -0.1233   0   2.422e+08   -8.544e+07   0
27.4   0.4851   0.352   -0.1318   0   2.427e+08   -8.565e+07   0
27.5   0.4897   0.3763   -0.1404   0   2.431e+08   -8.582e+07   0
27.6   0.4934   0.4006   -0.149   0   2.434e+08   -8.595e+07   0
27.7   0.4961   0.425   -0.1576   0   2.436e+08   -8.605e+07   0
27.8   0.4981   0.4494   -0.1662   0   2.437e+08   -8.611e+07   0
27.9   0.4993   0.4737   -0.1748   0   2.438e+08   -8.615e+07   0
28   0.4998   0.4981   -0.1834   0   2.439e+08   -8.617e+07   0
28.1   0.4997   0.5225   -0.1921   0   2.439e+08   -8.617e+07   0
28.2   0.4991   0.5469   -0.2007   0   2.438e+08   -8.615e+07   0
28.3   0.498   0.5713   -0.2093   0   2.437e+08   -8.611e+07   0
28.4   0.4964   0.5956   -0.2179   0   2.436e+08   -8.606e+07   0
28.5   0.4944   0.62   -0.2265   0   2.434e+08   -8.599e+07   0
28.6   0.492   0.6443   -0.2351   0   2.432e+08   -8.591e+07   0
28.7   0.4894   0.6686   -0.2437   0   2.43e+08   -8.582e+07   0
28.8   0.4864   0.6929   -0.2523   0   2.428e+08   -8.572e+07   0
28.9   0.4844   0.7172   -0.2608   0   2.426e+08   -8.566e+07   0
29   0.4844   0.7415   -0.2694   0   2.426e+08   -8.566e+07   0
29.1   0.4844   0.7657   -0.278   0   2.426e+08   -8.566e+07   0
29.2   0.4844   0.79   -0.2865   0   2.426e+08   -8.566e+07   0
29.3   0.4844   0.8142   -0.2951   0   2.426e+08   -8.566e+07   0
29.4   0.4844   0.8385   -0.3036   0   2.426e+08   -8.566e+07   0
29.5   0.4844   0.8628   -0.3122   0   2.426e+08   -8.566e+07   0
29.6   0.4844   0.887   -0.3208   0   2.426e+08   -8.566e+07   0
29.7   0.4844   0.9113   -0.3293   0   2.426e+08   -8.566e+07   0
29.8   0.4844   0.9355   -0.3379   0   2.426e+08   -8.566e+07   0
29.9   0.4844   0.9598   -0.3465   0   2.426e+08   -8.566e+07   0
30   0.4844   0.9841   -0.355   0   2.426e+08   -8.566e+07   0
30.1   0.4844   1.008   -0.3636   0   2.426e+08   -8.566e+07   0
30.2   0.4844   1.033   -0.3722   0   2.426e+08   -8.566e+07   0
30.3   0.4844   1.057   -0.3807   0   2.426e+08   -8.566e+07   0
30.4   0.4844   1.081   -0.3893   0   2.426e+08   -8.566e+07   0
30.5   0.4866   1.104   -0.4004   0   2.033e+08   -1.58e+08   0
30.6   0.49   1.12   -0.4205   0   1.061e+08   -2.349e+08   0
30.7   0.4933   1.124   -0.4456   0   -1.543e+07   -2.576e+08   0
30.8   0.4967   1.117   -0.47   0   -1.333e+08   -2.213e+08   0
30.9   0.5001   1.099   -0.4881   0   -2.208e+08   -1.347e+08   0
31   0.5035   1.074   -0.4958   0   -2.584e+08   -1.772e+07   0
31.1   0.5069   1.049   -0.4914   0   -2.379e+08   1.031e+08   0
31.2   0.5076   1.026   -0.479   0   -2.264e+08   1.264e+08   0
31.3   0.5076   1.004   -0.4663   0   -2.264e+08   1.264e+08   0
31.4   0.5076   0.9809   -0.4537   0   -2.264e+08   1.264e+08   0
31.5   0.5076   0.9583   -0.4411   0   -2.264e+08   1.264e+08   0
31.6   0.5076   0.9356   -0.4284   0   -2.264e+08   1.264e+08   0
31.7   0.5076   0.913   -0.4158   0   -2.264e+08   1.264e+08   0
31.8   0.5076   0.8904   -0.4031   0   -2.264e+08   1.264e+08   0
31.9   0.5076   0.8677   -0.3905   0   -2.264e+08   1.264e+08   0
32   0.5076   0.8451   -0.3778   0   -2.264e+08   1.264e+08   0
32.1   0.5076   0.8224   -0.3652   0   -2.264e+08   1.264e+08   0
32.2   0.5076   0.7998   -0.3526   0   -2.264e+08   1.264e+08   0
32.3   0.5076   0.7771   -0.3399   0   -2.264e+08   1.264e+08   0
32.4   0.5076   0.7545   -0.3273   0   -2.264e+08   1.264e+08   0
32.5   0.5076   0.7319   -0.3146   0   -2.264e+08   1.264e+08   0
32.6   0.5076   0.7092   -0.302   0   -2.264e+08   1.264e+08   0
32.7   0.5076   0.6866   -0.2893   0   -2.264e+08   1.264e+08   0
32.8   0.5073   0.6639   -0.2767   0   -2.264e+08   1.264e+08   0
32.9   0.5066   0.6413   -0.2641   0   -2.263e+08   1.264e+08   0
33   0.5054   0.6187   -0.2514   0   -2.262e+08   1.264e+08   0
33.1   0.5037   0.596   -0.2388   0   -2.261e+08   1.264e+08   0
33.2   0.5014   0.5734   -0.2261   0   -2.258e+08   1.264e+08   0
33.3   0.4986   0.5509   -0.2135   0   -2.256e+08   1.264e+08   0
33.4   0.4951   0.5283   -0.2009   0   -2.252e+08   1.264e+08   0
33.5   0.491   0.5058   -0.1882   0   -2.248e+08   1.264e+08   0
33.6   0.4862   0.4834   -0.1756   0   -2.243e+08   1.264e+08   0
33.7   0.4807   0.461   -0.1629   0   -2.236e+08   1.265e+08   0
33.8   0.4744   0.4387   -0.1503   0   -2.229e+08   1.265e+08   0
33.9   0.4673   0.4164   -0.1376   0   -2.221e+08   1.266e+08   0
34   0.4593   0.3943   -0.125   0   -2.211e+08   1.267e+08   0
34.1   0.4504   0.3722   -0.1123   0   -2.199e+08   1.269e+08   0
34.2   0.4405   0.3503   -0.09956   0   -2.186e+08   1.272e+08   0
34.3   0.4297   0.3285   -0.08683   0   -2.17e+08   1.275e+08   0
34.4   0.4177   0.3069   -0.07406   0   -2.151e+08   1.28e+08   0
34.5   0.4046   0.2855   -0.06123   0   -2.129e+08   1.286e+08   0
34.6   0.3903   0.2643   -0.04833   0   -2.103e+08   1.295e+08   0
34.7   0.3749   0.2434   -0.03532   0   -2.072e+08   1.306e+08   0
34.8   0.3582   0.2229   -0.02219   0   -2.034e+08   1.321e+08   0
34.9   0.3405   0.2028   -0.008877   0   -1.987e+08   1.342e+08   0
35   0.3268   0.1832   0.004675   0   -1.946e+08   1.363e+08   0
35.1   0.3268   0.1637   0.01831   0   -1.946e+08   1.363e+08   0
35.2   0.3268   0.1443   0.03194   0   -1.946e+08   1.363e+08   0
35.3   0.3268   0.1248   0.04557   0   -1.946e+08   1.363e+08   0
35.4   0.3268   0.1054   0.0592   0   -1.946e+08   1.363e+08   0
35.5   0.3268   0.0859   0.07283   0   -1.946e+08   1.363e+08   0
35.6   0.3268   0.06644   0.08646   0   -1.946e+08   1.363e+08   0
35.7   0.3268   0.04698   0.1001   0   -1.946e+08   1.363e+08   0
35.8   0.3268   0.02753   0.1137   0   -1.946e+08   1.363e+08   0
35.9   0.3268   0.008071   0.1274   0   -1.946e+08   1.363e+08   0
36   0.3268   -0.01139   0.141   0   -1.946e+08   1.363e+08   0
36.1   0.3268   -0.03084   0.1546   0   -1.946e+08   1.363e+08   0
36.2   0.3268   -0.0503   0.1682   0   -1.946e+08   1.363e+08   0
36.3   0.3307   -0.06975   0.1819   0   -1.944e+08   1.377e+08   0
36.4   0.3419   -0.08917   0.1959   0   -1.941e+08   1.412e+08   0
36.5   0.3515   -0.1086   0.2101   0   -1.94e+08   1.439e+08   0
36.6   0.3597   -0.128   0.2246   0   -1.94e+08   1.459e+08   0
36.7   0.3665   -0.1474   0.2393   0   -1.941e+08   1.474e+08   0
36.8   0.372   -0.1668   0.2541   0   -1.942e+08   1.486e+08   0
36.9   0.3763   -0.1862   0.269   0   -1.943e+08   1.494e+08   0
37   0.3796   -0.2056   0.284   0   -1.944e+08   1.5e+08   0
37.1   0.3819   -0.2251   0.299   0   -1.944e+08   1.504e+08   0
37.2   0.3833   -0.2445   0.3141   0   -1.945e+08   1.507e+08   0
37.3   0.3839   -0.264   0.3291   0   -1.945e+08   1.508e+08   0
37.4   0.3838   -0.2834   0.3442   0   -1.945e+08   1.508e+08   0
37.5   0.3831   -0.3029   0.3593   0   -1.945e+08   1.506e+08   0
37.6   0.3818   -0.3223   0.3743   0   -1.944e+08   1.505e+08   0
37.7   0.3801   -0.3418   0.3894   0   -1.943e+08   1.502e+08   0
37.8   0.3778   -0.3612   0.4044   0   -1.942e+08   1.499e+08   0
37.9   0.3751   -0.3806   0.4193   0   -1.94e+08   1.495e+08   0
38   0.3721   -0.4   0.4343   0   -1.938e+08   1.491e+08   0
38.1   0.3688   -0.4194   0.4491   0   -1.936e+08   1.486e+08   0
38.2   0.3652   -0.4387   0.464   0   -1.933e+08   1.481e+08   0
38.3   0.3613   -0.458   0.4787   0   -1.931e+08   1.475e+08   0
38.4   0.3573   -0.4773   0.4935   0   -1.927e+08   1.47e+08   0
38.5   0.3531   -0.4966   0.5081   0   -1.924e+08   1.464e+08   0
38.6   0.3487   -0.5158   0.5227   0   -1.92e+08   1.457e+08   0
38.7   0.3452   -0.535   0.5373   0   -1.917e+08   1.452e+08   0
38.8   0.3452   -0.5542   0.5518   0   -1.917e+08   1.452e+08   0
38.9   0.3452   -0.5733   0.5663   0   -1.917e+08   1.452e+08   0
39   0.3452   -0.5925   0.5809   0   -1.917e+08   1.452e+08   0
39.1   0.3452   -0.6117   0.5954   0   -1.917e+08   1.452e+08   0
39.2   0.3452   -0.6309   0.6099   0   -1.917e+08   1.452e+08   0
39.3   0.3452   -0.65   0.6244   0   -1.917e+08   1.452e+08   0
39.4   0.3452   -0.6692   0.639   0   -1.917e+08   1.452e+08   0
39.5   0.3452   -0.6884   0.6535   0   -1.917e+08   1.452e+08   0
39.6   0.3452   -0.7076   0.668   0   -1.917e+08   1.452e+08   0
39.7   0.3452   -0.7267   0.6825   0   -1.917e+08   1.452e+08   0
39.8   0.3452   -0.7459   0.6971   0   -1.917e+08   1.452e+08   0
39.9   0.3452   -0.7651   0.7116   0   -1.917e+08   1.452e+08   0
40   0.3452   -0.7843   0.7261   0   -1.917e+08   1.452e+08   0
40.1   0.3452   -0.8034   0.7406   0   -1.917e+08   1.452e+08   0
40.2   0.3452   -0.8226   0.7551   0   -1.917e+08   1.452e+08   0
40.3   0.3452   -0.8418   0.7697   0   -1.917e+08   1.452e+08   0
40.4   0.3452   -0.861   0.7842   0   -1.917e+08   1.452e+08   0
40.5   0.3452   -0.8801   0.7987   0   -1.917e+08   1.452e+08   0
40.6   0.3452   -0.8993   0.8132   0   -1.917e+08   1.452e+08   0
40.7   0.3452   -0.9185   0.8278   0   -1.917e+08   1.452e+08   0
40.8   0.3452   -0.9377   0.8423   0   -1.917e+08   1.452e+08   0
40.9   0.3452   -0.9568   0.8568   0   -1.917e+08   1.452e+08   0
41   0.3452   -0.976   0.8713   0   -1.917e+08   1.452e+08   0
41.1   0.3452   -0.9952   0.8859   0   -1.917e+08   1.452e+08   0
41.2   0.3452   -1.014   0.9004   0   -1.917e+08   1.452e+08   0
41.3   0.3452   -1.034   0.9149   0   -1.917e+08   1.452e+08   0
41.4   0.3452   -1.053   0.9294   0   -1.917e+08   1.452e+08   0
41.5   0.3452   -1.072   0.944   0   -1.917e+08   1.452e+08   0
41.6   0.3452   -1.091   0.9585   0   -1.917e+08   1.452e+08   0
41.7   0.3452   -1.11   0.973   0   -1.917e+08   1.452e+08   0
41.8   0.3452   -1.129   0.9875   0   -1.917e+08   1.452e+08   0
41.9   0.3452   -1.149   1.002   0   -1.917e+08   1.452e+08   0
42   0.3452   -1.168   1.017   0   -1.917e+08   1.452e+08   0
42.1   0.3452   -1.187   1.031   0   -1.917e+08   1.452e+08   0
42.2   0.3452   -1.206   1.046   0   -1.917e+08   1.452e+08   0
42.3   0.3452   -1.225   1.06   0   -1.917e+08   1.452e+08   0
42.4   0.3452   -1.244   1.075   0   -1.917e+08   1.452e+08   0
42.5   0.3452   -1.264   1.089   0   -1.917e+08   1.452e+08   0
42.6   0.3452   -1.283   1.104   0   -1.917e+08   1.452e+08   0
42.7   0.3452   -1.302   1.118   0   -1.917e+08   1.452e+08   0
42.8   0.3452   -1.321   1.133   0   -1.917e+08   1.452e+08   0
42.9   0.3452   -1.34   1.147   0   -1.917e+08   1.452e+08   0
43   0.3452   -1.36   1.162   0   -1.917e+08   1.452e+08   0
43.1   0.3452   -1.379   1.176   0   -1.917e+08   1.452e+08   0
43.2   0.3452   -1.398   1.191   0   -1.917e+08   1.452e+08   0
43.3   0.3452   -1.417   1.205   0   -1.917e+08   1.452e+08   0
43.4   0.3452   -1.436   1.22   0   -1.917e+08   1.452e+08   0
43.5   0.3452   -1.455   1.234   0   -1.917e+08   1.452e+08   0
43.6   0.3452   -1.475   1.249   0   -1.917e+08   1.452e+08   0
43.7   0.3452   -1.494   1.263   0   -1.917e+08   1.452e+08   0
43.8   0.3452   -1.513   1.278   0   -1.917e+08   1.452e+08   0
43.9   0.3452   -1.532   1.293   0   -1.917e+08   1.452e+08   0
44   0.3452   -1.551   1.307   0   -1.917e+08   1.452e+08   0
44.1   0.3452   -1.57   1.322   0   -1.917e+08   1.452e+08   0
44.2   0.3452   -1.59   1.336   0   -1.917e+08   1.452e+08   0
44.3   0.3452   -1.609   1.351   0   -1.917e+08   1.452e+08   0
44.4   0.3452   -1.628   1.365   0   -1.917e+08   1.452e+08   0
44.5   0.3452   -1.647   1.38   0   -1.917e+08   1.452e+08   0
44.6   0.3452   -1.666   1.394   0   -1.917e+08   1.452e+08   0
44.7   0.3452   -1.685   1.409   0   -1.917e+08   1.452e+08   0
44.8   0.3452   -1.705   1.423   0   -1.917e+08   1.452e+08   0
44.9   0.3452   -1.724   1.438   0   -1.917e+08   1.452e+08   0
45   0.3452   -1.743   1.452   0   -1.917e+08   1.452e+08   0
