0   0.04   -0.753   0   0   1.121e+08   0   0
0.1   0.04   -0.753   0   0   1.121e+08   0   0
0.2   0.04   -0.753   0   0   1.121e+08   0   0
0.3   0.04   -0.753   0   0   1.121e+08   0   0
0.4   0.04   -0.753   0   0   1.121e+08   0   0
0.5   0.04   -0.753   0   0   1.121e+08   0   0
0.6   0.04   -0.753   0   0   1.121e+08   0   0
0.7   0.04   -0.753   0   0   1.121e+08   0   0
0.8   0.04   -0.753   0   0   1.121e+08   0   0
0.9   0.04   -0.753   0   0   1.121e+08   0   0
1   0.04   -0.753   0   0   1.121e+08   0   0
1.1   0.04   -0.753   0   0   1.121e+08   0   0
1.2   0.04   -0.753   0   0   1.121e+08   0   0
1.3   0.04   -0.753   0   0   1.121e+08   0   0
1.4   0.04131   -0.7455   0   0   1.138e+08   0   0
1.5   0.0435   -0.734   0   0   1.164e+08   0   0
1.6   0.04589   -0.7222   0   0   1.192e+08   0   0
1.7   0.0485   -0.7102   0   0   1.221e+08   0   0
1.8   0.05132   -0.6978   0   0   1.251e+08   0   0
1.9   0.05436   -0.6851   0   0   1.283e+08   0   0
2   0.05761   -0.6721   0   0   1.315e+08   0   0
2.1   0.0611   -0.6588   0   0   1.348e+08   0   0
2.2   0.0648   -0.6452   0   0   1.382e+08   0   0
2.3   0.06872   -0.6312   0   0   1.416e+08   0   0
2.4   0.07286   -0.6169   0   0   1.45e+08   0   0
2.5   0.07721   -0.6022   0   0   1.485e+08   0   0
2.6   0.08176   -0.5872   0   0   1.519e+08   0   0
2.7   0.08651   -0.5718   0   0   1.554e+08   0   0
2.8   0.09145   -0.5561   0   0   1.588e+08   0   0
2.9   0.09655   -0.54   0   0   1.622e+08   0   0
3   0.1018   -0.5236   0   0   1.655e+08   0   0
3.1   0.1072   -0.5069   0   0   1.687e+08   0   0
3.2   0.1127   -0.4899   0   0   1.719e+08   0   0
3.3   0.1183   -0.4726   0   0   1.75e+08   0   0
3.4   0.124   -0.4549   0   0   1.779e+08   0   0
3.5   0.1296   -0.437   0   0   1.808e+08   0   0
3.6   0.1353   -0.4187   0   0   1.836e+08   0   0
3.7   0.141   -0.4003   0   0   1.862e+08   0   0
3.8   0.1465   -0.3815   0   0   1.887e+08   0   0
3.9   0.1519   -0.3625   0   0   1.91e+08   0   0
4   0.1572   -0.3433   0   0   1.932e+08   0   0
4.1   0.1622   -0.3239   0   0   1.952e+08   0   0
4.2   0.1668   -0.3043   0   0   1.97e+08   0   0
4.3   0.1711   -0.2845   0   0   1.986e+08   0   0
4.4   0.1748   -0.2646   0   0   2e+08   0   0
4.5   0.178   -0.2445   0   0   2.011e+08   0   0
4.6   0.1804   -0.2244   0   0   2.019e+08   0   0
4.7   0.1819   -0.2041   0   0   2.025e+08   0   0
4.8   0.1823   -0.1839   0   0   2.026e+08   0   0
4.9   0.1823   -0.1636   0   0   2.026e+08   0   0
5   0.1823   -0.1434   0   0   2.026e+08   0   0
5.1   0.1823   -0.1231   0   0   2.026e+08   0   0
5.2   0.1823   -0.1028   0   0   2.026e+08   0   0
5.3   0.1823   -0.08259   0   0   2.026e+08   0   0
5.4   0.1823   -0.06233   0   0   2.026e+08   0   0
5.5   0.1823   -0.04207   0   0   2.026e+08   0   0
5.6   0.1823   -0.02181   0   0   2.026e+08   0   0
5.7   0.1823   -0.001548   0   0   2.026e+08   0   0
5.8   0.1823   0.01871   0   0   2.026e+08   0   0
5.9   0.1823   0.03897   0   0   2.026e+08   0   0
6   0.1823   0.05923   0   0   2.026e+08   0   0
6.1   0.1823   0.07949   0   0   2.026e+08   0   0
6.2   0.1823   0.09975   0   0   2.026e+08   0   0
6.3   0.1823   0.12   0   0   2.026e+08   0   0
6.4   0.1823   0.1403   0   0   2.026e+08   0   0
6.5   0.1823   0.1605   0   0   2.026e+08   0   0
6.6   0.1823   0.1808   0   0   2.026e+08   0   0
6.7   0.1937   0.2012   0   0   2.065e+08   0   0
6.8   0.2111   0.2221   0   0   2.118e+08   0   0
6.9   0.2275   0.2435   0   0   2.164e+08   0   0
7   0.243   0.2654   0   0   2.204e+08   0   0
7.1   0.2575   0.2876   0   0   2.239e+08   0   0
7.2   0.2711   0.3101   0   0   2.27e+08   0   0
7.3   0.2839   0.333   0   0   2.296e+08   0   0
7.4   0.2959   0.3561   0   0   2.32e+08   0   0
7.5   0.307   0.3794   0   0   2.341e+08   0   0
7.6   0.3174   0.4029   0   0   2.36e+08   0   0
7.7   0.327   0.4266   0   0   2.376e+08   0   0
7.8   0.3359   0.4504   0   0   2.391e+08   0   0
7.9   0.3442   0.4744   0   0   2.404e+08   0   0
8   0.3517   0.4985   0   0   2.415e+08   0   0
8.1   0.3586   0.5227   0   0   2.426e+08   0   0
8.2   0.3649   0.547   0   0   2.435e+08   0   0
8.3   0.3705   0.5714   0   0   2.443e+08   0   0
8.4   0.3756   0.5958   0   0   2.45e+08   0   0
8.5   0.3801   0.6204   0   0   2.456e+08   0   0
8.6   0.384   0.645   0   0   2.461e+08   0   0
8.7   0.3874   0.6696   0   0   2.466e+08   0   0
8.8   0.3903   0.6943   0   0   2.47e+08   0   0
8.9   0.3927   0.719   0   0   2.473e+08   0   0
9   0.3947   0.7437   0   0   2.475e+08   0   0
9.1   0.3953   0.7685   0   0   2.476e+08   0   0
9.2   0.3953   0.7932   0   0   2.476e+08   0   0
9.3   0.3953   0.818   0   0   2.476e+08   0   0
9.4   0.3953   0.8428   0   0   2.476e+08   0   0
9.5   0.3953   0.8675   0   0   2.476e+08   0   0
9.6   0.3953   0.8923   0   0   2.476e+08   0   0
9.7   0.3953   0.917   0   0   2.476e+08   0   0
9.8   0.3953   0.9418   0   0   2.476e+08   0   0
9.9   0.3953   0.9666   0   0   2.476e+08   0   0
10   0.3953   0.9913   0   0   2.476e+08   0   0
10.1   0.3953   1.016   0   0   2.476e+08   0   0
10.2   0.3953   1.041   0   0   2.476e+08   0   0
10.3   0.3953   1.066   0   0   2.476e+08   0   0
10.4   0.3953   1.09   0   0   2.476e+08   0   0
10.5   0.3956   1.115   -0.000386   0   2.465e+08   -2.338e+07   0
10.6   0.3964   1.139   -0.00634   0   2.292e+08   -9.414e+07   0
10.7   0.3973   1.16   -0.01901   0   1.92e+08   -1.568e+08   0
10.8   0.3982   1.177   -0.0373   0   1.382e+08   -2.059e+08   0
10.9   0.399   1.187   -0.05963   0   7.258e+07   -2.372e+08   0
11   0.3999   1.191   -0.08408   0   6.899e+05   -2.482e+08   0
11.1   0.4007   1.187   -0.1085   0   -7.125e+07   -2.378e+08   0
11.2   0.4016   1.177   -0.1309   0   -1.371e+08   -2.071e+08   0
11.3   0.4024   1.16   -0.1493   0   -1.912e+08   -1.587e+08   0
11.4   0.4033   1.139   -0.1622   0   -2.29e+08   -9.676e+07   0
11.5   0.4042   1.115   -0.1684   0   -2.473e+08   -2.656e+07   0
11.6   0.405   1.09   -0.1674   0   -2.455e+08   4.015e+07   0
11.7   0.405   1.066   -0.1634   0   -2.455e+08   4.015e+07   0
11.8   0.405   1.041   -0.1593   0   -2.455e+08   4.015e+07   0
11.9   0.405   1.017   -0.1553   0   -2.455e+08   4.015e+07   0
12   0.405   0.9922   -0.1513   0   -2.455e+08   4.015e+07   0
12.1   0.405   0.9677   -0.1473   0   -2.455e+08   4.015e+07   0
12.2   0.405   0.9431   -0.1433   0   -2.455e+08   4.015e+07   0
12.3   0.405   0.9186   -0.1393   0   -2.455e+08   4.015e+07   0
12.4   0.405   0.894   -0.1352   0   -2.455e+08   4.015e+07   0
12.5   0.405   0.8695   -0.1312   0   -2.455e+08   4.015e+07   0
12.6   0.405   0.8449   -0.1272   0   -2.455e+08   4.015e+07   0
12.7   0.405   0.8204   -0.1232   0   -2.455e+08   4.015e+07   0
12.8   0.405   0.7958   -0.1192   0   -2.455e+08   4.015e+07   0
12.9   0.405   0.7713   -0.1152   0   -2.455e+08   4.015e+07   0
13   0.405   0.7467   -0.1112   0   -2.455e+08   4.015e+07   0
13.1   0.4085   0.7221   -0.1071   0   -2.46e+08   4.02e+07   0
13.2   0.4122   0.6975   -0.1031   0   -2.464e+08   4.025e+07   0
13.3   0.4157   0.6728   -0.09909   0   -2.468e+08   4.03e+07   0
13.4   0.4189   0.6481   -0.09506   0   -2.472e+08   4.034e+07   0
13.5   0.4219   0.6234   -0.09102   0   -2.475e+08   4.037e+07   0
13.6   0.4244   0.5986   -0.08699   0   -2.478e+08   4.041e+07   0
13.7   0.4266   0.5738   -0.08294   0   -2.481e+08   4.043e+07   0
13.8   0.4284   0.549   -0.0789   0   -2.483e+08   4.045e+07   0
13.9   0.4297   0.5242   -0.07485   0   -2.484e+08   4.047e+07   0
14   0.4305   0.4993   -0.07081   0   -2.485e+08   4.047e+07   0
14.1   0.4307   0.4745   -0.06676   0   -2.485e+08   4.048e+07   0
14.2   0.4303   0.4496   -0.06271   0   -2.485e+08   4.047e+07   0
14.3   0.4291   0.4248   -0.05867   0   -2.484e+08   4.046e+07   0
14.4   0.4272   0.4   -0.05462   0   -2.481e+08   4.044e+07   0
14.5   0.4243   0.3752   -0.05058   0   -2.478e+08   4.042e+07   0
14.6   0.4205   0.3504   -0.04654   0   -2.474e+08   4.039e+07   0
14.7   0.4155   0.3257   -0.0425   0   -2.468e+08   4.036e+07   0
14.8   0.4093   0.301   -0.03847   0   -2.461e+08   4.032e+07   0
14.9   0.4017   0.2765   -0.03444   0   -2.451e+08   4.028e+07   0
15   0.3924   0.252   -0.03041   0   -2.439e+08   4.024e+07   0
15.1   0.3812   0.2277   -0.02639   0   -2.424e+08   4.02e+07   0
15.2   0.3677   0.2036   -0.02237   0   -2.406e+08   4.019e+07   0
15.3   0.3569   0.1796   -0.01835   0   -2.39e+08   4.019e+07   0
15.4   0.3569   0.1557   -0.01433   0   -2.39e+08   4.019e+07   0
15.5   0.3569   0.1318   -0.01031   0   -2.39e+08   4.019e+07   0
15.6   0.3569   0.1079   -0.006292   0   -2.39e+08   4.019e+07   0
15.7   0.3569   0.08402   -0.002272   0   -2.39e+08   4.019e+07   0
15.8   0.3569   0.06013   0.001747   0   -2.39e+08   4.019e+07   0
15.9   0.3569   0.03623   0.005767   0   -2.39e+08   4.019e+07   0
16   0.3569   0.01233   0.009786   0   -2.39e+08   4.019e+07   0
16.1   0.3569   -0.01156   0.01381   0   -2.39e+08   4.019e+07   0
16.2   0.3569   -0.03546   0.01783   0   -2.39e+08   4.019e+07   0
16.3   0.3569   -0.05935   0.02184   0   -2.39e+08   4.019e+07   0
16.4   0.3569   -0.08325   0.02586   0   -2.39e+08   4.019e+07   0
16.5   0.3569   -0.1071   0.02988   0   -2.39e+08   4.019e+07   0
16.6   0.3569   -0.131   0.0339   0   -2.39e+08   4.019e+07   0
16.7   0.3569   -0.1549   0.03792   0   -2.39e+08   4.019e+07   0
16.8   0.3569   -0.1788   0.04194   0   -2.39e+08   4.019e+07   0
16.9   0.3741   -0.2028   0.046   0   -2.413e+08   4.102e+07   0
17   0.3929   -0.2271   0.05014   0   -2.437e+08   4.183e+07   0
17.1   0.4096   -0.2516   0.05436   0   -2.457e+08   4.247e+07   0
17.2   0.4243   -0.2762   0.05863   0   -2.474e+08   4.299e+07   0
17.3   0.4373   -0.301   0.06295   0   -2.488e+08   4.341e+07   0
17.4   0.4488   -0.326   0.06731   0   -2.5e+08   4.375e+07   0
17.5   0.459   -0.351   0.0717   0   -2.51e+08   4.404e+07   0
17.6   0.4679   -0.3762   0.07612   0   -2.518e+08   4.428e+07   0
17.7   0.4757   -0.4014   0.08056   0   -2.526e+08   4.448e+07   0
17.8   0.4825   -0.4267   0.08501   0   -2.532e+08   4.464e+07   0
17.9   0.4883   -0.452   0.08948   0   -2.537e+08   4.478e+07   0
18   0.4933   -0.4774   0.09397   0   -2.542e+08   4.489e+07   0
18.1   0.4975   -0.5029   0.09846   0   -2.545e+08   4.498e+07   0
18.2   0.5009   -0.5283   0.103   0   -2.548e+08   4.506e+07   0
18.3   0.5036   -0.5538   0.1075   0   -2.55e+08   4.511e+07   0
18.4   0.5057   -0.5793   0.112   0   -2.552e+08   4.516e+07   0
18.5   0.5072   -0.6049   0.1165   0   -2.553e+08   4.519e+07   0
18.6   0.5081   -0.6304   0.121   0   -2.554e+08   4.521e+07   0
18.7   0.5085   -0.6559   0.1255   0   -2.554e+08   4.521e+07   0
18.8   0.5085   -0.6815   0.1301   0   -2.554e+08   4.521e+07   0
18.9   0.5079   -0.707   0.1346   0   -2.554e+08   4.52e+07   0
19   0.507   -0.7326   0.1391   0   -2.553e+08   4.518e+07   0
19.1   0.5067   -0.7581   0.1436   0   -2.553e+08   4.518e+07   0
19.2   0.5067   -0.7836   0.1481   0   -2.553e+08   4.518e+07   0
19.3   0.5067   -0.8091   0.1527   0   -2.553e+08   4.518e+07   0
19.4   0.5067   -0.8347   0.1572   0   -2.553e+08   4.518e+07   0
19.5   0.5067   -0.8602   0.1617   0   -2.553e+08   4.518e+07   0
19.6   0.5067   -0.8857   0.1662   0   -2.553e+08   4.518e+07   0
19.7   0.5067   -0.9113   0.1707   0   -2.553e+08   4.518e+07   0
19.8   0.5067   -0.9368   0.1753   0   -2.553e+08   4.518e+07   0
19.9   0.5067   -0.9623   0.1798   0   -2.553e+08   4.518e+07   0
20   0.5067   -0.9879   0.1843   0   -2.553e+08   4.518e+07   0
20.1   0.5067   -1.013   0.1888   0   -2.553e+08   4.518e+07   0
20.2   0.5067   -1.039   0.1933   0   -2.553e+08   4.518e+07   0
20.3   0.5067   -1.064   0.1978   0   -2.553e+08   4.518e+07   0
20.4   0.5067   -1.09   0.2024   0   -2.553e+08   4.518e+07   0
20.5   0.5067   -1.115   0.2069   0   -2.553e+08   4.518e+07   0
20.6   0.5075   -1.141   0.2124   0   -2.445e+08   8.658e+07   0
20.7   0.5093   -1.163   0.2251   0   -2.011e+08   1.64e+08   0
20.8   0.5111   -1.18   0.2446   0   -1.342e+08   2.223e+08   0
20.9   0.5129   -1.19   0.2687   0   -5.179e+07   2.546e+08   0
21   0.5148   -1.19   0.2946   0   3.661e+07   2.574e+08   0
21.1   0.5166   -1.182   0.3192   0   1.207e+08   2.304e+08   0
21.2   0.5184   -1.166   0.3397   0   1.909e+08   1.769e+08   0
21.3   0.5202   -1.145   0.3538   0   2.391e+08   1.031e+08   0
21.4   0.5221   -1.12   0.3599   0   2.6e+08   1.756e+07   0
21.5   0.5239   -1.094   0.3572   0   2.511e+08   -6.993e+07   0
21.6   0.5242   -1.069   0.3488   0   2.464e+08   -8.511e+07   0
21.7   0.5242   -1.044   0.3403   0   2.464e+08   -8.511e+07   0
21.8   0.5242   -1.02   0.3318   0   2.464e+08   -8.511e+07   0
21.9   0.5242   -0.9951   0.3233   0   2.464e+08   -8.511e+07   0
22   0.5242   -0.9705   0.3148   0   2.464e+08   -8.511e+07   0
22.1   0.5242   -0.9458   0.3063   0   2.464e+08   -8.511e+07   0
22.2   0.5242   -0.9212   0.2977   0   2.464e+08   -8.511e+07   0
22.3   0.5242   -0.8965   0.2892   0   2.464e+08   -8.511e+07   0
22.4   0.5242   -0.8719   0.2807   0   2.464e+08   -8.511e+07   0
22.5   0.5242   -0.8473   0.2722   0   2.464e+08   -8.511e+07   0
22.6   0.5242   -0.8226   0.2637   0   2.464e+08   -8.511e+07   0
22.7   0.5242   -0.798   0.2552   0   2.464e+08   -8.511e+07   0
22.8   0.5242   -0.7733   0.2467   0   2.464e+08   -8.511e+07   0
22.9   0.5242   -0.7487   0.2382   0   2.464e+08   -8.511e+07   0
23   0.5242   -0.724   0.2297   0   2.464e+08   -8.511e+07   0
23.1   0.5252   -0.6994   0.2211   0   2.465e+08   -8.513e+07   0
23.2   0.5263   -0.6747   0.2126   0   2.466e+08   -8.514e+07   0
23.3   0.5269   -0.6501   0.2041   0   2.467e+08   -8.515e+07   0
23.4   0.5271   -0.6254   0.1956   0   2.467e+08   -8.516e+07   0
23.5   0.5267   -0.6007   0.1871   0   2.466e+08   -8.515e+07   0
23.6   0.5259   -0.5761   0.1786   0   2.466e+08   -8.514e+07   0
23.7   0.5245   -0.5514   0.1701   0   2.465e+08   -8.512e+07   0
23.8   0.5224   -0.5268   0.1616   0   2.463e+08   -8.508e+07   0
23.9   0.5197   -0.5022   0.153   0   2.461e+08   -8.504e+07   0
24   0.5163   -0.4776   0.1445   0   2.458e+08   -8.499e+07   0
24.1   0.5121   -0.453   0.136   0   2.454e+08   -8.493e+07   0
24.2   0.5071   -0.4285   0.1276   0   2.45e+08   -8.486e+07   0
24.3   0.5012   -0.404   0.1191   0   2.445e+08   -8.478e+07   0
24.4   0.4942   -0.3796   0.1106   0   2.439e+08   -8.469e+07   0
24.5   0.4862   -0.3552   0.1021   0   2.431e+08   -8.459e+07   0
24.6   0.477   -0.331   0.09369   0   2.423e+08   -8.448e+07   0
24.7   0.4665   -0.3068   0.08524   0   2.412e+08   -8.437e+07   0
24.8   0.4545   -0.2827   0.07681   0   2.4e+08   -8.425e+07   0
24.9   0.4409   -0.2588   0.06839   0   2.385e+08   -8.414e+07   0
25   0.4254   -0.235   0.05998   0   2.367e+08   -8.404e+07   0
25.1   0.4077   -0.2115   0.05158   0   2.346e+08   -8.398e+07   0
25.2   0.3876   -0.1881   0.04319   0   2.319e+08   -8.398e+07   0
25.3   0.3832   -0.165   0.03479   0   2.312e+08   -8.399e+07   0
25.4   0.3832   -0.1419   0.02639   0   2.312e+08   -8.399e+07   0
25.5   0.3832   -0.1188   0.01799   0   2.312e+08   -8.399e+07   0
25.6   0.3832   -0.09564   0.00959   0   2.312e+08   -8.399e+07   0
25.7   0.3832   -0.07251   0.001192   0   2.312e+08   -8.399e+07   0
25.8   0.3832   -0.04939   -0.007207   0   2.312e+08   -8.399e+07   0
25.9   0.3832   -0.02626   -0.01561   0   2.312e+08   -8.399e+07   0
26   0.3832   -0.003139   -0.024   0   2.312e+08   -8.399e+07   0
26.1   0.3832   0.01999   -0.0324   0   2.312e+08   -8.399e+07   0
26.2   0.3832   0.04311   -0.0408   0   2.312e+08   -8.399e+07   0
26.3   0.3832   0.06623   -0.0492   0   2.312e+08   -8.399e+07   0
26.4   0.3832   0.08936   -0.0576   0   2.312e+08   -8.399e+07   0
26.5   0.3832   0.1125   -0.066   0   2.312e+08   -8.399e+07   0
26.6   0.3832   0.1356   -0.0744   0   2.312e+08   -8.399e+07   0
26.7   0.3832   0.1587   -0.0828   0   2.312e+08   -8.399e+07   0
26.8   0.3938   0.1819   -0.09123   0   2.324e+08   -8.495e+07   0
26.9   0.4087   0.2052   -0.09979   0   2.339e+08   -8.618e+07   0
27   0.4213   0.2287   -0.1085   0   2.351e+08   -8.713e+07   0
27.1   0.4318   0.2522   -0.1172   0   2.361e+08   -8.786e+07   0
27.2   0.4407   0.2759   -0.126   0   2.369e+08   -8.843e+07   0
27.3   0.448   0.2996   -0.1349   0   2.376e+08   -8.888e+07   0
27.4   0.454   0.3234   -0.1438   0   2.381e+08   -8.923e+07   0
27.5   0.4589   0.3472   -0.1527   0   2.386e+08   -8.949e+07   0
27.6   0.4626   0.3711   -0.1617   0   2.389e+08   -8.97e+07   0
27.7   0.4655   0.395   -0.1707   0   2.391e+08   -8.985e+07   0
27.8   0.4675   0.4189   -0.1797   0   2.393e+08   -8.995e+07   0
27.9   0.4688   0.4429   -0.1887   0   2.394e+08   -9.001e+07   0
28   0.4693   0.4668   -0.1977   0   2.395e+08   -9.003e+07   0
28.1   0.4692   0.4908   -0.2067   0   2.395e+08   -9.003e+07   0
28.2   0.4686   0.5147   -0.2157   0   2.394e+08   -9e+07   0
28.3   0.4674   0.5387   -0.2247   0   2.393e+08   -8.995e+07   0
28.4   0.4658   0.5626   -0.2337   0   2.392e+08   -8.987e+07   0
28.5   0.4638   0.5865   -0.2426   0   2.39e+08   -8.978e+07   0
28.6   0.4613   0.6104   -0.2516   0   2.388e+08   -8.967e+07   0
28.7   0.4586   0.6342   -0.2606   0   2.385e+08   -8.954e+07   0
28.8   0.4555   0.6581   -0.2695   0   2.382e+08   -8.94e+07   0
28.9   0.4522   0.6819   -0.2784   0   2.379e+08   -8.925e+07   0
29   0.4499   0.7057   -0.2874   0   2.377e+08   -8.914e+07   0
29.1   0.4499   0.7294   -0.2963   0   2.377e+08   -8.914e+07   0
29.2   0.4499   0.7532   -0.3052   0   2.377e+08   -8.914e+07   0
29.3   0.4499   0.777   -0.3141   0   2.377e+08   -8.914e+07   0
29.4   0.4499   0.8008   -0.323   0   2.377e+08   -8.914e+07   0
29.5   0.4499   0.8245   -0.3319   0   2.377e+08   -8.914e+07   0
29.6   0.4499   0.8483   -0.3408   0   2.377e+08   -8.914e+07   0
29.7   0.4499   0.8721   -0.3498   0   2.377e+08   -8.914e+07   0
29.8   0.4499   0.8958   -0.3587   0   2.377e+08   -8.914e+07   0
29.9   0.4499   0.9196   -0.3676   0   2.377e+08   -8.914e+07   0
30   0.4499   0.9434   -0.3765   0   2.377e+08   -8.914e+07   0
30.1   0.4499   0.9672   -0.3854   0   2.377e+08   -8.914e+07   0
30.2   0.4499   0.9909   -0.3943   0   2.377e+08   -8.914e+07   0
30.3   0.4499   1.015   -0.4032   0   2.377e+08   -8.914e+07   0
30.4   0.4499   1.038   -0.4122   0   2.377e+08   -8.914e+07   0
30.5   0.4499   1.062   -0.4211   0   2.377e+08   -8.914e+07   0
30.6   0.4515   1.085   -0.4315   0   2.073e+08   -1.468e+08   0
30.7   0.4547   1.102   -0.4508   0   1.109e+08   -2.289e+08   0
30.8   0.4578   1.106   -0.4755   0   -1.286e+07   -2.544e+08   0
30.9   0.461   1.099   -0.4995   0   -1.334e+08   -2.173e+08   0
31   0.4641   1.081   -0.5171   0   -2.214e+08   -1.272e+08   0
31.1   0.4673   1.056   -0.5238   0   -2.556e+08   -6.325e+06   0
31.2   0.4706   1.032   -0.5182   0   -2.281e+08   1.16e+08   0
31.3   0.4707   1.009   -0.506   0   -2.252e+08   1.217e+08   0
31.4   0.4707   0.9867   -0.4938   0   -2.252e+08   1.217e+08   0
31.5   0.4707   0.9641   -0.4817   0   -2.252e+08   1.217e+08   0
31.6   0.4707   0.9416   -0.4695   0   -2.252e+08   1.217e+08   0
31.7   0.4707   0.9191   -0.4574   0   -2.252e+08   1.217e+08   0
31.8   0.4707   0.8966   -0.4452   0   -2.252e+08   1.217e+08   0
31.9   0.4707   0.8741   -0.433   0   -2.252e+08   1.217e+08   0
32   0.4707   0.8515   -0.4209   0   -2.252e+08   1.217e+08   0
32.1   0.4707   0.829   -0.4087   0   -2.252e+08   1.217e+08   0
32.2   0.4707   0.8065   -0.3965   0   -2.252e+08   1.217e+08   0
32.3   0.4707   0.784   -0.3844   0   -2.252e+08   1.217e+08   0
32.4   0.4707   0.7614   -0.3722   0   -2.252e+08   1.217e+08   0
32.5   0.4707   0.7389   -0.36   0   -2.252e+08   1.217e+08   0
32.6   0.4707   0.7164   -0.3479   0   -2.252e+08   1.217e+08   0
32.7   0.4707   0.6939   -0.3357   0   -2.252e+08   1.217e+08   0
32.8   0.4706   0.6714   -0.3235   0   -2.252e+08   1.216e+08   0
32.9   0.4699   0.6488   -0.3114   0   -2.251e+08   1.216e+08   0
33   0.4688   0.6263   -0.2992   0   -2.25e+08   1.216e+08   0
33.1   0.4671   0.6038   -0.2871   0   -2.249e+08   1.215e+08   0
33.2   0.465   0.5814   -0.2749   0   -2.247e+08   1.215e+08   0
33.3   0.4623   0.5589   -0.2628   0   -2.244e+08   1.214e+08   0
33.4   0.459   0.5365   -0.2506   0   -2.241e+08   1.213e+08   0
33.5   0.4551   0.5141   -0.2385   0   -2.237e+08   1.212e+08   0
33.6   0.4505   0.4917   -0.2264   0   -2.232e+08   1.211e+08   0
33.7   0.4453   0.4694   -0.2143   0   -2.227e+08   1.209e+08   0
33.8   0.4393   0.4472   -0.2022   0   -2.221e+08   1.207e+08   0
33.9   0.4326   0.425   -0.1901   0   -2.213e+08   1.206e+08   0
34   0.4251   0.4029   -0.1781   0   -2.205e+08   1.204e+08   0
34.1   0.4167   0.3809   -0.1661   0   -2.195e+08   1.201e+08   0
34.2   0.4074   0.359   -0.1541   0   -2.183e+08   1.199e+08   0
34.3   0.3971   0.3373   -0.1421   0   -2.17e+08   1.196e+08   0
34.4   0.3858   0.3156   -0.1301   0   -2.155e+08   1.194e+08   0
34.5   0.3734   0.2942   -0.1182   0   -2.137e+08   1.191e+08   0
34.6   0.3598   0.2729   -0.1063   0   -2.117e+08   1.188e+08   0
34.7   0.3448   0.2519   -0.09445   0   -2.092e+08   1.186e+08   0
34.8   0.3285   0.2311   -0.08261   0   -2.064e+08   1.183e+08   0
34.9   0.3107   0.2106   -0.07079   0   -2.029e+08   1.181e+08   0
35   0.2912   0.1905   -0.05898   0   -1.987e+08   1.18e+08   0
35.1   0.2806   0.1709   -0.04717   0   -1.962e+08   1.181e+08   0
35.2   0.2806   0.1512   -0.03537   0   -1.962e+08   1.181e+08   0
35.3   0.2806   0.1316   -0.02356   0   -1.962e+08   1.181e+08   0
35.4   0.2806   0.112   -0.01176   0   -1.962e+08   1.181e+08   0
35.5   0.2806   0.09238   5.092e-05   0   -1.962e+08   1.181e+08   0
35.6   0.2806   0.07276   0.01186   0   -1.962e+08   1.181e+08   0
35.7   0.2806   0.05314   0.02366   0   -1.962e+08   1.181e+08   0
35.8   0.2806   0.03353   0.03547   0   -1.962e+08   1.181e+08   0
35.9   0.2806   0.01391   0.04728   0   -1.962e+08   1.181e+08   0
36   0.2806   -0.00571   0.05908   0   -1.962e+08   1.181e+08   0
36.1   0.2806   -0.02533   0.07089   0   -1.962e+08   1.181e+08   0
36.2   0.2806   -0.04495   0.0827   0   -1.962e+08   1.181e+08   0
36.3   0.2806   -0.06456   0.0945   0   -1.962e+08   1.181e+08   0
36.4   0.2806   -0.08418   0.1063   0   -1.962e+08   1.181e+08   0
36.5   0.2806   -0.1038   0.1181   0   -1.962e+08   1.181e+08   0
36.6   0.2806   -0.1234   0.1299   0   -1.962e+08   1.181e+08   0
36.7   0.2859   -0.1431   0.1418   0   -1.968e+08   1.192e+08   0
36.8   0.2934   -0.1628   0.1538   0   -1.976e+08   1.207e+08   0
36.9   0.2991   -0.1826   0.1659   0   -1.982e+08   1.217e+08   0
37   0.3032   -0.2024   0.1781   0   -1.987e+08   1.224e+08   0
37.1   0.3061   -0.2223   0.1904   0   -1.991e+08   1.229e+08   0
37.2   0.3079   -0.2422   0.2027   0   -1.993e+08   1.232e+08   0
37.3   0.3087   -0.2622   0.215   0   -1.994e+08   1.233e+08   0
37.4   0.3086   -0.2821   0.2273   0   -1.994e+08   1.233e+08   0
37.5   0.3077   -0.302   0.2396   0   -1.993e+08   1.231e+08   0
37.6   0.3062   -0.3219   0.2519   0   -1.991e+08   1.229e+08   0
37.7   0.3042   -0.3418   0.2642   0   -1.988e+08   1.226e+08   0
37.8   0.3016   -0.3617   0.2765   0   -1.984e+08   1.223e+08   0
37.9   0.2985   -0.3815   0.2887   0   -1.98e+08   1.219e+08   0
38   0.2951   -0.4013   0.3008   0   -1.976e+08   1.214e+08   0
38.1   0.2914   -0.421   0.3129   0   -1.97e+08   1.209e+08   0
38.2   0.2873   -0.4407   0.325   0   -1.964e+08   1.203e+08   0
38.3   0.2831   -0.4603   0.337   0   -1.958e+08   1.197e+08   0
38.4   0.2786   -0.4799   0.3489   0   -1.951e+08   1.191e+08   0
38.5   0.274   -0.4993   0.3608   0   -1.944e+08   1.184e+08   0
38.6   0.2692   -0.5187   0.3726   0   -1.936e+08   1.177e+08   0
38.7   0.2644   -0.538   0.3843   0   -1.928e+08   1.17e+08   0
38.8   0.2594   -0.5573   0.396   0   -1.919e+08   1.162e+08   0
38.9   0.2545   -0.5764   0.4076   0   -1.91e+08   1.155e+08   0
39   0.2495   -0.5955   0.4191   0   -1.901e+08   1.147e+08   0
39.1   0.2446   -0.6144   0.4305   0   -1.892e+08   1.139e+08   0
39.2   0.244   -0.6334   0.4419   0   -1.891e+08   1.138e+08   0
39.3   0.244   -0.6523   0.4533   0   -1.891e+08   1.138e+08   0
39.4   0.244   -0.6712   0.4647   0   -1.891e+08   1.138e+08   0
39.5   0.244   -0.6901   0.4761   0   -1.891e+08   1.138e+08   0
39.6   0.244   -0.709   0.4874   0   -1.891e+08   1.138e+08   0
39.7   0.244   -0.7279   0.4988   0   -1.891e+08   1.138e+08   0
39.8   0.244   -0.7468   0.5102   0   -1.891e+08   1.138e+08   0
39.9   0.244   -0.7657   0.5216   0   -1.891e+08   1.138e+08   0
40   0.244   -0.7846   0.533   0   -1.891e+08   1.138e+08   0
40.1   0.244   -0.8035   0.5444   0   -1.891e+08   1.138e+08   0
40.2   0.244   -0.8224   0.5557   0   -1.891e+08   1.138e+08   0
40.3   0.244   -0.8413   0.5671   0   -1.891e+08   1.138e+08   0
40.4   0.244   -0.8602   0.5785   0   -1.891e+08   1.138e+08   0
40.5   0.244   -0.8791   0.5899   0   -1.891e+08   1.138e+08   0
40.6   0.244   -0.898   0.6013   0   -1.891e+08   1.138e+08   0
40.7   0.244   -0.9169   0.6127   0   -1.891e+08   1.138e+08   0
40.8   0.244   -0.9358   0.624   0   -1.891e+08   1.138e+08   0
40.9   0.244   -0.9547   0.6354   0   -1.891e+08   1.138e+08   0
41   0.244   -0.9737   0.6468   0   -1.891e+08   1.138e+08   0
41.1   0.244   -0.9926   0.6582   0   -1.891e+08   1.138e+08   0
41.2   0.244   -1.011   0.6696   0   -1.891e+08   1.138e+08   0
41.3   0.244   -1.03   0.681   0   -1.891e+08   1.138e+08   0
41.4   0.244   -1.049   0.6923   0   -1.891e+08   1.138e+08   0
41.5   0.244   -1.068   0.7037   0   -1.891e+08   1.138e+08   0
41.6   0.244   -1.087   0.7151   0   -1.891e+08   1.138e+08   0
41.7   0.244   -1.106   0.7265   0   -1.891e+08   1.138e+08   0
41.8   0.244   -1.125   0.7379   0   -1.891e+08   1.138e+08   0
41.9   0.244   -1.144   0.7493   0   -1.891e+08   1.138e+08   0
42   0.244   -1.163   0.7606   0   -1.891e+08   1.138e+08   0
42.1   0.244   -1.182   0.772   0   -1.891e+08   1.138e+08   0
42.2   0.244   -1.201   0.7834   0   -1.891e+08   1.138e+08   0
42.3   0.244   -1.219   0.7948   0   -1.891e+08   1.138e+08   0
42.4   0.244   -1.238   0.8062   0   -1.891e+08   1.138e+08   0
42.5   0.244   -1.257   0.8176   0   -1.891e+08   1.138e+08   0
42.6   0.244   -1.276   0.829   0   -1.891e+08   1.138e+08   0
42.7   0.244   -1.295   0.8403   0   -1.891e+08   1.138e+08   0
42.8   0.244   -1.314   0.8517   0   -1.891e+08   1.138e+08   0
42.9   0.244   -1.333   0.8631   0   -1.891e+08   1.138e+08   0
43   0.244   -1.352   0.8745   0   -1.891e+08   1.138e+08   0
43.1   0.244   -1.371   0.8859   0   -1.891e+08   1.138e+08   0
43.2   0.244   -1.39   0.8973   0   -1.891e+08   1.138e+08   0
43.3   0.244   -1.408   0.9086   0   -1.891e+08   1.138e+08   0
43.4   0.244   -1.427   0.92   0   -1.891e+08   1.138e+08   0
43.5   0.244   -1.446   0.9314   0   -1.891e+08   1.138e+08   0
43.6   0.244   -1.465   0.9428   0   -1.891e+08   1.138e+08   0
43.7   0.244   -1.484   0.9542   0   -1.891e+08   1.138e+08   0
43.8   0.244   -1.503   0.9656   0   -1.891e+08   1.138e+08   0
43.9   0.244   -1.522   0.9769   0   -1.891e+08   1.138e+08   0
44   0.244   -1.541   0.9883   0   -1.891e+08   1.138e+08   0
44.1   0.244   -1.56   0.9997   0   -1.891e+08   1.138e+08   0
44.2   0.244   -1.579   1.011   0   -1.891e+08   1.138e+08   0
44.3   0.244   -1.598   1.022   0   -1.891e+08   1.138e+08   0
44.4   0.244   -1.616   1.034   0   -1.891e+08   1.138e+08   0
44.5   0.244   -1.635   1.045   0   -1.891e+08   1.138e+08   0
44.6   0.244   -1.654   1.057   0   -1.891e+08   1.138e+08   0
44.7   0.244   -1.673   1.068   0   -1.891e+08   1.138e+08   0
44.8   0.244   -1.692   1.079   0   -1.891e+08   1.138e+08   0
44.9   0.244   -1.711   1.091   0   -1.891e+08   1.138e+08   0
45   0.244   -1.73   1.102   0   -1.891e+08   1.138e+08   0
