0   0.04   -0.753   0   0   1.121e+08   0   0
0.1   0.04   -0.753   0   0   1.121e+08   0   0
0.2   0.04   -0.753   0   0   1.121e+08   0   0
0.3   0.04   -0.753   0   0   1.121e+08   0   0
0.4   0.04   -0.753   0   0   1.121e+08   0   0
0.5   0.04   -0.753   0   0   1.121e+08   0   0
0.6   0.04   -0.753   0   0   1.121e+08   0   0
0.7   0.04   -0.753   0   0   1.121e+08   0   0
0.8   0.04   -0.753   0   0   1.121e+08   0   0
0.9   0.04   -0.753   0   0   1.121e+08   0   0
1   0.04   -0.753   0   0   1.121e+08   0   0
1.1   0.04   -0.753   0   0   1.121e+08   0   0
1.2   0.04   -0.753   0   0   1.121e+08   0   0
1.3   0.04   -0.753   0   0   1.121e+08   0   0
1.4   0.04091   -0.7478   0   0   1.133e+08   0   0
1.5   0.04308   -0.7363   0   0   1.159e+08   0   0
1.6   0.04546   -0.7246   0   0   1.187e+08   0   0
1.7   0.04804   -0.7126   0   0   1.216e+08   0   0
1.8   0.05084   -0.7003   0   0   1.246e+08   0   0
1.9   0.05386   -0.6877   0   0   1.278e+08   0   0
2   0.05709   -0.6747   0   0   1.31e+08   0   0
2.1   0.06054   -0.6614   0   0   1.343e+08   0   0
2.2   0.06422   -0.6479   0   0   1.376e+08   0   0
2.3   0.06811   -0.6339   0   0   1.411e+08   0   0
2.4   0.07221   -0.6196   0   0   1.445e+08   0   0
2.5   0.07653   -0.605   0   0   1.479e+08   0   0
2.6   0.08104   -0.59   0   0   1.514e+08   0   0
2.7   0.08575   -0.5747   0   0   1.548e+08   0   0
2.8   0.09065   -0.5591   0   0   1.582e+08   0   0
2.9   0.0957   -0.5431   0   0   1.616e+08   0   0
3   0.1009   -0.5267   0   0   1.649e+08   0   0
3.1   0.1063   -0.5101   0   0   1.682e+08   0   0
3.2   0.1117   -0.4931   0   0   1.713e+08   0   0
3.3   0.1172   -0.4758   0   0   1.744e+08   0   0
3.4   0.1228   -0.4582   0   0   1.774e+08   0   0
3.5   0.1285   -0.4404   0   0   1.802e+08   0   0
3.6   0.1341   -0.4222   0   0   1.83e+08   0   0
3.7   0.1397   -0.4038   0   0   1.856e+08   0   0
3.8   0.1452   -0.3851   0   0   1.881e+08   0   0
3.9   0.1505   -0.3661   0   0   1.904e+08   0   0
4   0.1557   -0.347   0   0   1.925e+08   0   0
4.1   0.1606   -0.3276   0   0   1.945e+08   0   0
4.2   0.1652   -0.3081   0   0   1.963e+08   0   0
4.3   0.1694   -0.2884   0   0   1.979e+08   0   0
4.4   0.173   -0.2685   0   0   1.993e+08   0   0
4.5   0.1761   -0.2485   0   0   2.004e+08   0   0
4.6   0.1785   -0.2284   0   0   2.013e+08   0   0
4.7   0.18   -0.2083   0   0   2.018e+08   0   0
4.8   0.1803   -0.1881   0   0   2.019e+08   0   0
4.9   0.1803   -0.1679   0   0   2.019e+08   0   0
5   0.1803   -0.1477   0   0   2.019e+08   0   0
5.1   0.1803   -0.1275   0   0   2.019e+08   0   0
5.2   0.1803   -0.1073   0   0   2.019e+08   0   0
5.3   0.1803   -0.08714   0   0   2.019e+08   0   0
5.4   0.1803   -0.06694   0   0   2.019e+08   0   0
5.5   0.1803   -0.04675   0   0   2.019e+08   0   0
5.6   0.1803   -0.02656   0   0   2.019e+08   0   0
5.7   0.1803   -0.006367   0   0   2.019e+08   0   0
5.8   0.1803   0.01383   0   0   2.019e+08   0   0
5.9   0.1803   0.03402   0   0   2.019e+08   0   0
6   0.1803   0.05421   0   0   2.019e+08   0   0
6.1   0.1803   0.0744   0   0   2.019e+08   0   0
6.2   0.1803   0.09459   0   0   2.019e+08   0   0
6.3   0.1803   0.1148   0   0   2.019e+08   0   0
6.4   0.1803   0.135   0   0   2.019e+08   0   0
6.5   0.1803   0.1552   0   0   2.019e+08   0   0
6.6   0.1803   0.1754   0   0   2.019e+08   0   0
6.7   0.1869   0.1956   0   0   2.042e+08   0   0
6.8   0.2046   0.2163   0   0   2.099e+08   0   0
6.9   0.2213   0.2376   0   0   2.147e+08   0   0
7   0.237   0.2592   0   0   2.189e+08   0   0
7.1   0.2518   0.2813   0   0   2.226e+08   0   0
7.2   0.2656   0.3037   0   0   2.258e+08   0   0
7.3   0.2786   0.3265   0   0   2.285e+08   0   0
7.4   0.2907   0.3494   0   0   2.31e+08   0   0
7.5   0.3021   0.3727   0   0   2.332e+08   0   0
7.6   0.3126   0.3961   0   0   2.351e+08   0   0
7.7   0.3223   0.4197   0   0   2.368e+08   0   0
7.8   0.3314   0.4434   0   0   2.383e+08   0   0
7.9   0.3397   0.4673   0   0   2.397e+08   0   0
8   0.3473   0.4914   0   0   2.409e+08   0   0
8.1   0.3543   0.5155   0   0   2.419e+08   0   0
8.2   0.3606   0.5397   0   0   2.429e+08   0   0
8.3   0.3663   0.5641   0   0   2.437e+08   0   0
8.4   0.3714   0.5885   0   0   2.444e+08   0   0
8.5   0.376   0.613   0   0   2.45e+08   0   0
8.6   0.38   0.6375   0   0   2.456e+08   0   0
8.7   0.3834   0.6621   0   0   2.46e+08   0   0
8.8   0.3863   0.6867   0   0   2.464e+08   0   0
8.9   0.3888   0.7114   0   0   2.468e+08   0   0
9   0.3908   0.736   0   0   2.47e+08   0   0
9.1   0.3919   0.7608   0   0   2.472e+08   0   0
9.2   0.3919   0.7855   0   0   2.472e+08   0   0
9.3   0.3919   0.8102   0   0   2.472e+08   0   0
9.4   0.3919   0.8349   0   0   2.472e+08   0   0
9.5   0.3919   0.8596   0   0   2.472e+08   0   0
9.6   0.3919   0.8843   0   0   2.472e+08   0   0
9.7   0.3919   0.9091   0   0   2.472e+08   0   0
9.8   0.3919   0.9338   0   0   2.472e+08   0   0
9.9   0.3919   0.9585   0   0   2.472e+08   0   0
10   0.3919   0.9832   0   0   2.472e+08   0   0
10.1   0.3919   1.008   0   0   2.472e+08   0   0
10.2   0.3919   1.033   0   0   2.472e+08   0   0
10.3   0.3919   1.057   0   0   2.472e+08   0   0
10.4   0.3919   1.082   0   0   2.472e+08   0   0
10.5   0.3919   1.107   0   0   2.472e+08   0   0
10.6   0.3927   1.131   -0.003531   0   2.369e+08   -7.083e+07   0
10.7   0.3935   1.153   -0.01403   0   2.06e+08   -1.37e+08   0
10.8   0.3944   1.172   -0.03058   0   1.572e+08   -1.912e+08   0
10.9   0.3952   1.184   -0.05175   0   9.469e+07   -2.288e+08   0
11   0.3961   1.19   -0.0757   0   2.401e+07   -2.465e+08   0
11.1   0.3969   1.189   -0.1004   0   -4.874e+07   -2.43e+08   0
11.2   0.3978   1.181   -0.1236   0   -1.173e+08   -2.184e+08   0
11.3   0.3986   1.166   -0.1434   0   -1.757e+08   -1.75e+08   0
11.4   0.3995   1.146   -0.158   0   -2.19e+08   -1.166e+08   0
11.5   0.4003   1.123   -0.1663   0   -2.435e+08   -4.814e+07   0
11.6   0.4012   1.098   -0.1674   0   -2.471e+08   2.443e+07   0
11.7   0.4014   1.073   -0.1636   0   -2.451e+08   4.033e+07   0
11.8   0.4014   1.049   -0.1596   0   -2.451e+08   4.033e+07   0
11.9   0.4014   1.024   -0.1555   0   -2.451e+08   4.033e+07   0
12   0.4014   0.9999   -0.1515   0   -2.451e+08   4.033e+07   0
12.1   0.4014   0.9754   -0.1475   0   -2.451e+08   4.033e+07   0
12.2   0.4014   0.9509   -0.1434   0   -2.451e+08   4.033e+07   0
12.3   0.4014   0.9264   -0.1394   0   -2.451e+08   4.033e+07   0
12.4   0.4014   0.9018   -0.1354   0   -2.451e+08   4.033e+07   0
12.5   0.4014   0.8773   -0.1313   0   -2.451e+08   4.033e+07   0
12.6   0.4014   0.8528   -0.1273   0   -2.451e+08   4.033e+07   0
12.7   0.4014   0.8283   -0.1233   0   -2.451e+08   4.033e+07   0
12.8   0.4014   0.8038   -0.1192   0   -2.451e+08   4.033e+07   0
12.9   0.4014   0.7793   -0.1152   0   -2.451e+08   4.033e+07   0
13   0.4014   0.7548   -0.1112   0   -2.451e+08   4.033e+07   0
13.1   0.4036   0.7303   -0.1071   0   -2.453e+08   4.036e+07   0
13.2   0.4073   0.7057   -0.1031   0   -2.458e+08   4.041e+07   0
13.3   0.4107   0.6811   -0.09904   0   -2.462e+08   4.045e+07   0
13.4   0.4139   0.6565   -0.09499   0   -2.466e+08   4.049e+07   0
13.5   0.4168   0.6318   -0.09094   0   -2.469e+08   4.052e+07   0
13.6   0.4193   0.6071   -0.08689   0   -2.472e+08   4.055e+07   0
13.7   0.4215   0.5824   -0.08283   0   -2.475e+08   4.058e+07   0
13.8   0.4232   0.5576   -0.07877   0   -2.477e+08   4.059e+07   0
13.9   0.4245   0.5328   -0.07471   0   -2.478e+08   4.061e+07   0
14   0.4253   0.5081   -0.07065   0   -2.479e+08   4.061e+07   0
14.1   0.4255   0.4833   -0.06659   0   -2.479e+08   4.062e+07   0
14.2   0.4251   0.4585   -0.06253   0   -2.479e+08   4.061e+07   0
14.3   0.4239   0.4337   -0.05847   0   -2.477e+08   4.06e+07   0
14.4   0.422   0.4089   -0.05441   0   -2.475e+08   4.059e+07   0
14.5   0.4192   0.3842   -0.05035   0   -2.472e+08   4.057e+07   0
14.6   0.4155   0.3595   -0.04629   0   -2.468e+08   4.055e+07   0
14.7   0.4107   0.3348   -0.04224   0   -2.462e+08   4.052e+07   0
14.8   0.4046   0.3103   -0.03819   0   -2.454e+08   4.049e+07   0
14.9   0.3972   0.2858   -0.03414   0   -2.445e+08   4.047e+07   0
15   0.3883   0.2614   -0.0301   0   -2.434e+08   4.045e+07   0
15.1   0.3775   0.2371   -0.02605   0   -2.419e+08   4.044e+07   0
15.2   0.3647   0.213   -0.02201   0   -2.401e+08   4.046e+07   0
15.3   0.3493   0.1891   -0.01796   0   -2.378e+08   4.053e+07   0
15.4   0.348   0.1654   -0.0139   0   -2.375e+08   4.054e+07   0
15.5   0.348   0.1416   -0.00985   0   -2.375e+08   4.054e+07   0
15.6   0.348   0.1178   -0.005796   0   -2.375e+08   4.054e+07   0
15.7   0.348   0.09409   -0.001742   0   -2.375e+08   4.054e+07   0
15.8   0.348   0.07034   0.002311   0   -2.375e+08   4.054e+07   0
15.9   0.348   0.04659   0.006365   0   -2.375e+08   4.054e+07   0
16   0.348   0.02283   0.01042   0   -2.375e+08   4.054e+07   0
16.1   0.348   -0.0009219   0.01447   0   -2.375e+08   4.054e+07   0
16.2   0.348   -0.02468   0.01853   0   -2.375e+08   4.054e+07   0
16.3   0.348   -0.04843   0.02258   0   -2.375e+08   4.054e+07   0
16.4   0.348   -0.07218   0.02663   0   -2.375e+08   4.054e+07   0
16.5   0.348   -0.09594   0.03069   0   -2.375e+08   4.054e+07   0
16.6   0.348   -0.1197   0.03474   0   -2.375e+08   4.054e+07   0
16.7   0.348   -0.1434   0.0388   0   -2.375e+08   4.054e+07   0
16.8   0.348   -0.1672   0.04285   0   -2.375e+08   4.054e+07   0
16.9   0.3553   -0.191   0.04691   0   -2.386e+08   4.095e+07   0
17   0.375   -0.215   0.05106   0   -2.413e+08   4.197e+07   0
17.1   0.3923   -0.2392   0.0553   0   -2.435e+08   4.277e+07   0
17.2   0.4075   -0.2637   0.05961   0   -2.453e+08   4.34e+07   0
17.3   0.421   -0.2883   0.06397   0   -2.468e+08   4.391e+07   0
17.4   0.4329   -0.313   0.06839   0   -2.481e+08   4.432e+07   0
17.5   0.4433   -0.3379   0.07284   0   -2.492e+08   4.467e+07   0
17.6   0.4525   -0.3629   0.07732   0   -2.502e+08   4.495e+07   0
17.7   0.4605   -0.3879   0.08183   0   -2.509e+08   4.518e+07   0
17.8   0.4675   -0.413   0.08635   0   -2.516e+08   4.538e+07   0
17.9   0.4735   -0.4382   0.0909   0   -2.522e+08   4.554e+07   0
18   0.4786   -0.4635   0.09546   0   -2.526e+08   4.567e+07   0
18.1   0.4828   -0.4888   0.1   0   -2.53e+08   4.577e+07   0
18.2   0.4863   -0.5141   0.1046   0   -2.533e+08   4.586e+07   0
18.3   0.4891   -0.5394   0.1092   0   -2.536e+08   4.592e+07   0
18.4   0.4912   -0.5648   0.1138   0   -2.538e+08   4.597e+07   0
18.5   0.4928   -0.5902   0.1184   0   -2.539e+08   4.601e+07   0
18.6   0.4937   -0.6156   0.123   0   -2.54e+08   4.603e+07   0
18.7   0.4941   -0.641   0.1276   0   -2.54e+08   4.604e+07   0
18.8   0.494   -0.6664   0.1322   0   -2.54e+08   4.603e+07   0
18.9   0.4935   -0.6918   0.1368   0   -2.54e+08   4.602e+07   0
19   0.4926   -0.7172   0.1414   0   -2.539e+08   4.6e+07   0
19.1   0.4915   -0.7425   0.146   0   -2.538e+08   4.598e+07   0
19.2   0.4915   -0.7679   0.1506   0   -2.538e+08   4.598e+07   0
19.3   0.4915   -0.7933   0.1552   0   -2.538e+08   4.598e+07   0
19.4   0.4915   -0.8187   0.1598   0   -2.538e+08   4.598e+07   0
19.5   0.4915   -0.8441   0.1644   0   -2.538e+08   4.598e+07   0
19.6   0.4915   -0.8694   0.169   0   -2.538e+08   4.598e+07   0
19.7   0.4915   -0.8948   0.1736   0   -2.538e+08   4.598e+07   0
19.8   0.4915   -0.9202   0.1782   0   -2.538e+08   4.598e+07   0
19.9   0.4915   -0.9456   0.1828   0   -2.538e+08   4.598e+07   0
20   0.4915   -0.971   0.1874   0   -2.538e+08   4.598e+07   0
20.1   0.4915   -0.9963   0.192   0   -2.538e+08   4.598e+07   0
20.2   0.4915   -1.022   0.1966   0   -2.538e+08   4.598e+07   0
20.3   0.4915   -1.047   0.2012   0   -2.538e+08   4.598e+07   0
20.4   0.4915   -1.072   0.2058   0   -2.538e+08   4.598e+07   0
20.5   0.4915   -1.098   0.2104   0   -2.538e+08   4.598e+07   0
20.6   0.4915   -1.123   0.215   0   -2.538e+08   4.598e+07   0
20.7   0.4929   -1.148   0.2227   0   -2.293e+08   1.183e+08   0
20.8   0.4947   -1.168   0.2383   0   -1.752e+08   1.897e+08   0
20.9   0.4965   -1.182   0.26   0   -1e+08   2.382e+08   0
21   0.4982   -1.188   0.2851   0   -1.29e+07   2.582e+08   0
21.1   0.5   -1.184   0.3106   0   7.573e+07   2.473e+08   0
21.2   0.5018   -1.173   0.3335   0   1.553e+08   2.071e+08   0
21.3   0.5035   -1.154   0.3511   0   2.164e+08   1.423e+08   0
21.4   0.5053   -1.13   0.3613   0   2.519e+08   6.067e+07   0
21.5   0.5071   -1.104   0.3629   0   2.578e+08   -2.802e+07   0
21.6   0.5083   -1.079   0.3563   0   2.455e+08   -8.368e+07   0
21.7   0.5083   -1.055   0.3479   0   2.455e+08   -8.368e+07   0
21.8   0.5083   -1.03   0.3396   0   2.455e+08   -8.368e+07   0
21.9   0.5083   -1.006   0.3312   0   2.455e+08   -8.368e+07   0
22   0.5083   -0.9813   0.3228   0   2.455e+08   -8.368e+07   0
22.1   0.5083   -0.9567   0.3145   0   2.455e+08   -8.368e+07   0
22.2   0.5083   -0.9322   0.3061   0   2.455e+08   -8.368e+07   0
22.3   0.5083   -0.9076   0.2977   0   2.455e+08   -8.368e+07   0
22.4   0.5083   -0.8831   0.2894   0   2.455e+08   -8.368e+07   0
22.5   0.5083   -0.8585   0.281   0   2.455e+08   -8.368e+07   0
22.6   0.5083   -0.834   0.2726   0   2.455e+08   -8.368e+07   0
22.7   0.5083   -0.8094   0.2642   0   2.455e+08   -8.368e+07   0
22.8   0.5083   -0.7849   0.2559   0   2.455e+08   -8.368e+07   0
22.9   0.5083   -0.7603   0.2475   0   2.455e+08   -8.368e+07   0
23   0.5083   -0.7358   0.2391   0   2.455e+08   -8.368e+07   0
23.1   0.5085   -0.7112   0.2308   0   2.455e+08   -8.369e+07   0
23.2   0.5095   -0.6866   0.2224   0   2.456e+08   -8.371e+07   0
23.3   0.5101   -0.6621   0.214   0   2.457e+08   -8.373e+07   0
23.4   0.5103   -0.6375   0.2057   0   2.457e+08   -8.373e+07   0
23.5   0.51   -0.6129   0.1973   0   2.457e+08   -8.372e+07   0
23.6   0.5091   -0.5884   0.1889   0   2.456e+08   -8.371e+07   0
23.7   0.5078   -0.5638   0.1805   0   2.455e+08   -8.368e+07   0
23.8   0.5058   -0.5393   0.1722   0   2.453e+08   -8.363e+07   0
23.9   0.5032   -0.5148   0.1638   0   2.451e+08   -8.358e+07   0
24   0.4999   -0.4903   0.1555   0   2.448e+08   -8.351e+07   0
24.1   0.4958   -0.4658   0.1471   0   2.445e+08   -8.342e+07   0
24.2   0.491   -0.4414   0.1388   0   2.44e+08   -8.332e+07   0
24.3   0.4853   -0.417   0.1305   0   2.435e+08   -8.32e+07   0
24.4   0.4787   -0.3927   0.1221   0   2.429e+08   -8.306e+07   0
24.5   0.471   -0.3684   0.1138   0   2.422e+08   -8.289e+07   0
24.6   0.4622   -0.3442   0.1056   0   2.414e+08   -8.271e+07   0
24.7   0.4522   -0.3201   0.09731   0   2.404e+08   -8.25e+07   0
24.8   0.4409   -0.2962   0.08907   0   2.392e+08   -8.226e+07   0
24.9   0.4281   -0.2723   0.08086   0   2.378e+08   -8.198e+07   0
25   0.4136   -0.2486   0.07267   0   2.361e+08   -8.168e+07   0
25.1   0.3971   -0.2251   0.06452   0   2.341e+08   -8.134e+07   0
25.2   0.3785   -0.2018   0.05641   0   2.316e+08   -8.096e+07   0
25.3   0.36   -0.1788   0.04833   0   2.29e+08   -8.059e+07   0
25.4   0.36   -0.1559   0.04027   0   2.29e+08   -8.059e+07   0
25.5   0.36   -0.133   0.03221   0   2.29e+08   -8.059e+07   0
25.6   0.36   -0.1101   0.02415   0   2.29e+08   -8.059e+07   0
25.7   0.36   -0.08719   0.01609   0   2.29e+08   -8.059e+07   0
25.8   0.36   -0.06429   0.008035   0   2.29e+08   -8.059e+07   0
25.9   0.36   -0.04139   -2.437e-05   0   2.29e+08   -8.059e+07   0
26   0.36   -0.01849   -0.008084   0   2.29e+08   -8.059e+07   0
26.1   0.36   0.004412   -0.01614   0   2.29e+08   -8.059e+07   0
26.2   0.36   0.02731   -0.0242   0   2.29e+08   -8.059e+07   0
26.3   0.36   0.05021   -0.03226   0   2.29e+08   -8.059e+07   0
26.4   0.36   0.07311   -0.04032   0   2.29e+08   -8.059e+07   0
26.5   0.36   0.09602   -0.04838   0   2.29e+08   -8.059e+07   0
26.6   0.36   0.1189   -0.05644   0   2.29e+08   -8.059e+07   0
26.7   0.36   0.1418   -0.0645   0   2.29e+08   -8.059e+07   0
26.8   0.36   0.1647   -0.07256   0   2.29e+08   -8.059e+07   0
26.9   0.3703   0.1877   -0.08064   0   2.303e+08   -8.137e+07   0
27   0.384   0.2108   -0.08883   0   2.32e+08   -8.233e+07   0
27.1   0.3955   0.234   -0.0971   0   2.333e+08   -8.307e+07   0
27.2   0.405   0.2574   -0.1054   0   2.343e+08   -8.364e+07   0
27.3   0.4129   0.2809   -0.1138   0   2.352e+08   -8.409e+07   0
27.4   0.4193   0.3045   -0.1223   0   2.359e+08   -8.443e+07   0
27.5   0.4244   0.3281   -0.1307   0   2.364e+08   -8.47e+07   0
27.6   0.4284   0.3517   -0.1392   0   2.368e+08   -8.49e+07   0
27.7   0.4315   0.3754   -0.1477   0   2.371e+08   -8.505e+07   0
27.8   0.4336   0.3992   -0.1562   0   2.373e+08   -8.515e+07   0
27.9   0.4349   0.4229   -0.1647   0   2.375e+08   -8.521e+07   0
28   0.4354   0.4466   -0.1732   0   2.375e+08   -8.524e+07   0
28.1   0.4354   0.4704   -0.1818   0   2.375e+08   -8.524e+07   0
28.2   0.4347   0.4941   -0.1903   0   2.374e+08   -8.521e+07   0
28.3   0.4335   0.5179   -0.1988   0   2.373e+08   -8.515e+07   0
28.4   0.4318   0.5416   -0.2073   0   2.371e+08   -8.508e+07   0
28.5   0.4297   0.5653   -0.2158   0   2.369e+08   -8.498e+07   0
28.6   0.4272   0.589   -0.2243   0   2.367e+08   -8.487e+07   0
28.7   0.4243   0.6126   -0.2328   0   2.364e+08   -8.474e+07   0
28.8   0.4212   0.6363   -0.2413   0   2.36e+08   -8.46e+07   0
28.9   0.4178   0.6598   -0.2497   0   2.357e+08   -8.444e+07   0
29   0.4141   0.6834   -0.2582   0   2.353e+08   -8.427e+07   0
29.1   0.4107   0.7069   -0.2666   0   2.349e+08   -8.411e+07   0
29.2   0.4107   0.7304   -0.275   0   2.349e+08   -8.411e+07   0
29.3   0.4107   0.7539   -0.2834   0   2.349e+08   -8.411e+07   0
29.4   0.4107   0.7774   -0.2918   0   2.349e+08   -8.411e+07   0
29.5   0.4107   0.8008   -0.3002   0   2.349e+08   -8.411e+07   0
29.6   0.4107   0.8243   -0.3086   0   2.349e+08   -8.411e+07   0
29.7   0.4107   0.8478   -0.317   0   2.349e+08   -8.411e+07   0
29.8   0.4107   0.8713   -0.3254   0   2.349e+08   -8.411e+07   0
29.9   0.4107   0.8948   -0.3339   0   2.349e+08   -8.411e+07   0
30   0.4107   0.9183   -0.3423   0   2.349e+08   -8.411e+07   0
30.1   0.4107   0.9418   -0.3507   0   2.349e+08   -8.411e+07   0
30.2   0.4107   0.9653   -0.3591   0   2.349e+08   -8.411e+07   0
30.3   0.4107   0.9888   -0.3675   0   2.349e+08   -8.411e+07   0
30.4   0.4107   1.012   -0.3759   0   2.349e+08   -8.411e+07   0
30.5   0.4107   1.036   -0.3843   0   2.349e+08   -8.411e+07   0
30.6   0.4107   1.059   -0.3927   0   2.349e+08   -8.411e+07   0
30.7   0.4107   1.083   -0.4011   0   2.349e+08   -8.411e+07   0
30.8   0.4133   1.104   -0.4143   0   1.7e+08   -1.831e+08   0
30.9   0.4162   1.115   -0.4362   0   5.562e+07   -2.439e+08   0
31   0.4192   1.114   -0.461   0   -7.364e+07   -2.394e+08   0
31.1   0.4221   1.101   -0.4819   0   -1.833e+08   -1.712e+08   0
31.2   0.425   1.079   -0.4936   0   -2.444e+08   -5.779e+07   0
31.3   0.428   1.054   -0.4929   0   -2.413e+08   7.084e+07   0
31.4   0.4293   1.032   -0.4817   0   -2.199e+08   1.223e+08   0
31.5   0.4293   1.01   -0.4695   0   -2.199e+08   1.223e+08   0
31.6   0.4293   0.9877   -0.4572   0   -2.199e+08   1.223e+08   0
31.7   0.4293   0.9657   -0.445   0   -2.199e+08   1.223e+08   0
31.8   0.4293   0.9437   -0.4328   0   -2.199e+08   1.223e+08   0
31.9   0.4293   0.9217   -0.4205   0   -2.199e+08   1.223e+08   0
32   0.4293   0.8997   -0.4083   0   -2.199e+08   1.223e+08   0
32.1   0.4293   0.8777   -0.3961   0   -2.199e+08   1.223e+08   0
32.2   0.4293   0.8557   -0.3838   0   -2.199e+08   1.223e+08   0
32.3   0.4293   0.8337   -0.3716   0   -2.199e+08   1.223e+08   0
32.4   0.4293   0.8117   -0.3594   0   -2.199e+08   1.223e+08   0
32.5   0.4293   0.7897   -0.3471   0   -2.199e+08   1.223e+08   0
32.6   0.4293   0.7677   -0.3349   0   -2.199e+08   1.223e+08   0
32.7   0.4293   0.7457   -0.3227   0   -2.199e+08   1.223e+08   0
32.8   0.4293   0.7238   -0.3104   0   -2.199e+08   1.223e+08   0
32.9   0.4293   0.7018   -0.2982   0   -2.199e+08   1.223e+08   0
33   0.4286   0.6798   -0.286   0   -2.198e+08   1.223e+08   0
33.1   0.4271   0.6578   -0.2737   0   -2.197e+08   1.223e+08   0
33.2   0.4251   0.6358   -0.2615   0   -2.194e+08   1.223e+08   0
33.3   0.4226   0.6139   -0.2493   0   -2.191e+08   1.222e+08   0
33.4   0.4197   0.592   -0.2371   0   -2.187e+08   1.222e+08   0
33.5   0.4161   0.5702   -0.2248   0   -2.183e+08   1.221e+08   0
33.6   0.412   0.5484   -0.2126   0   -2.178e+08   1.221e+08   0
33.7   0.4073   0.5266   -0.2004   0   -2.171e+08   1.22e+08   0
33.8   0.402   0.5049   -0.1882   0   -2.164e+08   1.22e+08   0
33.9   0.3961   0.4833   -0.176   0   -2.156e+08   1.22e+08   0
34   0.3895   0.4618   -0.1638   0   -2.146e+08   1.22e+08   0
34.1   0.3822   0.4404   -0.1516   0   -2.135e+08   1.22e+08   0
34.2   0.3742   0.4191   -0.1394   0   -2.122e+08   1.22e+08   0
34.3   0.3655   0.398   -0.1272   0   -2.108e+08   1.22e+08   0
34.4   0.356   0.377   -0.115   0   -2.091e+08   1.221e+08   0
34.5   0.3457   0.3562   -0.1028   0   -2.072e+08   1.223e+08   0
34.6   0.3346   0.3355   -0.09057   0   -2.051e+08   1.225e+08   0
34.7   0.3227   0.3152   -0.0783   0   -2.025e+08   1.228e+08   0
34.8   0.31   0.2951   -0.066   0   -1.996e+08   1.233e+08   0
34.9   0.2965   0.2753   -0.05363   0   -1.963e+08   1.24e+08   0
35   0.2822   0.2558   -0.04119   0   -1.923e+08   1.249e+08   0
35.1   0.2673   0.2368   -0.02865   0   -1.877e+08   1.261e+08   0
35.2   0.2519   0.2183   -0.01596   0   -1.823e+08   1.278e+08   0
35.3   0.2361   0.2004   -0.003076   0   -1.759e+08   1.3e+08   0
35.4   0.225   0.1831   0.01005   0   -1.707e+08   1.32e+08   0
35.5   0.225   0.1661   0.02325   0   -1.707e+08   1.32e+08   0
35.6   0.225   0.149   0.03645   0   -1.707e+08   1.32e+08   0
35.7   0.225   0.1319   0.04965   0   -1.707e+08   1.32e+08   0
35.8   0.225   0.1149   0.06285   0   -1.707e+08   1.32e+08   0
35.9   0.225   0.09781   0.07605   0   -1.707e+08   1.32e+08   0
36   0.225   0.08074   0.08925   0   -1.707e+08   1.32e+08   0
36.1   0.225   0.06367   0.1025   0   -1.707e+08   1.32e+08   0
36.2   0.225   0.0466   0.1157   0   -1.707e+08   1.32e+08   0
36.3   0.225   0.02954   0.1289   0   -1.707e+08   1.32e+08   0
36.4   0.225   0.01247   0.1421   0   -1.707e+08   1.32e+08   0
36.5   0.225   -0.004599   0.1553   0   -1.707e+08   1.32e+08   0
36.6   0.225   -0.02167   0.1685   0   -1.707e+08   1.32e+08   0
36.7   0.225   -0.03873   0.1817   0   -1.707e+08   1.32e+08   0
36.8   0.2301   -0.05579   0.195   0   -1.704e+08   1.346e+08   0
36.9   0.2351   -0.07282   0.2086   0   -1.703e+08   1.369e+08   0
37   0.239   -0.08984   0.2223   0   -1.702e+08   1.385e+08   0
37.1   0.2417   -0.1069   0.2362   0   -1.703e+08   1.395e+08   0
37.2   0.2435   -0.1239   0.2502   0   -1.703e+08   1.401e+08   0
37.3   0.2442   -0.1409   0.2642   0   -1.704e+08   1.404e+08   0
37.4   0.2441   -0.158   0.2783   0   -1.704e+08   1.403e+08   0
37.5   0.2433   -0.175   0.2923   0   -1.703e+08   1.401e+08   0
37.6   0.2418   -0.192   0.3063   0   -1.702e+08   1.396e+08   0
37.7   0.2397   -0.209   0.3202   0   -1.7e+08   1.39e+08   0
37.8   0.237   -0.226   0.3341   0   -1.698e+08   1.382e+08   0
37.9   0.2339   -0.243   0.3479   0   -1.695e+08   1.373e+08   0
38   0.2304   -0.2599   0.3615   0   -1.691e+08   1.363e+08   0
38.1   0.2266   -0.2768   0.3751   0   -1.687e+08   1.352e+08   0
38.2   0.2225   -0.2937   0.3886   0   -1.682e+08   1.341e+08   0
38.3   0.2181   -0.3104   0.4019   0   -1.676e+08   1.328e+08   0
38.4   0.2136   -0.3272   0.4151   0   -1.67e+08   1.315e+08   0
38.5   0.2088   -0.3438   0.4282   0   -1.663e+08   1.301e+08   0
38.6   0.204   -0.3604   0.4412   0   -1.656e+08   1.287e+08   0
38.7   0.1991   -0.377   0.454   0   -1.648e+08   1.272e+08   0
38.8   0.1941   -0.3934   0.4666   0   -1.639e+08   1.257e+08   0
38.9   0.1891   -0.4097   0.4791   0   -1.63e+08   1.242e+08   0
39   0.1842   -0.426   0.4914   0   -1.621e+08   1.226e+08   0
39.1   0.1792   -0.4421   0.5036   0   -1.611e+08   1.211e+08   0
39.2   0.1743   -0.4582   0.5157   0   -1.601e+08   1.195e+08   0
39.3   0.1695   -0.4742   0.5275   0   -1.59e+08   1.179e+08   0
39.4   0.1647   -0.49   0.5392   0   -1.58e+08   1.163e+08   0
39.5   0.1601   -0.5058   0.5508   0   -1.569e+08   1.147e+08   0
39.6   0.1588   -0.5214   0.5622   0   -1.566e+08   1.142e+08   0
39.7   0.1588   -0.5371   0.5736   0   -1.566e+08   1.142e+08   0
39.8   0.1588   -0.5527   0.5851   0   -1.566e+08   1.142e+08   0
39.9   0.1588   -0.5684   0.5965   0   -1.566e+08   1.142e+08   0
40   0.1588   -0.584   0.6079   0   -1.566e+08   1.142e+08   0
40.1   0.1588   -0.5997   0.6193   0   -1.566e+08   1.142e+08   0
40.2   0.1588   -0.6154   0.6307   0   -1.566e+08   1.142e+08   0
40.3   0.1588   -0.631   0.6422   0   -1.566e+08   1.142e+08   0
40.4   0.1588   -0.6467   0.6536   0   -1.566e+08   1.142e+08   0
40.5   0.1588   -0.6623   0.665   0   -1.566e+08   1.142e+08   0
40.6   0.1588   -0.678   0.6764   0   -1.566e+08   1.142e+08   0
40.7   0.1588   -0.6936   0.6879   0   -1.566e+08   1.142e+08   0
40.8   0.1588   -0.7093   0.6993   0   -1.566e+08   1.142e+08   0
40.9   0.1588   -0.725   0.7107   0   -1.566e+08   1.142e+08   0
41   0.1588   -0.7406   0.7221   0   -1.566e+08   1.142e+08   0
41.1   0.1588   -0.7563   0.7336   0   -1.566e+08   1.142e+08   0
41.2   0.1588   -0.7719   0.745   0   -1.566e+08   1.142e+08   0
41.3   0.1588   -0.7876   0.7564   0   -1.566e+08   1.142e+08   0
41.4   0.1588   -0.8032   0.7678   0   -1.566e+08   1.142e+08   0
41.5   0.1588   -0.8189   0.7793   0   -1.566e+08   1.142e+08   0
41.6   0.1588   -0.8345   0.7907   0   -1.566e+08   1.142e+08   0
41.7   0.1588   -0.8502   0.8021   0   -1.566e+08   1.142e+08   0
41.8   0.1588   -0.8659   0.8135   0   -1.566e+08   1.142e+08   0
41.9   0.1588   -0.8815   0.825   0   -1.566e+08   1.142e+08   0
42   0.1588   -0.8972   0.8364   0   -1.566e+08   1.142e+08   0
42.1   0.1588   -0.9128   0.8478   0   -1.566e+08   1.142e+08   0
42.2   0.1588   -0.9285   0.8592   0   -1.566e+08   1.142e+08   0
42.3   0.1588   -0.9441   0.8707   0   -1.566e+08   1.142e+08   0
42.4   0.1588   -0.9598   0.8821   0   -1.566e+08   1.142e+08   0
42.5   0.1588   -0.9755   0.8935   0   -1.566e+08   1.142e+08   0
42.6   0.1588   -0.9911   0.9049   0   -1.566e+08   1.142e+08   0
42.7   0.1588   -1.007   0.9164   0   -1.566e+08   1.142e+08   0
42.8   0.1588   -1.022   0.9278   0   -1.566e+08   1.142e+08   0
42.9   0.1588   -1.038   0.9392   0   -1.566e+08   1.142e+08   0
43   0.1588   -1.054   0.9506   0   -1.566e+08   1.142e+08   0
43.1   0.1588   -1.069   0.962   0   -1.566e+08   1.142e+08   0
43.2   0.1588   -1.085   0.9735   0   -1.566e+08   1.142e+08   0
43.3   0.1588   -1.101   0.9849   0   -1.566e+08   1.142e+08   0
43.4   0.1588   -1.116   0.9963   0   -1.566e+08   1.142e+08   0
43.5   0.1588   -1.132   1.008   0   -1.566e+08   1.142e+08   0
43.6   0.1588   -1.148   1.019   0   -1.566e+08   1.142e+08   0
43.7   0.1588   -1.163   1.031   0   -1.566e+08   1.142e+08   0
43.8   0.1588   -1.179   1.042   0   -1.566e+08   1.142e+08   0
43.9   0.1588   -1.195   1.053   0   -1.566e+08   1.142e+08   0
44   0.1588   -1.21   1.065   0   -1.566e+08   1.142e+08   0
44.1   0.1588   -1.226   1.076   0   -1.566e+08   1.142e+08   0
44.2   0.1588   -1.242   1.088   0   -1.566e+08   1.142e+08   0
44.3   0.1588   -1.257   1.099   0   -1.566e+08   1.142e+08   0
44.4   0.1588   -1.273   1.111   0   -1.566e+08   1.142e+08   0
44.5   0.1588   -1.289   1.122   0   -1.566e+08   1.142e+08   0
44.6   0.1588   -1.304   1.133   0   -1.566e+08   1.142e+08   0
44.7   0.1588   -1.32   1.145   0   -1.566e+08   1.142e+08   0
44.8   0.1588   -1.336   1.156   0   -1.566e+08   1.142e+08   0
44.9   0.1588   -1.351   1.168   0   -1.566e+08   1.142e+08   0
45   0.1588   -1.367   1.179   0   -1.566e+08   1.142e+08   0
