0   0.04   -0.753   0   0   1.121e+08   0   0
0.1   0.04   -0.753   0   0   1.121e+08   0   0
0.2   0.04   -0.753   0   0   1.121e+08   0   0
0.3   0.04   -0.753   0   0   1.121e+08   0   0
0.4   0.04   -0.753   0   0   1.121e+08   0   0
0.5   0.04   -0.753   0   0   1.121e+08   0   0
0.6   0.04   -0.753   0   0   1.121e+08   0   0
0.7   0.04   -0.753   0   0   1.121e+08   0   0
0.8   0.04   -0.753   0   0   1.121e+08   0   0
0.9   0.04   -0.753   0   0   1.121e+08   0   0
1   0.04   -0.753   0   0   1.121e+08   0   0
1.1   0.04   -0.753   0   0   1.121e+08   0   0
1.2   0.04   -0.753   0   0   1.121e+08   0   0
1.3   0.04   -0.753   0   0   1.121e+08   0   0
1.4   0.04051   -0.75   0   0   1.128e+08   0   0
1.5   0.04266   -0.7386   0   0   1.154e+08   0   0
1.6   0.04502   -0.727   0   0   1.182e+08   0   0
1.7   0.04759   -0.715   0   0   1.211e+08   0   0
1.8   0.05036   -0.7027   0   0   1.241e+08   0   0
1.9   0.05336   -0.6902   0   0   1.272e+08   0   0
2   0.05656   -0.6773   0   0   1.305e+08   0   0
2.1   0.05999   -0.6641   0   0   1.338e+08   0   0
2.2   0.06364   -0.6505   0   0   1.371e+08   0   0
2.3   0.0675   -0.6366   0   0   1.405e+08   0   0
2.4   0.07157   -0.6224   0   0   1.44e+08   0   0
2.5   0.07585   -0.6078   0   0   1.474e+08   0   0
2.6   0.08033   -0.5929   0   0   1.509e+08   0   0
2.7   0.085   -0.5777   0   0   1.543e+08   0   0
2.8   0.08984   -0.5621   0   0   1.577e+08   0   0
2.9   0.09486   -0.5461   0   0   1.611e+08   0   0
3   0.1   -0.5298   0   0   1.644e+08   0   0
3.1   0.1053   -0.5132   0   0   1.676e+08   0   0
3.2   0.1107   -0.4963   0   0   1.708e+08   0   0
3.3   0.1162   -0.4791   0   0   1.738e+08   0   0
3.4   0.1217   -0.4616   0   0   1.768e+08   0   0
3.5   0.1273   -0.4437   0   0   1.797e+08   0   0
3.6   0.1329   -0.4256   0   0   1.824e+08   0   0
3.7   0.1384   -0.4073   0   0   1.85e+08   0   0
3.8   0.1438   -0.3886   0   0   1.875e+08   0   0
3.9   0.1491   -0.3698   0   0   1.898e+08   0   0
4   0.1542   -0.3507   0   0   1.919e+08   0   0
4.1   0.159   -0.3314   0   0   1.939e+08   0   0
4.2   0.1635   -0.3119   0   0   1.957e+08   0   0
4.3   0.1677   -0.2923   0   0   1.973e+08   0   0
4.4   0.1713   -0.2725   0   0   1.986e+08   0   0
4.5   0.1743   -0.2525   0   0   1.998e+08   0   0
4.6   0.1766   -0.2325   0   0   2.006e+08   0   0
4.7   0.1781   -0.2124   0   0   2.011e+08   0   0
4.8   0.1784   -0.1923   0   0   2.012e+08   0   0
4.9   0.1783   -0.1722   0   0   2.012e+08   0   0
5   0.1783   -0.1521   0   0   2.012e+08   0   0
5.1   0.1783   -0.1319   0   0   2.012e+08   0   0
5.2   0.1783   -0.1118   0   0   2.012e+08   0   0
5.3   0.1783   -0.09169   0   0   2.012e+08   0   0
5.4   0.1783   -0.07157   0   0   2.012e+08   0   0
5.5   0.1783   -0.05145   0   0   2.012e+08   0   0
5.6   0.1783   -0.03133   0   0   2.012e+08   0   0
5.7   0.1783   -0.01121   0   0   2.012e+08   0   0
5.8   0.1783   0.008916   0   0   2.012e+08   0   0
5.9   0.1783   0.02904   0   0   2.012e+08   0   0
6   0.1783   0.04916   0   0   2.012e+08   0   0
6.1   0.1783   0.06928   0   0   2.012e+08   0   0
6.2   0.1783   0.0894   0   0   2.012e+08   0   0
6.3   0.1783   0.1095   0   0   2.012e+08   0   0
6.4   0.1783   0.1296   0   0   2.012e+08   0   0
6.5   0.1783   0.1498   0   0   2.012e+08   0   0
6.6   0.1783   0.1699   0   0   2.012e+08   0   0
6.7   0.1798   0.19   0   0   2.017e+08   0   0
6.8   0.1978   0.2105   0   0   2.078e+08   0   0
6.9   0.2148   0.2315   0   0   2.129e+08   0   0
7   0.2307   0.2531   0   0   2.173e+08   0   0
7.1   0.2458   0.275   0   0   2.211e+08   0   0
7.2   0.2598   0.2973   0   0   2.245e+08   0   0
7.3   0.273   0.3199   0   0   2.274e+08   0   0
7.4   0.2853   0.3427   0   0   2.299e+08   0   0
7.5   0.2968   0.3658   0   0   2.322e+08   0   0
7.6   0.3075   0.3892   0   0   2.342e+08   0   0
7.7   0.3174   0.4127   0   0   2.36e+08   0   0
7.8   0.3265   0.4364   0   0   2.375e+08   0   0
7.9   0.335   0.4602   0   0   2.389e+08   0   0
8   0.3427   0.4841   0   0   2.402e+08   0   0
8.1   0.3497   0.5082   0   0   2.412e+08   0   0
8.2   0.3561   0.5324   0   0   2.422e+08   0   0
8.3   0.3619   0.5566   0   0   2.431e+08   0   0
8.4   0.3671   0.581   0   0   2.438e+08   0   0
8.5   0.3716   0.6054   0   0   2.444e+08   0   0
8.6   0.3757   0.6299   0   0   2.45e+08   0   0
8.7   0.3791   0.6544   0   0   2.455e+08   0   0
8.8   0.3821   0.679   0   0   2.459e+08   0   0
8.9   0.3846   0.7036   0   0   2.462e+08   0   0
9   0.3866   0.7282   0   0   2.465e+08   0   0
9.1   0.3881   0.7529   0   0   2.467e+08   0   0
9.2   0.3881   0.7775   0   0   2.467e+08   0   0
9.3   0.3881   0.8022   0   0   2.467e+08   0   0
9.4   0.3881   0.8269   0   0   2.467e+08   0   0
9.5   0.3881   0.8515   0   0   2.467e+08   0   0
9.6   0.3881   0.8762   0   0   2.467e+08   0   0
9.7   0.3881   0.9009   0   0   2.467e+08   0   0
9.8   0.3881   0.9255   0   0   2.467e+08   0   0
9.9   0.3881   0.9502   0   0   2.467e+08   0   0
10   0.3881   0.9749   0   0   2.467e+08   0   0
10.1   0.3881   0.9995   0   0   2.467e+08   0   0
10.2   0.3881   1.024   0   0   2.467e+08   0   0
10.3   0.3881   1.049   0   0   2.467e+08   0   0
10.4   0.3881   1.074   0   0   2.467e+08   0   0
10.5   0.3881   1.098   0   0   2.467e+08   0   0
10.6   0.3886   1.123   -0.001477   0   2.424e+08   -4.601e+07   0
10.7   0.3895   1.146   -0.009627   0   2.184e+08   -1.151e+08   0
10.8   0.3903   1.166   -0.02422   0   1.752e+08   -1.741e+08   0
10.9   0.3912   1.18   -0.04399   0   1.166e+08   -2.178e+08   0
11   0.392   1.189   -0.06719   0   4.783e+07   -2.425e+08   0
11.1   0.3928   1.19   -0.09179   0   -2.51e+07   -2.46e+08   0
11.2   0.3937   1.184   -0.1157   0   -9.584e+07   -2.281e+08   0
11.3   0.3945   1.171   -0.1367   0   -1.582e+08   -1.903e+08   0
11.4   0.3954   1.152   -0.1531   0   -2.069e+08   -1.36e+08   0
11.5   0.3962   1.13   -0.1635   0   -2.376e+08   -6.993e+07   0
11.6   0.3971   1.106   -0.1668   0   -2.478e+08   2.196e+06   0
11.7   0.3975   1.081   -0.1638   0   -2.445e+08   4.074e+07   0
11.8   0.3975   1.057   -0.1597   0   -2.445e+08   4.074e+07   0
11.9   0.3975   1.032   -0.1556   0   -2.445e+08   4.074e+07   0
12   0.3975   1.008   -0.1515   0   -2.445e+08   4.074e+07   0
12.1   0.3975   0.9832   -0.1475   0   -2.445e+08   4.074e+07   0
12.2   0.3975   0.9587   -0.1434   0   -2.445e+08   4.074e+07   0
12.3   0.3975   0.9343   -0.1393   0   -2.445e+08   4.074e+07   0
12.4   0.3975   0.9098   -0.1352   0   -2.445e+08   4.074e+07   0
12.5   0.3975   0.8854   -0.1312   0   -2.445e+08   4.074e+07   0
12.6   0.3975   0.8609   -0.1271   0   -2.445e+08   4.074e+07   0
12.7   0.3975   0.8365   -0.123   0   -2.445e+08   4.074e+07   0
12.8   0.3975   0.812   -0.1189   0   -2.445e+08   4.074e+07   0
12.9   0.3975   0.7876   -0.1149   0   -2.445e+08   4.074e+07   0
13   0.3975   0.7631   -0.1108   0   -2.445e+08   4.074e+07   0
13.1   0.3985   0.7387   -0.1067   0   -2.446e+08   4.076e+07   0
13.2   0.4021   0.7142   -0.1026   0   -2.451e+08   4.08e+07   0
13.3   0.4055   0.6897   -0.09856   0   -2.455e+08   4.084e+07   0
13.4   0.4086   0.6651   -0.09448   0   -2.459e+08   4.087e+07   0
13.5   0.4114   0.6405   -0.09039   0   -2.462e+08   4.09e+07   0
13.6   0.4139   0.6159   -0.0863   0   -2.465e+08   4.093e+07   0
13.7   0.4161   0.5912   -0.0822   0   -2.468e+08   4.095e+07   0
13.8   0.4178   0.5665   -0.07811   0   -2.47e+08   4.096e+07   0
13.9   0.4191   0.5418   -0.07401   0   -2.471e+08   4.097e+07   0
14   0.4198   0.5171   -0.06991   0   -2.472e+08   4.098e+07   0
14.1   0.42   0.4924   -0.06581   0   -2.472e+08   4.098e+07   0
14.2   0.4196   0.4676   -0.06172   0   -2.472e+08   4.098e+07   0
14.3   0.4185   0.4429   -0.05762   0   -2.47e+08   4.097e+07   0
14.4   0.4166   0.4182   -0.05352   0   -2.468e+08   4.096e+07   0
14.5   0.4139   0.3936   -0.04943   0   -2.465e+08   4.095e+07   0
14.6   0.4103   0.3689   -0.04533   0   -2.461e+08   4.094e+07   0
14.7   0.4056   0.3444   -0.04124   0   -2.455e+08   4.092e+07   0
14.8   0.3997   0.3198   -0.03715   0   -2.448e+08   4.091e+07   0
14.9   0.3926   0.2954   -0.03306   0   -2.438e+08   4.091e+07   0
15   0.384   0.2711   -0.02897   0   -2.427e+08   4.092e+07   0
15.1   0.3736   0.2469   -0.02487   0   -2.413e+08   4.096e+07   0
15.2   0.3613   0.2228   -0.02077   0   -2.395e+08   4.103e+07   0
15.3   0.3467   0.199   -0.01666   0   -2.372e+08   4.117e+07   0
15.4   0.3388   0.1754   -0.01254   0   -2.36e+08   4.127e+07   0
15.5   0.3388   0.1518   -0.008411   0   -2.36e+08   4.127e+07   0
15.6   0.3388   0.1282   -0.004284   0   -2.36e+08   4.127e+07   0
15.7   0.3388   0.1046   -0.0001565   0   -2.36e+08   4.127e+07   0
15.8   0.3388   0.081   0.003971   0   -2.36e+08   4.127e+07   0
15.9   0.3388   0.0574   0.008098   0   -2.36e+08   4.127e+07   0
16   0.3388   0.03381   0.01223   0   -2.36e+08   4.127e+07   0
16.1   0.3388   0.01021   0.01635   0   -2.36e+08   4.127e+07   0
16.2   0.3388   -0.01338   0.02048   0   -2.36e+08   4.127e+07   0
16.3   0.3388   -0.03698   0.02461   0   -2.36e+08   4.127e+07   0
16.4   0.3388   -0.06057   0.02873   0   -2.36e+08   4.127e+07   0
16.5   0.3388   -0.08417   0.03286   0   -2.36e+08   4.127e+07   0
16.6   0.3388   -0.1078   0.03699   0   -2.36e+08   4.127e+07   0
16.7   0.3388   -0.1314   0.04112   0   -2.36e+08   4.127e+07   0
16.8   0.3388   -0.155   0.04524   0   -2.36e+08   4.127e+07   0
16.9   0.3388   -0.1785   0.04937   0   -2.36e+08   4.127e+07   0
17   0.3565   -0.2023   0.05355   0   -2.385e+08   4.242e+07   0
17.1   0.3745   -0.2262   0.05785   0   -2.41e+08   4.346e+07   0
17.2   0.3904   -0.2504   0.06223   0   -2.43e+08   4.427e+07   0
17.3   0.4044   -0.2748   0.06669   0   -2.446e+08   4.491e+07   0
17.4   0.4166   -0.2994   0.07121   0   -2.46e+08   4.543e+07   0
17.5   0.4274   -0.324   0.07578   0   -2.472e+08   4.586e+07   0
17.6   0.4369   -0.3488   0.08038   0   -2.482e+08   4.621e+07   0
17.7   0.4451   -0.3737   0.08502   0   -2.491e+08   4.649e+07   0
17.8   0.4523   -0.3986   0.08968   0   -2.498e+08   4.673e+07   0
17.9   0.4584   -0.4236   0.09436   0   -2.504e+08   4.692e+07   0
18   0.4636   -0.4487   0.09906   0   -2.509e+08   4.708e+07   0
18.1   0.468   -0.4738   0.1038   0   -2.513e+08   4.721e+07   0
18.2   0.4716   -0.499   0.1085   0   -2.517e+08   4.731e+07   0
18.3   0.4744   -0.5241   0.1132   0   -2.519e+08   4.738e+07   0
18.4   0.4766   -0.5493   0.118   0   -2.521e+08   4.744e+07   0
18.5   0.4781   -0.5746   0.1227   0   -2.523e+08   4.748e+07   0
18.6   0.4791   -0.5998   0.1275   0   -2.523e+08   4.751e+07   0
18.7   0.4795   -0.625   0.1322   0   -2.524e+08   4.752e+07   0
18.8   0.4795   -0.6503   0.137   0   -2.524e+08   4.752e+07   0
18.9   0.4789   -0.6755   0.1417   0   -2.523e+08   4.75e+07   0
19   0.478   -0.7007   0.1465   0   -2.522e+08   4.748e+07   0
19.1   0.4766   -0.7259   0.1512   0   -2.521e+08   4.745e+07   0
19.2   0.4759   -0.7512   0.156   0   -2.521e+08   4.743e+07   0
19.3   0.4759   -0.7764   0.1607   0   -2.521e+08   4.743e+07   0
19.4   0.4759   -0.8016   0.1655   0   -2.521e+08   4.743e+07   0
19.5   0.4759   -0.8268   0.1702   0   -2.521e+08   4.743e+07   0
19.6   0.4759   -0.852   0.1749   0   -2.521e+08   4.743e+07   0
19.7   0.4759   -0.8772   0.1797   0   -2.521e+08   4.743e+07   0
19.8   0.4759   -0.9024   0.1844   0   -2.521e+08   4.743e+07   0
19.9   0.4759   -0.9276   0.1892   0   -2.521e+08   4.743e+07   0
20   0.4759   -0.9528   0.1939   0   -2.521e+08   4.743e+07   0
20.1   0.4759   -0.978   0.1987   0   -2.521e+08   4.743e+07   0
20.2   0.4759   -1.003   0.2034   0   -2.521e+08   4.743e+07   0
20.3   0.4759   -1.028   0.2081   0   -2.521e+08   4.743e+07   0
20.4   0.4759   -1.054   0.2129   0   -2.521e+08   4.743e+07   0
20.5   0.4759   -1.079   0.2176   0   -2.521e+08   4.743e+07   0
20.6   0.4759   -1.104   0.2224   0   -2.521e+08   4.743e+07   0
20.7   0.4762   -1.129   0.2273   0   -2.481e+08   6.52e+07   0
20.8   0.4779   -1.152   0.2381   0   -2.101e+08   1.474e+08   0
20.9   0.4796   -1.17   0.2562   0   -1.461e+08   2.113e+08   0
21   0.4814   -1.181   0.2795   0   -6.392e+07   2.489e+08   0
21.1   0.4831   -1.183   0.305   0   2.606e+07   2.558e+08   0
21.2   0.4848   -1.176   0.3296   0   1.128e+08   2.313e+08   0
21.3   0.4865   -1.161   0.3503   0   1.857e+08   1.784e+08   0
21.4   0.4883   -1.139   0.3645   0   2.358e+08   1.037e+08   0
21.5   0.49   -1.114   0.3705   0   2.573e+08   1.642e+07   0
21.6   0.4917   -1.089   0.3676   0   2.475e+08   -7.28e+07   0
21.7   0.4919   -1.064   0.3595   0   2.448e+08   -8.141e+07   0
21.8   0.4919   -1.04   0.3514   0   2.448e+08   -8.141e+07   0
21.9   0.4919   -1.015   0.3432   0   2.448e+08   -8.141e+07   0
22   0.4919   -0.9909   0.3351   0   2.448e+08   -8.141e+07   0
22.1   0.4919   -0.9664   0.327   0   2.448e+08   -8.141e+07   0
22.2   0.4919   -0.9419   0.3188   0   2.448e+08   -8.141e+07   0
22.3   0.4919   -0.9175   0.3107   0   2.448e+08   -8.141e+07   0
22.4   0.4919   -0.893   0.3025   0   2.448e+08   -8.141e+07   0
22.5   0.4919   -0.8685   0.2944   0   2.448e+08   -8.141e+07   0
22.6   0.4919   -0.844   0.2862   0   2.448e+08   -8.141e+07   0
22.7   0.4919   -0.8195   0.2781   0   2.448e+08   -8.141e+07   0
22.8   0.4919   -0.7951   0.27   0   2.448e+08   -8.141e+07   0
22.9   0.4919   -0.7706   0.2618   0   2.448e+08   -8.141e+07   0
23   0.4919   -0.7461   0.2537   0   2.448e+08   -8.141e+07   0
23.1   0.4919   -0.7216   0.2455   0   2.448e+08   -8.141e+07   0
23.2   0.4925   -0.6972   0.2374   0   2.448e+08   -8.143e+07   0
23.3   0.4931   -0.6727   0.2293   0   2.449e+08   -8.145e+07   0
23.4   0.4932   -0.6482   0.2211   0   2.449e+08   -8.145e+07   0
23.5   0.4929   -0.6237   0.213   0   2.449e+08   -8.144e+07   0
23.6   0.4921   -0.5992   0.2048   0   2.448e+08   -8.142e+07   0
23.7   0.4908   -0.5747   0.1967   0   2.447e+08   -8.138e+07   0
23.8   0.4889   -0.5503   0.1885   0   2.445e+08   -8.132e+07   0
23.9   0.4864   -0.5258   0.1804   0   2.443e+08   -8.124e+07   0
24   0.4832   -0.5014   0.1723   0   2.44e+08   -8.113e+07   0
24.1   0.4793   -0.477   0.1642   0   2.437e+08   -8.1e+07   0
24.2   0.4746   -0.4527   0.1561   0   2.433e+08   -8.085e+07   0
24.3   0.4691   -0.4284   0.148   0   2.428e+08   -8.066e+07   0
24.4   0.4628   -0.4041   0.14   0   2.422e+08   -8.044e+07   0
24.5   0.4555   -0.3799   0.1319   0   2.415e+08   -8.017e+07   0
24.6   0.4471   -0.3558   0.1239   0   2.407e+08   -7.986e+07   0
24.7   0.4377   -0.3318   0.116   0   2.398e+08   -7.949e+07   0
24.8   0.427   -0.3079   0.108   0   2.386e+08   -7.905e+07   0
24.9   0.4149   -0.2841   0.1002   0   2.373e+08   -7.853e+07   0
25   0.4013   -0.2604   0.09234   0   2.358e+08   -7.791e+07   0
25.1   0.3861   -0.2369   0.08459   0   2.34e+08   -7.716e+07   0
25.2   0.3689   -0.2136   0.07692   0   2.318e+08   -7.625e+07   0
25.3   0.3494   -0.1906   0.06935   0   2.292e+08   -7.512e+07   0
25.4   0.3364   -0.1678   0.06189   0   2.273e+08   -7.43e+07   0
25.5   0.3364   -0.1451   0.05446   0   2.273e+08   -7.43e+07   0
25.6   0.3364   -0.1223   0.04703   0   2.273e+08   -7.43e+07   0
25.7   0.3364   -0.09961   0.0396   0   2.273e+08   -7.43e+07   0
25.8   0.3364   -0.07688   0.03217   0   2.273e+08   -7.43e+07   0
25.9   0.3364   -0.05415   0.02474   0   2.273e+08   -7.43e+07   0
26   0.3364   -0.03142   0.01731   0   2.273e+08   -7.43e+07   0
26.1   0.3364   -0.008685   0.009885   0   2.273e+08   -7.43e+07   0
26.2   0.3364   0.01405   0.002455   0   2.273e+08   -7.43e+07   0
26.3   0.3364   0.03678   -0.004975   0   2.273e+08   -7.43e+07   0
26.4   0.3364   0.05951   -0.01241   0   2.273e+08   -7.43e+07   0
26.5   0.3364   0.08224   -0.01984   0   2.273e+08   -7.43e+07   0
26.6   0.3364   0.105   -0.02727   0   2.273e+08   -7.43e+07   0
26.7   0.3364   0.1277   -0.03469   0   2.273e+08   -7.43e+07   0
26.8   0.3364   0.1504   -0.04212   0   2.273e+08   -7.43e+07   0
26.9   0.3364   0.1732   -0.04955   0   2.273e+08   -7.43e+07   0
27   0.3459   0.1959   -0.057   0   2.288e+08   -7.463e+07   0
27.1   0.3584   0.2189   -0.06448   0   2.306e+08   -7.506e+07   0
27.2   0.3687   0.2421   -0.07201   0   2.321e+08   -7.541e+07   0
27.3   0.3772   0.2653   -0.07956   0   2.332e+08   -7.57e+07   0
27.4   0.384   0.2887   -0.08714   0   2.341e+08   -7.592e+07   0
27.5   0.3895   0.3121   -0.09475   0   2.348e+08   -7.611e+07   0
27.6   0.3938   0.3357   -0.1024   0   2.354e+08   -7.625e+07   0
27.7   0.397   0.3592   -0.11   0   2.358e+08   -7.635e+07   0
27.8   0.3992   0.3828   -0.1176   0   2.36e+08   -7.642e+07   0
27.9   0.4006   0.4064   -0.1253   0   2.362e+08   -7.647e+07   0
28   0.4012   0.43   -0.1329   0   2.363e+08   -7.649e+07   0
28.1   0.4011   0.4537   -0.1406   0   2.363e+08   -7.649e+07   0
28.2   0.4004   0.4773   -0.1482   0   2.362e+08   -7.646e+07   0
28.3   0.3991   0.5009   -0.1559   0   2.36e+08   -7.642e+07   0
28.4   0.3974   0.5245   -0.1635   0   2.358e+08   -7.636e+07   0
28.5   0.3952   0.5481   -0.1711   0   2.355e+08   -7.628e+07   0
28.6   0.3926   0.5716   -0.1788   0   2.352e+08   -7.619e+07   0
28.7   0.3897   0.5951   -0.1864   0   2.349e+08   -7.608e+07   0
28.8   0.3864   0.6186   -0.194   0   2.344e+08   -7.597e+07   0
28.9   0.3829   0.642   -0.2016   0   2.34e+08   -7.583e+07   0
29   0.3792   0.6654   -0.2091   0   2.335e+08   -7.569e+07   0
29.1   0.3752   0.6887   -0.2167   0   2.33e+08   -7.554e+07   0
29.2   0.3711   0.712   -0.2243   0   2.324e+08   -7.538e+07   0
29.3   0.37   0.7352   -0.2318   0   2.323e+08   -7.533e+07   0
29.4   0.37   0.7584   -0.2393   0   2.323e+08   -7.533e+07   0
29.5   0.37   0.7817   -0.2469   0   2.323e+08   -7.533e+07   0
29.6   0.37   0.8049   -0.2544   0   2.323e+08   -7.533e+07   0
29.7   0.37   0.8281   -0.2619   0   2.323e+08   -7.533e+07   0
29.8   0.37   0.8513   -0.2695   0   2.323e+08   -7.533e+07   0
29.9   0.37   0.8746   -0.277   0   2.323e+08   -7.533e+07   0
30   0.37   0.8978   -0.2845   0   2.323e+08   -7.533e+07   0
30.1   0.37   0.921   -0.2921   0   2.323e+08   -7.533e+07   0
30.2   0.37   0.9443   -0.2996   0   2.323e+08   -7.533e+07   0
30.3   0.37   0.9675   -0.3071   0   2.323e+08   -7.533e+07   0
30.4   0.37   0.9907   -0.3147   0   2.323e+08   -7.533e+07   0
30.5   0.37   1.014   -0.3222   0   2.323e+08   -7.533e+07   0
30.6   0.37   1.037   -0.3297   0   2.323e+08   -7.533e+07   0
30.7   0.37   1.06   -0.3372   0   2.323e+08   -7.533e+07   0
30.8   0.37   1.084   -0.3448   0   2.323e+08   -7.533e+07   0
30.9   0.37   1.107   -0.3523   0   2.323e+08   -7.533e+07   0
31   0.3725   1.127   -0.3653   0   1.629e+08   -1.824e+08   0
31.1   0.3752   1.138   -0.3871   0   4.399e+07   -2.409e+08   0
31.2   0.3778   1.135   -0.4112   0   -8.785e+07   -2.29e+08   0
31.3   0.3805   1.121   -0.4306   0   -1.942e+08   -1.505e+08   0
31.4   0.3832   1.098   -0.4397   0   -2.444e+08   -2.842e+07   0
31.5   0.386   1.074   -0.4359   0   -2.244e+08   1.018e+08   0
31.6   0.3865   1.053   -0.4235   0   -2.114e+08   1.267e+08   0
31.7   0.3865   1.032   -0.4108   0   -2.114e+08   1.267e+08   0
31.8   0.3865   1.011   -0.3981   0   -2.114e+08   1.267e+08   0
31.9   0.3865   0.9897   -0.3855   0   -2.114e+08   1.267e+08   0
32   0.3865   0.9685   -0.3728   0   -2.114e+08   1.267e+08   0
32.1   0.3865   0.9474   -0.3601   0   -2.114e+08   1.267e+08   0
32.2   0.3865   0.9263   -0.3475   0   -2.114e+08   1.267e+08   0
32.3   0.3865   0.9051   -0.3348   0   -2.114e+08   1.267e+08   0
32.4   0.3865   0.884   -0.3221   0   -2.114e+08   1.267e+08   0
32.5   0.3865   0.8628   -0.3095   0   -2.114e+08   1.267e+08   0
32.6   0.3865   0.8417   -0.2968   0   -2.114e+08   1.267e+08   0
32.7   0.3865   0.8205   -0.2841   0   -2.114e+08   1.267e+08   0
32.8   0.3865   0.7994   -0.2715   0   -2.114e+08   1.267e+08   0
32.9   0.3865   0.7782   -0.2588   0   -2.114e+08   1.267e+08   0
33   0.3865   0.7571   -0.2461   0   -2.114e+08   1.267e+08   0
33.1   0.3865   0.736   -0.2335   0   -2.114e+08   1.267e+08   0
33.2   0.3862   0.7148   -0.2208   0   -2.114e+08   1.267e+08   0
33.3   0.384   0.6937   -0.2081   0   -2.11e+08   1.267e+08   0
33.4   0.3814   0.6726   -0.1955   0   -2.106e+08   1.268e+08   0
33.5   0.3783   0.6516   -0.1828   0   -2.1e+08   1.268e+08   0
33.6   0.3748   0.6306   -0.1701   0   -2.094e+08   1.269e+08   0
33.7   0.3708   0.6097   -0.1574   0   -2.087e+08   1.271e+08   0
33.8   0.3663   0.5889   -0.1447   0   -2.078e+08   1.272e+08   0
33.9   0.3613   0.5682   -0.132   0   -2.069e+08   1.274e+08   0
34   0.3559   0.5475   -0.1192   0   -2.058e+08   1.277e+08   0
34.1   0.3499   0.527   -0.1064   0   -2.045e+08   1.28e+08   0
34.2   0.3435   0.5066   -0.09359   0   -2.031e+08   1.284e+08   0
34.3   0.3366   0.4864   -0.08073   0   -2.015e+08   1.289e+08   0
34.4   0.3292   0.4663   -0.06781   0   -1.997e+08   1.295e+08   0
34.5   0.3214   0.4465   -0.05483   0   -1.977e+08   1.302e+08   0
34.6   0.3132   0.4268   -0.04177   0   -1.954e+08   1.31e+08   0
34.7   0.3047   0.4074   -0.02862   0   -1.928e+08   1.32e+08   0
34.8   0.2958   0.3883   -0.01537   0   -1.9e+08   1.331e+08   0
34.9   0.2868   0.3694   -0.001986   0   -1.868e+08   1.345e+08   0
35   0.2776   0.3509   0.01155   0   -1.833e+08   1.362e+08   0
35.1   0.2684   0.3328   0.02526   0   -1.794e+08   1.381e+08   0
35.2   0.2594   0.3151   0.03918   0   -1.75e+08   1.404e+08   0
35.3   0.2508   0.2978   0.05335   0   -1.703e+08   1.43e+08   0
35.4   0.2428   0.281   0.06779   0   -1.652e+08   1.459e+08   0
35.5   0.2357   0.2648   0.08255   0   -1.597e+08   1.493e+08   0
35.6   0.2296   0.2491   0.09766   0   -1.539e+08   1.53e+08   0
35.7   0.2248   0.234   0.1132   0   -1.479e+08   1.57e+08   0
35.8   0.2216   0.2195   0.1291   0   -1.419e+08   1.613e+08   0
35.9   0.2199   0.2056   0.1454   0   -1.36e+08   1.657e+08   0
36   0.2197   0.1923   0.1622   0   -1.304e+08   1.701e+08   0
36.1   0.2209   0.1796   0.1794   0   -1.252e+08   1.743e+08   0
36.2   0.2233   0.1673   0.1971   0   -1.206e+08   1.783e+08   0
36.3   0.2265   0.1554   0.2151   0   -1.166e+08   1.82e+08   0
36.4   0.2301   0.1439   0.2335   0   -1.132e+08   1.853e+08   0
36.5   0.234   0.1328   0.2522   0   -1.104e+08   1.882e+08   0
36.6   0.2379   0.1218   0.2711   0   -1.082e+08   1.906e+08   0
36.7   0.2415   0.1111   0.2903   0   -1.064e+08   1.926e+08   0
36.8   0.2448   0.1005   0.3096   0   -1.051e+08   1.943e+08   0
36.9   0.2475   0.09009   0.3291   0   -1.041e+08   1.956e+08   0
37   0.2497   0.07971   0.3487   0   -1.034e+08   1.965e+08   0
37.1   0.2514   0.06939   0.3684   0   -1.03e+08   1.972e+08   0
37.2   0.2524   0.05911   0.3882   0   -1.027e+08   1.976e+08   0
37.3   0.2529   0.04884   0.4079   0   -1.026e+08   1.978e+08   0
37.4   0.2529   0.03858   0.4277   0   -1.026e+08   1.978e+08   0
37.5   0.2523   0.02832   0.4475   0   -1.027e+08   1.976e+08   0
37.6   0.2512   0.01804   0.4672   0   -1.029e+08   1.972e+08   0
37.7   0.2497   0.007734   0.4869   0   -1.031e+08   1.967e+08   0
37.8   0.2477   -0.002593   0.5065   0   -1.034e+08   1.96e+08   0
37.9   0.2454   -0.01295   0.5261   0   -1.037e+08   1.952e+08   0
38   0.2427   -0.02334   0.5456   0   -1.04e+08   1.943e+08   0
38.1   0.2397   -0.03375   0.565   0   -1.043e+08   1.933e+08   0
38.2   0.2365   -0.0442   0.5842   0   -1.047e+08   1.921e+08   0
38.3   0.233   -0.05469   0.6034   0   -1.05e+08   1.909e+08   0
38.4   0.2293   -0.0652   0.6224   0   -1.053e+08   1.897e+08   0
38.5   0.2254   -0.07574   0.6413   0   -1.056e+08   1.883e+08   0
38.6   0.2214   -0.08631   0.6601   0   -1.058e+08   1.869e+08   0
38.7   0.2173   -0.09691   0.6787   0   -1.061e+08   1.854e+08   0
38.8   0.2131   -0.1075   0.6971   0   -1.063e+08   1.839e+08   0
38.9   0.2089   -0.1182   0.7155   0   -1.065e+08   1.823e+08   0
39   0.2046   -0.1288   0.7336   0   -1.067e+08   1.807e+08   0
39.1   0.2028   -0.1395   0.7516   0   -1.068e+08   1.8e+08   0
39.2   0.2028   -0.1502   0.7696   0   -1.068e+08   1.8e+08   0
39.3   0.2028   -0.1609   0.7876   0   -1.068e+08   1.8e+08   0
39.4   0.2028   -0.1715   0.8056   0   -1.068e+08   1.8e+08   0
39.5   0.2028   -0.1822   0.8236   0   -1.068e+08   1.8e+08   0
39.6   0.2028   -0.1929   0.8416   0   -1.068e+08   1.8e+08   0
39.7   0.2028   -0.2036   0.8596   0   -1.068e+08   1.8e+08   0
39.8   0.2028   -0.2143   0.8776   0   -1.068e+08   1.8e+08   0
39.9   0.2028   -0.2249   0.8956   0   -1.068e+08   1.8e+08   0
40   0.2028   -0.2356   0.9136   0   -1.068e+08   1.8e+08   0
40.1   0.2028   -0.2463   0.9316   0   -1.068e+08   1.8e+08   0
40.2   0.2028   -0.257   0.9496   0   -1.068e+08   1.8e+08   0
40.3   0.2028   -0.2677   0.9677   0   -1.068e+08   1.8e+08   0
40.4   0.2028   -0.2783   0.9857   0   -1.068e+08   1.8e+08   0
40.5   0.2028   -0.289   1.004   0   -1.068e+08   1.8e+08   0
40.6   0.2028   -0.2997   1.022   0   -1.068e+08   1.8e+08   0
40.7   0.2028   -0.3104   1.04   0   -1.068e+08   1.8e+08   0
40.8   0.2028   -0.321   1.058   0   -1.068e+08   1.8e+08   0
40.9   0.2028   -0.3317   1.076   0   -1.068e+08   1.8e+08   0
41   0.2028   -0.3424   1.094   0   -1.068e+08   1.8e+08   0
41.1   0.2028   -0.3531   1.112   0   -1.068e+08   1.8e+08   0
41.2   0.2028   -0.3638   1.13   0   -1.068e+08   1.8e+08   0
41.3   0.2028   -0.3744   1.148   0   -1.068e+08   1.8e+08   0
41.4   0.2028   -0.3851   1.166   0   -1.068e+08   1.8e+08   0
41.5   0.2028   -0.3958   1.184   0   -1.068e+08   1.8e+08   0
41.6   0.2028   -0.4065   1.202   0   -1.068e+08   1.8e+08   0
41.7   0.2028   -0.4171   1.22   0   -1.068e+08   1.8e+08   0
41.8   0.2028   -0.4278   1.238   0   -1.068e+08   1.8e+08   0
41.9   0.2028   -0.4385   1.256   0   -1.068e+08   1.8e+08   0
42   0.2028   -0.4492   1.274   0   -1.068e+08   1.8e+08   0
42.1   0.2028   -0.4599   1.292   0   -1.068e+08   1.8e+08   0
42.2   0.2028   -0.4705   1.31   0   -1.068e+08   1.8e+08   0
42.3   0.2028   -0.4812   1.328   0   -1.068e+08   1.8e+08   0
42.4   0.2028   -0.4919   1.346   0   -1.068e+08   1.8e+08   0
42.5   0.2028   -0.5026   1.364   0   -1.068e+08   1.8e+08   0
42.6   0.2028   -0.5132   1.382   0   -1.068e+08   1.8e+08   0
42.7   0.2028   -0.5239   1.4   0   -1.068e+08   1.8e+08   0
42.8   0.2028   -0.5346   1.418   0   -1.068e+08   1.8e+08   0
42.9   0.2028   -0.5453   1.436   0   -1.068e+08   1.8e+08   0
43   0.2028   -0.556   1.454   0   -1.068e+08   1.8e+08   0
43.1   0.2028   -0.5666   1.472   0   -1.068e+08   1.8e+08   0
43.2   0.2028   -0.5773   1.49   0   -1.068e+08   1.8e+08   0
43.3   0.2028   -0.588   1.508   0   -1.068e+08   1.8e+08   0
43.4   0.2028   -0.5987   1.526   0   -1.068e+08   1.8e+08   0
43.5   0.2028   -0.6093   1.544   0   -1.068e+08   1.8e+08   0
43.6   0.2028   -0.62   1.562   0   -1.068e+08   1.8e+08   0
43.7   0.2028   -0.6307   1.58   0   -1.068e+08   1.8e+08   0
43.8   0.2028   -0.6414   1.598   0   -1.068e+08   1.8e+08   0
43.9   0.2028   -0.6521   1.616   0   -1.068e+08   1.8e+08   0
44   0.2028   -0.6627   1.634   0   -1.068e+08   1.8e+08   0
44.1   0.2028   -0.6734   1.652   0   -1.068e+08   1.8e+08   0
44.2   0.2028   -0.6841   1.67   0   -1.068e+08   1.8e+08   0
44.3   0.2028   -0.6948   1.688   0   -1.068e+08   1.8e+08   0
44.4   0.2028   -0.7054   1.706   0   -1.068e+08   1.8e+08   0
44.5   0.2028   -0.7161   1.724   0   -1.068e+08   1.8e+08   0
44.6   0.2028   -0.7268   1.742   0   -1.068e+08   1.8e+08   0
44.7   0.2028   -0.7375   1.76   0   -1.068e+08   1.8e+08   0
44.8   0.2028   -0.7482   1.778   0   -1.068e+08   1.8e+08   0
44.9   0.2028   -0.7588   1.796   0   -1.068e+08   1.8e+08   0
45   0.2028   -0.7695   1.814   0   -1.068e+08   1.8e+08   0
