0   0.04   -0.753   0   0   1.121e+08   0   0
0.1   0.04   -0.753   0   0   1.121e+08   0   0
0.2   0.04004   -0.7442   0   0   1.122e+08   0   0
0.3   0.04027   -0.733   0   0   1.125e+08   0   0
0.4   0.04068   -0.7217   0   0   1.13e+08   0   0
0.5   0.0413   -0.7104   0   0   1.137e+08   0   0
0.6   0.04212   -0.699   0   0   1.147e+08   0   0
0.7   0.04315   -0.6874   0   0   1.16e+08   0   0
0.8   0.04441   -0.6758   0   0   1.175e+08   0   0
0.9   0.04591   -0.6639   0   0   1.192e+08   0   0
1   0.04764   -0.6519   0   0   1.211e+08   0   0
1.1   0.04963   -0.6397   0   0   1.233e+08   0   0
1.2   0.05189   -0.6272   0   0   1.257e+08   0   0
1.3   0.05443   -0.6145   0   0   1.283e+08   0   0
1.4   0.05726   -0.6016   0   0   1.311e+08   0   0
1.5   0.0604   -0.5883   0   0   1.341e+08   0   0
1.6   0.06385   -0.5747   0   0   1.373e+08   0   0
1.7   0.06763   -0.5608   0   0   1.407e+08   0   0
1.8   0.07176   -0.5466   0   0   1.441e+08   0   0
1.9   0.07625   -0.532   0   0   1.477e+08   0   0
2   0.08111   -0.517   0   0   1.514e+08   0   0
2.1   0.08634   -0.5017   0   0   1.553e+08   0   0
2.2   0.09197   -0.486   0   0   1.591e+08   0   0
2.3   0.09801   -0.4698   0   0   1.631e+08   0   0
2.4   0.1045   -0.4533   0   0   1.671e+08   0   0
2.5   0.1113   -0.4364   0   0   1.711e+08   0   0
2.6   0.1186   -0.4191   0   0   1.751e+08   0   0
2.7   0.1264   -0.4014   0   0   1.792e+08   0   0
2.8   0.1345   -0.3833   0   0   1.832e+08   0   0
2.9   0.1432   -0.3648   0   0   1.872e+08   0   0
3   0.1523   -0.3458   0   0   1.911e+08   0   0
3.1   0.1618   -0.3265   0   0   1.95e+08   0   0
3.2   0.1718   -0.3068   0   0   1.988e+08   0   0
3.3   0.1823   -0.2868   0   0   2.026e+08   0   0
3.4   0.1933   -0.2663   0   0   2.063e+08   0   0
3.5   0.2048   -0.2455   0   0   2.099e+08   0   0
3.6   0.2169   -0.2243   0   0   2.135e+08   0   0
3.7   0.2294   -0.2028   0   0   2.17e+08   0   0
3.8   0.2382   -0.1809   0   0   2.192e+08   0   0
3.9   0.2382   -0.159   0   0   2.192e+08   0   0
4   0.2382   -0.1371   0   0   2.192e+08   0   0
4.1   0.2382   -0.1152   0   0   2.192e+08   0   0
4.2   0.2382   -0.09325   0   0   2.192e+08   0   0
4.3   0.2382   -0.07132   0   0   2.192e+08   0   0
4.4   0.2382   -0.0494   0   0   2.192e+08   0   0
4.5   0.2382   -0.02747   0   0   2.192e+08   0   0
4.6   0.2382   -0.005551   0   0   2.192e+08   0   0
4.7   0.2382   0.01637   0   0   2.192e+08   0   0
4.8   0.2382   0.0383   0   0   2.192e+08   0   0
4.9   0.2382   0.06022   0   0   2.192e+08   0   0
5   0.2382   0.08215   0   0   2.192e+08   0   0
5.1   0.2382   0.1041   0   0   2.192e+08   0   0
5.2   0.2382   0.126   0   0   2.192e+08   0   0
5.3   0.2382   0.1479   0   0   2.192e+08   0   0
5.4   0.2382   0.1698   0   0   2.192e+08   0   0
5.5   0.2398   0.1918   0   0   2.196e+08   0   0
5.6   0.2495   0.2139   0   0   2.22e+08   0   0
5.7   0.2595   0.2362   0   0   2.244e+08   0   0
5.8   0.2695   0.2587   0   0   2.266e+08   0   0
5.9   0.2796   0.2815   0   0   2.288e+08   0   0
6   0.2897   0.3045   0   0   2.308e+08   0   0
6.1   0.2997   0.3277   0   0   2.327e+08   0   0
6.2   0.3096   0.351   0   0   2.346e+08   0   0
6.3   0.3194   0.3746   0   0   2.363e+08   0   0
6.4   0.3291   0.3983   0   0   2.38e+08   0   0
6.5   0.3386   0.4222   0   0   2.395e+08   0   0
6.6   0.3479   0.4462   0   0   2.41e+08   0   0
6.7   0.357   0.4704   0   0   2.423e+08   0   0
6.8   0.3659   0.4947   0   0   2.436e+08   0   0
6.9   0.3744   0.5191   0   0   2.448e+08   0   0
7   0.3827   0.5436   0   0   2.46e+08   0   0
7.1   0.3907   0.5683   0   0   2.47e+08   0   0
7.2   0.3984   0.593   0   0   2.48e+08   0   0
7.3   0.4058   0.6179   0   0   2.489e+08   0   0
7.4   0.4129   0.6428   0   0   2.498e+08   0   0
7.5   0.4196   0.6678   0   0   2.506e+08   0   0
7.6   0.426   0.6929   0   0   2.513e+08   0   0
7.7   0.432   0.7181   0   0   2.52e+08   0   0
7.8   0.4376   0.7433   0   0   2.526e+08   0   0
7.9   0.4398   0.7686   0   0   2.528e+08   0   0
8   0.4398   0.7939   0   0   2.528e+08   0   0
8.1   0.4398   0.8191   0   0   2.528e+08   0   0
8.2   0.4398   0.8444   0   0   2.528e+08   0   0
8.3   0.4398   0.8697   0   0   2.528e+08   0   0
8.4   0.4398   0.895   0   0   2.528e+08   0   0
8.5   0.4398   0.9203   0   0   2.528e+08   0   0
8.6   0.4398   0.9455   0   0   2.528e+08   0   0
8.7   0.4398   0.9708   0   0   2.528e+08   0   0
8.8   0.4398   0.9961   0   0   2.528e+08   0   0
8.9   0.4398   1.021   0   0   2.528e+08   0   0
9   0.4398   1.047   0   0   2.528e+08   0   0
9.1   0.4398   1.072   0   0   2.528e+08   0   0
9.2   0.4398   1.097   0   0   2.528e+08   0   0
9.3   0.4403   1.122   -0.0013   0   2.493e+08   -4.252e+07   0
9.4   0.4412   1.146   -0.009016   0   2.278e+08   -1.101e+08   0
9.5   0.4422   1.167   -0.02309   0   1.883e+08   -1.69e+08   0
9.6   0.4431   1.184   -0.04243   0   1.342e+08   -2.147e+08   0
9.7   0.444   1.194   -0.06551   0   6.951e+07   -2.435e+08   0
9.8   0.445   1.197   -0.09052   0   -5.661e+05   -2.534e+08   0
9.9   0.4459   1.194   -0.1155   0   -7.059e+07   -2.434e+08   0
10   0.4469   1.183   -0.1386   0   -1.351e+08   -2.146e+08   0
10.1   0.4478   1.167   -0.1578   0   -1.891e+08   -1.691e+08   0
10.2   0.4487   1.146   -0.1719   0   -2.285e+08   -1.104e+08   0
10.3   0.4497   1.122   -0.1796   0   -2.501e+08   -4.329e+07   0
10.4   0.4506   1.096   -0.1804   0   -2.525e+08   2.719e+07   0
10.5   0.4508   1.071   -0.1764   0   -2.506e+08   4.121e+07   0
10.6   0.4508   1.046   -0.1722   0   -2.506e+08   4.121e+07   0
10.7   0.4508   1.021   -0.1681   0   -2.506e+08   4.121e+07   0
10.8   0.4508   0.9962   -0.164   0   -2.506e+08   4.121e+07   0
10.9   0.4508   0.9711   -0.1599   0   -2.506e+08   4.121e+07   0
11   0.4508   0.946   -0.1558   0   -2.506e+08   4.121e+07   0
11.1   0.4508   0.921   -0.1516   0   -2.506e+08   4.121e+07   0
11.2   0.4508   0.8959   -0.1475   0   -2.506e+08   4.121e+07   0
11.3   0.4508   0.8709   -0.1434   0   -2.506e+08   4.121e+07   0
11.4   0.4508   0.8458   -0.1393   0   -2.506e+08   4.121e+07   0
11.5   0.4508   0.8207   -0.1352   0   -2.506e+08   4.121e+07   0
11.6   0.4508   0.7957   -0.131   0   -2.506e+08   4.121e+07   0
11.7   0.4508   0.7706   -0.1269   0   -2.506e+08   4.121e+07   0
11.8   0.4508   0.7456   -0.1228   0   -2.506e+08   4.121e+07   0
11.9   0.4563   0.7205   -0.1187   0   -2.512e+08   4.13e+07   0
12   0.4627   0.6953   -0.1145   0   -2.518e+08   4.14e+07   0
12.1   0.4692   0.6701   -0.1104   0   -2.524e+08   4.151e+07   0
12.2   0.4759   0.6448   -0.1062   0   -2.531e+08   4.161e+07   0
12.3   0.4828   0.6195   -0.1021   0   -2.537e+08   4.172e+07   0
12.4   0.4897   0.5941   -0.0979   0   -2.543e+08   4.182e+07   0
12.5   0.4968   0.5686   -0.09371   0   -2.55e+08   4.193e+07   0
12.6   0.5039   0.5431   -0.08951   0   -2.556e+08   4.203e+07   0
12.7   0.5111   0.5175   -0.0853   0   -2.562e+08   4.213e+07   0
12.8   0.5183   0.4919   -0.08109   0   -2.568e+08   4.223e+07   0
12.9   0.5255   0.4661   -0.07686   0   -2.574e+08   4.232e+07   0
13   0.5326   0.4404   -0.07262   0   -2.579e+08   4.242e+07   0
13.1   0.5396   0.4146   -0.06837   0   -2.585e+08   4.251e+07   0
13.2   0.5465   0.3887   -0.06412   0   -2.59e+08   4.259e+07   0
13.3   0.5531   0.3628   -0.05986   0   -2.595e+08   4.268e+07   0
13.4   0.5595   0.3368   -0.05558   0   -2.599e+08   4.275e+07   0
13.5   0.5655   0.3108   -0.05131   0   -2.604e+08   4.282e+07   0
13.6   0.5711   0.2847   -0.04702   0   -2.608e+08   4.289e+07   0
13.7   0.5761   0.2586   -0.04273   0   -2.611e+08   4.295e+07   0
13.8   0.5804   0.2325   -0.03843   0   -2.614e+08   4.299e+07   0
13.9   0.5837   0.2063   -0.03413   0   -2.616e+08   4.303e+07   0
14   0.5856   0.1802   -0.02982   0   -2.617e+08   4.305e+07   0
14.1   0.5856   0.154   -0.02552   0   -2.617e+08   4.305e+07   0
14.2   0.5856   0.1278   -0.02121   0   -2.617e+08   4.305e+07   0
14.3   0.5856   0.1017   -0.01691   0   -2.617e+08   4.305e+07   0
14.4   0.5856   0.07548   -0.0126   0   -2.617e+08   4.305e+07   0
14.5   0.5856   0.04931   -0.008298   0   -2.617e+08   4.305e+07   0
14.6   0.5856   0.02314   -0.003993   0   -2.617e+08   4.305e+07   0
14.7   0.5856   -0.003036   0.0003127   0   -2.617e+08   4.305e+07   0
14.8   0.5856   -0.02921   0.004618   0   -2.617e+08   4.305e+07   0
14.9   0.5856   -0.05538   0.008923   0   -2.617e+08   4.305e+07   0
15   0.5856   -0.08156   0.01323   0   -2.617e+08   4.305e+07   0
15.1   0.5856   -0.1077   0.01753   0   -2.617e+08   4.305e+07   0
15.2   0.5856   -0.1339   0.02184   0   -2.617e+08   4.305e+07   0
15.3   0.5856   -0.1601   0.02614   0   -2.617e+08   4.305e+07   0
15.4   0.5858   -0.1862   0.03045   0   -2.617e+08   4.306e+07   0
15.5   0.6048   -0.2125   0.03477   0   -2.63e+08   4.325e+07   0
15.6   0.6224   -0.2388   0.0391   0   -2.64e+08   4.342e+07   0
15.7   0.639   -0.2653   0.04345   0   -2.65e+08   4.358e+07   0
15.8   0.6545   -0.2918   0.04782   0   -2.659e+08   4.372e+07   0
15.9   0.6692   -0.3185   0.05219   0   -2.667e+08   4.384e+07   0
16   0.6831   -0.3452   0.05658   0   -2.674e+08   4.396e+07   0
16.1   0.6962   -0.3719   0.06099   0   -2.68e+08   4.406e+07   0
16.2   0.7086   -0.3988   0.0654   0   -2.686e+08   4.416e+07   0
16.3   0.7203   -0.4257   0.06982   0   -2.691e+08   4.425e+07   0
16.4   0.7314   -0.4526   0.07425   0   -2.696e+08   4.433e+07   0
16.5   0.7419   -0.4796   0.07868   0   -2.701e+08   4.44e+07   0
16.6   0.7517   -0.5066   0.08313   0   -2.705e+08   4.447e+07   0
16.7   0.761   -0.5337   0.08758   0   -2.709e+08   4.453e+07   0
16.8   0.7697   -0.5608   0.09203   0   -2.713e+08   4.459e+07   0
16.9   0.7779   -0.5879   0.09649   0   -2.716e+08   4.464e+07   0
17   0.7855   -0.6151   0.101   0   -2.719e+08   4.469e+07   0
17.1   0.7926   -0.6423   0.1054   0   -2.721e+08   4.474e+07   0
17.2   0.7992   -0.6695   0.1099   0   -2.724e+08   4.478e+07   0
17.3   0.8053   -0.6968   0.1144   0   -2.726e+08   4.481e+07   0
17.4   0.8109   -0.7241   0.1189   0   -2.728e+08   4.485e+07   0
17.5   0.8145   -0.7514   0.1234   0   -2.73e+08   4.487e+07   0
17.6   0.8145   -0.7787   0.1278   0   -2.73e+08   4.487e+07   0
17.7   0.8145   -0.8059   0.1323   0   -2.73e+08   4.487e+07   0
17.8   0.8145   -0.8332   0.1368   0   -2.73e+08   4.487e+07   0
17.9   0.8145   -0.8605   0.1413   0   -2.73e+08   4.487e+07   0
18   0.8145   -0.8878   0.1458   0   -2.73e+08   4.487e+07   0
18.1   0.8145   -0.9151   0.1503   0   -2.73e+08   4.487e+07   0
18.2   0.8145   -0.9424   0.1548   0   -2.73e+08   4.487e+07   0
18.3   0.8145   -0.9697   0.1593   0   -2.73e+08   4.487e+07   0
18.4   0.8145   -0.997   0.1637   0   -2.73e+08   4.487e+07   0
18.5   0.8145   -1.024   0.1682   0   -2.73e+08   4.487e+07   0
18.6   0.8145   -1.052   0.1727   0   -2.73e+08   4.487e+07   0
18.7   0.8145   -1.079   0.1772   0   -2.73e+08   4.487e+07   0
18.8   0.8145   -1.106   0.1817   0   -2.73e+08   4.487e+07   0
18.9   0.8145   -1.133   0.1862   0   -2.73e+08   4.487e+07   0
19   0.817   -1.16   0.1939   0   -2.533e+08   1.113e+08   0
19.1   0.8197   -1.184   0.2082   0   -2.157e+08   1.735e+08   0
19.2   0.8224   -1.203   0.2282   0   -1.632e+08   2.237e+08   0
19.3   0.825   -1.216   0.2525   0   -9.951e+07   2.585e+08   0
19.4   0.8277   -1.222   0.2794   0   -2.914e+07   2.756e+08   0
19.5   0.8304   -1.221   0.307   0   4.312e+07   2.738e+08   0
19.6   0.8331   -1.214   0.3335   0   1.124e+08   2.535e+08   0
19.7   0.8358   -1.199   0.3571   0   1.739e+08   2.161e+08   0
19.8   0.8385   -1.179   0.3762   0   2.237e+08   1.641e+08   0
19.9   0.8413   -1.155   0.3895   0   2.584e+08   1.013e+08   0
20   0.844   -1.128   0.3962   0   2.758e+08   3.175e+07   0
20.1   0.8467   -1.1   0.3957   0   2.749e+08   -3.98e+07   0
20.2   0.8488   -1.074   0.3884   0   2.619e+08   -9.261e+07   0
20.3   0.8488   -1.047   0.3792   0   2.619e+08   -9.261e+07   0
20.4   0.8488   -1.021   0.3699   0   2.619e+08   -9.261e+07   0
20.5   0.8488   -0.995   0.3606   0   2.619e+08   -9.261e+07   0
20.6   0.8488   -0.9688   0.3514   0   2.619e+08   -9.261e+07   0
20.7   0.8488   -0.9426   0.3421   0   2.619e+08   -9.261e+07   0
20.8   0.8488   -0.9164   0.3329   0   2.619e+08   -9.261e+07   0
20.9   0.8488   -0.8902   0.3236   0   2.619e+08   -9.261e+07   0
21   0.8488   -0.864   0.3143   0   2.619e+08   -9.261e+07   0
21.1   0.8488   -0.8378   0.3051   0   2.619e+08   -9.261e+07   0
21.2   0.8488   -0.8116   0.2958   0   2.619e+08   -9.261e+07   0
21.3   0.8488   -0.7855   0.2866   0   2.619e+08   -9.261e+07   0
21.4   0.8488   -0.7593   0.2773   0   2.619e+08   -9.261e+07   0
21.5   0.8488   -0.7331   0.268   0   2.619e+08   -9.261e+07   0
21.6   0.8488   -0.7069   0.2588   0   2.619e+08   -9.261e+07   0
21.7   0.8551   -0.6807   0.2495   0   2.621e+08   -9.27e+07   0
21.8   0.8614   -0.6544   0.2402   0   2.623e+08   -9.278e+07   0
21.9   0.8677   -0.6282   0.2309   0   2.625e+08   -9.287e+07   0
22   0.8741   -0.6019   0.2217   0   2.627e+08   -9.295e+07   0
22.1   0.8804   -0.5757   0.2124   0   2.629e+08   -9.304e+07   0
22.2   0.8866   -0.5494   0.203   0   2.63e+08   -9.312e+07   0
22.3   0.8927   -0.5231   0.1937   0   2.632e+08   -9.32e+07   0
22.4   0.8987   -0.4967   0.1844   0   2.634e+08   -9.328e+07   0
22.5   0.9045   -0.4704   0.1751   0   2.635e+08   -9.336e+07   0
22.6   0.91   -0.444   0.1657   0   2.637e+08   -9.343e+07   0
22.7   0.9152   -0.4177   0.1564   0   2.638e+08   -9.35e+07   0
22.8   0.9201   -0.3913   0.147   0   2.639e+08   -9.357e+07   0
22.9   0.9245   -0.3649   0.1377   0   2.64e+08   -9.363e+07   0
23   0.9284   -0.3385   0.1283   0   2.641e+08   -9.368e+07   0
23.1   0.9317   -0.312   0.1189   0   2.642e+08   -9.373e+07   0
23.2   0.9342   -0.2856   0.1096   0   2.643e+08   -9.376e+07   0
23.3   0.9358   -0.2592   0.1002   0   2.643e+08   -9.379e+07   0
23.4   0.9362   -0.2327   0.09081   0   2.643e+08   -9.379e+07   0
23.5   0.9353   -0.2063   0.08143   0   2.643e+08   -9.378e+07   0
23.6   0.9325   -0.1799   0.07206   0   2.642e+08   -9.373e+07   0
23.7   0.9317   -0.1535   0.06268   0   2.642e+08   -9.372e+07   0
23.8   0.9317   -0.127   0.05331   0   2.642e+08   -9.372e+07   0
23.9   0.9317   -0.1006   0.04394   0   2.642e+08   -9.372e+07   0
24   0.9317   -0.0742   0.03457   0   2.642e+08   -9.372e+07   0
24.1   0.9317   -0.04777   0.0252   0   2.642e+08   -9.372e+07   0
24.2   0.9317   -0.02135   0.01583   0   2.642e+08   -9.372e+07   0
24.3   0.9317   0.005074   0.006455   0   2.642e+08   -9.372e+07   0
24.4   0.9317   0.0315   -0.002916   0   2.642e+08   -9.372e+07   0
24.5   0.9317   0.05792   -0.01229   0   2.642e+08   -9.372e+07   0
24.6   0.9317   0.08434   -0.02166   0   2.642e+08   -9.372e+07   0
24.7   0.9317   0.1108   -0.03103   0   2.642e+08   -9.372e+07   0
24.8   0.9317   0.1372   -0.0404   0   2.642e+08   -9.372e+07   0
24.9   0.9317   0.1636   -0.04977   0   2.642e+08   -9.372e+07   0
25   0.9405   0.19   -0.05915   0   2.645e+08   -9.372e+07   0
25.1   0.962   0.2165   -0.06852   0   2.651e+08   -9.376e+07   0
25.2   0.9816   0.2431   -0.0779   0   2.656e+08   -9.38e+07   0
25.3   0.9996   0.2696   -0.08728   0   2.661e+08   -9.384e+07   0
25.4   1.016   0.2963   -0.09667   0   2.665e+08   -9.389e+07   0
25.5   1.032   0.3229   -0.1061   0   2.668e+08   -9.395e+07   0
25.6   1.046   0.3496   -0.1155   0   2.671e+08   -9.4e+07   0
25.7   1.059   0.3764   -0.1249   0   2.674e+08   -9.404e+07   0
25.8   1.072   0.4031   -0.1343   0   2.677e+08   -9.409e+07   0
25.9   1.084   0.4299   -0.1437   0   2.679e+08   -9.414e+07   0
26   1.094   0.4567   -0.1531   0   2.681e+08   -9.418e+07   0
26.1   1.105   0.4835   -0.1625   0   2.683e+08   -9.422e+07   0
26.2   1.114   0.5104   -0.1719   0   2.685e+08   -9.426e+07   0
26.3   1.123   0.5372   -0.1814   0   2.687e+08   -9.429e+07   0
26.4   1.131   0.5641   -0.1908   0   2.688e+08   -9.432e+07   0
26.5   1.138   0.591   -0.2002   0   2.69e+08   -9.435e+07   0
26.6   1.145   0.6179   -0.2097   0   2.691e+08   -9.438e+07   0
26.7   1.151   0.6448   -0.2191   0   2.692e+08   -9.441e+07   0
26.8   1.157   0.6717   -0.2285   0   2.693e+08   -9.443e+07   0
26.9   1.162   0.6987   -0.238   0   2.694e+08   -9.445e+07   0
27   1.164   0.7256   -0.2474   0   2.694e+08   -9.446e+07   0
27.1   1.164   0.7526   -0.2569   0   2.694e+08   -9.446e+07   0
27.2   1.164   0.7795   -0.2663   0   2.694e+08   -9.446e+07   0
27.3   1.164   0.8064   -0.2758   0   2.694e+08   -9.446e+07   0
27.4   1.164   0.8334   -0.2852   0   2.694e+08   -9.446e+07   0
27.5   1.164   0.8603   -0.2947   0   2.694e+08   -9.446e+07   0
27.6   1.164   0.8873   -0.3041   0   2.694e+08   -9.446e+07   0
27.7   1.164   0.9142   -0.3136   0   2.694e+08   -9.446e+07   0
27.8   1.164   0.9412   -0.323   0   2.694e+08   -9.446e+07   0
27.9   1.164   0.9681   -0.3325   0   2.694e+08   -9.446e+07   0
28   1.164   0.995   -0.3419   0   2.694e+08   -9.446e+07   0
28.1   1.164   1.022   -0.3513   0   2.694e+08   -9.446e+07   0
28.2   1.164   1.049   -0.3608   0   2.694e+08   -9.446e+07   0
28.3   1.164   1.076   -0.3702   0   2.694e+08   -9.446e+07   0
28.4   1.166   1.103   -0.3799   0   2.622e+08   -1.13e+08   0
28.5   1.173   1.127   -0.3949   0   2.193e+08   -1.83e+08   0
28.6   1.18   1.146   -0.4161   0   1.584e+08   -2.378e+08   0
28.7   1.187   1.158   -0.4418   0   8.482e+07   -2.73e+08   0
28.8   1.194   1.163   -0.47   0   4.56e+06   -2.86e+08   0
28.9   1.201   1.159   -0.4982   0   -7.581e+07   -2.759e+08   0
29   1.208   1.148   -0.5244   0   -1.499e+08   -2.439e+08   0
29.1   1.215   1.129   -0.5463   0   -2.119e+08   -1.926e+08   0
29.2   1.222   1.106   -0.5624   0   -2.57e+08   -1.265e+08   0
29.3   1.229   1.079   -0.5712   0   -2.821e+08   -5.069e+07   0
29.4   1.236   1.05   -0.5723   0   -2.852e+08   2.876e+07   0
29.5   1.244   1.022   -0.5655   0   -2.666e+08   1.058e+08   0
29.6   1.247   0.9967   -0.5524   0   -2.518e+08   1.373e+08   0
29.7   1.247   0.9715   -0.5387   0   -2.518e+08   1.373e+08   0
29.8   1.247   0.9464   -0.525   0   -2.518e+08   1.373e+08   0
29.9   1.247   0.9212   -0.5112   0   -2.518e+08   1.373e+08   0
30   1.247   0.896   -0.4975   0   -2.518e+08   1.373e+08   0
30.1   1.247   0.8708   -0.4838   0   -2.518e+08   1.373e+08   0
30.2   1.247   0.8456   -0.47   0   -2.518e+08   1.373e+08   0
30.3   1.247   0.8205   -0.4563   0   -2.518e+08   1.373e+08   0
30.4   1.247   0.7953   -0.4426   0   -2.518e+08   1.373e+08   0
30.5   1.247   0.7701   -0.4288   0   -2.518e+08   1.373e+08   0
30.6   1.247   0.7449   -0.4151   0   -2.518e+08   1.373e+08   0
30.7   1.247   0.7197   -0.4014   0   -2.518e+08   1.373e+08   0
30.8   1.247   0.6945   -0.3876   0   -2.518e+08   1.373e+08   0
30.9   1.247   0.6694   -0.3739   0   -2.518e+08   1.373e+08   0
31   1.25   0.6442   -0.3602   0   -2.519e+08   1.374e+08   0
31.1   1.257   0.619   -0.3464   0   -2.52e+08   1.374e+08   0
31.2   1.263   0.5938   -0.3327   0   -2.52e+08   1.375e+08   0
31.3   1.269   0.5686   -0.3189   0   -2.521e+08   1.375e+08   0
31.4   1.276   0.5434   -0.3052   0   -2.522e+08   1.376e+08   0
31.5   1.282   0.5181   -0.2914   0   -2.523e+08   1.376e+08   0
31.6   1.288   0.4929   -0.2776   0   -2.523e+08   1.377e+08   0
31.7   1.294   0.4677   -0.2639   0   -2.524e+08   1.378e+08   0
31.8   1.3   0.4424   -0.2501   0   -2.525e+08   1.378e+08   0
31.9   1.306   0.4172   -0.2363   0   -2.525e+08   1.379e+08   0
32   1.311   0.3919   -0.2225   0   -2.526e+08   1.379e+08   0
32.1   1.316   0.3667   -0.2087   0   -2.526e+08   1.379e+08   0
32.2   1.321   0.3414   -0.1949   0   -2.527e+08   1.38e+08   0
32.3   1.325   0.3161   -0.1811   0   -2.527e+08   1.38e+08   0
32.4   1.328   0.2909   -0.1673   0   -2.527e+08   1.381e+08   0
32.5   1.331   0.2656   -0.1535   0   -2.528e+08   1.381e+08   0
32.6   1.332   0.2403   -0.1397   0   -2.528e+08   1.381e+08   0
32.7   1.333   0.215   -0.1259   0   -2.528e+08   1.381e+08   0
32.8   1.332   0.1898   -0.1121   0   -2.528e+08   1.381e+08   0
32.9   1.329   0.1645   -0.09828   0   -2.528e+08   1.381e+08   0
33   1.329   0.1392   -0.08447   0   -2.527e+08   1.381e+08   0
33.1   1.329   0.1139   -0.07067   0   -2.527e+08   1.381e+08   0
33.2   1.329   0.08865   -0.05686   0   -2.527e+08   1.381e+08   0
33.3   1.329   0.06337   -0.04306   0   -2.527e+08   1.381e+08   0
33.4   1.329   0.0381   -0.02925   0   -2.527e+08   1.381e+08   0
33.5   1.329   0.01282   -0.01545   0   -2.527e+08   1.381e+08   0
33.6   1.329   -0.01245   -0.00164   0   -2.527e+08   1.381e+08   0
33.7   1.329   -0.03773   0.01217   0   -2.527e+08   1.381e+08   0
33.8   1.329   -0.063   0.02597   0   -2.527e+08   1.381e+08   0
33.9   1.329   -0.08828   0.03978   0   -2.527e+08   1.381e+08   0
34   1.329   -0.1136   0.05358   0   -2.527e+08   1.381e+08   0
34.1   1.329   -0.1388   0.06739   0   -2.527e+08   1.381e+08   0
34.2   1.329   -0.1641   0.08119   0   -2.527e+08   1.381e+08   0
34.3   1.347   -0.1894   0.095   0   -2.53e+08   1.381e+08   0
34.4   1.368   -0.2147   0.1088   0   -2.533e+08   1.381e+08   0
34.5   1.387   -0.24   0.1226   0   -2.535e+08   1.381e+08   0
34.6   1.405   -0.2654   0.1364   0   -2.538e+08   1.382e+08   0
34.7   1.421   -0.2908   0.1502   0   -2.539e+08   1.382e+08   0
34.8   1.436   -0.3162   0.1641   0   -2.541e+08   1.382e+08   0
34.9   1.45   -0.3416   0.1779   0   -2.543e+08   1.383e+08   0
35   1.463   -0.3671   0.1917   0   -2.544e+08   1.383e+08   0
35.1   1.475   -0.3925   0.2056   0   -2.545e+08   1.383e+08   0
35.2   1.487   -0.418   0.2194   0   -2.547e+08   1.384e+08   0
35.3   1.497   -0.4434   0.2332   0   -2.548e+08   1.384e+08   0
35.4   1.507   -0.4689   0.2471   0   -2.549e+08   1.384e+08   0
35.5   1.516   -0.4944   0.2609   0   -2.549e+08   1.385e+08   0
35.6   1.525   -0.5199   0.2748   0   -2.55e+08   1.385e+08   0
35.7   1.533   -0.5454   0.2886   0   -2.551e+08   1.385e+08   0
35.8   1.54   -0.5709   0.3025   0   -2.552e+08   1.385e+08   0
35.9   1.547   -0.5964   0.3163   0   -2.552e+08   1.386e+08   0
36   1.553   -0.622   0.3302   0   -2.553e+08   1.386e+08   0
36.1   1.559   -0.6475   0.344   0   -2.553e+08   1.386e+08   0
36.2   1.562   -0.673   0.3579   0   -2.554e+08   1.386e+08   0
36.3   1.562   -0.6986   0.3718   0   -2.554e+08   1.386e+08   0
36.4   1.562   -0.7241   0.3856   0   -2.554e+08   1.386e+08   0
36.5   1.562   -0.7496   0.3995   0   -2.554e+08   1.386e+08   0
36.6   1.562   -0.7752   0.4133   0   -2.554e+08   1.386e+08   0
36.7   1.562   -0.8007   0.4272   0   -2.554e+08   1.386e+08   0
36.8   1.562   -0.8262   0.4411   0   -2.554e+08   1.386e+08   0
36.9   1.562   -0.8518   0.4549   0   -2.554e+08   1.386e+08   0
37   1.562   -0.8773   0.4688   0   -2.554e+08   1.386e+08   0
37.1   1.562   -0.9028   0.4826   0   -2.554e+08   1.386e+08   0
37.2   1.562   -0.9284   0.4965   0   -2.554e+08   1.386e+08   0
37.3   1.562   -0.9539   0.5104   0   -2.554e+08   1.386e+08   0
37.4   1.562   -0.9794   0.5242   0   -2.554e+08   1.386e+08   0
37.5   1.562   -1.005   0.5381   0   -2.554e+08   1.386e+08   0
37.6   1.562   -1.031   0.5519   0   -2.554e+08   1.386e+08   0
37.7   1.562   -1.056   0.5658   0   -2.554e+08   1.386e+08   0
37.8   1.562   -1.082   0.5797   0   -2.554e+08   1.386e+08   0
37.9   1.562   -1.107   0.5935   0   -2.554e+08   1.386e+08   0
38   1.562   -1.133   0.6074   0   -2.554e+08   1.386e+08   0
38.1   1.562   -1.158   0.6212   0   -2.554e+08   1.386e+08   0
38.2   1.562   -1.184   0.6351   0   -2.554e+08   1.386e+08   0
38.3   1.562   -1.209   0.649   0   -2.554e+08   1.386e+08   0
38.4   1.562   -1.235   0.6628   0   -2.554e+08   1.386e+08   0
38.5   1.562   -1.26   0.6767   0   -2.554e+08   1.386e+08   0
38.6   1.562   -1.286   0.6905   0   -2.554e+08   1.386e+08   0
38.7   1.562   -1.311   0.7044   0   -2.554e+08   1.386e+08   0
38.8   1.562   -1.337   0.7183   0   -2.554e+08   1.386e+08   0
38.9   1.562   -1.362   0.7321   0   -2.554e+08   1.386e+08   0
39   1.562   -1.388   0.746   0   -2.554e+08   1.386e+08   0
39.1   1.562   -1.414   0.7598   0   -2.554e+08   1.386e+08   0
39.2   1.562   -1.439   0.7737   0   -2.554e+08   1.386e+08   0
39.3   1.562   -1.465   0.7876   0   -2.554e+08   1.386e+08   0
39.4   1.562   -1.49   0.8014   0   -2.554e+08   1.386e+08   0
39.5   1.562   -1.516   0.8153   0   -2.554e+08   1.386e+08   0
39.6   1.562   -1.541   0.8291   0   -2.554e+08   1.386e+08   0
39.7   1.562   -1.567   0.843   0   -2.554e+08   1.386e+08   0
39.8   1.562   -1.592   0.8569   0   -2.554e+08   1.386e+08   0
39.9   1.562   -1.618   0.8707   0   -2.554e+08   1.386e+08   0
40   1.562   -1.643   0.8846   0   -2.554e+08   1.386e+08   0
40.1   1.562   -1.669   0.8984   0   -2.554e+08   1.386e+08   0
40.2   1.562   -1.694   0.9123   0   -2.554e+08   1.386e+08   0
40.3   1.562   -1.72   0.9262   0   -2.554e+08   1.386e+08   0
40.4   1.562   -1.745   0.94   0   -2.554e+08   1.386e+08   0
40.5   1.562   -1.771   0.9539   0   -2.554e+08   1.386e+08   0
40.6   1.562   -1.797   0.9677   0   -2.554e+08   1.386e+08   0
40.7   1.562   -1.822   0.9816   0   -2.554e+08   1.386e+08   0
40.8   1.562   -1.848   0.9955   0   -2.554e+08   1.386e+08   0
40.9   1.562   -1.873   1.009   0   -2.554e+08   1.386e+08   0
41   1.562   -1.899   1.023   0   -2.554e+08   1.386e+08   0
41.1   1.562   -1.924   1.037   0   -2.554e+08   1.386e+08   0
41.2   1.562   -1.95   1.051   0   -2.554e+08   1.386e+08   0
41.3   1.562   -1.975   1.065   0   -2.554e+08   1.386e+08   0
41.4   1.562   -2.001   1.079   0   -2.554e+08   1.386e+08   0
41.5   1.562   -2.026   1.092   0   -2.554e+08   1.386e+08   0
41.6   1.562   -2.052   1.106   0   -2.554e+08   1.386e+08   0
41.7   1.562   -2.077   1.12   0   -2.554e+08   1.386e+08   0
41.8   1.562   -2.103   1.134   0   -2.554e+08   1.386e+08   0
41.9   1.562   -2.129   1.148   0   -2.554e+08   1.386e+08   0
42   1.562   -2.154   1.162   0   -2.554e+08   1.386e+08   0
42.1   1.562   -2.18   1.176   0   -2.554e+08   1.386e+08   0
42.2   1.562   -2.205   1.19   0   -2.554e+08   1.386e+08   0
42.3   1.562   -2.231   1.203   0   -2.554e+08   1.386e+08   0
42.4   1.562   -2.256   1.217   0   -2.554e+08   1.386e+08   0
42.5   1.562   -2.282   1.231   0   -2.554e+08   1.386e+08   0
42.6   1.562   -2.307   1.245   0   -2.554e+08   1.386e+08   0
42.7   1.562   -2.333   1.259   0   -2.554e+08   1.386e+08   0
42.8   1.562   -2.358   1.273   0   -2.554e+08   1.386e+08   0
42.9   1.562   -2.384   1.287   0   -2.554e+08   1.386e+08   0
43   1.562   -2.409   1.3   0   -2.554e+08   1.386e+08   0
43.1   1.562   -2.435   1.314   0   -2.554e+08   1.386e+08   0
43.2   1.562   -2.46   1.328   0   -2.554e+08   1.386e+08   0
43.3   1.562   -2.486   1.342   0   -2.554e+08   1.386e+08   0
43.4   1.562   -2.512   1.356   0   -2.554e+08   1.386e+08   0
43.5   1.562   -2.537   1.37   0   -2.554e+08   1.386e+08   0
43.6   1.562   -2.563   1.384   0   -2.554e+08   1.386e+08   0
43.7   1.562   -2.588   1.397   0   -2.554e+08   1.386e+08   0
43.8   1.562   -2.614   1.411   0   -2.554e+08   1.386e+08   0
43.9   1.562   -2.639   1.425   0   -2.554e+08   1.386e+08   0
44   1.562   -2.665   1.439   0   -2.554e+08   1.386e+08   0
44.1   1.562   -2.69   1.453   0   -2.554e+08   1.386e+08   0
44.2   1.562   -2.716   1.467   0   -2.554e+08   1.386e+08   0
44.3   1.562   -2.741   1.481   0   -2.554e+08   1.386e+08   0
44.4   1.562   -2.767   1.494   0   -2.554e+08   1.386e+08   0
44.5   1.562   -2.792   1.508   0   -2.554e+08   1.386e+08   0
44.6   1.562   -2.818   1.522   0   -2.554e+08   1.386e+08   0
44.7   1.562   -2.844   1.536   0   -2.554e+08   1.386e+08   0
44.8   1.562   -2.869   1.55   0   -2.554e+08   1.386e+08   0
44.9   1.562   -2.895   1.564   0   -2.554e+08   1.386e+08   0
45   1.562   -2.92   1.578   0   -2.554e+08   1.386e+08   0
