0   0.04   -0.753   0   0   1.121e+08   0   0
0.1   0.04   -0.753   0   0   1.121e+08   0   0
0.2   0.04   -0.753   0   0   1.121e+08   0   0
0.3   0.04   -0.753   0   0   1.121e+08   0   0
0.4   0.04   -0.753   0   0   1.121e+08   0   0
0.5   0.04   -0.753   0   0   1.121e+08   0   0
0.6   0.04   -0.753   0   0   1.121e+08   0   0
0.7   0.04   -0.753   0   0   1.121e+08   0   0
0.8   0.04   -0.753   0   0   1.121e+08   0   0
0.9   0.04   -0.753   0   0   1.121e+08   0   0
1   0.04   -0.753   0   0   1.121e+08   0   0
1.1   0.04   -0.753   0   0   1.121e+08   0   0
1.2   0.04   -0.753   0   0   1.121e+08   0   0
1.3   0.04   -0.753   0   0   1.121e+08   0   0
1.4   0.0401   -0.7523   0   0   1.123e+08   0   0
1.5   0.04224   -0.7409   0   0   1.149e+08   0   0
1.6   0.04458   -0.7293   0   0   1.177e+08   0   0
1.7   0.04713   -0.7174   0   0   1.206e+08   0   0
1.8   0.04988   -0.7052   0   0   1.236e+08   0   0
1.9   0.05285   -0.6927   0   0   1.267e+08   0   0
2   0.05604   -0.6798   0   0   1.299e+08   0   0
2.1   0.05944   -0.6667   0   0   1.332e+08   0   0
2.2   0.06305   -0.6532   0   0   1.366e+08   0   0
2.3   0.06688   -0.6394   0   0   1.4e+08   0   0
2.4   0.07092   -0.6252   0   0   1.434e+08   0   0
2.5   0.07517   -0.6107   0   0   1.469e+08   0   0
2.6   0.07961   -0.5958   0   0   1.503e+08   0   0
2.7   0.08424   -0.5806   0   0   1.537e+08   0   0
2.8   0.08904   -0.565   0   0   1.571e+08   0   0
2.9   0.09401   -0.5492   0   0   1.605e+08   0   0
3   0.09913   -0.5329   0   0   1.638e+08   0   0
3.1   0.1044   -0.5164   0   0   1.67e+08   0   0
3.2   0.1097   -0.4995   0   0   1.702e+08   0   0
3.3   0.1151   -0.4824   0   0   1.733e+08   0   0
3.4   0.1206   -0.4649   0   0   1.762e+08   0   0
3.5   0.1261   -0.4471   0   0   1.791e+08   0   0
3.6   0.1316   -0.4291   0   0   1.818e+08   0   0
3.7   0.1371   -0.4108   0   0   1.844e+08   0   0
3.8   0.1424   -0.3922   0   0   1.869e+08   0   0
3.9   0.1477   -0.3734   0   0   1.892e+08   0   0
4   0.1527   -0.3544   0   0   1.913e+08   0   0
4.1   0.1575   -0.3351   0   0   1.933e+08   0   0
4.2   0.1619   -0.3157   0   0   1.951e+08   0   0
4.3   0.166   -0.2961   0   0   1.966e+08   0   0
4.4   0.1695   -0.2764   0   0   1.98e+08   0   0
4.5   0.1725   -0.2565   0   0   1.991e+08   0   0
4.6   0.1748   -0.2366   0   0   1.999e+08   0   0
4.7   0.1762   -0.2166   0   0   2.004e+08   0   0
4.8   0.1765   -0.1965   0   0   2.006e+08   0   0
4.9   0.1763   -0.1765   0   0   2.005e+08   0   0
5   0.1763   -0.1564   0   0   2.005e+08   0   0
5.1   0.1763   -0.1364   0   0   2.005e+08   0   0
5.2   0.1763   -0.1163   0   0   2.005e+08   0   0
5.3   0.1763   -0.09626   0   0   2.005e+08   0   0
5.4   0.1763   -0.07621   0   0   2.005e+08   0   0
5.5   0.1763   -0.05616   0   0   2.005e+08   0   0
5.6   0.1763   -0.03611   0   0   2.005e+08   0   0
5.7   0.1763   -0.01606   0   0   2.005e+08   0   0
5.8   0.1763   0.003985   0   0   2.005e+08   0   0
5.9   0.1763   0.02403   0   0   2.005e+08   0   0
6   0.1763   0.04408   0   0   2.005e+08   0   0
6.1   0.1763   0.06413   0   0   2.005e+08   0   0
6.2   0.1763   0.08418   0   0   2.005e+08   0   0
6.3   0.1763   0.1042   0   0   2.005e+08   0   0
6.4   0.1763   0.1243   0   0   2.005e+08   0   0
6.5   0.1763   0.1443   0   0   2.005e+08   0   0
6.6   0.1763   0.1644   0   0   2.005e+08   0   0
6.7   0.1763   0.1844   0   0   2.005e+08   0   0
6.8   0.1909   0.2047   0   0   2.055e+08   0   0
6.9   0.2081   0.2255   0   0   2.109e+08   0   0
7   0.2244   0.2469   0   0   2.156e+08   0   0
7.1   0.2396   0.2686   0   0   2.196e+08   0   0
7.2   0.254   0.2908   0   0   2.231e+08   0   0
7.3   0.2673   0.3132   0   0   2.261e+08   0   0
7.4   0.2799   0.336   0   0   2.288e+08   0   0
7.5   0.2915   0.359   0   0   2.312e+08   0   0
7.6   0.3023   0.3822   0   0   2.332e+08   0   0
7.7   0.3124   0.4056   0   0   2.351e+08   0   0
7.8   0.3216   0.4292   0   0   2.367e+08   0   0
7.9   0.3302   0.453   0   0   2.381e+08   0   0
8   0.338   0.4768   0   0   2.394e+08   0   0
8.1   0.3451   0.5008   0   0   2.405e+08   0   0
8.2   0.3516   0.5249   0   0   2.415e+08   0   0
8.3   0.3574   0.5491   0   0   2.424e+08   0   0
8.4   0.3627   0.5734   0   0   2.432e+08   0   0
8.5   0.3673   0.5978   0   0   2.438e+08   0   0
8.6   0.3713   0.6222   0   0   2.444e+08   0   0
8.7   0.3749   0.6466   0   0   2.449e+08   0   0
8.8   0.3778   0.6712   0   0   2.453e+08   0   0
8.9   0.3803   0.6957   0   0   2.456e+08   0   0
9   0.3823   0.7203   0   0   2.459e+08   0   0
9.1   0.3839   0.7449   0   0   2.461e+08   0   0
9.2   0.3843   0.7695   0   0   2.462e+08   0   0
9.3   0.3843   0.7941   0   0   2.462e+08   0   0
9.4   0.3843   0.8187   0   0   2.462e+08   0   0
9.5   0.3843   0.8433   0   0   2.462e+08   0   0
9.6   0.3843   0.868   0   0   2.462e+08   0   0
9.7   0.3843   0.8926   0   0   2.462e+08   0   0
9.8   0.3843   0.9172   0   0   2.462e+08   0   0
9.9   0.3843   0.9418   0   0   2.462e+08   0   0
10   0.3843   0.9664   0   0   2.462e+08   0   0
10.1   0.3843   0.991   0   0   2.462e+08   0   0
10.2   0.3843   1.016   0   0   2.462e+08   0   0
10.3   0.3843   1.04   0   0   2.462e+08   0   0
10.4   0.3843   1.065   0   0   2.462e+08   0   0
10.5   0.3843   1.09   0   0   2.462e+08   0   0
10.6   0.3845   1.114   -0.0002988   0   2.453e+08   -2.059e+07   0
10.7   0.3854   1.138   -0.006005   0   2.285e+08   -9.196e+07   0
10.8   0.3862   1.159   -0.01849   0   1.914e+08   -1.552e+08   0
10.9   0.387   1.176   -0.03664   0   1.374e+08   -2.047e+08   0
11   0.3879   1.186   -0.05886   0   7.126e+07   -2.361e+08   0
11.1   0.3887   1.19   -0.08319   0   -1.15e+06   -2.467e+08   0
11.2   0.3895   1.186   -0.1075   0   -7.346e+07   -2.357e+08   0
11.3   0.3904   1.175   -0.1296   0   -1.393e+08   -2.039e+08   0
11.4   0.3912   1.158   -0.1476   0   -1.93e+08   -1.543e+08   0
11.5   0.3921   1.137   -0.16   0   -2.298e+08   -9.117e+07   0
11.6   0.3929   1.113   -0.1655   0   -2.465e+08   -2.009e+07   0
11.7   0.3936   1.088   -0.164   0   -2.44e+08   4.05e+07   0
11.8   0.3936   1.064   -0.1599   0   -2.44e+08   4.05e+07   0
11.9   0.3936   1.04   -0.1559   0   -2.44e+08   4.05e+07   0
12   0.3936   1.015   -0.1518   0   -2.44e+08   4.05e+07   0
12.1   0.3936   0.9908   -0.1478   0   -2.44e+08   4.05e+07   0
12.2   0.3936   0.9664   -0.1437   0   -2.44e+08   4.05e+07   0
12.3   0.3936   0.942   -0.1397   0   -2.44e+08   4.05e+07   0
12.4   0.3936   0.9176   -0.1356   0   -2.44e+08   4.05e+07   0
12.5   0.3936   0.8932   -0.1316   0   -2.44e+08   4.05e+07   0
12.6   0.3936   0.8688   -0.1275   0   -2.44e+08   4.05e+07   0
12.7   0.3936   0.8444   -0.1235   0   -2.44e+08   4.05e+07   0
12.8   0.3936   0.82   -0.1194   0   -2.44e+08   4.05e+07   0
12.9   0.3936   0.7955   -0.1154   0   -2.44e+08   4.05e+07   0
13   0.3936   0.7711   -0.1113   0   -2.44e+08   4.05e+07   0
13.1   0.3936   0.7467   -0.1073   0   -2.44e+08   4.05e+07   0
13.2   0.3969   0.7223   -0.1032   0   -2.445e+08   4.054e+07   0
13.3   0.4003   0.6978   -0.09914   0   -2.449e+08   4.058e+07   0
13.4   0.4033   0.6733   -0.09508   0   -2.453e+08   4.062e+07   0
13.5   0.4061   0.6488   -0.09102   0   -2.456e+08   4.065e+07   0
13.6   0.4086   0.6242   -0.08696   0   -2.459e+08   4.067e+07   0
13.7   0.4107   0.5996   -0.08289   0   -2.462e+08   4.069e+07   0
13.8   0.4124   0.575   -0.07882   0   -2.464e+08   4.071e+07   0
13.9   0.4136   0.5503   -0.07475   0   -2.465e+08   4.072e+07   0
14   0.4144   0.5257   -0.07067   0   -2.466e+08   4.072e+07   0
14.1   0.4146   0.501   -0.0666   0   -2.466e+08   4.072e+07   0
14.2   0.4142   0.4764   -0.06253   0   -2.466e+08   4.072e+07   0
14.3   0.4131   0.4517   -0.05846   0   -2.464e+08   4.071e+07   0
14.4   0.4113   0.4271   -0.05439   0   -2.462e+08   4.07e+07   0
14.5   0.4086   0.4025   -0.05032   0   -2.459e+08   4.069e+07   0
14.6   0.4051   0.3779   -0.04625   0   -2.455e+08   4.068e+07   0
14.7   0.4005   0.3534   -0.04218   0   -2.449e+08   4.066e+07   0
14.8   0.3948   0.3289   -0.03812   0   -2.442e+08   4.065e+07   0
14.9   0.3879   0.3046   -0.03405   0   -2.433e+08   4.065e+07   0
15   0.3796   0.2803   -0.02999   0   -2.421e+08   4.066e+07   0
15.1   0.3696   0.2561   -0.02592   0   -2.407e+08   4.069e+07   0
15.2   0.3578   0.2321   -0.02185   0   -2.39e+08   4.075e+07   0
15.3   0.3438   0.2084   -0.01777   0   -2.368e+08   4.087e+07   0
15.4   0.3295   0.1848   -0.01367   0   -2.345e+08   4.105e+07   0
15.5   0.3295   0.1614   -0.009566   0   -2.345e+08   4.105e+07   0
15.6   0.3295   0.1379   -0.005461   0   -2.345e+08   4.105e+07   0
15.7   0.3295   0.1145   -0.001356   0   -2.345e+08   4.105e+07   0
15.8   0.3295   0.09102   0.002749   0   -2.345e+08   4.105e+07   0
15.9   0.3295   0.06757   0.006855   0   -2.345e+08   4.105e+07   0
16   0.3295   0.04413   0.01096   0   -2.345e+08   4.105e+07   0
16.1   0.3295   0.02068   0.01506   0   -2.345e+08   4.105e+07   0
16.2   0.3295   -0.002763   0.01917   0   -2.345e+08   4.105e+07   0
16.3   0.3295   -0.02621   0.02327   0   -2.345e+08   4.105e+07   0
16.4   0.3295   -0.04965   0.02738   0   -2.345e+08   4.105e+07   0
16.5   0.3295   -0.0731   0.03148   0   -2.345e+08   4.105e+07   0
16.6   0.3295   -0.09655   0.03559   0   -2.345e+08   4.105e+07   0
16.7   0.3295   -0.12   0.03969   0   -2.345e+08   4.105e+07   0
16.8   0.3295   -0.1434   0.0438   0   -2.345e+08   4.105e+07   0
16.9   0.3295   -0.1669   0.0479   0   -2.345e+08   4.105e+07   0
17   0.3373   -0.1904   0.05202   0   -2.357e+08   4.16e+07   0
17.1   0.3562   -0.2141   0.05624   0   -2.384e+08   4.28e+07   0
17.2   0.3727   -0.238   0.06057   0   -2.406e+08   4.374e+07   0
17.3   0.3872   -0.2622   0.06499   0   -2.425e+08   4.447e+07   0
17.4   0.3999   -0.2865   0.06946   0   -2.441e+08   4.506e+07   0
17.5   0.4111   -0.311   0.07399   0   -2.454e+08   4.554e+07   0
17.6   0.4209   -0.3356   0.07857   0   -2.465e+08   4.593e+07   0
17.7   0.4294   -0.3603   0.08318   0   -2.474e+08   4.625e+07   0
17.8   0.4367   -0.385   0.08782   0   -2.482e+08   4.651e+07   0
17.9   0.443   -0.4099   0.09248   0   -2.488e+08   4.672e+07   0
18   0.4484   -0.4348   0.09716   0   -2.494e+08   4.689e+07   0
18.1   0.4528   -0.4598   0.1019   0   -2.498e+08   4.703e+07   0
18.2   0.4565   -0.4848   0.1066   0   -2.502e+08   4.714e+07   0
18.3   0.4594   -0.5098   0.1113   0   -2.504e+08   4.723e+07   0
18.4   0.4616   -0.5349   0.116   0   -2.507e+08   4.729e+07   0
18.5   0.4632   -0.5599   0.1207   0   -2.508e+08   4.733e+07   0
18.6   0.4642   -0.585   0.1255   0   -2.509e+08   4.736e+07   0
18.7   0.4646   -0.6101   0.1302   0   -2.509e+08   4.737e+07   0
18.8   0.4645   -0.6352   0.1349   0   -2.509e+08   4.737e+07   0
18.9   0.464   -0.6603   0.1397   0   -2.509e+08   4.736e+07   0
19   0.463   -0.6854   0.1444   0   -2.508e+08   4.733e+07   0
19.1   0.4616   -0.7104   0.1492   0   -2.507e+08   4.73e+07   0
19.2   0.4599   -0.7355   0.1539   0   -2.505e+08   4.725e+07   0
19.3   0.4598   -0.7606   0.1586   0   -2.505e+08   4.725e+07   0
19.4   0.4598   -0.7856   0.1633   0   -2.505e+08   4.725e+07   0
19.5   0.4598   -0.8107   0.1681   0   -2.505e+08   4.725e+07   0
19.6   0.4598   -0.8357   0.1728   0   -2.505e+08   4.725e+07   0
19.7   0.4598   -0.8607   0.1775   0   -2.505e+08   4.725e+07   0
19.8   0.4598   -0.8858   0.1822   0   -2.505e+08   4.725e+07   0
19.9   0.4598   -0.9108   0.187   0   -2.505e+08   4.725e+07   0
20   0.4598   -0.9359   0.1917   0   -2.505e+08   4.725e+07   0
20.1   0.4598   -0.9609   0.1964   0   -2.505e+08   4.725e+07   0
20.2   0.4598   -0.986   0.2011   0   -2.505e+08   4.725e+07   0
20.3   0.4598   -1.011   0.2059   0   -2.505e+08   4.725e+07   0
20.4   0.4598   -1.036   0.2106   0   -2.505e+08   4.725e+07   0
20.5   0.4598   -1.061   0.2153   0   -2.505e+08   4.725e+07   0
20.6   0.4598   -1.086   0.22   0   -2.505e+08   4.725e+07   0
20.7   0.4598   -1.111   0.2247   0   -2.505e+08   4.725e+07   0
20.8   0.4606   -1.136   0.2306   0   -2.383e+08   9.061e+07   0
20.9   0.4622   -1.158   0.2437   0   -1.912e+08   1.69e+08   0
21   0.4639   -1.173   0.2637   0   -1.195e+08   2.256e+08   0
21.1   0.4656   -1.181   0.2879   0   -3.26e+07   2.534e+08   0
21.2   0.4672   -1.18   0.3133   0   5.844e+07   2.489e+08   0
21.3   0.4689   -1.169   0.3366   0   1.42e+08   2.127e+08   0
21.4   0.4706   -1.152   0.3549   0   2.076e+08   1.497e+08   0
21.5   0.4723   -1.129   0.3659   0   2.47e+08   6.782e+07   0
21.6   0.474   -1.103   0.3681   0   2.553e+08   -2.258e+07   0
21.7   0.4751   -1.079   0.3619   0   2.431e+08   -8.137e+07   0
21.8   0.4751   -1.054   0.3537   0   2.431e+08   -8.137e+07   0
21.9   0.4751   -1.03   0.3456   0   2.431e+08   -8.137e+07   0
22   0.4751   -1.006   0.3374   0   2.431e+08   -8.137e+07   0
22.1   0.4751   -0.9814   0.3293   0   2.431e+08   -8.137e+07   0
22.2   0.4751   -0.957   0.3212   0   2.431e+08   -8.137e+07   0
22.3   0.4751   -0.9327   0.313   0   2.431e+08   -8.137e+07   0
22.4   0.4751   -0.9084   0.3049   0   2.431e+08   -8.137e+07   0
22.5   0.4751   -0.8841   0.2968   0   2.431e+08   -8.137e+07   0
22.6   0.4751   -0.8598   0.2886   0   2.431e+08   -8.137e+07   0
22.7   0.4751   -0.8355   0.2805   0   2.431e+08   -8.137e+07   0
22.8   0.4751   -0.8112   0.2723   0   2.431e+08   -8.137e+07   0
22.9   0.4751   -0.7868   0.2642   0   2.431e+08   -8.137e+07   0
23   0.4751   -0.7625   0.2561   0   2.431e+08   -8.137e+07   0
23.1   0.4751   -0.7382   0.2479   0   2.431e+08   -8.137e+07   0
23.2   0.4751   -0.7139   0.2398   0   2.431e+08   -8.137e+07   0
23.3   0.4757   -0.6896   0.2317   0   2.432e+08   -8.139e+07   0
23.4   0.4758   -0.6653   0.2235   0   2.432e+08   -8.139e+07   0
23.5   0.4755   -0.6409   0.2154   0   2.432e+08   -8.138e+07   0
23.6   0.4747   -0.6166   0.2072   0   2.431e+08   -8.136e+07   0
23.7   0.4734   -0.5923   0.1991   0   2.43e+08   -8.132e+07   0
23.8   0.4716   -0.568   0.191   0   2.428e+08   -8.126e+07   0
23.9   0.4692   -0.5438   0.1829   0   2.426e+08   -8.119e+07   0
24   0.4661   -0.5195   0.1747   0   2.423e+08   -8.109e+07   0
24.1   0.4624   -0.4953   0.1666   0   2.42e+08   -8.097e+07   0
24.2   0.4579   -0.4711   0.1586   0   2.415e+08   -8.082e+07   0
24.3   0.4527   -0.447   0.1505   0   2.41e+08   -8.065e+07   0
24.4   0.4466   -0.4229   0.1424   0   2.404e+08   -8.045e+07   0
24.5   0.4397   -0.3989   0.1344   0   2.397e+08   -8.021e+07   0
24.6   0.4317   -0.375   0.1264   0   2.389e+08   -7.993e+07   0
24.7   0.4228   -0.3511   0.1184   0   2.38e+08   -7.96e+07   0
24.8   0.4127   -0.3274   0.1105   0   2.368e+08   -7.921e+07   0
24.9   0.4014   -0.3038   0.1026   0   2.355e+08   -7.877e+07   0
25   0.3888   -0.2803   0.09472   0   2.34e+08   -7.824e+07   0
25.1   0.3747   -0.257   0.08693   0   2.322e+08   -7.762e+07   0
25.2   0.3589   -0.2338   0.0792   0   2.301e+08   -7.688e+07   0
25.3   0.3412   -0.211   0.07156   0   2.276e+08   -7.6e+07   0
25.4   0.3214   -0.1884   0.06401   0   2.245e+08   -7.492e+07   0
25.5   0.3114   -0.166   0.05656   0   2.228e+08   -7.434e+07   0
25.6   0.3114   -0.1437   0.04913   0   2.228e+08   -7.434e+07   0
25.7   0.3114   -0.1215   0.04169   0   2.228e+08   -7.434e+07   0
25.8   0.3114   -0.09918   0.03426   0   2.228e+08   -7.434e+07   0
25.9   0.3114   -0.0769   0.02682   0   2.228e+08   -7.434e+07   0
26   0.3114   -0.05462   0.01939   0   2.228e+08   -7.434e+07   0
26.1   0.3114   -0.03233   0.01196   0   2.228e+08   -7.434e+07   0
26.2   0.3114   -0.01005   0.004521   0   2.228e+08   -7.434e+07   0
26.3   0.3114   0.01223   -0.002913   0   2.228e+08   -7.434e+07   0
26.4   0.3114   0.03452   -0.01035   0   2.228e+08   -7.434e+07   0
26.5   0.3114   0.0568   -0.01778   0   2.228e+08   -7.434e+07   0
26.6   0.3114   0.07908   -0.02522   0   2.228e+08   -7.434e+07   0
26.7   0.3114   0.1014   -0.03265   0   2.228e+08   -7.434e+07   0
26.8   0.3114   0.1236   -0.04008   0   2.228e+08   -7.434e+07   0
26.9   0.3114   0.1459   -0.04752   0   2.228e+08   -7.434e+07   0
27   0.3114   0.1682   -0.05495   0   2.228e+08   -7.434e+07   0
27.1   0.3182   0.1905   -0.0624   0   2.24e+08   -7.47e+07   0
27.2   0.3296   0.213   -0.0699   0   2.258e+08   -7.529e+07   0
27.3   0.3389   0.2357   -0.07745   0   2.273e+08   -7.575e+07   0
27.4   0.3464   0.2585   -0.08505   0   2.284e+08   -7.611e+07   0
27.5   0.3523   0.2813   -0.09267   0   2.292e+08   -7.639e+07   0
27.6   0.3569   0.3043   -0.1003   0   2.299e+08   -7.66e+07   0
27.7   0.3603   0.3273   -0.108   0   2.304e+08   -7.676e+07   0
27.8   0.3627   0.3504   -0.1157   0   2.307e+08   -7.686e+07   0
27.9   0.3641   0.3735   -0.1234   0   2.309e+08   -7.693e+07   0
28   0.3648   0.3966   -0.1311   0   2.31e+08   -7.695e+07   0
28.1   0.3647   0.4197   -0.1388   0   2.31e+08   -7.695e+07   0
28.2   0.364   0.4427   -0.1464   0   2.309e+08   -7.692e+07   0
28.3   0.3626   0.4658   -0.1541   0   2.307e+08   -7.686e+07   0
28.4   0.3608   0.4889   -0.1618   0   2.304e+08   -7.678e+07   0
28.5   0.3585   0.5119   -0.1695   0   2.301e+08   -7.667e+07   0
28.6   0.3558   0.5349   -0.1771   0   2.297e+08   -7.655e+07   0
28.7   0.3528   0.5579   -0.1848   0   2.293e+08   -7.641e+07   0
28.8   0.3494   0.5808   -0.1924   0   2.288e+08   -7.625e+07   0
28.9   0.3457   0.6036   -0.2   0   2.283e+08   -7.607e+07   0
29   0.3419   0.6264   -0.2076   0   2.277e+08   -7.588e+07   0
29.1   0.3378   0.6492   -0.2152   0   2.271e+08   -7.568e+07   0
29.2   0.3336   0.6718   -0.2228   0   2.264e+08   -7.547e+07   0
29.3   0.3292   0.6944   -0.2303   0   2.258e+08   -7.524e+07   0
29.4   0.3252   0.717   -0.2378   0   2.251e+08   -7.503e+07   0
29.5   0.3252   0.7395   -0.2453   0   2.251e+08   -7.503e+07   0
29.6   0.3252   0.762   -0.2528   0   2.251e+08   -7.503e+07   0
29.7   0.3252   0.7845   -0.2603   0   2.251e+08   -7.503e+07   0
29.8   0.3252   0.807   -0.2678   0   2.251e+08   -7.503e+07   0
29.9   0.3252   0.8295   -0.2753   0   2.251e+08   -7.503e+07   0
30   0.3252   0.8521   -0.2828   0   2.251e+08   -7.503e+07   0
30.1   0.3252   0.8746   -0.2903   0   2.251e+08   -7.503e+07   0
30.2   0.3252   0.8971   -0.2979   0   2.251e+08   -7.503e+07   0
30.3   0.3252   0.9196   -0.3054   0   2.251e+08   -7.503e+07   0
30.4   0.3252   0.9421   -0.3129   0   2.251e+08   -7.503e+07   0
30.5   0.3252   0.9646   -0.3204   0   2.251e+08   -7.503e+07   0
30.6   0.3252   0.9871   -0.3279   0   2.251e+08   -7.503e+07   0
30.7   0.3252   1.01   -0.3354   0   2.251e+08   -7.503e+07   0
30.8   0.3252   1.032   -0.3429   0   2.251e+08   -7.503e+07   0
30.9   0.3252   1.055   -0.3504   0   2.251e+08   -7.503e+07   0
31   0.3252   1.077   -0.3579   0   2.251e+08   -7.503e+07   0
31.1   0.3252   1.1   -0.3654   0   2.251e+08   -7.503e+07   0
31.2   0.3273   1.119   -0.3779   0   1.57e+08   -1.784e+08   0
31.3   0.3297   1.129   -0.3992   0   3.403e+07   -2.356e+08   0
31.4   0.3321   1.126   -0.4225   0   -1.001e+08   -2.164e+08   0
31.5   0.3345   1.11   -0.4401   0   -2.02e+08   -1.275e+08   0
31.6   0.3369   1.088   -0.4465   0   -2.392e+08   2.451e+06   0
31.7   0.3392   1.065   -0.4396   0   -2.06e+08   1.224e+08   0
31.8   0.3392   1.044   -0.4273   0   -2.06e+08   1.224e+08   0
31.9   0.3392   1.024   -0.4151   0   -2.06e+08   1.224e+08   0
32   0.3392   1.003   -0.4028   0   -2.06e+08   1.224e+08   0
32.1   0.3392   0.9825   -0.3906   0   -2.06e+08   1.224e+08   0
32.2   0.3392   0.9619   -0.3784   0   -2.06e+08   1.224e+08   0
32.3   0.3392   0.9413   -0.3661   0   -2.06e+08   1.224e+08   0
32.4   0.3392   0.9207   -0.3539   0   -2.06e+08   1.224e+08   0
32.5   0.3392   0.9001   -0.3417   0   -2.06e+08   1.224e+08   0
32.6   0.3392   0.8795   -0.3294   0   -2.06e+08   1.224e+08   0
32.7   0.3392   0.8589   -0.3172   0   -2.06e+08   1.224e+08   0
32.8   0.3392   0.8383   -0.3049   0   -2.06e+08   1.224e+08   0
32.9   0.3392   0.8177   -0.2927   0   -2.06e+08   1.224e+08   0
33   0.3392   0.7971   -0.2805   0   -2.06e+08   1.224e+08   0
33.1   0.3392   0.7765   -0.2682   0   -2.06e+08   1.224e+08   0
33.2   0.3392   0.7559   -0.256   0   -2.06e+08   1.224e+08   0
33.3   0.3392   0.7353   -0.2437   0   -2.06e+08   1.224e+08   0
33.4   0.339   0.7147   -0.2315   0   -2.059e+08   1.224e+08   0
33.5   0.3362   0.6942   -0.2193   0   -2.054e+08   1.224e+08   0
33.6   0.333   0.6737   -0.207   0   -2.048e+08   1.224e+08   0
33.7   0.3293   0.6532   -0.1948   0   -2.041e+08   1.225e+08   0
33.8   0.3253   0.6329   -0.1825   0   -2.032e+08   1.225e+08   0
33.9   0.3207   0.6126   -0.1703   0   -2.023e+08   1.226e+08   0
34   0.3158   0.5924   -0.158   0   -2.012e+08   1.227e+08   0
34.1   0.3104   0.5723   -0.1457   0   -2e+08   1.229e+08   0
34.2   0.3046   0.5524   -0.1334   0   -1.986e+08   1.231e+08   0
34.3   0.2984   0.5326   -0.1211   0   -1.971e+08   1.233e+08   0
34.4   0.2918   0.513   -0.1088   0   -1.954e+08   1.236e+08   0
34.5   0.2847   0.4935   -0.09639   0   -1.935e+08   1.239e+08   0
34.6   0.2773   0.4743   -0.08397   0   -1.914e+08   1.244e+08   0
34.7   0.2696   0.4553   -0.07151   0   -1.891e+08   1.249e+08   0
34.8   0.2615   0.4365   -0.05899   0   -1.865e+08   1.255e+08   0
34.9   0.2532   0.418   -0.0464   0   -1.837e+08   1.263e+08   0
35   0.2447   0.3998   -0.03373   0   -1.806e+08   1.272e+08   0
35.1   0.2361   0.3819   -0.02095   0   -1.771e+08   1.283e+08   0
35.2   0.2274   0.3644   -0.008059   0   -1.733e+08   1.296e+08   0
35.3   0.2188   0.3472   0.004972   0   -1.692e+08   1.311e+08   0
35.4   0.2104   0.3305   0.01817   0   -1.647e+08   1.328e+08   0
35.5   0.2023   0.3143   0.03155   0   -1.599e+08   1.349e+08   0
35.6   0.1947   0.2986   0.04515   0   -1.547e+08   1.372e+08   0
35.7   0.1877   0.2834   0.059   0   -1.492e+08   1.398e+08   0
35.8   0.1816   0.2687   0.07312   0   -1.435e+08   1.427e+08   0
35.9   0.1765   0.2547   0.08755   0   -1.376e+08   1.459e+08   0
36   0.1725   0.2412   0.1023   0   -1.316e+08   1.494e+08   0
36.1   0.1697   0.2284   0.1174   0   -1.258e+08   1.529e+08   0
36.2   0.1681   0.2161   0.1329   0   -1.202e+08   1.566e+08   0
36.3   0.1676   0.2043   0.1488   0   -1.15e+08   1.602e+08   0
36.4   0.1681   0.1931   0.165   0   -1.104e+08   1.637e+08   0
36.5   0.1694   0.1822   0.1815   0   -1.063e+08   1.67e+08   0
36.6   0.1713   0.1718   0.1984   0   -1.028e+08   1.7e+08   0
36.7   0.1734   0.1617   0.2155   0   -9.996e+07   1.726e+08   0
36.8   0.1756   0.1518   0.2329   0   -9.772e+07   1.748e+08   0
36.9   0.1776   0.1421   0.2504   0   -9.601e+07   1.765e+08   0
37   0.1794   0.1326   0.2682   0   -9.479e+07   1.779e+08   0
37.1   0.1808   0.1231   0.286   0   -9.397e+07   1.789e+08   0
37.2   0.1818   0.1138   0.3039   0   -9.348e+07   1.795e+08   0
37.3   0.1822   0.1044   0.3219   0   -9.328e+07   1.798e+08   0
37.4   0.1822   0.09509   0.3399   0   -9.33e+07   1.798e+08   0
37.5   0.1816   0.08575   0.3578   0   -9.35e+07   1.795e+08   0
37.6   0.1805   0.07639   0.3758   0   -9.383e+07   1.789e+08   0
37.7   0.179   0.06698   0.3936   0   -9.427e+07   1.78e+08   0
37.8   0.1771   0.05753   0.4114   0   -9.478e+07   1.77e+08   0
37.9   0.1747   0.04803   0.429   0   -9.534e+07   1.757e+08   0
38   0.172   0.03846   0.4465   0   -9.593e+07   1.743e+08   0
38.1   0.169   0.02884   0.4638   0   -9.654e+07   1.726e+08   0
38.2   0.1656   0.01915   0.481   0   -9.714e+07   1.708e+08   0
38.3   0.1621   0.009409   0.498   0   -9.774e+07   1.689e+08   0
38.4   0.1583   -0.0003942   0.5148   0   -9.832e+07   1.668e+08   0
38.5   0.1544   -0.01025   0.5314   0   -9.886e+07   1.646e+08   0
38.6   0.1504   -0.02017   0.5477   0   -9.938e+07   1.623e+08   0
38.7   0.1462   -0.03013   0.5638   0   -9.985e+07   1.599e+08   0
38.8   0.142   -0.04014   0.5797   0   -1.003e+08   1.574e+08   0
38.9   0.1377   -0.05018   0.5953   0   -1.007e+08   1.548e+08   0
39   0.1334   -0.06027   0.6106   0   -1.01e+08   1.522e+08   0
39.1   0.1291   -0.07038   0.6257   0   -1.013e+08   1.495e+08   0
39.2   0.1249   -0.08052   0.6405   0   -1.015e+08   1.467e+08   0
39.3   0.1207   -0.09068   0.6551   0   -1.017e+08   1.44e+08   0
39.4   0.1166   -0.1009   0.6693   0   -1.018e+08   1.412e+08   0
39.5   0.1126   -0.111   0.6833   0   -1.019e+08   1.384e+08   0
39.6   0.1087   -0.1212   0.697   0   -1.019e+08   1.356e+08   0
39.7   0.1049   -0.1314   0.7104   0   -1.019e+08   1.328e+08   0
39.8   0.1012   -0.1416   0.7235   0   -1.018e+08   1.3e+08   0
39.9   0.09771   -0.1518   0.7364   0   -1.017e+08   1.273e+08   0
40   0.09743   -0.162   0.7491   0   -1.017e+08   1.27e+08   0
40.1   0.09743   -0.1721   0.7618   0   -1.017e+08   1.27e+08   0
40.2   0.09743   -0.1823   0.7745   0   -1.017e+08   1.27e+08   0
40.3   0.09743   -0.1925   0.7872   0   -1.017e+08   1.27e+08   0
40.4   0.09743   -0.2026   0.7999   0   -1.017e+08   1.27e+08   0
40.5   0.09743   -0.2128   0.8126   0   -1.017e+08   1.27e+08   0
40.6   0.09743   -0.223   0.8253   0   -1.017e+08   1.27e+08   0
40.7   0.09743   -0.2331   0.838   0   -1.017e+08   1.27e+08   0
40.8   0.09743   -0.2433   0.8507   0   -1.017e+08   1.27e+08   0
40.9   0.09743   -0.2535   0.8634   0   -1.017e+08   1.27e+08   0
41   0.09743   -0.2636   0.8761   0   -1.017e+08   1.27e+08   0
41.1   0.09743   -0.2738   0.8888   0   -1.017e+08   1.27e+08   0
41.2   0.09743   -0.284   0.9016   0   -1.017e+08   1.27e+08   0
41.3   0.09743   -0.2942   0.9143   0   -1.017e+08   1.27e+08   0
41.4   0.09743   -0.3043   0.927   0   -1.017e+08   1.27e+08   0
41.5   0.09743   -0.3145   0.9397   0   -1.017e+08   1.27e+08   0
41.6   0.09743   -0.3247   0.9524   0   -1.017e+08   1.27e+08   0
41.7   0.09743   -0.3348   0.9651   0   -1.017e+08   1.27e+08   0
41.8   0.09743   -0.345   0.9778   0   -1.017e+08   1.27e+08   0
41.9   0.09743   -0.3552   0.9905   0   -1.017e+08   1.27e+08   0
42   0.09743   -0.3653   1.003   0   -1.017e+08   1.27e+08   0
42.1   0.09743   -0.3755   1.016   0   -1.017e+08   1.27e+08   0
42.2   0.09743   -0.3857   1.029   0   -1.017e+08   1.27e+08   0
42.3   0.09743   -0.3959   1.041   0   -1.017e+08   1.27e+08   0
42.4   0.09743   -0.406   1.054   0   -1.017e+08   1.27e+08   0
42.5   0.09743   -0.4162   1.067   0   -1.017e+08   1.27e+08   0
42.6   0.09743   -0.4264   1.079   0   -1.017e+08   1.27e+08   0
42.7   0.09743   -0.4365   1.092   0   -1.017e+08   1.27e+08   0
42.8   0.09743   -0.4467   1.105   0   -1.017e+08   1.27e+08   0
42.9   0.09743   -0.4569   1.118   0   -1.017e+08   1.27e+08   0
43   0.09743   -0.467   1.13   0   -1.017e+08   1.27e+08   0
43.1   0.09743   -0.4772   1.143   0   -1.017e+08   1.27e+08   0
43.2   0.09743   -0.4874   1.156   0   -1.017e+08   1.27e+08   0
43.3   0.09743   -0.4975   1.168   0   -1.017e+08   1.27e+08   0
43.4   0.09743   -0.5077   1.181   0   -1.017e+08   1.27e+08   0
43.5   0.09743   -0.5179   1.194   0   -1.017e+08   1.27e+08   0
43.6   0.09743   -0.5281   1.206   0   -1.017e+08   1.27e+08   0
43.7   0.09743   -0.5382   1.219   0   -1.017e+08   1.27e+08   0
43.8   0.09743   -0.5484   1.232   0   -1.017e+08   1.27e+08   0
43.9   0.09743   -0.5586   1.245   0   -1.017e+08   1.27e+08   0
44   0.09743   -0.5687   1.257   0   -1.017e+08   1.27e+08   0
44.1   0.09743   -0.5789   1.27   0   -1.017e+08   1.27e+08   0
44.2   0.09743   -0.5891   1.283   0   -1.017e+08   1.27e+08   0
44.3   0.09743   -0.5992   1.295   0   -1.017e+08   1.27e+08   0
44.4   0.09743   -0.6094   1.308   0   -1.017e+08   1.27e+08   0
44.5   0.09743   -0.6196   1.321   0   -1.017e+08   1.27e+08   0
44.6   0.09743   -0.6297   1.333   0   -1.017e+08   1.27e+08   0
44.7   0.09743   -0.6399   1.346   0   -1.017e+08   1.27e+08   0
44.8   0.09743   -0.6501   1.359   0   -1.017e+08   1.27e+08   0
44.9   0.09743   -0.6603   1.372   0   -1.017e+08   1.27e+08   0
45   0.09743   -0.6704   1.384   0   -1.017e+08   1.27e+08   0
