0   0.04   -0.753   0   0   1.121e+08   0   0
0.1   0.04   -0.753   0   0   1.121e+08   0   0
0.2   0.04   -0.753   0   0   1.121e+08   0   0
0.3   0.04   -0.753   0   0   1.121e+08   0   0
0.4   0.04   -0.753   0   0   1.121e+08   0   0
0.5   0.04   -0.753   0   0   1.121e+08   0   0
0.6   0.04   -0.753   0   0   1.121e+08   0   0
0.7   0.04   -0.753   0   0   1.121e+08   0   0
0.8   0.04   -0.753   0   0   1.121e+08   0   0
0.9   0.04   -0.753   0   0   1.121e+08   0   0
1   0.04   -0.753   0   0   1.121e+08   0   0
1.1   0.04   -0.753   0   0   1.121e+08   0   0
1.2   0.04   -0.753   0   0   1.121e+08   0   0
1.3   0.04   -0.753   0   0   1.121e+08   0   0
1.4   0.04   -0.753   0   0   1.121e+08   0   0
1.5   0.0418   -0.7433   0   0   1.144e+08   0   0
1.6   0.04412   -0.7318   0   0   1.171e+08   0   0
1.7   0.04664   -0.7199   0   0   1.2e+08   0   0
1.8   0.04938   -0.7078   0   0   1.23e+08   0   0
1.9   0.05232   -0.6953   0   0   1.262e+08   0   0
2   0.05548   -0.6825   0   0   1.294e+08   0   0
2.1   0.05885   -0.6694   0   0   1.327e+08   0   0
2.2   0.06244   -0.656   0   0   1.36e+08   0   0
2.3   0.06624   -0.6422   0   0   1.394e+08   0   0
2.4   0.07024   -0.6281   0   0   1.429e+08   0   0
2.5   0.07445   -0.6136   0   0   1.463e+08   0   0
2.6   0.07885   -0.5988   0   0   1.497e+08   0   0
2.7   0.08344   -0.5837   0   0   1.532e+08   0   0
2.8   0.0882   -0.5682   0   0   1.566e+08   0   0
2.9   0.09313   -0.5524   0   0   1.599e+08   0   0
3   0.09819   -0.5362   0   0   1.632e+08   0   0
3.1   0.1034   -0.5197   0   0   1.664e+08   0   0
3.2   0.1087   -0.5029   0   0   1.696e+08   0   0
3.3   0.1141   -0.4858   0   0   1.726e+08   0   0
3.4   0.1195   -0.4684   0   0   1.756e+08   0   0
3.5   0.1249   -0.4507   0   0   1.784e+08   0   0
3.6   0.1304   -0.4327   0   0   1.812e+08   0   0
3.7   0.1357   -0.4144   0   0   1.838e+08   0   0
3.8   0.141   -0.3959   0   0   1.862e+08   0   0
3.9   0.1462   -0.3772   0   0   1.885e+08   0   0
4   0.1511   -0.3582   0   0   1.906e+08   0   0
4.1   0.1558   -0.3391   0   0   1.926e+08   0   0
4.2   0.1602   -0.3197   0   0   1.944e+08   0   0
4.3   0.1642   -0.3002   0   0   1.96e+08   0   0
4.4   0.1677   -0.2805   0   0   1.973e+08   0   0
4.5   0.1706   -0.2607   0   0   1.984e+08   0   0
4.6   0.1729   -0.2409   0   0   1.992e+08   0   0
4.7   0.1742   -0.2209   0   0   1.997e+08   0   0
4.8   0.1746   -0.2009   0   0   1.999e+08   0   0
4.9   0.1742   -0.181   0   0   1.997e+08   0   0
5   0.1742   -0.161   0   0   1.997e+08   0   0
5.1   0.1742   -0.141   0   0   1.997e+08   0   0
5.2   0.1742   -0.121   0   0   1.997e+08   0   0
5.3   0.1742   -0.1011   0   0   1.997e+08   0   0
5.4   0.1742   -0.0811   0   0   1.997e+08   0   0
5.5   0.1742   -0.06113   0   0   1.997e+08   0   0
5.6   0.1742   -0.04116   0   0   1.997e+08   0   0
5.7   0.1742   -0.02119   0   0   1.997e+08   0   0
5.8   0.1742   -0.001215   0   0   1.997e+08   0   0
5.9   0.1742   0.01876   0   0   1.997e+08   0   0
6   0.1742   0.03873   0   0   1.997e+08   0   0
6.1   0.1742   0.0587   0   0   1.997e+08   0   0
6.2   0.1742   0.07867   0   0   1.997e+08   0   0
6.3   0.1742   0.09864   0   0   1.997e+08   0   0
6.4   0.1742   0.1186   0   0   1.997e+08   0   0
6.5   0.1742   0.1386   0   0   1.997e+08   0   0
6.6   0.1742   0.1586   0   0   1.997e+08   0   0
6.7   0.1742   0.1785   0   0   1.997e+08   0   0
6.8   0.1835   0.1986   0   0   2.03e+08   0   0
6.9   0.2011   0.2192   0   0   2.088e+08   0   0
7   0.2177   0.2403   0   0   2.137e+08   0   0
7.1   0.2332   0.2619   0   0   2.179e+08   0   0
7.2   0.2478   0.2839   0   0   2.216e+08   0   0
7.3   0.2614   0.3062   0   0   2.248e+08   0   0
7.4   0.2741   0.3288   0   0   2.276e+08   0   0
7.5   0.2859   0.3517   0   0   2.301e+08   0   0
7.6   0.2969   0.3748   0   0   2.322e+08   0   0
7.7   0.3071   0.3982   0   0   2.341e+08   0   0
7.8   0.3165   0.4217   0   0   2.358e+08   0   0
7.9   0.3252   0.4453   0   0   2.373e+08   0   0
8   0.3331   0.4691   0   0   2.386e+08   0   0
8.1   0.3403   0.493   0   0   2.398e+08   0   0
8.2   0.3469   0.5171   0   0   2.408e+08   0   0
8.3   0.3528   0.5412   0   0   2.417e+08   0   0
8.4   0.3581   0.5654   0   0   2.425e+08   0   0
8.5   0.3627   0.5897   0   0   2.432e+08   0   0
8.6   0.3668   0.614   0   0   2.438e+08   0   0
8.7   0.3704   0.6384   0   0   2.443e+08   0   0
8.8   0.3734   0.6629   0   0   2.447e+08   0   0
8.9   0.3759   0.6874   0   0   2.45e+08   0   0
9   0.3779   0.7119   0   0   2.453e+08   0   0
9.1   0.3795   0.7364   0   0   2.455e+08   0   0
9.2   0.3803   0.761   0   0   2.456e+08   0   0
9.3   0.3803   0.7856   0   0   2.456e+08   0   0
9.4   0.3803   0.8101   0   0   2.456e+08   0   0
9.5   0.3803   0.8347   0   0   2.456e+08   0   0
9.6   0.3803   0.8593   0   0   2.456e+08   0   0
9.7   0.3803   0.8838   0   0   2.456e+08   0   0
9.8   0.3803   0.9084   0   0   2.456e+08   0   0
9.9   0.3803   0.9329   0   0   2.456e+08   0   0
10   0.3803   0.9575   0   0   2.456e+08   0   0
10.1   0.3803   0.9821   0   0   2.456e+08   0   0
10.2   0.3803   1.007   0   0   2.456e+08   0   0
10.3   0.3803   1.031   0   0   2.456e+08   0   0
10.4   0.3803   1.056   0   0   2.456e+08   0   0
10.5   0.3803   1.08   0   0   2.456e+08   0   0
10.6   0.3803   1.105   0   0   2.456e+08   0   0
10.7   0.3811   1.129   -0.003004   0   2.368e+08   -6.561e+07   0
10.8   0.3819   1.152   -0.01303   0   2.069e+08   -1.327e+08   0
10.9   0.3827   1.17   -0.02922   0   1.586e+08   -1.88e+08   0
11   0.3835   1.183   -0.05012   0   9.608e+07   -2.265e+08   0
11.1   0.3844   1.189   -0.07388   0   2.505e+07   -2.449e+08   0
11.2   0.3852   1.188   -0.09838   0   -4.821e+07   -2.415e+08   0
11.3   0.386   1.179   -0.1215   0   -1.172e+08   -2.167e+08   0
11.4   0.3869   1.164   -0.1411   0   -1.758e+08   -1.728e+08   0
11.5   0.3877   1.145   -0.1554   0   -2.189e+08   -1.136e+08   0
11.6   0.3885   1.121   -0.1634   0   -2.427e+08   -4.435e+07   0
11.7   0.3894   1.097   -0.1641   0   -2.451e+08   2.878e+07   0
11.8   0.3895   1.072   -0.1602   0   -2.435e+08   4.041e+07   0
11.9   0.3895   1.048   -0.1561   0   -2.435e+08   4.041e+07   0
12   0.3895   1.024   -0.1521   0   -2.435e+08   4.041e+07   0
12.1   0.3895   0.9992   -0.148   0   -2.435e+08   4.041e+07   0
12.2   0.3895   0.9749   -0.144   0   -2.435e+08   4.041e+07   0
12.3   0.3895   0.9505   -0.14   0   -2.435e+08   4.041e+07   0
12.4   0.3895   0.9262   -0.1359   0   -2.435e+08   4.041e+07   0
12.5   0.3895   0.9018   -0.1319   0   -2.435e+08   4.041e+07   0
12.6   0.3895   0.8775   -0.1278   0   -2.435e+08   4.041e+07   0
12.7   0.3895   0.8531   -0.1238   0   -2.435e+08   4.041e+07   0
12.8   0.3895   0.8288   -0.1198   0   -2.435e+08   4.041e+07   0
12.9   0.3895   0.8044   -0.1157   0   -2.435e+08   4.041e+07   0
13   0.3895   0.7801   -0.1117   0   -2.435e+08   4.041e+07   0
13.1   0.3895   0.7557   -0.1076   0   -2.435e+08   4.041e+07   0
13.2   0.3915   0.7314   -0.1036   0   -2.438e+08   4.043e+07   0
13.3   0.3948   0.707   -0.09954   0   -2.442e+08   4.047e+07   0
13.4   0.3978   0.6825   -0.09549   0   -2.446e+08   4.05e+07   0
13.5   0.4005   0.6581   -0.09144   0   -2.449e+08   4.053e+07   0
13.6   0.403   0.6335   -0.08739   0   -2.452e+08   4.055e+07   0
13.7   0.405   0.609   -0.08333   0   -2.455e+08   4.057e+07   0
13.8   0.4067   0.5845   -0.07927   0   -2.457e+08   4.059e+07   0
13.9   0.4079   0.5599   -0.07521   0   -2.458e+08   4.06e+07   0
14   0.4086   0.5353   -0.07115   0   -2.459e+08   4.061e+07   0
14.1   0.4088   0.5107   -0.06709   0   -2.459e+08   4.061e+07   0
14.2   0.4084   0.4861   -0.06303   0   -2.459e+08   4.06e+07   0
14.3   0.4074   0.4615   -0.05897   0   -2.458e+08   4.06e+07   0
14.4   0.4056   0.437   -0.05491   0   -2.455e+08   4.059e+07   0
14.5   0.403   0.4124   -0.05086   0   -2.452e+08   4.058e+07   0
14.6   0.3995   0.3879   -0.0468   0   -2.448e+08   4.056e+07   0
14.7   0.3951   0.3635   -0.04274   0   -2.442e+08   4.055e+07   0
14.8   0.3896   0.3391   -0.03869   0   -2.435e+08   4.054e+07   0
14.9   0.3829   0.3148   -0.03463   0   -2.426e+08   4.054e+07   0
15   0.3749   0.2906   -0.03058   0   -2.415e+08   4.056e+07   0
15.1   0.3653   0.2665   -0.02652   0   -2.401e+08   4.059e+07   0
15.2   0.354   0.2425   -0.02246   0   -2.385e+08   4.065e+07   0
15.3   0.3407   0.2188   -0.01839   0   -2.364e+08   4.077e+07   0
15.4   0.3251   0.1953   -0.0143   0   -2.337e+08   4.098e+07   0
15.5   0.3194   0.172   -0.0102   0   -2.327e+08   4.108e+07   0
15.6   0.3194   0.1487   -0.006088   0   -2.327e+08   4.108e+07   0
15.7   0.3194   0.1255   -0.00198   0   -2.327e+08   4.108e+07   0
15.8   0.3194   0.1022   0.002127   0   -2.327e+08   4.108e+07   0
15.9   0.3194   0.07892   0.006235   0   -2.327e+08   4.108e+07   0
16   0.3194   0.05565   0.01034   0   -2.327e+08   4.108e+07   0
16.1   0.3194   0.03238   0.01445   0   -2.327e+08   4.108e+07   0
16.2   0.3194   0.009104   0.01856   0   -2.327e+08   4.108e+07   0
16.3   0.3194   -0.01417   0.02267   0   -2.327e+08   4.108e+07   0
16.4   0.3194   -0.03744   0.02677   0   -2.327e+08   4.108e+07   0
16.5   0.3194   -0.06071   0.03088   0   -2.327e+08   4.108e+07   0
16.6   0.3194   -0.08398   0.03499   0   -2.327e+08   4.108e+07   0
16.7   0.3194   -0.1073   0.0391   0   -2.327e+08   4.108e+07   0
16.8   0.3194   -0.1305   0.0432   0   -2.327e+08   4.108e+07   0
16.9   0.3194   -0.1538   0.04731   0   -2.327e+08   4.108e+07   0
17   0.3194   -0.1771   0.05142   0   -2.327e+08   4.108e+07   0
17.1   0.3356   -0.2004   0.05558   0   -2.353e+08   4.227e+07   0
17.2   0.3529   -0.2241   0.05987   0   -2.378e+08   4.34e+07   0
17.3   0.3681   -0.248   0.06425   0   -2.399e+08   4.428e+07   0
17.4   0.3813   -0.2721   0.06872   0   -2.416e+08   4.497e+07   0
17.5   0.3929   -0.2963   0.07324   0   -2.431e+08   4.553e+07   0
17.6   0.403   -0.3207   0.07782   0   -2.443e+08   4.598e+07   0
17.7   0.4118   -0.3452   0.08244   0   -2.453e+08   4.635e+07   0
17.8   0.4194   -0.3697   0.08709   0   -2.461e+08   4.665e+07   0
17.9   0.4259   -0.3944   0.09176   0   -2.469e+08   4.689e+07   0
18   0.4314   -0.4191   0.09646   0   -2.475e+08   4.709e+07   0
18.1   0.436   -0.4439   0.1012   0   -2.479e+08   4.725e+07   0
18.2   0.4398   -0.4687   0.1059   0   -2.483e+08   4.737e+07   0
18.3   0.4427   -0.4935   0.1107   0   -2.486e+08   4.747e+07   0
18.4   0.445   -0.5184   0.1154   0   -2.489e+08   4.754e+07   0
18.5   0.4466   -0.5433   0.1202   0   -2.49e+08   4.759e+07   0
18.6   0.4476   -0.5682   0.1249   0   -2.491e+08   4.762e+07   0
18.7   0.4481   -0.5931   0.1297   0   -2.492e+08   4.763e+07   0
18.8   0.448   -0.6181   0.1344   0   -2.492e+08   4.763e+07   0
18.9   0.4474   -0.643   0.1392   0   -2.491e+08   4.761e+07   0
19   0.4464   -0.6679   0.144   0   -2.49e+08   4.759e+07   0
19.1   0.4451   -0.6928   0.1487   0   -2.489e+08   4.755e+07   0
19.2   0.4433   -0.7176   0.1535   0   -2.487e+08   4.75e+07   0
19.3   0.4417   -0.7425   0.1582   0   -2.485e+08   4.745e+07   0
19.4   0.4417   -0.7674   0.163   0   -2.485e+08   4.745e+07   0
19.5   0.4417   -0.7922   0.1677   0   -2.485e+08   4.745e+07   0
19.6   0.4417   -0.8171   0.1725   0   -2.485e+08   4.745e+07   0
19.7   0.4417   -0.8419   0.1772   0   -2.485e+08   4.745e+07   0
19.8   0.4417   -0.8668   0.182   0   -2.485e+08   4.745e+07   0
19.9   0.4417   -0.8916   0.1867   0   -2.485e+08   4.745e+07   0
20   0.4417   -0.9165   0.1914   0   -2.485e+08   4.745e+07   0
20.1   0.4417   -0.9413   0.1962   0   -2.485e+08   4.745e+07   0
20.2   0.4417   -0.9662   0.2009   0   -2.485e+08   4.745e+07   0
20.3   0.4417   -0.991   0.2057   0   -2.485e+08   4.745e+07   0
20.4   0.4417   -1.016   0.2104   0   -2.485e+08   4.745e+07   0
20.5   0.4417   -1.041   0.2152   0   -2.485e+08   4.745e+07   0
20.6   0.4417   -1.066   0.2199   0   -2.485e+08   4.745e+07   0
20.7   0.4417   -1.09   0.2247   0   -2.485e+08   4.745e+07   0
20.8   0.4417   -1.115   0.2294   0   -2.485e+08   4.745e+07   0
20.9   0.4428   -1.14   0.2363   0   -2.288e+08   1.084e+08   0
21   0.4444   -1.16   0.2511   0   -1.747e+08   1.834e+08   0
21.1   0.446   -1.174   0.2722   0   -9.747e+07   2.34e+08   0
21.2   0.4477   -1.179   0.2969   0   -7.293e+06   2.535e+08   0
21.3   0.4493   -1.175   0.3218   0   8.382e+07   2.396e+08   0
21.4   0.4509   -1.162   0.3437   0   1.639e+08   1.941e+08   0
21.5   0.4525   -1.143   0.3597   0   2.224e+08   1.231e+08   0
21.6   0.4542   -1.119   0.3677   0   2.518e+08   3.598e+07   0
21.7   0.4558   -1.094   0.3667   0   2.483e+08   -5.576e+07   0
21.8   0.4562   -1.069   0.359   0   2.417e+08   -7.977e+07   0
21.9   0.4562   -1.045   0.351   0   2.417e+08   -7.977e+07   0
22   0.4562   -1.021   0.3431   0   2.417e+08   -7.977e+07   0
22.1   0.4562   -0.9968   0.3351   0   2.417e+08   -7.977e+07   0
22.2   0.4562   -0.9727   0.3271   0   2.417e+08   -7.977e+07   0
22.3   0.4562   -0.9485   0.3191   0   2.417e+08   -7.977e+07   0
22.4   0.4562   -0.9243   0.3111   0   2.417e+08   -7.977e+07   0
22.5   0.4562   -0.9001   0.3032   0   2.417e+08   -7.977e+07   0
22.6   0.4562   -0.876   0.2952   0   2.417e+08   -7.977e+07   0
22.7   0.4562   -0.8518   0.2872   0   2.417e+08   -7.977e+07   0
22.8   0.4562   -0.8276   0.2792   0   2.417e+08   -7.977e+07   0
22.9   0.4562   -0.8035   0.2713   0   2.417e+08   -7.977e+07   0
23   0.4562   -0.7793   0.2633   0   2.417e+08   -7.977e+07   0
23.1   0.4562   -0.7551   0.2553   0   2.417e+08   -7.977e+07   0
23.2   0.4562   -0.7309   0.2473   0   2.417e+08   -7.977e+07   0
23.3   0.4563   -0.7068   0.2394   0   2.417e+08   -7.978e+07   0
23.4   0.4565   -0.6826   0.2314   0   2.417e+08   -7.978e+07   0
23.5   0.4562   -0.6584   0.2234   0   2.417e+08   -7.977e+07   0
23.6   0.4555   -0.6343   0.2154   0   2.416e+08   -7.975e+07   0
23.7   0.4542   -0.6101   0.2074   0   2.415e+08   -7.97e+07   0
23.8   0.4524   -0.586   0.1995   0   2.413e+08   -7.964e+07   0
23.9   0.4501   -0.5618   0.1915   0   2.411e+08   -7.956e+07   0
24   0.4472   -0.5377   0.1836   0   2.408e+08   -7.945e+07   0
24.1   0.4436   -0.5137   0.1756   0   2.405e+08   -7.932e+07   0
24.2   0.4393   -0.4896   0.1677   0   2.4e+08   -7.916e+07   0
24.3   0.4343   -0.4657   0.1598   0   2.395e+08   -7.897e+07   0
24.4   0.4286   -0.4417   0.1519   0   2.389e+08   -7.874e+07   0
24.5   0.422   -0.4179   0.1441   0   2.382e+08   -7.847e+07   0
24.6   0.4146   -0.3941   0.1362   0   2.374e+08   -7.816e+07   0
24.7   0.4062   -0.3704   0.1284   0   2.365e+08   -7.78e+07   0
24.8   0.3967   -0.3468   0.1207   0   2.354e+08   -7.737e+07   0
24.9   0.3862   -0.3233   0.113   0   2.341e+08   -7.688e+07   0
25   0.3745   -0.3   0.1053   0   2.327e+08   -7.63e+07   0
25.1   0.3615   -0.2768   0.0977   0   2.309e+08   -7.561e+07   0
25.2   0.3471   -0.2538   0.09017   0   2.289e+08   -7.48e+07   0
25.3   0.3311   -0.231   0.08274   0   2.266e+08   -7.382e+07   0
25.4   0.3133   -0.2085   0.07542   0   2.237e+08   -7.264e+07   0
25.5   0.2936   -0.1863   0.06823   0   2.203e+08   -7.119e+07   0
25.6   0.2839   -0.1644   0.06117   0   2.186e+08   -7.042e+07   0
25.7   0.2839   -0.1426   0.05412   0   2.186e+08   -7.042e+07   0
25.8   0.2839   -0.1207   0.04708   0   2.186e+08   -7.042e+07   0
25.9   0.2839   -0.09883   0.04004   0   2.186e+08   -7.042e+07   0
26   0.2839   -0.07698   0.033   0   2.186e+08   -7.042e+07   0
26.1   0.2839   -0.05512   0.02595   0   2.186e+08   -7.042e+07   0
26.2   0.2839   -0.03326   0.01891   0   2.186e+08   -7.042e+07   0
26.3   0.2839   -0.0114   0.01187   0   2.186e+08   -7.042e+07   0
26.4   0.2839   0.01046   0.004828   0   2.186e+08   -7.042e+07   0
26.5   0.2839   0.03232   -0.002215   0   2.186e+08   -7.042e+07   0
26.6   0.2839   0.05418   -0.009257   0   2.186e+08   -7.042e+07   0
26.7   0.2839   0.07603   -0.0163   0   2.186e+08   -7.042e+07   0
26.8   0.2839   0.09789   -0.02334   0   2.186e+08   -7.042e+07   0
26.9   0.2839   0.1198   -0.03038   0   2.186e+08   -7.042e+07   0
27   0.2839   0.1416   -0.03743   0   2.186e+08   -7.042e+07   0
27.1   0.2839   0.1635   -0.04447   0   2.186e+08   -7.042e+07   0
27.2   0.286   0.1853   -0.05151   0   2.19e+08   -7.051e+07   0
27.3   0.2964   0.2073   -0.05859   0   2.21e+08   -7.095e+07   0
27.4   0.3047   0.2295   -0.0657   0   2.225e+08   -7.131e+07   0
27.5   0.3112   0.2518   -0.07284   0   2.237e+08   -7.158e+07   0
27.6   0.3162   0.2742   -0.08001   0   2.246e+08   -7.18e+07   0
27.7   0.3199   0.2967   -0.0872   0   2.252e+08   -7.195e+07   0
27.8   0.3225   0.3193   -0.0944   0   2.256e+08   -7.206e+07   0
27.9   0.3241   0.3418   -0.1016   0   2.259e+08   -7.213e+07   0
28   0.3248   0.3644   -0.1088   0   2.26e+08   -7.216e+07   0
28.1   0.3247   0.387   -0.116   0   2.26e+08   -7.215e+07   0
28.2   0.3239   0.4096   -0.1233   0   2.258e+08   -7.212e+07   0
28.3   0.3225   0.4322   -0.1305   0   2.256e+08   -7.206e+07   0
28.4   0.3205   0.4548   -0.1377   0   2.253e+08   -7.197e+07   0
28.5   0.3181   0.4773   -0.1449   0   2.249e+08   -7.186e+07   0
28.6   0.3153   0.4997   -0.152   0   2.244e+08   -7.172e+07   0
28.7   0.3121   0.5221   -0.1592   0   2.239e+08   -7.157e+07   0
28.8   0.3086   0.5445   -0.1664   0   2.232e+08   -7.14e+07   0
28.9   0.3048   0.5668   -0.1735   0   2.226e+08   -7.121e+07   0
29   0.3007   0.589   -0.1806   0   2.219e+08   -7.1e+07   0
29.1   0.2965   0.6112   -0.1877   0   2.211e+08   -7.078e+07   0
29.2   0.2921   0.6332   -0.1947   0   2.203e+08   -7.054e+07   0
29.3   0.2876   0.6552   -0.2018   0   2.194e+08   -7.029e+07   0
29.4   0.283   0.6771   -0.2088   0   2.185e+08   -7.003e+07   0
29.5   0.2783   0.6989   -0.2158   0   2.176e+08   -6.976e+07   0
29.6   0.2738   0.7206   -0.2228   0   2.167e+08   -6.949e+07   0
29.7   0.2738   0.7423   -0.2297   0   2.167e+08   -6.949e+07   0
29.8   0.2738   0.7639   -0.2367   0   2.167e+08   -6.949e+07   0
29.9   0.2738   0.7856   -0.2436   0   2.167e+08   -6.949e+07   0
30   0.2738   0.8073   -0.2506   0   2.167e+08   -6.949e+07   0
30.1   0.2738   0.8289   -0.2575   0   2.167e+08   -6.949e+07   0
30.2   0.2738   0.8506   -0.2645   0   2.167e+08   -6.949e+07   0
30.3   0.2738   0.8723   -0.2714   0   2.167e+08   -6.949e+07   0
30.4   0.2738   0.8939   -0.2784   0   2.167e+08   -6.949e+07   0
30.5   0.2738   0.9156   -0.2853   0   2.167e+08   -6.949e+07   0
30.6   0.2738   0.9373   -0.2922   0   2.167e+08   -6.949e+07   0
30.7   0.2738   0.9589   -0.2992   0   2.167e+08   -6.949e+07   0
30.8   0.2738   0.9806   -0.3061   0   2.167e+08   -6.949e+07   0
30.9   0.2738   1.002   -0.3131   0   2.167e+08   -6.949e+07   0
31   0.2738   1.024   -0.32   0   2.167e+08   -6.949e+07   0
31.1   0.2738   1.046   -0.327   0   2.167e+08   -6.949e+07   0
31.2   0.2738   1.067   -0.3339   0   2.167e+08   -6.949e+07   0
31.3   0.2738   1.089   -0.3409   0   2.167e+08   -6.949e+07   0
31.4   0.2738   1.111   -0.3478   0   2.167e+08   -6.949e+07   0
31.5   0.2738   1.132   -0.3548   0   2.167e+08   -6.949e+07   0
31.6   0.2738   1.154   -0.3617   0   2.167e+08   -6.949e+07   0
31.7   0.2738   1.176   -0.3687   0   2.167e+08   -6.949e+07   0
31.8   0.2738   1.197   -0.3756   0   2.167e+08   -6.949e+07   0
31.9   0.2738   1.219   -0.3826   0   2.167e+08   -6.949e+07   0
32   0.2738   1.241   -0.3895   0   2.167e+08   -6.949e+07   0
32.1   0.2738   1.262   -0.3965   0   2.167e+08   -6.949e+07   0
32.2   0.2738   1.284   -0.4034   0   2.167e+08   -6.949e+07   0
32.3   0.2738   1.306   -0.4104   0   2.167e+08   -6.949e+07   0
32.4   0.2738   1.327   -0.4173   0   2.167e+08   -6.949e+07   0
32.5   0.2738   1.349   -0.4243   0   2.167e+08   -6.949e+07   0
32.6   0.2738   1.371   -0.4312   0   2.167e+08   -6.949e+07   0
32.7   0.2738   1.392   -0.4382   0   2.167e+08   -6.949e+07   0
32.8   0.2738   1.414   -0.4451   0   2.167e+08   -6.949e+07   0
32.9   0.2738   1.436   -0.4521   0   2.167e+08   -6.949e+07   0
33   0.2738   1.457   -0.459   0   2.167e+08   -6.949e+07   0
33.1   0.2738   1.479   -0.466   0   2.167e+08   -6.949e+07   0
33.2   0.2738   1.501   -0.4729   0   2.167e+08   -6.949e+07   0
33.3   0.2738   1.522   -0.4799   0   2.167e+08   -6.949e+07   0
33.4   0.2738   1.544   -0.4868   0   2.167e+08   -6.949e+07   0
33.5   0.2738   1.566   -0.4938   0   2.167e+08   -6.949e+07   0
33.6   0.2738   1.587   -0.5007   0   2.167e+08   -6.949e+07   0
33.7   0.2738   1.609   -0.5077   0   2.167e+08   -6.949e+07   0
33.8   0.2738   1.631   -0.5146   0   2.167e+08   -6.949e+07   0
33.9   0.2738   1.652   -0.5216   0   2.167e+08   -6.949e+07   0
34   0.2738   1.674   -0.5285   0   2.167e+08   -6.949e+07   0
34.1   0.2738   1.696   -0.5355   0   2.167e+08   -6.949e+07   0
34.2   0.2738   1.717   -0.5424   0   2.167e+08   -6.949e+07   0
34.3   0.2738   1.739   -0.5494   0   2.167e+08   -6.949e+07   0
34.4   0.2738   1.761   -0.5563   0   2.167e+08   -6.949e+07   0
34.5   0.2738   1.782   -0.5633   0   2.167e+08   -6.949e+07   0
34.6   0.2738   1.804   -0.5702   0   2.167e+08   -6.949e+07   0
34.7   0.2738   1.826   -0.5772   0   2.167e+08   -6.949e+07   0
34.8   0.2738   1.847   -0.5841   0   2.167e+08   -6.949e+07   0
34.9   0.2738   1.869   -0.5911   0   2.167e+08   -6.949e+07   0
35   0.2738   1.891   -0.598   0   2.167e+08   -6.949e+07   0
35.1   0.2738   1.912   -0.605   0   2.167e+08   -6.949e+07   0
35.2   0.2738   1.934   -0.6119   0   2.167e+08   -6.949e+07   0
35.3   0.2738   1.956   -0.6189   0   2.167e+08   -6.949e+07   0
35.4   0.2738   1.977   -0.6258   0   2.167e+08   -6.949e+07   0
35.5   0.2738   1.999   -0.6328   0   2.167e+08   -6.949e+07   0
35.6   0.2738   2.021   -0.6397   0   2.167e+08   -6.949e+07   0
35.7   0.2738   2.042   -0.6467   0   2.167e+08   -6.949e+07   0
35.8   0.2738   2.064   -0.6536   0   2.167e+08   -6.949e+07   0
35.9   0.2738   2.086   -0.6606   0   2.167e+08   -6.949e+07   0
36   0.2738   2.107   -0.6675   0   2.167e+08   -6.949e+07   0
36.1   0.2738   2.129   -0.6745   0   2.167e+08   -6.949e+07   0
36.2   0.2738   2.151   -0.6814   0   2.167e+08   -6.949e+07   0
36.3   0.2738   2.172   -0.6884   0   2.167e+08   -6.949e+07   0
36.4   0.2738   2.194   -0.6953   0   2.167e+08   -6.949e+07   0
36.5   0.2738   2.216   -0.7023   0   2.167e+08   -6.949e+07   0
36.6   0.2738   2.237   -0.7092   0   2.167e+08   -6.949e+07   0
36.7   0.2738   2.259   -0.7162   0   2.167e+08   -6.949e+07   0
36.8   0.2738   2.281   -0.7231   0   2.167e+08   -6.949e+07   0
36.9   0.2738   2.302   -0.7301   0   2.167e+08   -6.949e+07   0
37   0.2738   2.324   -0.737   0   2.167e+08   -6.949e+07   0
37.1   0.2738   2.346   -0.744   0   2.167e+08   -6.949e+07   0
37.2   0.2738   2.367   -0.7509   0   2.167e+08   -6.949e+07   0
37.3   0.2738   2.389   -0.7578   0   2.167e+08   -6.949e+07   0
37.4   0.2738   2.411   -0.7648   0   2.167e+08   -6.949e+07   0
37.5   0.2738   2.432   -0.7717   0   2.167e+08   -6.949e+07   0
37.6   0.2738   2.454   -0.7787   0   2.167e+08   -6.949e+07   0
37.7   0.2738   2.476   -0.7856   0   2.167e+08   -6.949e+07   0
37.8   0.2738   2.497   -0.7926   0   2.167e+08   -6.949e+07   0
37.9   0.2738   2.519   -0.7995   0   2.167e+08   -6.949e+07   0
38   0.2738   2.541   -0.8065   0   2.167e+08   -6.949e+07   0
38.1   0.2738   2.562   -0.8134   0   2.167e+08   -6.949e+07   0
38.2   0.2738   2.584   -0.8204   0   2.167e+08   -6.949e+07   0
38.3   0.2738   2.606   -0.8273   0   2.167e+08   -6.949e+07   0
38.4   0.2738   2.627   -0.8343   0   2.167e+08   -6.949e+07   0
38.5   0.2738   2.649   -0.8412   0   2.167e+08   -6.949e+07   0
38.6   0.2738   2.671   -0.8482   0   2.167e+08   -6.949e+07   0
38.7   0.2738   2.692   -0.8551   0   2.167e+08   -6.949e+07   0
38.8   0.2738   2.714   -0.8621   0   2.167e+08   -6.949e+07   0
38.9   0.2738   2.736   -0.869   0   2.167e+08   -6.949e+07   0
39   0.2738   2.757   -0.876   0   2.167e+08   -6.949e+07   0
39.1   0.2738   2.779   -0.8829   0   2.167e+08   -6.949e+07   0
39.2   0.2738   2.801   -0.8899   0   2.167e+08   -6.949e+07   0
39.3   0.2738   2.822   -0.8968   0   2.167e+08   -6.949e+07   0
39.4   0.2738   2.844   -0.9038   0   2.167e+08   -6.949e+07   0
39.5   0.2738   2.866   -0.9107   0   2.167e+08   -6.949e+07   0
39.6   0.2738   2.887   -0.9177   0   2.167e+08   -6.949e+07   0
39.7   0.2738   2.909   -0.9246   0   2.167e+08   -6.949e+07   0
39.8   0.2738   2.931   -0.9316   0   2.167e+08   -6.949e+07   0
39.9   0.2738   2.952   -0.9385   0   2.167e+08   -6.949e+07   0
40   0.2738   2.974   -0.9455   0   2.167e+08   -6.949e+07   0
40.1   0.2738   2.996   -0.9524   0   2.167e+08   -6.949e+07   0
40.2   0.2738   3.017   -0.9594   0   2.167e+08   -6.949e+07   0
40.3   0.2738   3.039   -0.9663   0   2.167e+08   -6.949e+07   0
40.4   0.2738   3.061   -0.9733   0   2.167e+08   -6.949e+07   0
40.5   0.2738   3.082   -0.9802   0   2.167e+08   -6.949e+07   0
40.6   0.2738   3.104   -0.9872   0   2.167e+08   -6.949e+07   0
40.7   0.2738   3.126   -0.9941   0   2.167e+08   -6.949e+07   0
40.8   0.2738   3.147   -1.001   0   2.167e+08   -6.949e+07   0
40.9   0.2738   3.169   -1.008   0   2.167e+08   -6.949e+07   0
41   0.2738   3.191   -1.015   0   2.167e+08   -6.949e+07   0
41.1   0.2738   3.212   -1.022   0   2.167e+08   -6.949e+07   0
41.2   0.2738   3.234   -1.029   0   2.167e+08   -6.949e+07   0
41.3   0.2738   3.256   -1.036   0   2.167e+08   -6.949e+07   0
41.4   0.2738   3.277   -1.043   0   2.167e+08   -6.949e+07   0
41.5   0.2738   3.299   -1.05   0   2.167e+08   -6.949e+07   0
41.6   0.2738   3.321   -1.057   0   2.167e+08   -6.949e+07   0
41.7   0.2738   3.342   -1.064   0   2.167e+08   -6.949e+07   0
41.8   0.2738   3.364   -1.071   0   2.167e+08   -6.949e+07   0
41.9   0.2738   3.386   -1.078   0   2.167e+08   -6.949e+07   0
42   0.2738   3.407   -1.084   0   2.167e+08   -6.949e+07   0
42.1   0.2738   3.429   -1.091   0   2.167e+08   -6.949e+07   0
42.2   0.2738   3.451   -1.098   0   2.167e+08   -6.949e+07   0
42.3   0.2738   3.472   -1.105   0   2.167e+08   -6.949e+07   0
42.4   0.2738   3.494   -1.112   0   2.167e+08   -6.949e+07   0
42.5   0.2738   3.516   -1.119   0   2.167e+08   -6.949e+07   0
42.6   0.2738   3.537   -1.126   0   2.167e+08   -6.949e+07   0
42.7   0.2738   3.559   -1.133   0   2.167e+08   -6.949e+07   0
42.8   0.2738   3.581   -1.14   0   2.167e+08   -6.949e+07   0
42.9   0.2738   3.602   -1.147   0   2.167e+08   -6.949e+07   0
43   0.2738   3.624   -1.154   0   2.167e+08   -6.949e+07   0
43.1   0.2738   3.646   -1.161   0   2.167e+08   -6.949e+07   0
43.2   0.2738   3.667   -1.168   0   2.167e+08   -6.949e+07   0
43.3   0.2738   3.689   -1.175   0   2.167e+08   -6.949e+07   0
43.4   0.2738   3.711   -1.182   0   2.167e+08   -6.949e+07   0
43.5   0.2738   3.732   -1.189   0   2.167e+08   -6.949e+07   0
43.6   0.2738   3.754   -1.196   0   2.167e+08   -6.949e+07   0
43.7   0.2738   3.776   -1.203   0   2.167e+08   -6.949e+07   0
43.8   0.2738   3.797   -1.21   0   2.167e+08   -6.949e+07   0
43.9   0.2738   3.819   -1.217   0   2.167e+08   -6.949e+07   0
44   0.2738   3.841   -1.223   0   2.167e+08   -6.949e+07   0
44.1   0.2738   3.862   -1.23   0   2.167e+08   -6.949e+07   0
44.2   0.2738   3.884   -1.237   0   2.167e+08   -6.949e+07   0
44.3   0.2738   3.905   -1.244   0   2.167e+08   -6.949e+07   0
44.4   0.2738   3.927   -1.251   0   2.167e+08   -6.949e+07   0
44.5   0.2738   3.949   -1.258   0   2.167e+08   -6.949e+07   0
44.6   0.2738   3.97   -1.265   0   2.167e+08   -6.949e+07   0
44.7   0.2738   3.992   -1.272   0   2.167e+08   -6.949e+07   0
44.8   0.2738   4.014   -1.279   0   2.167e+08   -6.949e+07   0
44.9   0.2738   4.035   -1.286   0   2.167e+08   -6.949e+07   0
45   0.2738   4.057   -1.293   0   2.167e+08   -6.949e+07   0
