0   0.04   -0.753   0   0   1.121e+08   0   0
0.1   0.04   -0.753   0   0   1.121e+08   0   0
0.2   0.04   -0.753   0   0   1.121e+08   0   0
0.3   0.04   -0.753   0   0   1.121e+08   0   0
0.4   0.04   -0.753   0   0   1.121e+08   0   0
0.5   0.04   -0.753   0   0   1.121e+08   0   0
0.6   0.04   -0.753   0   0   1.121e+08   0   0
0.7   0.04   -0.753   0   0   1.121e+08   0   0
0.8   0.04   -0.753   0   0   1.121e+08   0   0
0.9   0.04   -0.753   0   0   1.121e+08   0   0
1   0.04   -0.753   0   0   1.121e+08   0   0
1.1   0.04   -0.753   0   0   1.121e+08   0   0
1.2   0.04   -0.753   0   0   1.121e+08   0   0
1.3   0.04   -0.753   0   0   1.121e+08   0   0
1.4   0.04   -0.753   0   0   1.121e+08   0   0
1.5   0.04137   -0.7456   0   0   1.138e+08   0   0
1.6   0.04367   -0.7341   0   0   1.166e+08   0   0
1.7   0.04618   -0.7223   0   0   1.195e+08   0   0
1.8   0.04889   -0.7102   0   0   1.225e+08   0   0
1.9   0.05182   -0.6978   0   0   1.256e+08   0   0
2   0.05495   -0.6851   0   0   1.289e+08   0   0
2.1   0.0583   -0.672   0   0   1.322e+08   0   0
2.2   0.06185   -0.6586   0   0   1.355e+08   0   0
2.3   0.06562   -0.6449   0   0   1.389e+08   0   0
2.4   0.06959   -0.6308   0   0   1.423e+08   0   0
2.5   0.07377   -0.6164   0   0   1.458e+08   0   0
2.6   0.07813   -0.6017   0   0   1.492e+08   0   0
2.7   0.08268   -0.5866   0   0   1.526e+08   0   0
2.8   0.0874   -0.5712   0   0   1.56e+08   0   0
2.9   0.09228   -0.5554   0   0   1.594e+08   0   0
3   0.0973   -0.5393   0   0   1.626e+08   0   0
3.1   0.1024   -0.5229   0   0   1.659e+08   0   0
3.2   0.1077   -0.5061   0   0   1.69e+08   0   0
3.3   0.113   -0.4891   0   0   1.721e+08   0   0
3.4   0.1184   -0.4717   0   0   1.75e+08   0   0
3.5   0.1238   -0.4541   0   0   1.779e+08   0   0
3.6   0.1291   -0.4361   0   0   1.806e+08   0   0
3.7   0.1345   -0.4179   0   0   1.832e+08   0   0
3.8   0.1397   -0.3995   0   0   1.856e+08   0   0
3.9   0.1448   -0.3808   0   0   1.879e+08   0   0
4   0.1497   -0.3619   0   0   1.9e+08   0   0
4.1   0.1543   -0.3428   0   0   1.92e+08   0   0
4.2   0.1586   -0.3235   0   0   1.937e+08   0   0
4.3   0.1626   -0.3041   0   0   1.953e+08   0   0
4.4   0.166   -0.2845   0   0   1.967e+08   0   0
4.5   0.1689   -0.2648   0   0   1.977e+08   0   0
4.6   0.171   -0.2449   0   0   1.986e+08   0   0
4.7   0.1724   -0.2251   0   0   1.991e+08   0   0
4.8   0.1727   -0.2051   0   0   1.992e+08   0   0
4.9   0.1721   -0.1852   0   0   1.989e+08   0   0
5   0.1721   -0.1653   0   0   1.989e+08   0   0
5.1   0.1721   -0.1454   0   0   1.989e+08   0   0
5.2   0.1721   -0.1256   0   0   1.989e+08   0   0
5.3   0.1721   -0.1057   0   0   1.989e+08   0   0
5.4   0.1721   -0.08576   0   0   1.989e+08   0   0
5.5   0.1721   -0.06587   0   0   1.989e+08   0   0
5.6   0.1721   -0.04597   0   0   1.989e+08   0   0
5.7   0.1721   -0.02608   0   0   1.989e+08   0   0
5.8   0.1721   -0.006186   0   0   1.989e+08   0   0
5.9   0.1721   0.01371   0   0   1.989e+08   0   0
6   0.1721   0.0336   0   0   1.989e+08   0   0
6.1   0.1721   0.0535   0   0   1.989e+08   0   0
6.2   0.1721   0.07339   0   0   1.989e+08   0   0
6.3   0.1721   0.09329   0   0   1.989e+08   0   0
6.4   0.1721   0.1132   0   0   1.989e+08   0   0
6.5   0.1721   0.1331   0   0   1.989e+08   0   0
6.6   0.1721   0.153   0   0   1.989e+08   0   0
6.7   0.1721   0.1729   0   0   1.989e+08   0   0
6.8   0.1761   0.1928   0   0   2.004e+08   0   0
6.9   0.194   0.2131   0   0   2.065e+08   0   0
7   0.2109   0.2341   0   0   2.118e+08   0   0
7.1   0.2267   0.2555   0   0   2.162e+08   0   0
7.2   0.2415   0.2773   0   0   2.201e+08   0   0
7.3   0.2553   0.2995   0   0   2.234e+08   0   0
7.4   0.2683   0.322   0   0   2.263e+08   0   0
7.5   0.2803   0.3447   0   0   2.289e+08   0   0
7.6   0.2914   0.3677   0   0   2.311e+08   0   0
7.7   0.3018   0.3909   0   0   2.331e+08   0   0
7.8   0.3113   0.4143   0   0   2.349e+08   0   0
7.9   0.3201   0.4379   0   0   2.364e+08   0   0
8   0.3281   0.4616   0   0   2.378e+08   0   0
8.1   0.3354   0.4855   0   0   2.39e+08   0   0
8.2   0.342   0.5094   0   0   2.401e+08   0   0
8.3   0.348   0.5335   0   0   2.41e+08   0   0
8.4   0.3533   0.5576   0   0   2.418e+08   0   0
8.5   0.3581   0.5818   0   0   2.425e+08   0   0
8.6   0.3622   0.6061   0   0   2.431e+08   0   0
8.7   0.3658   0.6304   0   0   2.436e+08   0   0
8.8   0.3689   0.6548   0   0   2.441e+08   0   0
8.9   0.3714   0.6793   0   0   2.444e+08   0   0
9   0.3734   0.7037   0   0   2.447e+08   0   0
9.1   0.375   0.7282   0   0   2.449e+08   0   0
9.2   0.3762   0.7527   0   0   2.451e+08   0   0
9.3   0.3762   0.7772   0   0   2.451e+08   0   0
9.4   0.3762   0.8017   0   0   2.451e+08   0   0
9.5   0.3762   0.8262   0   0   2.451e+08   0   0
9.6   0.3762   0.8507   0   0   2.451e+08   0   0
9.7   0.3762   0.8752   0   0   2.451e+08   0   0
9.8   0.3762   0.8997   0   0   2.451e+08   0   0
9.9   0.3762   0.9242   0   0   2.451e+08   0   0
10   0.3762   0.9487   0   0   2.451e+08   0   0
10.1   0.3762   0.9733   0   0   2.451e+08   0   0
10.2   0.3762   0.9978   0   0   2.451e+08   0   0
10.3   0.3762   1.022   0   0   2.451e+08   0   0
10.4   0.3762   1.047   0   0   2.451e+08   0   0
10.5   0.3762   1.071   0   0   2.451e+08   0   0
10.6   0.3762   1.096   0   0   2.451e+08   0   0
10.7   0.3766   1.12   -0.001056   0   2.42e+08   -3.904e+07   0
10.8   0.3774   1.143   -0.00856   0   2.196e+08   -1.092e+08   0
10.9   0.3782   1.163   -0.02263   0   1.774e+08   -1.695e+08   0
11   0.3791   1.178   -0.04201   0   1.192e+08   -2.146e+08   0
11.1   0.3799   1.187   -0.06494   0   5.029e+07   -2.404e+08   0
11.2   0.3807   1.188   -0.08938   0   -2.311e+07   -2.446e+08   0
11.3   0.3815   1.182   -0.1131   0   -9.445e+07   -2.269e+08   0
11.4   0.3823   1.17   -0.1341   0   -1.573e+08   -1.89e+08   0
11.5   0.3832   1.151   -0.1503   0   -2.062e+08   -1.342e+08   0
11.6   0.384   1.129   -0.1604   0   -2.367e+08   -6.743e+07   0
11.7   0.3848   1.105   -0.1635   0   -2.462e+08   5.31e+06   0
11.8   0.3852   1.08   -0.1603   0   -2.429e+08   4.046e+07   0
11.9   0.3852   1.056   -0.1563   0   -2.429e+08   4.046e+07   0
12   0.3852   1.032   -0.1522   0   -2.429e+08   4.046e+07   0
12.1   0.3852   1.007   -0.1482   0   -2.429e+08   4.046e+07   0
12.2   0.3852   0.983   -0.1441   0   -2.429e+08   4.046e+07   0
12.3   0.3852   0.9587   -0.1401   0   -2.429e+08   4.046e+07   0
12.4   0.3852   0.9344   -0.136   0   -2.429e+08   4.046e+07   0
12.5   0.3852   0.9101   -0.132   0   -2.429e+08   4.046e+07   0
12.6   0.3852   0.8858   -0.1279   0   -2.429e+08   4.046e+07   0
12.7   0.3852   0.8615   -0.1239   0   -2.429e+08   4.046e+07   0
12.8   0.3852   0.8372   -0.1198   0   -2.429e+08   4.046e+07   0
12.9   0.3852   0.8129   -0.1158   0   -2.429e+08   4.046e+07   0
13   0.3852   0.7886   -0.1117   0   -2.429e+08   4.046e+07   0
13.1   0.3852   0.7643   -0.1077   0   -2.429e+08   4.046e+07   0
13.2   0.386   0.74   -0.1037   0   -2.43e+08   4.047e+07   0
13.3   0.3892   0.7157   -0.09961   0   -2.435e+08   4.05e+07   0
13.4   0.3922   0.6913   -0.09556   0   -2.439e+08   4.054e+07   0
13.5   0.3949   0.6669   -0.0915   0   -2.442e+08   4.056e+07   0
13.6   0.3973   0.6425   -0.08744   0   -2.445e+08   4.059e+07   0
13.7   0.3993   0.618   -0.08338   0   -2.448e+08   4.06e+07   0
13.8   0.401   0.5935   -0.07932   0   -2.45e+08   4.062e+07   0
13.9   0.4022   0.569   -0.07526   0   -2.451e+08   4.063e+07   0
14   0.4029   0.5445   -0.0712   0   -2.452e+08   4.063e+07   0
14.1   0.4031   0.52   -0.06714   0   -2.452e+08   4.063e+07   0
14.2   0.4027   0.4955   -0.06307   0   -2.452e+08   4.063e+07   0
14.3   0.4016   0.471   -0.05901   0   -2.45e+08   4.062e+07   0
14.4   0.3999   0.4465   -0.05495   0   -2.448e+08   4.062e+07   0
14.5   0.3974   0.422   -0.05089   0   -2.445e+08   4.061e+07   0
14.6   0.394   0.3976   -0.04683   0   -2.441e+08   4.06e+07   0
14.7   0.3897   0.3732   -0.04277   0   -2.435e+08   4.059e+07   0
14.8   0.3844   0.3489   -0.03871   0   -2.428e+08   4.059e+07   0
14.9   0.3779   0.3246   -0.03465   0   -2.419e+08   4.06e+07   0
15   0.3701   0.3005   -0.03059   0   -2.408e+08   4.062e+07   0
15.1   0.3609   0.2765   -0.02652   0   -2.395e+08   4.066e+07   0
15.2   0.3501   0.2526   -0.02245   0   -2.378e+08   4.074e+07   0
15.3   0.3374   0.2289   -0.01837   0   -2.358e+08   4.088e+07   0
15.4   0.3225   0.2055   -0.01427   0   -2.333e+08   4.11e+07   0
15.5   0.3096   0.1823   -0.01015   0   -2.309e+08   4.136e+07   0
15.6   0.3096   0.1592   -0.006012   0   -2.309e+08   4.136e+07   0
15.7   0.3096   0.1361   -0.001876   0   -2.309e+08   4.136e+07   0
15.8   0.3096   0.113   0.002261   0   -2.309e+08   4.136e+07   0
15.9   0.3096   0.08994   0.006397   0   -2.309e+08   4.136e+07   0
16   0.3096   0.06685   0.01053   0   -2.309e+08   4.136e+07   0
16.1   0.3096   0.04376   0.01467   0   -2.309e+08   4.136e+07   0
16.2   0.3096   0.02067   0.01881   0   -2.309e+08   4.136e+07   0
16.3   0.3096   -0.002423   0.02294   0   -2.309e+08   4.136e+07   0
16.4   0.3096   -0.02551   0.02708   0   -2.309e+08   4.136e+07   0
16.5   0.3096   -0.0486   0.03121   0   -2.309e+08   4.136e+07   0
16.6   0.3096   -0.07169   0.03535   0   -2.309e+08   4.136e+07   0
16.7   0.3096   -0.09478   0.03949   0   -2.309e+08   4.136e+07   0
16.8   0.3096   -0.1179   0.04362   0   -2.309e+08   4.136e+07   0
16.9   0.3096   -0.141   0.04776   0   -2.309e+08   4.136e+07   0
17   0.3096   -0.1641   0.0519   0   -2.309e+08   4.136e+07   0
17.1   0.3155   -0.1872   0.05604   0   -2.319e+08   4.186e+07   0
17.2   0.3336   -0.2105   0.0603   0   -2.347e+08   4.326e+07   0
17.3   0.3494   -0.2341   0.06468   0   -2.371e+08   4.434e+07   0
17.4   0.3632   -0.2579   0.06916   0   -2.39e+08   4.518e+07   0
17.5   0.3753   -0.2819   0.07371   0   -2.406e+08   4.585e+07   0
17.6   0.3857   -0.306   0.07833   0   -2.419e+08   4.639e+07   0
17.7   0.3948   -0.3303   0.08299   0   -2.431e+08   4.682e+07   0
17.8   0.4027   -0.3546   0.08769   0   -2.44e+08   4.717e+07   0
17.9   0.4094   -0.3791   0.09242   0   -2.448e+08   4.746e+07   0
18   0.415   -0.4036   0.09718   0   -2.454e+08   4.768e+07   0
18.1   0.4197   -0.4281   0.102   0   -2.46e+08   4.787e+07   0
18.2   0.4236   -0.4528   0.1067   0   -2.464e+08   4.801e+07   0
18.3   0.4266   -0.4774   0.1116   0   -2.467e+08   4.812e+07   0
18.4   0.429   -0.5021   0.1164   0   -2.47e+08   4.82e+07   0
18.5   0.4306   -0.5268   0.1212   0   -2.471e+08   4.826e+07   0
18.6   0.4316   -0.5515   0.126   0   -2.472e+08   4.829e+07   0
18.7   0.4321   -0.5763   0.1309   0   -2.473e+08   4.831e+07   0
18.8   0.432   -0.601   0.1357   0   -2.473e+08   4.831e+07   0
18.9   0.4314   -0.6257   0.1405   0   -2.472e+08   4.829e+07   0
19   0.4304   -0.6504   0.1453   0   -2.471e+08   4.826e+07   0
19.1   0.429   -0.6751   0.1502   0   -2.47e+08   4.821e+07   0
19.2   0.4272   -0.6998   0.155   0   -2.468e+08   4.816e+07   0
19.3   0.4251   -0.7245   0.1598   0   -2.465e+08   4.809e+07   0
19.4   0.424   -0.7491   0.1646   0   -2.464e+08   4.806e+07   0
19.5   0.424   -0.7738   0.1694   0   -2.464e+08   4.806e+07   0
19.6   0.424   -0.7984   0.1742   0   -2.464e+08   4.806e+07   0
19.7   0.424   -0.8231   0.179   0   -2.464e+08   4.806e+07   0
19.8   0.424   -0.8477   0.1838   0   -2.464e+08   4.806e+07   0
19.9   0.424   -0.8723   0.1886   0   -2.464e+08   4.806e+07   0
20   0.424   -0.897   0.1934   0   -2.464e+08   4.806e+07   0
20.1   0.424   -0.9216   0.1982   0   -2.464e+08   4.806e+07   0
20.2   0.424   -0.9463   0.203   0   -2.464e+08   4.806e+07   0
20.3   0.424   -0.9709   0.2079   0   -2.464e+08   4.806e+07   0
20.4   0.424   -0.9956   0.2127   0   -2.464e+08   4.806e+07   0
20.5   0.424   -1.02   0.2175   0   -2.464e+08   4.806e+07   0
20.6   0.424   -1.045   0.2223   0   -2.464e+08   4.806e+07   0
20.7   0.424   -1.069   0.2271   0   -2.464e+08   4.806e+07   0
20.8   0.424   -1.094   0.2319   0   -2.464e+08   4.806e+07   0
20.9   0.424   -1.119   0.2367   0   -2.464e+08   4.806e+07   0
21   0.4254   -1.142   0.2452   0   -2.168e+08   1.269e+08   0
21.1   0.427   -1.161   0.2616   0   -1.555e+08   1.975e+08   0
21.2   0.4285   -1.173   0.2838   0   -7.283e+07   2.408e+08   0
21.3   0.4301   -1.175   0.3087   0   1.989e+07   2.51e+08   0
21.4   0.4317   -1.169   0.3328   0   1.099e+08   2.267e+08   0
21.5   0.4332   -1.154   0.353   0   1.848e+08   1.715e+08   0
21.6   0.4348   -1.132   0.3663   0   2.345e+08   9.29e+07   0
21.7   0.4364   -1.108   0.371   0   2.524e+08   1.73e+06   0
21.8   0.4378   -1.083   0.3666   0   2.402e+08   -7.821e+07   0
21.9   0.4378   -1.059   0.3588   0   2.402e+08   -7.821e+07   0
22   0.4378   -1.035   0.351   0   2.402e+08   -7.821e+07   0
22.1   0.4378   -1.011   0.3431   0   2.402e+08   -7.821e+07   0
22.2   0.4378   -0.987   0.3353   0   2.402e+08   -7.821e+07   0
22.3   0.4378   -0.963   0.3275   0   2.402e+08   -7.821e+07   0
22.4   0.4378   -0.9389   0.3197   0   2.402e+08   -7.821e+07   0
22.5   0.4378   -0.9149   0.3119   0   2.402e+08   -7.821e+07   0
22.6   0.4378   -0.8909   0.304   0   2.402e+08   -7.821e+07   0
22.7   0.4378   -0.8669   0.2962   0   2.402e+08   -7.821e+07   0
22.8   0.4378   -0.8429   0.2884   0   2.402e+08   -7.821e+07   0
22.9   0.4378   -0.8189   0.2806   0   2.402e+08   -7.821e+07   0
23   0.4378   -0.7948   0.2728   0   2.402e+08   -7.821e+07   0
23.1   0.4378   -0.7708   0.2649   0   2.402e+08   -7.821e+07   0
23.2   0.4378   -0.7468   0.2571   0   2.402e+08   -7.821e+07   0
23.3   0.4378   -0.7228   0.2493   0   2.402e+08   -7.821e+07   0
23.4   0.4378   -0.6988   0.2415   0   2.402e+08   -7.821e+07   0
23.5   0.4375   -0.6747   0.2337   0   2.402e+08   -7.82e+07   0
23.6   0.4368   -0.6507   0.2258   0   2.401e+08   -7.817e+07   0
23.7   0.4356   -0.6267   0.218   0   2.4e+08   -7.812e+07   0
23.8   0.4339   -0.6027   0.2102   0   2.398e+08   -7.805e+07   0
23.9   0.4316   -0.5788   0.2024   0   2.396e+08   -7.796e+07   0
24   0.4288   -0.5548   0.1946   0   2.393e+08   -7.784e+07   0
24.1   0.4254   -0.5309   0.1868   0   2.389e+08   -7.769e+07   0
24.2   0.4213   -0.5071   0.1791   0   2.385e+08   -7.751e+07   0
24.3   0.4166   -0.4832   0.1713   0   2.38e+08   -7.729e+07   0
24.4   0.4111   -0.4595   0.1636   0   2.374e+08   -7.703e+07   0
24.5   0.4049   -0.4358   0.1559   0   2.367e+08   -7.673e+07   0
24.6   0.3978   -0.4121   0.1483   0   2.359e+08   -7.638e+07   0
24.7   0.3899   -0.3886   0.1407   0   2.349e+08   -7.597e+07   0
24.8   0.3811   -0.3652   0.1331   0   2.339e+08   -7.548e+07   0
24.9   0.3712   -0.3418   0.1256   0   2.326e+08   -7.492e+07   0
25   0.3604   -0.3186   0.1181   0   2.312e+08   -7.426e+07   0
25.1   0.3483   -0.2956   0.1107   0   2.296e+08   -7.348e+07   0
25.2   0.3351   -0.2727   0.1034   0   2.277e+08   -7.256e+07   0
25.3   0.3205   -0.2501   0.09622   0   2.254e+08   -7.146e+07   0
25.4   0.3044   -0.2277   0.08914   0   2.229e+08   -7.014e+07   0
25.5   0.2868   -0.2055   0.0822   0   2.198e+08   -6.853e+07   0
25.6   0.2673   -0.1837   0.07545   0   2.161e+08   -6.653e+07   0
25.7   0.2575   -0.1623   0.06888   0   2.141e+08   -6.543e+07   0
25.8   0.2575   -0.1409   0.06234   0   2.141e+08   -6.543e+07   0
25.9   0.2575   -0.1194   0.05579   0   2.141e+08   -6.543e+07   0
26   0.2575   -0.09803   0.04925   0   2.141e+08   -6.543e+07   0
26.1   0.2575   -0.07661   0.04271   0   2.141e+08   -6.543e+07   0
26.2   0.2575   -0.0552   0.03617   0   2.141e+08   -6.543e+07   0
26.3   0.2575   -0.03378   0.02962   0   2.141e+08   -6.543e+07   0
26.4   0.2575   -0.01237   0.02308   0   2.141e+08   -6.543e+07   0
26.5   0.2575   0.009045   0.01654   0   2.141e+08   -6.543e+07   0
26.6   0.2575   0.03046   0.009997   0   2.141e+08   -6.543e+07   0
26.7   0.2575   0.05187   0.003454   0   2.141e+08   -6.543e+07   0
26.8   0.2575   0.07329   -0.003088   0   2.141e+08   -6.543e+07   0
26.9   0.2575   0.0947   -0.009631   0   2.141e+08   -6.543e+07   0
27   0.2575   0.1161   -0.01617   0   2.141e+08   -6.543e+07   0
27.1   0.2575   0.1375   -0.02272   0   2.141e+08   -6.543e+07   0
27.2   0.2575   0.1589   -0.02926   0   2.141e+08   -6.543e+07   0
27.3   0.2575   0.1804   -0.0358   0   2.141e+08   -6.543e+07   0
27.4   0.2648   0.2018   -0.04235   0   2.158e+08   -6.557e+07   0
27.5   0.272   0.2235   -0.04892   0   2.174e+08   -6.573e+07   0
27.6   0.2775   0.2453   -0.0555   0   2.186e+08   -6.588e+07   0
27.7   0.2816   0.2672   -0.06209   0   2.195e+08   -6.599e+07   0
27.8   0.2844   0.2892   -0.06869   0   2.2e+08   -6.607e+07   0
27.9   0.2861   0.3112   -0.0753   0   2.204e+08   -6.613e+07   0
28   0.2868   0.3333   -0.08192   0   2.205e+08   -6.615e+07   0
28.1   0.2867   0.3553   -0.08853   0   2.205e+08   -6.615e+07   0
28.2   0.2859   0.3774   -0.09515   0   2.203e+08   -6.612e+07   0
28.3   0.2844   0.3994   -0.1018   0   2.2e+08   -6.606e+07   0
28.4   0.2824   0.4214   -0.1084   0   2.196e+08   -6.598e+07   0
28.5   0.2798   0.4433   -0.115   0   2.191e+08   -6.588e+07   0
28.6   0.2768   0.4652   -0.1215   0   2.185e+08   -6.575e+07   0
28.7   0.2735   0.487   -0.1281   0   2.178e+08   -6.56e+07   0
28.8   0.2698   0.5087   -0.1347   0   2.17e+08   -6.544e+07   0
28.9   0.2658   0.5304   -0.1412   0   2.162e+08   -6.525e+07   0
29   0.2616   0.552   -0.1477   0   2.152e+08   -6.504e+07   0
29.1   0.2572   0.5735   -0.1542   0   2.143e+08   -6.482e+07   0
29.2   0.2527   0.5948   -0.1607   0   2.132e+08   -6.458e+07   0
29.3   0.248   0.6161   -0.1671   0   2.121e+08   -6.433e+07   0
29.4   0.2432   0.6372   -0.1735   0   2.11e+08   -6.406e+07   0
29.5   0.2384   0.6583   -0.1799   0   2.098e+08   -6.378e+07   0
29.6   0.2335   0.6792   -0.1863   0   2.086e+08   -6.349e+07   0
29.7   0.2287   0.7   -0.1926   0   2.073e+08   -6.319e+07   0
29.8   0.2238   0.7207   -0.1989   0   2.061e+08   -6.287e+07   0
29.9   0.2226   0.7412   -0.2052   0   2.057e+08   -6.279e+07   0
30   0.2226   0.7618   -0.2115   0   2.057e+08   -6.279e+07   0
30.1   0.2226   0.7824   -0.2178   0   2.057e+08   -6.279e+07   0
30.2   0.2226   0.803   -0.224   0   2.057e+08   -6.279e+07   0
30.3   0.2226   0.8235   -0.2303   0   2.057e+08   -6.279e+07   0
30.4   0.2226   0.8441   -0.2366   0   2.057e+08   -6.279e+07   0
30.5   0.2226   0.8647   -0.2429   0   2.057e+08   -6.279e+07   0
30.6   0.2226   0.8853   -0.2492   0   2.057e+08   -6.279e+07   0
30.7   0.2226   0.9058   -0.2554   0   2.057e+08   -6.279e+07   0
30.8   0.2226   0.9264   -0.2617   0   2.057e+08   -6.279e+07   0
30.9   0.2226   0.947   -0.268   0   2.057e+08   -6.279e+07   0
31   0.2226   0.9676   -0.2743   0   2.057e+08   -6.279e+07   0
31.1   0.2226   0.9881   -0.2806   0   2.057e+08   -6.279e+07   0
31.2   0.2226   1.009   -0.2868   0   2.057e+08   -6.279e+07   0
31.3   0.2226   1.029   -0.2931   0   2.057e+08   -6.279e+07   0
31.4   0.2226   1.05   -0.2994   0   2.057e+08   -6.279e+07   0
31.5   0.2226   1.07   -0.3057   0   2.057e+08   -6.279e+07   0
31.6   0.2226   1.091   -0.312   0   2.057e+08   -6.279e+07   0
31.7   0.2226   1.112   -0.3182   0   2.057e+08   -6.279e+07   0
31.8   0.2226   1.132   -0.3245   0   2.057e+08   -6.279e+07   0
31.9   0.2226   1.153   -0.3308   0   2.057e+08   -6.279e+07   0
32   0.2226   1.173   -0.3371   0   2.057e+08   -6.279e+07   0
32.1   0.2226   1.194   -0.3434   0   2.057e+08   -6.279e+07   0
32.2   0.2226   1.214   -0.3496   0   2.057e+08   -6.279e+07   0
32.3   0.2226   1.235   -0.3559   0   2.057e+08   -6.279e+07   0
32.4   0.2226   1.256   -0.3622   0   2.057e+08   -6.279e+07   0
32.5   0.2226   1.276   -0.3685   0   2.057e+08   -6.279e+07   0
32.6   0.2226   1.297   -0.3747   0   2.057e+08   -6.279e+07   0
32.7   0.2226   1.317   -0.381   0   2.057e+08   -6.279e+07   0
32.8   0.2226   1.338   -0.3873   0   2.057e+08   -6.279e+07   0
32.9   0.2226   1.358   -0.3936   0   2.057e+08   -6.279e+07   0
33   0.2226   1.379   -0.3999   0   2.057e+08   -6.279e+07   0
33.1   0.2226   1.4   -0.4061   0   2.057e+08   -6.279e+07   0
33.2   0.2226   1.42   -0.4124   0   2.057e+08   -6.279e+07   0
33.3   0.2226   1.441   -0.4187   0   2.057e+08   -6.279e+07   0
33.4   0.2226   1.461   -0.425   0   2.057e+08   -6.279e+07   0
33.5   0.2226   1.482   -0.4313   0   2.057e+08   -6.279e+07   0
33.6   0.2226   1.502   -0.4375   0   2.057e+08   -6.279e+07   0
33.7   0.2226   1.523   -0.4438   0   2.057e+08   -6.279e+07   0
33.8   0.2226   1.544   -0.4501   0   2.057e+08   -6.279e+07   0
33.9   0.2226   1.564   -0.4564   0   2.057e+08   -6.279e+07   0
34   0.2226   1.585   -0.4627   0   2.057e+08   -6.279e+07   0
34.1   0.2226   1.605   -0.4689   0   2.057e+08   -6.279e+07   0
34.2   0.2226   1.626   -0.4752   0   2.057e+08   -6.279e+07   0
34.3   0.2226   1.646   -0.4815   0   2.057e+08   -6.279e+07   0
34.4   0.2226   1.667   -0.4878   0   2.057e+08   -6.279e+07   0
34.5   0.2226   1.688   -0.4941   0   2.057e+08   -6.279e+07   0
34.6   0.2226   1.708   -0.5003   0   2.057e+08   -6.279e+07   0
34.7   0.2226   1.729   -0.5066   0   2.057e+08   -6.279e+07   0
34.8   0.2226   1.749   -0.5129   0   2.057e+08   -6.279e+07   0
34.9   0.2226   1.77   -0.5192   0   2.057e+08   -6.279e+07   0
35   0.2226   1.79   -0.5255   0   2.057e+08   -6.279e+07   0
35.1   0.2226   1.811   -0.5317   0   2.057e+08   -6.279e+07   0
35.2   0.2226   1.832   -0.538   0   2.057e+08   -6.279e+07   0
35.3   0.2226   1.852   -0.5443   0   2.057e+08   -6.279e+07   0
35.4   0.2226   1.873   -0.5506   0   2.057e+08   -6.279e+07   0
35.5   0.2226   1.893   -0.5569   0   2.057e+08   -6.279e+07   0
35.6   0.2226   1.914   -0.5631   0   2.057e+08   -6.279e+07   0
35.7   0.2226   1.934   -0.5694   0   2.057e+08   -6.279e+07   0
35.8   0.2226   1.955   -0.5757   0   2.057e+08   -6.279e+07   0
35.9   0.2226   1.976   -0.582   0   2.057e+08   -6.279e+07   0
36   0.2226   1.996   -0.5882   0   2.057e+08   -6.279e+07   0
36.1   0.2226   2.017   -0.5945   0   2.057e+08   -6.279e+07   0
36.2   0.2226   2.037   -0.6008   0   2.057e+08   -6.279e+07   0
36.3   0.2226   2.058   -0.6071   0   2.057e+08   -6.279e+07   0
36.4   0.2226   2.078   -0.6134   0   2.057e+08   -6.279e+07   0
36.5   0.2226   2.099   -0.6196   0   2.057e+08   -6.279e+07   0
36.6   0.2226   2.12   -0.6259   0   2.057e+08   -6.279e+07   0
36.7   0.2226   2.14   -0.6322   0   2.057e+08   -6.279e+07   0
36.8   0.2226   2.161   -0.6385   0   2.057e+08   -6.279e+07   0
36.9   0.2226   2.181   -0.6448   0   2.057e+08   -6.279e+07   0
37   0.2226   2.202   -0.651   0   2.057e+08   -6.279e+07   0
37.1   0.2226   2.222   -0.6573   0   2.057e+08   -6.279e+07   0
37.2   0.2226   2.243   -0.6636   0   2.057e+08   -6.279e+07   0
37.3   0.2226   2.264   -0.6699   0   2.057e+08   -6.279e+07   0
37.4   0.2226   2.284   -0.6762   0   2.057e+08   -6.279e+07   0
37.5   0.2226   2.305   -0.6824   0   2.057e+08   -6.279e+07   0
37.6   0.2226   2.325   -0.6887   0   2.057e+08   -6.279e+07   0
37.7   0.2226   2.346   -0.695   0   2.057e+08   -6.279e+07   0
37.8   0.2226   2.367   -0.7013   0   2.057e+08   -6.279e+07   0
37.9   0.2226   2.387   -0.7076   0   2.057e+08   -6.279e+07   0
38   0.2226   2.408   -0.7138   0   2.057e+08   -6.279e+07   0
38.1   0.2226   2.428   -0.7201   0   2.057e+08   -6.279e+07   0
38.2   0.2226   2.449   -0.7264   0   2.057e+08   -6.279e+07   0
38.3   0.2226   2.469   -0.7327   0   2.057e+08   -6.279e+07   0
38.4   0.2226   2.49   -0.739   0   2.057e+08   -6.279e+07   0
38.5   0.2226   2.511   -0.7452   0   2.057e+08   -6.279e+07   0
38.6   0.2226   2.531   -0.7515   0   2.057e+08   -6.279e+07   0
38.7   0.2226   2.552   -0.7578   0   2.057e+08   -6.279e+07   0
38.8   0.2226   2.572   -0.7641   0   2.057e+08   -6.279e+07   0
38.9   0.2226   2.593   -0.7704   0   2.057e+08   -6.279e+07   0
39   0.2226   2.613   -0.7766   0   2.057e+08   -6.279e+07   0
39.1   0.2226   2.634   -0.7829   0   2.057e+08   -6.279e+07   0
39.2   0.2226   2.655   -0.7892   0   2.057e+08   -6.279e+07   0
39.3   0.2226   2.675   -0.7955   0   2.057e+08   -6.279e+07   0
39.4   0.2226   2.696   -0.8018   0   2.057e+08   -6.279e+07   0
39.5   0.2226   2.716   -0.808   0   2.057e+08   -6.279e+07   0
39.6   0.2226   2.737   -0.8143   0   2.057e+08   -6.279e+07   0
39.7   0.2226   2.757   -0.8206   0   2.057e+08   -6.279e+07   0
39.8   0.2226   2.778   -0.8269   0   2.057e+08   -6.279e+07   0
39.9   0.2226   2.799   -0.8331   0   2.057e+08   -6.279e+07   0
40   0.2226   2.819   -0.8394   0   2.057e+08   -6.279e+07   0
40.1   0.2226   2.84   -0.8457   0   2.057e+08   -6.279e+07   0
40.2   0.2226   2.86   -0.852   0   2.057e+08   -6.279e+07   0
40.3   0.2226   2.881   -0.8583   0   2.057e+08   -6.279e+07   0
40.4   0.2226   2.901   -0.8645   0   2.057e+08   -6.279e+07   0
40.5   0.2226   2.922   -0.8708   0   2.057e+08   -6.279e+07   0
40.6   0.2226   2.943   -0.8771   0   2.057e+08   -6.279e+07   0
40.7   0.2226   2.963   -0.8834   0   2.057e+08   -6.279e+07   0
40.8   0.2226   2.984   -0.8897   0   2.057e+08   -6.279e+07   0
40.9   0.2226   3.004   -0.8959   0   2.057e+08   -6.279e+07   0
41   0.2226   3.025   -0.9022   0   2.057e+08   -6.279e+07   0
41.1   0.2226   3.045   -0.9085   0   2.057e+08   -6.279e+07   0
41.2   0.2226   3.066   -0.9148   0   2.057e+08   -6.279e+07   0
41.3   0.2226   3.087   -0.9211   0   2.057e+08   -6.279e+07   0
41.4   0.2226   3.107   -0.9273   0   2.057e+08   -6.279e+07   0
41.5   0.2226   3.128   -0.9336   0   2.057e+08   -6.279e+07   0
41.6   0.2226   3.148   -0.9399   0   2.057e+08   -6.279e+07   0
41.7   0.2226   3.169   -0.9462   0   2.057e+08   -6.279e+07   0
41.8   0.2226   3.189   -0.9525   0   2.057e+08   -6.279e+07   0
41.9   0.2226   3.21   -0.9587   0   2.057e+08   -6.279e+07   0
42   0.2226   3.231   -0.965   0   2.057e+08   -6.279e+07   0
42.1   0.2226   3.251   -0.9713   0   2.057e+08   -6.279e+07   0
42.2   0.2226   3.272   -0.9776   0   2.057e+08   -6.279e+07   0
42.3   0.2226   3.292   -0.9839   0   2.057e+08   -6.279e+07   0
42.4   0.2226   3.313   -0.9901   0   2.057e+08   -6.279e+07   0
42.5   0.2226   3.333   -0.9964   0   2.057e+08   -6.279e+07   0
42.6   0.2226   3.354   -1.003   0   2.057e+08   -6.279e+07   0
42.7   0.2226   3.375   -1.009   0   2.057e+08   -6.279e+07   0
42.8   0.2226   3.395   -1.015   0   2.057e+08   -6.279e+07   0
42.9   0.2226   3.416   -1.022   0   2.057e+08   -6.279e+07   0
43   0.2226   3.436   -1.028   0   2.057e+08   -6.279e+07   0
43.1   0.2226   3.457   -1.034   0   2.057e+08   -6.279e+07   0
43.2   0.2226   3.477   -1.04   0   2.057e+08   -6.279e+07   0
43.3   0.2226   3.498   -1.047   0   2.057e+08   -6.279e+07   0
43.4   0.2226   3.519   -1.053   0   2.057e+08   -6.279e+07   0
43.5   0.2226   3.539   -1.059   0   2.057e+08   -6.279e+07   0
43.6   0.2226   3.56   -1.065   0   2.057e+08   -6.279e+07   0
43.7   0.2226   3.58   -1.072   0   2.057e+08   -6.279e+07   0
43.8   0.2226   3.601   -1.078   0   2.057e+08   -6.279e+07   0
43.9   0.2226   3.621   -1.084   0   2.057e+08   -6.279e+07   0
44   0.2226   3.642   -1.091   0   2.057e+08   -6.279e+07   0
44.1   0.2226   3.663   -1.097   0   2.057e+08   -6.279e+07   0
44.2   0.2226   3.683   -1.103   0   2.057e+08   -6.279e+07   0
44.3   0.2226   3.704   -1.109   0   2.057e+08   -6.279e+07   0
44.4   0.2226   3.724   -1.116   0   2.057e+08   -6.279e+07   0
44.5   0.2226   3.745   -1.122   0   2.057e+08   -6.279e+07   0
44.6   0.2226   3.765   -1.128   0   2.057e+08   -6.279e+07   0
44.7   0.2226   3.786   -1.135   0   2.057e+08   -6.279e+07   0
44.8   0.2226   3.807   -1.141   0   2.057e+08   -6.279e+07   0
44.9   0.2226   3.827   -1.147   0   2.057e+08   -6.279e+07   0
45   0.2226   3.848   -1.153   0   2.057e+08   -6.279e+07   0
