0   0.04   -0.753   0   0   1.121e+08   0   0
0.1   0.04   -0.753   0   0   1.121e+08   0   0
0.2   0.04   -0.753   0   0   1.121e+08   0   0
0.3   0.04   -0.753   0   0   1.121e+08   0   0
0.4   0.04   -0.753   0   0   1.121e+08   0   0
0.5   0.04   -0.753   0   0   1.121e+08   0   0
0.6   0.04   -0.753   0   0   1.121e+08   0   0
0.7   0.04   -0.753   0   0   1.121e+08   0   0
0.8   0.04   -0.753   0   0   1.121e+08   0   0
0.9   0.04   -0.753   0   0   1.121e+08   0   0
1   0.04   -0.753   0   0   1.121e+08   0   0
1.1   0.04   -0.753   0   0   1.121e+08   0   0
1.2   0.04   -0.753   0   0   1.121e+08   0   0
1.3   0.04   -0.753   0   0   1.121e+08   0   0
1.4   0.04   -0.753   0   0   1.121e+08   0   0
1.5   0.04094   -0.7479   0   0   1.133e+08   0   0
1.6   0.04323   -0.7364   0   0   1.161e+08   0   0
1.7   0.04572   -0.7247   0   0   1.19e+08   0   0
1.8   0.04841   -0.7126   0   0   1.22e+08   0   0
1.9   0.05131   -0.7003   0   0   1.251e+08   0   0
2   0.05442   -0.6876   0   0   1.283e+08   0   0
2.1   0.05774   -0.6746   0   0   1.316e+08   0   0
2.2   0.06127   -0.6613   0   0   1.35e+08   0   0
2.3   0.065   -0.6476   0   0   1.384e+08   0   0
2.4   0.06894   -0.6336   0   0   1.418e+08   0   0
2.5   0.07308   -0.6192   0   0   1.452e+08   0   0
2.6   0.07741   -0.6045   0   0   1.486e+08   0   0
2.7   0.08192   -0.5895   0   0   1.521e+08   0   0
2.8   0.0866   -0.5741   0   0   1.554e+08   0   0
2.9   0.09144   -0.5584   0   0   1.588e+08   0   0
3   0.09641   -0.5424   0   0   1.621e+08   0   0
3.1   0.1015   -0.526   0   0   1.653e+08   0   0
3.2   0.1067   -0.5093   0   0   1.684e+08   0   0
3.3   0.112   -0.4923   0   0   1.715e+08   0   0
3.4   0.1173   -0.475   0   0   1.744e+08   0   0
3.5   0.1226   -0.4574   0   0   1.773e+08   0   0
3.6   0.1279   -0.4396   0   0   1.8e+08   0   0
3.7   0.1332   -0.4214   0   0   1.825e+08   0   0
3.8   0.1384   -0.4031   0   0   1.85e+08   0   0
3.9   0.1434   -0.3844   0   0   1.873e+08   0   0
4   0.1482   -0.3656   0   0   1.894e+08   0   0
4.1   0.1528   -0.3466   0   0   1.913e+08   0   0
4.2   0.157   -0.3274   0   0   1.931e+08   0   0
4.3   0.1609   -0.308   0   0   1.947e+08   0   0
4.4   0.1643   -0.2884   0   0   1.96e+08   0   0
4.5   0.1671   -0.2688   0   0   1.971e+08   0   0
4.6   0.1693   -0.249   0   0   1.979e+08   0   0
4.7   0.1706   -0.2292   0   0   1.984e+08   0   0
4.8   0.1709   -0.2094   0   0   1.985e+08   0   0
4.9   0.1701   -0.1895   0   0   1.982e+08   0   0
5   0.1699   -0.1697   0   0   1.981e+08   0   0
5.1   0.1699   -0.1499   0   0   1.981e+08   0   0
5.2   0.1699   -0.1301   0   0   1.981e+08   0   0
5.3   0.1699   -0.1103   0   0   1.981e+08   0   0
5.4   0.1699   -0.09044   0   0   1.981e+08   0   0
5.5   0.1699   -0.07062   0   0   1.981e+08   0   0
5.6   0.1699   -0.05081   0   0   1.981e+08   0   0
5.7   0.1699   -0.031   0   0   1.981e+08   0   0
5.8   0.1699   -0.01118   0   0   1.981e+08   0   0
5.9   0.1699   0.008634   0   0   1.981e+08   0   0
6   0.1699   0.02845   0   0   1.981e+08   0   0
6.1   0.1699   0.04826   0   0   1.981e+08   0   0
6.2   0.1699   0.06808   0   0   1.981e+08   0   0
6.3   0.1699   0.08789   0   0   1.981e+08   0   0
6.4   0.1699   0.1077   0   0   1.981e+08   0   0
6.5   0.1699   0.1275   0   0   1.981e+08   0   0
6.6   0.1699   0.1473   0   0   1.981e+08   0   0
6.7   0.1699   0.1672   0   0   1.981e+08   0   0
6.8   0.1699   0.187   0   0   1.981e+08   0   0
6.9   0.1868   0.2071   0   0   2.042e+08   0   0
7   0.204   0.2278   0   0   2.097e+08   0   0
7.1   0.22   0.249   0   0   2.144e+08   0   0
7.2   0.2351   0.2706   0   0   2.184e+08   0   0
7.3   0.2492   0.2927   0   0   2.22e+08   0   0
7.4   0.2623   0.315   0   0   2.25e+08   0   0
7.5   0.2745   0.3377   0   0   2.277e+08   0   0
7.6   0.2859   0.3605   0   0   2.3e+08   0   0
7.7   0.2963   0.3837   0   0   2.321e+08   0   0
7.8   0.306   0.407   0   0   2.339e+08   0   0
7.9   0.3149   0.4304   0   0   2.355e+08   0   0
8   0.323   0.4541   0   0   2.369e+08   0   0
8.1   0.3304   0.4778   0   0   2.382e+08   0   0
8.2   0.3371   0.5017   0   0   2.393e+08   0   0
8.3   0.3432   0.5257   0   0   2.402e+08   0   0
8.4   0.3486   0.5497   0   0   2.411e+08   0   0
8.5   0.3534   0.5739   0   0   2.418e+08   0   0
8.6   0.3576   0.5981   0   0   2.424e+08   0   0
8.7   0.3612   0.6224   0   0   2.43e+08   0   0
8.8   0.3643   0.6467   0   0   2.434e+08   0   0
8.9   0.3668   0.671   0   0   2.438e+08   0   0
9   0.3689   0.6954   0   0   2.441e+08   0   0
9.1   0.3705   0.7198   0   0   2.443e+08   0   0
9.2   0.3716   0.7443   0   0   2.444e+08   0   0
9.3   0.3719   0.7687   0   0   2.445e+08   0   0
9.4   0.3719   0.7932   0   0   2.445e+08   0   0
9.5   0.3719   0.8176   0   0   2.445e+08   0   0
9.6   0.3719   0.8421   0   0   2.445e+08   0   0
9.7   0.3719   0.8665   0   0   2.445e+08   0   0
9.8   0.3719   0.891   0   0   2.445e+08   0   0
9.9   0.3719   0.9154   0   0   2.445e+08   0   0
10   0.3719   0.9399   0   0   2.445e+08   0   0
10.1   0.3719   0.9643   0   0   2.445e+08   0   0
10.2   0.3719   0.9888   0   0   2.445e+08   0   0
10.3   0.3719   1.013   0   0   2.445e+08   0   0
10.4   0.3719   1.038   0   0   2.445e+08   0   0
10.5   0.3719   1.062   0   0   2.445e+08   0   0
10.6   0.3719   1.087   0   0   2.445e+08   0   0
10.7   0.3721   1.111   -8.897e-05   0   2.442e+08   -1.112e+07   0
10.8   0.3729   1.135   -0.004896   0   2.299e+08   -8.356e+07   0
10.9   0.3737   1.156   -0.01661   0   1.946e+08   -1.484e+08   0
11   0.3745   1.173   -0.03418   0   1.416e+08   -1.997e+08   0
11.1   0.3753   1.184   -0.056   0   7.577e+07   -2.329e+08   0
11.2   0.3761   1.188   -0.08008   0   3.057e+06   -2.45e+08   0
11.3   0.3769   1.185   -0.1043   0   -6.993e+07   -2.35e+08   0
11.4   0.3777   1.174   -0.1264   0   -1.366e+08   -2.037e+08   0
11.5   0.3786   1.158   -0.1444   0   -1.91e+08   -1.541e+08   0
11.6   0.3794   1.137   -0.1566   0   -2.282e+08   -9.061e+07   0
11.7   0.3802   1.113   -0.1621   0   -2.449e+08   -1.898e+07   0
11.8   0.3809   1.088   -0.1605   0   -2.423e+08   4.059e+07   0
11.9   0.3809   1.064   -0.1564   0   -2.423e+08   4.059e+07   0
12   0.3809   1.04   -0.1523   0   -2.423e+08   4.059e+07   0
12.1   0.3809   1.016   -0.1483   0   -2.423e+08   4.059e+07   0
12.2   0.3809   0.9913   -0.1442   0   -2.423e+08   4.059e+07   0
12.3   0.3809   0.9671   -0.1402   0   -2.423e+08   4.059e+07   0
12.4   0.3809   0.9428   -0.1361   0   -2.423e+08   4.059e+07   0
12.5   0.3809   0.9186   -0.132   0   -2.423e+08   4.059e+07   0
12.6   0.3809   0.8944   -0.128   0   -2.423e+08   4.059e+07   0
12.7   0.3809   0.8701   -0.1239   0   -2.423e+08   4.059e+07   0
12.8   0.3809   0.8459   -0.1199   0   -2.423e+08   4.059e+07   0
12.9   0.3809   0.8217   -0.1158   0   -2.423e+08   4.059e+07   0
13   0.3809   0.7974   -0.1118   0   -2.423e+08   4.059e+07   0
13.1   0.3809   0.7732   -0.1077   0   -2.423e+08   4.059e+07   0
13.2   0.3809   0.749   -0.1036   0   -2.423e+08   4.059e+07   0
13.3   0.3836   0.7247   -0.09958   0   -2.427e+08   4.061e+07   0
13.4   0.3866   0.7004   -0.09551   0   -2.431e+08   4.064e+07   0
13.5   0.3892   0.6761   -0.09145   0   -2.434e+08   4.067e+07   0
13.6   0.3916   0.6517   -0.08738   0   -2.437e+08   4.069e+07   0
13.7   0.3936   0.6274   -0.08331   0   -2.44e+08   4.07e+07   0
13.8   0.3952   0.6029   -0.07924   0   -2.442e+08   4.072e+07   0
13.9   0.3963   0.5785   -0.07517   0   -2.444e+08   4.073e+07   0
14   0.397   0.5541   -0.07109   0   -2.444e+08   4.073e+07   0
14.1   0.3972   0.5296   -0.06702   0   -2.445e+08   4.073e+07   0
14.2   0.3968   0.5052   -0.06295   0   -2.444e+08   4.073e+07   0
14.3   0.3958   0.4808   -0.05888   0   -2.443e+08   4.072e+07   0
14.4   0.3941   0.4563   -0.0548   0   -2.441e+08   4.072e+07   0
14.5   0.3917   0.4319   -0.05073   0   -2.438e+08   4.071e+07   0
14.6   0.3884   0.4076   -0.04666   0   -2.433e+08   4.071e+07   0
14.7   0.3842   0.3833   -0.04259   0   -2.428e+08   4.071e+07   0
14.8   0.3791   0.359   -0.03852   0   -2.421e+08   4.071e+07   0
14.9   0.3728   0.3349   -0.03445   0   -2.412e+08   4.073e+07   0
15   0.3653   0.3108   -0.03037   0   -2.401e+08   4.076e+07   0
15.1   0.3564   0.2869   -0.02629   0   -2.388e+08   4.082e+07   0
15.2   0.346   0.2631   -0.02221   0   -2.372e+08   4.092e+07   0
15.3   0.3339   0.2394   -0.01811   0   -2.352e+08   4.108e+07   0
15.4   0.3197   0.216   -0.01399   0   -2.327e+08   4.132e+07   0
15.5   0.3033   0.1929   -0.009838   0   -2.297e+08   4.17e+07   0
15.6   0.2994   0.17   -0.005658   0   -2.289e+08   4.181e+07   0
15.7   0.2994   0.1471   -0.001477   0   -2.289e+08   4.181e+07   0
15.8   0.2994   0.1242   0.002705   0   -2.289e+08   4.181e+07   0
15.9   0.2994   0.1014   0.006886   0   -2.289e+08   4.181e+07   0
16   0.2994   0.07847   0.01107   0   -2.289e+08   4.181e+07   0
16.1   0.2994   0.05558   0.01525   0   -2.289e+08   4.181e+07   0
16.2   0.2994   0.03269   0.01943   0   -2.289e+08   4.181e+07   0
16.3   0.2994   0.0098   0.02361   0   -2.289e+08   4.181e+07   0
16.4   0.2994   -0.01309   0.02779   0   -2.289e+08   4.181e+07   0
16.5   0.2994   -0.03598   0.03197   0   -2.289e+08   4.181e+07   0
16.6   0.2994   -0.05887   0.03616   0   -2.289e+08   4.181e+07   0
16.7   0.2994   -0.08176   0.04034   0   -2.289e+08   4.181e+07   0
16.8   0.2994   -0.1046   0.04452   0   -2.289e+08   4.181e+07   0
16.9   0.2994   -0.1275   0.0487   0   -2.289e+08   4.181e+07   0
17   0.2994   -0.1504   0.05288   0   -2.289e+08   4.181e+07   0
17.1   0.2994   -0.1733   0.05706   0   -2.289e+08   4.181e+07   0
17.2   0.3131   -0.1963   0.06129   0   -2.312e+08   4.308e+07   0
17.3   0.3297   -0.2196   0.06567   0   -2.339e+08   4.443e+07   0
17.4   0.3441   -0.2431   0.07017   0   -2.36e+08   4.547e+07   0
17.5   0.3566   -0.2667   0.07476   0   -2.378e+08   4.629e+07   0
17.6   0.3675   -0.2906   0.07942   0   -2.393e+08   4.694e+07   0
17.7   0.3769   -0.3146   0.08414   0   -2.405e+08   4.746e+07   0
17.8   0.385   -0.3387   0.08891   0   -2.416e+08   4.788e+07   0
17.9   0.3919   -0.3629   0.09372   0   -2.424e+08   4.822e+07   0
18   0.3977   -0.3872   0.09855   0   -2.431e+08   4.849e+07   0
18.1   0.4026   -0.4115   0.1034   0   -2.437e+08   4.871e+07   0
18.2   0.4065   -0.4359   0.1083   0   -2.442e+08   4.887e+07   0
18.3   0.4097   -0.4604   0.1132   0   -2.445e+08   4.9e+07   0
18.4   0.4121   -0.4848   0.1181   0   -2.448e+08   4.91e+07   0
18.5   0.4137   -0.5093   0.123   0   -2.45e+08   4.916e+07   0
18.6   0.4148   -0.5338   0.1279   0   -2.451e+08   4.92e+07   0
18.7   0.4152   -0.5583   0.1328   0   -2.452e+08   4.922e+07   0
18.8   0.4152   -0.5828   0.1378   0   -2.451e+08   4.922e+07   0
18.9   0.4146   -0.6073   0.1427   0   -2.451e+08   4.92e+07   0
19   0.4136   -0.6319   0.1476   0   -2.45e+08   4.916e+07   0
19.1   0.4121   -0.6563   0.1525   0   -2.448e+08   4.911e+07   0
19.2   0.4103   -0.6808   0.1574   0   -2.446e+08   4.905e+07   0
19.3   0.4081   -0.7053   0.1623   0   -2.443e+08   4.897e+07   0
19.4   0.4057   -0.7297   0.1672   0   -2.44e+08   4.888e+07   0
19.5   0.4052   -0.7541   0.1721   0   -2.44e+08   4.887e+07   0
19.6   0.4052   -0.7785   0.177   0   -2.44e+08   4.887e+07   0
19.7   0.4052   -0.8029   0.1819   0   -2.44e+08   4.887e+07   0
19.8   0.4052   -0.8273   0.1868   0   -2.44e+08   4.887e+07   0
19.9   0.4052   -0.8517   0.1917   0   -2.44e+08   4.887e+07   0
20   0.4052   -0.8761   0.1965   0   -2.44e+08   4.887e+07   0
20.1   0.4052   -0.9005   0.2014   0   -2.44e+08   4.887e+07   0
20.2   0.4052   -0.9249   0.2063   0   -2.44e+08   4.887e+07   0
20.3   0.4052   -0.9493   0.2112   0   -2.44e+08   4.887e+07   0
20.4   0.4052   -0.9737   0.2161   0   -2.44e+08   4.887e+07   0
20.5   0.4052   -0.9981   0.221   0   -2.44e+08   4.887e+07   0
20.6   0.4052   -1.022   0.2259   0   -2.44e+08   4.887e+07   0
20.7   0.4052   -1.047   0.2308   0   -2.44e+08   4.887e+07   0
20.8   0.4052   -1.071   0.2356   0   -2.44e+08   4.887e+07   0
20.9   0.4052   -1.096   0.2405   0   -2.44e+08   4.887e+07   0
21   0.4053   -1.12   0.2454   0   -2.432e+08   5.26e+07   0
21.1   0.4068   -1.143   0.2552   0   -2.062e+08   1.396e+08   0
21.2   0.4082   -1.16   0.2727   0   -1.395e+08   2.065e+08   0
21.3   0.4097   -1.17   0.2956   0   -5.271e+07   2.438e+08   0
21.4   0.4112   -1.17   0.3203   0   4.159e+07   2.461e+08   0
21.5   0.4127   -1.162   0.3436   0   1.299e+08   2.133e+08   0
21.6   0.4143   -1.145   0.3619   0   1.998e+08   1.502e+08   0
21.7   0.4158   -1.123   0.3728   0   2.413e+08   6.574e+07   0
21.8   0.4173   -1.098   0.3747   0   2.487e+08   -2.796e+07   0
21.9   0.4181   -1.074   0.3683   0   2.383e+08   -7.685e+07   0
22   0.4181   -1.05   0.3606   0   2.383e+08   -7.685e+07   0
22.1   0.4181   -1.026   0.3529   0   2.383e+08   -7.685e+07   0
22.2   0.4181   -1.002   0.3452   0   2.383e+08   -7.685e+07   0
22.3   0.4181   -0.9784   0.3375   0   2.383e+08   -7.685e+07   0
22.4   0.4181   -0.9546   0.3298   0   2.383e+08   -7.685e+07   0
22.5   0.4181   -0.9307   0.3222   0   2.383e+08   -7.685e+07   0
22.6   0.4181   -0.9069   0.3145   0   2.383e+08   -7.685e+07   0
22.7   0.4181   -0.8831   0.3068   0   2.383e+08   -7.685e+07   0
22.8   0.4181   -0.8592   0.2991   0   2.383e+08   -7.685e+07   0
22.9   0.4181   -0.8354   0.2914   0   2.383e+08   -7.685e+07   0
23   0.4181   -0.8116   0.2837   0   2.383e+08   -7.685e+07   0
23.1   0.4181   -0.7878   0.276   0   2.383e+08   -7.685e+07   0
23.2   0.4181   -0.7639   0.2684   0   2.383e+08   -7.685e+07   0
23.3   0.4181   -0.7401   0.2607   0   2.383e+08   -7.685e+07   0
23.4   0.4181   -0.7163   0.253   0   2.383e+08   -7.685e+07   0
23.5   0.4179   -0.6924   0.2453   0   2.383e+08   -7.684e+07   0
23.6   0.4172   -0.6686   0.2376   0   2.382e+08   -7.681e+07   0
23.7   0.416   -0.6448   0.2299   0   2.381e+08   -7.675e+07   0
23.8   0.4144   -0.621   0.2223   0   2.379e+08   -7.668e+07   0
23.9   0.4122   -0.5972   0.2146   0   2.377e+08   -7.657e+07   0
24   0.4095   -0.5735   0.207   0   2.374e+08   -7.644e+07   0
24.1   0.4063   -0.5498   0.1993   0   2.37e+08   -7.627e+07   0
24.2   0.4024   -0.5261   0.1917   0   2.366e+08   -7.607e+07   0
24.3   0.3979   -0.5025   0.1841   0   2.36e+08   -7.583e+07   0
24.4   0.3927   -0.4789   0.1765   0   2.354e+08   -7.555e+07   0
24.5   0.3868   -0.4554   0.169   0   2.347e+08   -7.522e+07   0
24.6   0.3802   -0.4319   0.1615   0   2.339e+08   -7.482e+07   0
24.7   0.3727   -0.4086   0.154   0   2.33e+08   -7.437e+07   0
24.8   0.3645   -0.3853   0.1466   0   2.32e+08   -7.384e+07   0
24.9   0.3553   -0.3622   0.1393   0   2.307e+08   -7.322e+07   0
25   0.3452   -0.3392   0.132   0   2.294e+08   -7.25e+07   0
25.1   0.3342   -0.3163   0.1248   0   2.278e+08   -7.165e+07   0
25.2   0.322   -0.2937   0.1177   0   2.26e+08   -7.065e+07   0
25.3   0.3088   -0.2712   0.1107   0   2.239e+08   -6.948e+07   0
25.4   0.2943   -0.2489   0.1038   0   2.215e+08   -6.807e+07   0
25.5   0.2785   -0.2269   0.09705   0   2.187e+08   -6.638e+07   0
25.6   0.2614   -0.2052   0.09051   0   2.154e+08   -6.432e+07   0
25.7   0.2427   -0.1838   0.08421   0   2.115e+08   -6.178e+07   0
25.8   0.2297   -0.1629   0.07816   0   2.086e+08   -5.979e+07   0
25.9   0.2297   -0.142   0.07218   0   2.086e+08   -5.979e+07   0
26   0.2297   -0.1211   0.0662   0   2.086e+08   -5.979e+07   0
26.1   0.2297   -0.1003   0.06023   0   2.086e+08   -5.979e+07   0
26.2   0.2297   -0.07941   0.05425   0   2.086e+08   -5.979e+07   0
26.3   0.2297   -0.05855   0.04827   0   2.086e+08   -5.979e+07   0
26.4   0.2297   -0.03769   0.04229   0   2.086e+08   -5.979e+07   0
26.5   0.2297   -0.01683   0.03631   0   2.086e+08   -5.979e+07   0
26.6   0.2297   0.004036   0.03033   0   2.086e+08   -5.979e+07   0
26.7   0.2297   0.0249   0.02435   0   2.086e+08   -5.979e+07   0
26.8   0.2297   0.04576   0.01838   0   2.086e+08   -5.979e+07   0
26.9   0.2297   0.06662   0.0124   0   2.086e+08   -5.979e+07   0
27   0.2297   0.08749   0.006418   0   2.086e+08   -5.979e+07   0
27.1   0.2297   0.1083   0.0004395   0   2.086e+08   -5.979e+07   0
27.2   0.2297   0.1292   -0.005539   0   2.086e+08   -5.979e+07   0
27.3   0.2297   0.1501   -0.01152   0   2.086e+08   -5.979e+07   0
27.4   0.2297   0.1709   -0.0175   0   2.086e+08   -5.979e+07   0
27.5   0.2314   0.1918   -0.02347   0   2.091e+08   -5.976e+07   0
27.6   0.2376   0.2128   -0.02945   0   2.108e+08   -5.971e+07   0
27.7   0.2421   0.2339   -0.03542   0   2.12e+08   -5.971e+07   0
27.8   0.2452   0.2552   -0.04139   0   2.128e+08   -5.973e+07   0
27.9   0.247   0.2765   -0.04736   0   2.132e+08   -5.974e+07   0
28   0.2478   0.2978   -0.05334   0   2.134e+08   -5.975e+07   0
28.1   0.2477   0.3192   -0.05931   0   2.134e+08   -5.975e+07   0
28.2   0.2468   0.3405   -0.06529   0   2.132e+08   -5.973e+07   0
28.3   0.2452   0.3618   -0.07126   0   2.128e+08   -5.969e+07   0
28.4   0.243   0.383   -0.07723   0   2.122e+08   -5.964e+07   0
28.5   0.2403   0.4042   -0.08319   0   2.115e+08   -5.956e+07   0
28.6   0.2371   0.4253   -0.08914   0   2.107e+08   -5.945e+07   0
28.7   0.2336   0.4464   -0.09508   0   2.098e+08   -5.933e+07   0
28.8   0.2297   0.4673   -0.101   0   2.088e+08   -5.919e+07   0
28.9   0.2255   0.4881   -0.1069   0   2.077e+08   -5.902e+07   0
29   0.2211   0.5088   -0.1128   0   2.065e+08   -5.883e+07   0
29.1   0.2165   0.5294   -0.1187   0   2.052e+08   -5.863e+07   0
29.2   0.2118   0.5499   -0.1245   0   2.038e+08   -5.84e+07   0
29.3   0.207   0.5702   -0.1304   0   2.024e+08   -5.816e+07   0
29.4   0.202   0.5903   -0.1362   0   2.009e+08   -5.79e+07   0
29.5   0.197   0.6104   -0.1419   0   1.994e+08   -5.762e+07   0
29.6   0.1921   0.6302   -0.1477   0   1.978e+08   -5.733e+07   0
29.7   0.1871   0.6499   -0.1534   0   1.961e+08   -5.702e+07   0
29.8   0.1821   0.6694   -0.1591   0   1.944e+08   -5.67e+07   0
29.9   0.1772   0.6888   -0.1647   0   1.927e+08   -5.636e+07   0
30   0.1724   0.708   -0.1704   0   1.91e+08   -5.602e+07   0
30.1   0.1676   0.727   -0.1759   0   1.893e+08   -5.567e+07   0
30.2   0.1664   0.7459   -0.1815   0   1.888e+08   -5.557e+07   0
30.3   0.1664   0.7648   -0.1871   0   1.888e+08   -5.557e+07   0
30.4   0.1664   0.7836   -0.1926   0   1.888e+08   -5.557e+07   0
30.5   0.1664   0.8025   -0.1982   0   1.888e+08   -5.557e+07   0
30.6   0.1664   0.8214   -0.2037   0   1.888e+08   -5.557e+07   0
30.7   0.1664   0.8403   -0.2093   0   1.888e+08   -5.557e+07   0
30.8   0.1664   0.8592   -0.2148   0   1.888e+08   -5.557e+07   0
30.9   0.1664   0.878   -0.2204   0   1.888e+08   -5.557e+07   0
31   0.1664   0.8969   -0.226   0   1.888e+08   -5.557e+07   0
31.1   0.1664   0.9158   -0.2315   0   1.888e+08   -5.557e+07   0
31.2   0.1664   0.9347   -0.2371   0   1.888e+08   -5.557e+07   0
31.3   0.1664   0.9536   -0.2426   0   1.888e+08   -5.557e+07   0
31.4   0.1664   0.9724   -0.2482   0   1.888e+08   -5.557e+07   0
31.5   0.1664   0.9913   -0.2537   0   1.888e+08   -5.557e+07   0
31.6   0.1664   1.01   -0.2593   0   1.888e+08   -5.557e+07   0
31.7   0.1664   1.029   -0.2649   0   1.888e+08   -5.557e+07   0
31.8   0.1664   1.048   -0.2704   0   1.888e+08   -5.557e+07   0
31.9   0.1664   1.067   -0.276   0   1.888e+08   -5.557e+07   0
32   0.1664   1.086   -0.2815   0   1.888e+08   -5.557e+07   0
32.1   0.1664   1.105   -0.2871   0   1.888e+08   -5.557e+07   0
32.2   0.1664   1.123   -0.2926   0   1.888e+08   -5.557e+07   0
32.3   0.1664   1.142   -0.2982   0   1.888e+08   -5.557e+07   0
32.4   0.1664   1.161   -0.3038   0   1.888e+08   -5.557e+07   0
32.5   0.1664   1.18   -0.3093   0   1.888e+08   -5.557e+07   0
32.6   0.1664   1.199   -0.3149   0   1.888e+08   -5.557e+07   0
32.7   0.1664   1.218   -0.3204   0   1.888e+08   -5.557e+07   0
32.8   0.1664   1.237   -0.326   0   1.888e+08   -5.557e+07   0
32.9   0.1664   1.256   -0.3315   0   1.888e+08   -5.557e+07   0
33   0.1664   1.275   -0.3371   0   1.888e+08   -5.557e+07   0
33.1   0.1664   1.293   -0.3427   0   1.888e+08   -5.557e+07   0
33.2   0.1664   1.312   -0.3482   0   1.888e+08   -5.557e+07   0
33.3   0.1664   1.331   -0.3538   0   1.888e+08   -5.557e+07   0
33.4   0.1664   1.35   -0.3593   0   1.888e+08   -5.557e+07   0
33.5   0.1664   1.369   -0.3649   0   1.888e+08   -5.557e+07   0
33.6   0.1664   1.388   -0.3705   0   1.888e+08   -5.557e+07   0
33.7   0.1664   1.407   -0.376   0   1.888e+08   -5.557e+07   0
33.8   0.1664   1.426   -0.3816   0   1.888e+08   -5.557e+07   0
33.9   0.1664   1.444   -0.3871   0   1.888e+08   -5.557e+07   0
34   0.1664   1.463   -0.3927   0   1.888e+08   -5.557e+07   0
34.1   0.1664   1.482   -0.3982   0   1.888e+08   -5.557e+07   0
34.2   0.1664   1.501   -0.4038   0   1.888e+08   -5.557e+07   0
34.3   0.1664   1.52   -0.4094   0   1.888e+08   -5.557e+07   0
34.4   0.1664   1.539   -0.4149   0   1.888e+08   -5.557e+07   0
34.5   0.1664   1.558   -0.4205   0   1.888e+08   -5.557e+07   0
34.6   0.1664   1.577   -0.426   0   1.888e+08   -5.557e+07   0
34.7   0.1664   1.595   -0.4316   0   1.888e+08   -5.557e+07   0
34.8   0.1664   1.614   -0.4371   0   1.888e+08   -5.557e+07   0
34.9   0.1664   1.633   -0.4427   0   1.888e+08   -5.557e+07   0
35   0.1664   1.652   -0.4483   0   1.888e+08   -5.557e+07   0
35.1   0.1664   1.671   -0.4538   0   1.888e+08   -5.557e+07   0
35.2   0.1664   1.69   -0.4594   0   1.888e+08   -5.557e+07   0
35.3   0.1664   1.709   -0.4649   0   1.888e+08   -5.557e+07   0
35.4   0.1664   1.728   -0.4705   0   1.888e+08   -5.557e+07   0
35.5   0.1664   1.747   -0.476   0   1.888e+08   -5.557e+07   0
35.6   0.1664   1.765   -0.4816   0   1.888e+08   -5.557e+07   0
35.7   0.1664   1.784   -0.4872   0   1.888e+08   -5.557e+07   0
35.8   0.1664   1.803   -0.4927   0   1.888e+08   -5.557e+07   0
35.9   0.1664   1.822   -0.4983   0   1.888e+08   -5.557e+07   0
36   0.1664   1.841   -0.5038   0   1.888e+08   -5.557e+07   0
36.1   0.1664   1.86   -0.5094   0   1.888e+08   -5.557e+07   0
36.2   0.1664   1.879   -0.5149   0   1.888e+08   -5.557e+07   0
36.3   0.1664   1.898   -0.5205   0   1.888e+08   -5.557e+07   0
36.4   0.1664   1.916   -0.5261   0   1.888e+08   -5.557e+07   0
36.5   0.1664   1.935   -0.5316   0   1.888e+08   -5.557e+07   0
36.6   0.1664   1.954   -0.5372   0   1.888e+08   -5.557e+07   0
36.7   0.1664   1.973   -0.5427   0   1.888e+08   -5.557e+07   0
36.8   0.1664   1.992   -0.5483   0   1.888e+08   -5.557e+07   0
36.9   0.1664   2.011   -0.5538   0   1.888e+08   -5.557e+07   0
37   0.1664   2.03   -0.5594   0   1.888e+08   -5.557e+07   0
37.1   0.1664   2.049   -0.565   0   1.888e+08   -5.557e+07   0
37.2   0.1664   2.067   -0.5705   0   1.888e+08   -5.557e+07   0
37.3   0.1664   2.086   -0.5761   0   1.888e+08   -5.557e+07   0
37.4   0.1664   2.105   -0.5816   0   1.888e+08   -5.557e+07   0
37.5   0.1664   2.124   -0.5872   0   1.888e+08   -5.557e+07   0
37.6   0.1664   2.143   -0.5927   0   1.888e+08   -5.557e+07   0
37.7   0.1664   2.162   -0.5983   0   1.888e+08   -5.557e+07   0
37.8   0.1664   2.181   -0.6039   0   1.888e+08   -5.557e+07   0
37.9   0.1664   2.2   -0.6094   0   1.888e+08   -5.557e+07   0
38   0.1664   2.219   -0.615   0   1.888e+08   -5.557e+07   0
38.1   0.1664   2.237   -0.6205   0   1.888e+08   -5.557e+07   0
38.2   0.1664   2.256   -0.6261   0   1.888e+08   -5.557e+07   0
38.3   0.1664   2.275   -0.6316   0   1.888e+08   -5.557e+07   0
38.4   0.1664   2.294   -0.6372   0   1.888e+08   -5.557e+07   0
38.5   0.1664   2.313   -0.6428   0   1.888e+08   -5.557e+07   0
38.6   0.1664   2.332   -0.6483   0   1.888e+08   -5.557e+07   0
38.7   0.1664   2.351   -0.6539   0   1.888e+08   -5.557e+07   0
38.8   0.1664   2.37   -0.6594   0   1.888e+08   -5.557e+07   0
38.9   0.1664   2.388   -0.665   0   1.888e+08   -5.557e+07   0
39   0.1664   2.407   -0.6705   0   1.888e+08   -5.557e+07   0
39.1   0.1664   2.426   -0.6761   0   1.888e+08   -5.557e+07   0
39.2   0.1664   2.445   -0.6817   0   1.888e+08   -5.557e+07   0
39.3   0.1664   2.464   -0.6872   0   1.888e+08   -5.557e+07   0
39.4   0.1664   2.483   -0.6928   0   1.888e+08   -5.557e+07   0
39.5   0.1664   2.502   -0.6983   0   1.888e+08   -5.557e+07   0
39.6   0.1664   2.521   -0.7039   0   1.888e+08   -5.557e+07   0
39.7   0.1664   2.54   -0.7094   0   1.888e+08   -5.557e+07   0
39.8   0.1664   2.558   -0.715   0   1.888e+08   -5.557e+07   0
39.9   0.1664   2.577   -0.7206   0   1.888e+08   -5.557e+07   0
40   0.1664   2.596   -0.7261   0   1.888e+08   -5.557e+07   0
40.1   0.1664   2.615   -0.7317   0   1.888e+08   -5.557e+07   0
40.2   0.1664   2.634   -0.7372   0   1.888e+08   -5.557e+07   0
40.3   0.1664   2.653   -0.7428   0   1.888e+08   -5.557e+07   0
40.4   0.1664   2.672   -0.7483   0   1.888e+08   -5.557e+07   0
40.5   0.1664   2.691   -0.7539   0   1.888e+08   -5.557e+07   0
40.6   0.1664   2.709   -0.7595   0   1.888e+08   -5.557e+07   0
40.7   0.1664   2.728   -0.765   0   1.888e+08   -5.557e+07   0
40.8   0.1664   2.747   -0.7706   0   1.888e+08   -5.557e+07   0
40.9   0.1664   2.766   -0.7761   0   1.888e+08   -5.557e+07   0
41   0.1664   2.785   -0.7817   0   1.888e+08   -5.557e+07   0
41.1   0.1664   2.804   -0.7872   0   1.888e+08   -5.557e+07   0
41.2   0.1664   2.823   -0.7928   0   1.888e+08   -5.557e+07   0
41.3   0.1664   2.842   -0.7984   0   1.888e+08   -5.557e+07   0
41.4   0.1664   2.86   -0.8039   0   1.888e+08   -5.557e+07   0
41.5   0.1664   2.879   -0.8095   0   1.888e+08   -5.557e+07   0
41.6   0.1664   2.898   -0.815   0   1.888e+08   -5.557e+07   0
41.7   0.1664   2.917   -0.8206   0   1.888e+08   -5.557e+07   0
41.8   0.1664   2.936   -0.8262   0   1.888e+08   -5.557e+07   0
41.9   0.1664   2.955   -0.8317   0   1.888e+08   -5.557e+07   0
42   0.1664   2.974   -0.8373   0   1.888e+08   -5.557e+07   0
42.1   0.1664   2.993   -0.8428   0   1.888e+08   -5.557e+07   0
42.2   0.1664   3.012   -0.8484   0   1.888e+08   -5.557e+07   0
42.3   0.1664   3.03   -0.8539   0   1.888e+08   -5.557e+07   0
42.4   0.1664   3.049   -0.8595   0   1.888e+08   -5.557e+07   0
42.5   0.1664   3.068   -0.8651   0   1.888e+08   -5.557e+07   0
42.6   0.1664   3.087   -0.8706   0   1.888e+08   -5.557e+07   0
42.7   0.1664   3.106   -0.8762   0   1.888e+08   -5.557e+07   0
42.8   0.1664   3.125   -0.8817   0   1.888e+08   -5.557e+07   0
42.9   0.1664   3.144   -0.8873   0   1.888e+08   -5.557e+07   0
43   0.1664   3.163   -0.8928   0   1.888e+08   -5.557e+07   0
43.1   0.1664   3.181   -0.8984   0   1.888e+08   -5.557e+07   0
43.2   0.1664   3.2   -0.904   0   1.888e+08   -5.557e+07   0
43.3   0.1664   3.219   -0.9095   0   1.888e+08   -5.557e+07   0
43.4   0.1664   3.238   -0.9151   0   1.888e+08   -5.557e+07   0
43.5   0.1664   3.257   -0.9206   0   1.888e+08   -5.557e+07   0
43.6   0.1664   3.276   -0.9262   0   1.888e+08   -5.557e+07   0
43.7   0.1664   3.295   -0.9317   0   1.888e+08   -5.557e+07   0
43.8   0.1664   3.314   -0.9373   0   1.888e+08   -5.557e+07   0
43.9   0.1664   3.332   -0.9429   0   1.888e+08   -5.557e+07   0
44   0.1664   3.351   -0.9484   0   1.888e+08   -5.557e+07   0
44.1   0.1664   3.37   -0.954   0   1.888e+08   -5.557e+07   0
44.2   0.1664   3.389   -0.9595   0   1.888e+08   -5.557e+07   0
44.3   0.1664   3.408   -0.9651   0   1.888e+08   -5.557e+07   0
44.4   0.1664   3.427   -0.9706   0   1.888e+08   -5.557e+07   0
44.5   0.1664   3.446   -0.9762   0   1.888e+08   -5.557e+07   0
44.6   0.1664   3.465   -0.9818   0   1.888e+08   -5.557e+07   0
44.7   0.1664   3.484   -0.9873   0   1.888e+08   -5.557e+07   0
44.8   0.1664   3.502   -0.9929   0   1.888e+08   -5.557e+07   0
44.9   0.1664   3.521   -0.9984   0   1.888e+08   -5.557e+07   0
45   0.1664   3.54   -1.004   0   1.888e+08   -5.557e+07   0
