0   0.04   -0.753   0   0   1.121e+08   0   0
0.1   0.04   -0.753   0   0   1.121e+08   0   0
0.2   0.04   -0.753   0   0   1.121e+08   0   0
0.3   0.04   -0.753   0   0   1.121e+08   0   0
0.4   0.04   -0.753   0   0   1.121e+08   0   0
0.5   0.04   -0.753   0   0   1.121e+08   0   0
0.6   0.04   -0.753   0   0   1.121e+08   0   0
0.7   0.04   -0.753   0   0   1.121e+08   0   0
0.8   0.04   -0.753   0   0   1.121e+08   0   0
0.9   0.04   -0.753   0   0   1.121e+08   0   0
1   0.04   -0.753   0   0   1.121e+08   0   0
1.1   0.04   -0.753   0   0   1.121e+08   0   0
1.2   0.04   -0.753   0   0   1.121e+08   0   0
1.3   0.04   -0.753   0   0   1.121e+08   0   0
1.4   0.04   -0.753   0   0   1.121e+08   0   0
1.5   0.04052   -0.7502   0   0   1.128e+08   0   0
1.6   0.04278   -0.7387   0   0   1.155e+08   0   0
1.7   0.04525   -0.727   0   0   1.184e+08   0   0
1.8   0.04792   -0.715   0   0   1.215e+08   0   0
1.9   0.0508   -0.7027   0   0   1.246e+08   0   0
2   0.05389   -0.6901   0   0   1.278e+08   0   0
2.1   0.05718   -0.6772   0   0   1.311e+08   0   0
2.2   0.06068   -0.6639   0   0   1.344e+08   0   0
2.3   0.06439   -0.6503   0   0   1.378e+08   0   0
2.4   0.06829   -0.6363   0   0   1.412e+08   0   0
2.5   0.0724   -0.622   0   0   1.446e+08   0   0
2.6   0.07669   -0.6074   0   0   1.481e+08   0   0
2.7   0.08116   -0.5924   0   0   1.515e+08   0   0
2.8   0.0858   -0.5771   0   0   1.549e+08   0   0
2.9   0.0906   -0.5614   0   0   1.582e+08   0   0
3   0.09553   -0.5455   0   0   1.615e+08   0   0
3.1   0.1006   -0.5291   0   0   1.647e+08   0   0
3.2   0.1057   -0.5125   0   0   1.678e+08   0   0
3.3   0.1109   -0.4956   0   0   1.709e+08   0   0
3.4   0.1162   -0.4783   0   0   1.738e+08   0   0
3.5   0.1215   -0.4608   0   0   1.767e+08   0   0
3.6   0.1267   -0.443   0   0   1.794e+08   0   0
3.7   0.1319   -0.4249   0   0   1.819e+08   0   0
3.8   0.137   -0.4066   0   0   1.844e+08   0   0
3.9   0.142   -0.3881   0   0   1.866e+08   0   0
4   0.1468   -0.3693   0   0   1.888e+08   0   0
4.1   0.1513   -0.3503   0   0   1.907e+08   0   0
4.2   0.1555   -0.3312   0   0   1.925e+08   0   0
4.3   0.1593   -0.3118   0   0   1.94e+08   0   0
4.4   0.1626   -0.2924   0   0   1.953e+08   0   0
4.5   0.1654   -0.2728   0   0   1.964e+08   0   0
4.6   0.1675   -0.2531   0   0   1.972e+08   0   0
4.7   0.1688   -0.2333   0   0   1.977e+08   0   0
4.8   0.1691   -0.2136   0   0   1.978e+08   0   0
4.9   0.1683   -0.1938   0   0   1.975e+08   0   0
5   0.1678   -0.1741   0   0   1.973e+08   0   0
5.1   0.1678   -0.1543   0   0   1.973e+08   0   0
5.2   0.1678   -0.1346   0   0   1.973e+08   0   0
5.3   0.1678   -0.1149   0   0   1.973e+08   0   0
5.4   0.1678   -0.09513   0   0   1.973e+08   0   0
5.5   0.1678   -0.07539   0   0   1.973e+08   0   0
5.6   0.1678   -0.05566   0   0   1.973e+08   0   0
5.7   0.1678   -0.03593   0   0   1.973e+08   0   0
5.8   0.1678   -0.01619   0   0   1.973e+08   0   0
5.9   0.1678   0.003539   0   0   1.973e+08   0   0
6   0.1678   0.02327   0   0   1.973e+08   0   0
6.1   0.1678   0.04301   0   0   1.973e+08   0   0
6.2   0.1678   0.06274   0   0   1.973e+08   0   0
6.3   0.1678   0.08247   0   0   1.973e+08   0   0
6.4   0.1678   0.1022   0   0   1.973e+08   0   0
6.5   0.1678   0.1219   0   0   1.973e+08   0   0
6.6   0.1678   0.1417   0   0   1.973e+08   0   0
6.7   0.1678   0.1614   0   0   1.973e+08   0   0
6.8   0.1678   0.1811   0   0   1.973e+08   0   0
6.9   0.1793   0.201   0   0   2.016e+08   0   0
7   0.1967   0.2215   0   0   2.074e+08   0   0
7.1   0.2131   0.2425   0   0   2.124e+08   0   0
7.2   0.2284   0.2639   0   0   2.167e+08   0   0
7.3   0.2427   0.2858   0   0   2.204e+08   0   0
7.4   0.2561   0.308   0   0   2.236e+08   0   0
7.5   0.2685   0.3305   0   0   2.264e+08   0   0
7.6   0.28   0.3533   0   0   2.288e+08   0   0
7.7   0.2906   0.3763   0   0   2.31e+08   0   0
7.8   0.3005   0.3995   0   0   2.329e+08   0   0
7.9   0.3095   0.4228   0   0   2.345e+08   0   0
8   0.3177   0.4464   0   0   2.36e+08   0   0
8.1   0.3252   0.47   0   0   2.373e+08   0   0
8.2   0.332   0.4938   0   0   2.384e+08   0   0
8.3   0.3381   0.5177   0   0   2.394e+08   0   0
8.4   0.3436   0.5417   0   0   2.403e+08   0   0
8.5   0.3484   0.5658   0   0   2.41e+08   0   0
8.6   0.3527   0.5899   0   0   2.417e+08   0   0
8.7   0.3563   0.6141   0   0   2.422e+08   0   0
8.8   0.3594   0.6383   0   0   2.427e+08   0   0
8.9   0.362   0.6626   0   0   2.431e+08   0   0
9   0.3641   0.687   0   0   2.434e+08   0   0
9.1   0.3657   0.7113   0   0   2.436e+08   0   0
9.2   0.3669   0.7357   0   0   2.438e+08   0   0
9.3   0.3674   0.7601   0   0   2.438e+08   0   0
9.4   0.3674   0.7844   0   0   2.438e+08   0   0
9.5   0.3674   0.8088   0   0   2.438e+08   0   0
9.6   0.3674   0.8332   0   0   2.438e+08   0   0
9.7   0.3674   0.8576   0   0   2.438e+08   0   0
9.8   0.3674   0.882   0   0   2.438e+08   0   0
9.9   0.3674   0.9064   0   0   2.438e+08   0   0
10   0.3674   0.9308   0   0   2.438e+08   0   0
10.1   0.3674   0.9551   0   0   2.438e+08   0   0
10.2   0.3674   0.9795   0   0   2.438e+08   0   0
10.3   0.3674   1.004   0   0   2.438e+08   0   0
10.4   0.3674   1.028   0   0   2.438e+08   0   0
10.5   0.3674   1.053   0   0   2.438e+08   0   0
10.6   0.3674   1.077   0   0   2.438e+08   0   0
10.7   0.3674   1.101   0   0   2.438e+08   0   0
10.8   0.368   1.126   -0.002165   0   2.374e+08   -5.599e+07   0
10.9   0.3688   1.148   -0.0113   0   2.098e+08   -1.247e+08   0
11   0.3696   1.167   -0.02678   0   1.629e+08   -1.819e+08   0
11.1   0.3704   1.18   -0.04717   0   1.011e+08   -2.224e+08   0
11.2   0.3713   1.187   -0.0706   0   2.994e+07   -2.425e+08   0
11.3   0.3721   1.186   -0.09494   0   -4.391e+07   -2.405e+08   0
11.4   0.3729   1.178   -0.118   0   -1.138e+08   -2.165e+08   0
11.5   0.3737   1.164   -0.1376   0   -1.732e+08   -1.728e+08   0
11.6   0.3745   1.144   -0.152   0   -2.17e+08   -1.134e+08   0
11.7   0.3753   1.121   -0.1598   0   -2.41e+08   -4.37e+07   0
11.8   0.3761   1.096   -0.1605   0   -2.432e+08   2.998e+07   0
11.9   0.3762   1.072   -0.1565   0   -2.418e+08   4.023e+07   0
12   0.3762   1.048   -0.1525   0   -2.418e+08   4.023e+07   0
12.1   0.3762   1.024   -0.1485   0   -2.418e+08   4.023e+07   0
12.2   0.3762   0.9997   -0.1445   0   -2.418e+08   4.023e+07   0
12.3   0.3762   0.9755   -0.1404   0   -2.418e+08   4.023e+07   0
12.4   0.3762   0.9513   -0.1364   0   -2.418e+08   4.023e+07   0
12.5   0.3762   0.9272   -0.1324   0   -2.418e+08   4.023e+07   0
12.6   0.3762   0.903   -0.1284   0   -2.418e+08   4.023e+07   0
12.7   0.3762   0.8788   -0.1244   0   -2.418e+08   4.023e+07   0
12.8   0.3762   0.8546   -0.1203   0   -2.418e+08   4.023e+07   0
12.9   0.3762   0.8305   -0.1163   0   -2.418e+08   4.023e+07   0
13   0.3762   0.8063   -0.1123   0   -2.418e+08   4.023e+07   0
13.1   0.3762   0.7821   -0.1083   0   -2.418e+08   4.023e+07   0
13.2   0.3762   0.7579   -0.1042   0   -2.418e+08   4.023e+07   0
13.3   0.3778   0.7338   -0.1002   0   -2.42e+08   4.024e+07   0
13.4   0.3807   0.7095   -0.09619   0   -2.424e+08   4.027e+07   0
13.5   0.3833   0.6853   -0.09216   0   -2.427e+08   4.03e+07   0
13.6   0.3856   0.661   -0.08813   0   -2.43e+08   4.032e+07   0
13.7   0.3875   0.6367   -0.0841   0   -2.433e+08   4.034e+07   0
13.8   0.3891   0.6124   -0.08006   0   -2.435e+08   4.035e+07   0
13.9   0.3903   0.588   -0.07603   0   -2.436e+08   4.036e+07   0
14   0.391   0.5636   -0.07199   0   -2.437e+08   4.036e+07   0
14.1   0.3911   0.5393   -0.06796   0   -2.437e+08   4.036e+07   0
14.2   0.3908   0.5149   -0.06392   0   -2.437e+08   4.036e+07   0
14.3   0.3898   0.4905   -0.05988   0   -2.436e+08   4.036e+07   0
14.4   0.3881   0.4662   -0.05585   0   -2.433e+08   4.035e+07   0
14.5   0.3857   0.4419   -0.05181   0   -2.43e+08   4.034e+07   0
14.6   0.3825   0.4176   -0.04778   0   -2.426e+08   4.034e+07   0
14.7   0.3785   0.3933   -0.04374   0   -2.42e+08   4.033e+07   0
14.8   0.3734   0.3692   -0.03971   0   -2.413e+08   4.034e+07   0
14.9   0.3674   0.3451   -0.03568   0   -2.405e+08   4.035e+07   0
15   0.3601   0.3211   -0.03164   0   -2.394e+08   4.037e+07   0
15.1   0.3516   0.2972   -0.0276   0   -2.381e+08   4.042e+07   0
15.2   0.3416   0.2735   -0.02356   0   -2.365e+08   4.051e+07   0
15.3   0.33   0.2499   -0.0195   0   -2.346e+08   4.064e+07   0
15.4   0.3165   0.2266   -0.01542   0   -2.322e+08   4.085e+07   0
15.5   0.3009   0.2035   -0.01132   0   -2.293e+08   4.117e+07   0
15.6   0.2889   0.1807   -0.007187   0   -2.269e+08   4.149e+07   0
15.7   0.2889   0.158   -0.003037   0   -2.269e+08   4.149e+07   0
15.8   0.2889   0.1353   0.001112   0   -2.269e+08   4.149e+07   0
15.9   0.2889   0.1126   0.005261   0   -2.269e+08   4.149e+07   0
16   0.2889   0.08995   0.009411   0   -2.269e+08   4.149e+07   0
16.1   0.2889   0.06727   0.01356   0   -2.269e+08   4.149e+07   0
16.2   0.2889   0.04458   0.01771   0   -2.269e+08   4.149e+07   0
16.3   0.2889   0.02189   0.02186   0   -2.269e+08   4.149e+07   0
16.4   0.2889   -0.0008002   0.02601   0   -2.269e+08   4.149e+07   0
16.5   0.2889   -0.02349   0.03016   0   -2.269e+08   4.149e+07   0
16.6   0.2889   -0.04618   0.03431   0   -2.269e+08   4.149e+07   0
16.7   0.2889   -0.06887   0.03846   0   -2.269e+08   4.149e+07   0
16.8   0.2889   -0.09156   0.04261   0   -2.269e+08   4.149e+07   0
16.9   0.2889   -0.1142   0.04675   0   -2.269e+08   4.149e+07   0
17   0.2889   -0.1369   0.0509   0   -2.269e+08   4.149e+07   0
17.1   0.2889   -0.1596   0.05505   0   -2.269e+08   4.149e+07   0
17.2   0.2918   -0.1823   0.05921   0   -2.274e+08   4.178e+07   0
17.3   0.3091   -0.2052   0.06347   0   -2.304e+08   4.338e+07   0
17.4   0.3242   -0.2284   0.06787   0   -2.329e+08   4.46e+07   0
17.5   0.3373   -0.2518   0.07238   0   -2.349e+08   4.556e+07   0
17.6   0.3486   -0.2754   0.07698   0   -2.366e+08   4.631e+07   0
17.7   0.3584   -0.2991   0.08164   0   -2.38e+08   4.69e+07   0
17.8   0.3668   -0.3229   0.08635   0   -2.391e+08   4.738e+07   0
17.9   0.374   -0.3469   0.09111   0   -2.401e+08   4.776e+07   0
18   0.38   -0.371   0.0959   0   -2.408e+08   4.806e+07   0
18.1   0.385   -0.3951   0.1007   0   -2.415e+08   4.83e+07   0
18.2   0.3891   -0.4192   0.1056   0   -2.42e+08   4.849e+07   0
18.3   0.3923   -0.4435   0.1104   0   -2.424e+08   4.863e+07   0
18.4   0.3948   -0.4677   0.1153   0   -2.427e+08   4.874e+07   0
18.5   0.3965   -0.492   0.1202   0   -2.429e+08   4.881e+07   0
18.6   0.3976   -0.5163   0.125   0   -2.43e+08   4.886e+07   0
18.7   0.3981   -0.5406   0.1299   0   -2.431e+08   4.887e+07   0
18.8   0.398   -0.5649   0.1348   0   -2.431e+08   4.887e+07   0
18.9   0.3974   -0.5892   0.1397   0   -2.43e+08   4.885e+07   0
19   0.3963   -0.6135   0.1446   0   -2.429e+08   4.881e+07   0
19.1   0.3949   -0.6378   0.1495   0   -2.427e+08   4.875e+07   0
19.2   0.393   -0.662   0.1543   0   -2.425e+08   4.868e+07   0
19.3   0.3908   -0.6863   0.1592   0   -2.422e+08   4.86e+07   0
19.4   0.3883   -0.7105   0.1641   0   -2.419e+08   4.851e+07   0
19.5   0.3856   -0.7347   0.1689   0   -2.415e+08   4.841e+07   0
19.6   0.3856   -0.7588   0.1737   0   -2.415e+08   4.841e+07   0
19.7   0.3856   -0.783   0.1786   0   -2.415e+08   4.841e+07   0
19.8   0.3856   -0.8071   0.1834   0   -2.415e+08   4.841e+07   0
19.9   0.3856   -0.8313   0.1883   0   -2.415e+08   4.841e+07   0
20   0.3856   -0.8554   0.1931   0   -2.415e+08   4.841e+07   0
20.1   0.3856   -0.8796   0.198   0   -2.415e+08   4.841e+07   0
20.2   0.3856   -0.9037   0.2028   0   -2.415e+08   4.841e+07   0
20.3   0.3856   -0.9279   0.2076   0   -2.415e+08   4.841e+07   0
20.4   0.3856   -0.952   0.2125   0   -2.415e+08   4.841e+07   0
20.5   0.3856   -0.9762   0.2173   0   -2.415e+08   4.841e+07   0
20.6   0.3856   -1   0.2222   0   -2.415e+08   4.841e+07   0
20.7   0.3856   -1.024   0.227   0   -2.415e+08   4.841e+07   0
20.8   0.3856   -1.049   0.2318   0   -2.415e+08   4.841e+07   0
20.9   0.3856   -1.073   0.2367   0   -2.415e+08   4.841e+07   0
21   0.3856   -1.097   0.2415   0   -2.415e+08   4.841e+07   0
21.1   0.3857   -1.121   0.2464   0   -2.397e+08   5.688e+07   0
21.2   0.3872   -1.143   0.2566   0   -2.001e+08   1.44e+08   0
21.3   0.3886   -1.16   0.2745   0   -1.305e+08   2.094e+08   0
21.4   0.39   -1.169   0.2975   0   -4.128e+07   2.434e+08   0
21.5   0.3915   -1.168   0.322   0   5.41e+07   2.411e+08   0
21.6   0.3929   -1.158   0.3445   0   1.414e+08   2.029e+08   0
21.7   0.3944   -1.14   0.3615   0   2.077e+08   1.345e+08   0
21.8   0.3958   -1.118   0.3706   0   2.433e+08   4.62e+07   0
21.9   0.3973   -1.093   0.3705   0   2.43e+08   -4.889e+07   0
22   0.3977   -1.069   0.3633   0   2.36e+08   -7.573e+07   0
22.1   0.3977   -1.046   0.3557   0   2.36e+08   -7.573e+07   0
22.2   0.3977   -1.022   0.3481   0   2.36e+08   -7.573e+07   0
22.3   0.3977   -0.9984   0.3405   0   2.36e+08   -7.573e+07   0
22.4   0.3977   -0.9748   0.333   0   2.36e+08   -7.573e+07   0
22.5   0.3977   -0.9512   0.3254   0   2.36e+08   -7.573e+07   0
22.6   0.3977   -0.9275   0.3178   0   2.36e+08   -7.573e+07   0
22.7   0.3977   -0.9039   0.3102   0   2.36e+08   -7.573e+07   0
22.8   0.3977   -0.8803   0.3027   0   2.36e+08   -7.573e+07   0
22.9   0.3977   -0.8567   0.2951   0   2.36e+08   -7.573e+07   0
23   0.3977   -0.8331   0.2875   0   2.36e+08   -7.573e+07   0
23.1   0.3977   -0.8095   0.28   0   2.36e+08   -7.573e+07   0
23.2   0.3977   -0.7859   0.2724   0   2.36e+08   -7.573e+07   0
23.3   0.3977   -0.7623   0.2648   0   2.36e+08   -7.573e+07   0
23.4   0.3977   -0.7387   0.2572   0   2.36e+08   -7.573e+07   0
23.5   0.3977   -0.7151   0.2497   0   2.36e+08   -7.573e+07   0
23.6   0.3971   -0.6915   0.2421   0   2.36e+08   -7.57e+07   0
23.7   0.396   -0.6679   0.2345   0   2.359e+08   -7.565e+07   0
23.8   0.3944   -0.6443   0.227   0   2.357e+08   -7.557e+07   0
23.9   0.3924   -0.6208   0.2194   0   2.354e+08   -7.547e+07   0
24   0.3898   -0.5973   0.2119   0   2.351e+08   -7.534e+07   0
24.1   0.3867   -0.5738   0.2043   0   2.347e+08   -7.518e+07   0
24.2   0.383   -0.5503   0.1968   0   2.343e+08   -7.498e+07   0
24.3   0.3788   -0.5269   0.1893   0   2.338e+08   -7.475e+07   0
24.4   0.3739   -0.5036   0.1819   0   2.331e+08   -7.447e+07   0
24.5   0.3683   -0.4803   0.1745   0   2.324e+08   -7.415e+07   0
24.6   0.3621   -0.4571   0.1671   0   2.316e+08   -7.378e+07   0
24.7   0.3551   -0.434   0.1597   0   2.307e+08   -7.334e+07   0
24.8   0.3474   -0.4109   0.1524   0   2.296e+08   -7.284e+07   0
24.9   0.3389   -0.388   0.1451   0   2.284e+08   -7.226e+07   0
25   0.3296   -0.3653   0.1379   0   2.27e+08   -7.159e+07   0
25.1   0.3194   -0.3427   0.1308   0   2.254e+08   -7.082e+07   0
25.2   0.3083   -0.3202   0.1238   0   2.237e+08   -6.992e+07   0
25.3   0.2962   -0.2979   0.1168   0   2.216e+08   -6.887e+07   0
25.4   0.2831   -0.2759   0.11   0   2.193e+08   -6.764e+07   0
25.5   0.269   -0.2541   0.1033   0   2.166e+08   -6.619e+07   0
25.6   0.2537   -0.2326   0.09679   0   2.135e+08   -6.446e+07   0
25.7   0.2372   -0.2114   0.09045   0   2.099e+08   -6.238e+07   0
25.8   0.2195   -0.1906   0.08433   0   2.057e+08   -5.985e+07   0
25.9   0.2011   -0.1703   0.0785   0   2.009e+08   -5.683e+07   0
26   0.2011   -0.1502   0.07282   0   2.009e+08   -5.683e+07   0
26.1   0.2011   -0.1301   0.06714   0   2.009e+08   -5.683e+07   0
26.2   0.2011   -0.11   0.06145   0   2.009e+08   -5.683e+07   0
26.3   0.2011   -0.08993   0.05577   0   2.009e+08   -5.683e+07   0
26.4   0.2011   -0.06984   0.05009   0   2.009e+08   -5.683e+07   0
26.5   0.2011   -0.04974   0.0444   0   2.009e+08   -5.683e+07   0
26.6   0.2011   -0.02965   0.03872   0   2.009e+08   -5.683e+07   0
26.7   0.2011   -0.009562   0.03304   0   2.009e+08   -5.683e+07   0
26.8   0.2011   0.01053   0.02736   0   2.009e+08   -5.683e+07   0
26.9   0.2011   0.03062   0.02167   0   2.009e+08   -5.683e+07   0
27   0.2011   0.05071   0.01599   0   2.009e+08   -5.683e+07   0
27.1   0.2011   0.0708   0.01031   0   2.009e+08   -5.683e+07   0
27.2   0.2011   0.09089   0.004627   0   2.009e+08   -5.683e+07   0
27.3   0.2011   0.111   -0.001056   0   2.009e+08   -5.683e+07   0
27.4   0.2011   0.1311   -0.006739   0   2.009e+08   -5.683e+07   0
27.5   0.2011   0.1512   -0.01242   0   2.009e+08   -5.683e+07   0
27.6   0.2011   0.1713   -0.0181   0   2.009e+08   -5.683e+07   0
27.7   0.2021   0.1914   -0.02379   0   2.012e+08   -5.682e+07   0
27.8   0.2057   0.2115   -0.02947   0   2.024e+08   -5.682e+07   0
27.9   0.2078   0.2318   -0.03515   0   2.03e+08   -5.683e+07   0
28   0.2087   0.2521   -0.04083   0   2.033e+08   -5.684e+07   0
28.1   0.2086   0.2725   -0.04652   0   2.033e+08   -5.684e+07   0
28.2   0.2076   0.2928   -0.0522   0   2.03e+08   -5.682e+07   0
28.3   0.2058   0.3131   -0.05788   0   2.024e+08   -5.677e+07   0
28.4   0.2034   0.3333   -0.06356   0   2.017e+08   -5.669e+07   0
28.5   0.2004   0.3534   -0.06922   0   2.008e+08   -5.659e+07   0
28.6   0.197   0.3734   -0.07487   0   1.997e+08   -5.645e+07   0
28.7   0.1932   0.3933   -0.08051   0   1.984e+08   -5.629e+07   0
28.8   0.189   0.4131   -0.08613   0   1.971e+08   -5.61e+07   0
28.9   0.1846   0.4327   -0.09173   0   1.956e+08   -5.587e+07   0
29   0.1799   0.4522   -0.0973   0   1.939e+08   -5.562e+07   0
29.1   0.175   0.4715   -0.1029   0   1.922e+08   -5.535e+07   0
29.2   0.1701   0.4906   -0.1084   0   1.904e+08   -5.504e+07   0
29.3   0.165   0.5096   -0.1139   0   1.885e+08   -5.471e+07   0
29.4   0.1599   0.5283   -0.1193   0   1.865e+08   -5.436e+07   0
29.5   0.1547   0.5469   -0.1247   0   1.844e+08   -5.398e+07   0
29.6   0.1496   0.5652   -0.1301   0   1.823e+08   -5.358e+07   0
29.7   0.1444   0.5833   -0.1354   0   1.801e+08   -5.316e+07   0
29.8   0.1394   0.6012   -0.1407   0   1.778e+08   -5.272e+07   0
29.9   0.1344   0.6189   -0.146   0   1.755e+08   -5.226e+07   0
30   0.1295   0.6363   -0.1512   0   1.732e+08   -5.179e+07   0
30.1   0.1247   0.6535   -0.1563   0   1.708e+08   -5.131e+07   0
30.2   0.1201   0.6705   -0.1614   0   1.684e+08   -5.081e+07   0
30.3   0.1156   0.6872   -0.1665   0   1.66e+08   -5.031e+07   0
30.4   0.1112   0.7037   -0.1715   0   1.636e+08   -4.98e+07   0
30.5   0.107   0.7199   -0.1765   0   1.613e+08   -4.928e+07   0
30.6   0.1042   0.7359   -0.1814   0   1.596e+08   -4.892e+07   0
30.7   0.1042   0.7519   -0.1863   0   1.596e+08   -4.892e+07   0
30.8   0.1042   0.7678   -0.1912   0   1.596e+08   -4.892e+07   0
30.9   0.1042   0.7838   -0.196   0   1.596e+08   -4.892e+07   0
31   0.1042   0.7998   -0.2009   0   1.596e+08   -4.892e+07   0
31.1   0.1042   0.8157   -0.2058   0   1.596e+08   -4.892e+07   0
31.2   0.1042   0.8317   -0.2107   0   1.596e+08   -4.892e+07   0
31.3   0.1042   0.8476   -0.2156   0   1.596e+08   -4.892e+07   0
31.4   0.1042   0.8636   -0.2205   0   1.596e+08   -4.892e+07   0
31.5   0.1042   0.8796   -0.2254   0   1.596e+08   -4.892e+07   0
31.6   0.1042   0.8955   -0.2303   0   1.596e+08   -4.892e+07   0
31.7   0.1042   0.9115   -0.2352   0   1.596e+08   -4.892e+07   0
31.8   0.1042   0.9274   -0.2401   0   1.596e+08   -4.892e+07   0
31.9   0.1042   0.9434   -0.245   0   1.596e+08   -4.892e+07   0
32   0.1042   0.9594   -0.2499   0   1.596e+08   -4.892e+07   0
32.1   0.1042   0.9753   -0.2547   0   1.596e+08   -4.892e+07   0
32.2   0.1042   0.9913   -0.2596   0   1.596e+08   -4.892e+07   0
32.3   0.1042   1.007   -0.2645   0   1.596e+08   -4.892e+07   0
32.4   0.1042   1.023   -0.2694   0   1.596e+08   -4.892e+07   0
32.5   0.1042   1.039   -0.2743   0   1.596e+08   -4.892e+07   0
32.6   0.1042   1.055   -0.2792   0   1.596e+08   -4.892e+07   0
32.7   0.1042   1.071   -0.2841   0   1.596e+08   -4.892e+07   0
32.8   0.1042   1.087   -0.289   0   1.596e+08   -4.892e+07   0
32.9   0.1042   1.103   -0.2939   0   1.596e+08   -4.892e+07   0
33   0.1042   1.119   -0.2988   0   1.596e+08   -4.892e+07   0
33.1   0.1042   1.135   -0.3037   0   1.596e+08   -4.892e+07   0
33.2   0.1042   1.151   -0.3086   0   1.596e+08   -4.892e+07   0
33.3   0.1042   1.167   -0.3135   0   1.596e+08   -4.892e+07   0
33.4   0.1042   1.183   -0.3183   0   1.596e+08   -4.892e+07   0
33.5   0.1042   1.199   -0.3232   0   1.596e+08   -4.892e+07   0
33.6   0.1042   1.215   -0.3281   0   1.596e+08   -4.892e+07   0
33.7   0.1042   1.231   -0.333   0   1.596e+08   -4.892e+07   0
33.8   0.1042   1.247   -0.3379   0   1.596e+08   -4.892e+07   0
33.9   0.1042   1.263   -0.3428   0   1.596e+08   -4.892e+07   0
34   0.1042   1.279   -0.3477   0   1.596e+08   -4.892e+07   0
34.1   0.1042   1.295   -0.3526   0   1.596e+08   -4.892e+07   0
34.2   0.1042   1.31   -0.3575   0   1.596e+08   -4.892e+07   0
34.3   0.1042   1.326   -0.3624   0   1.596e+08   -4.892e+07   0
34.4   0.1042   1.342   -0.3673   0   1.596e+08   -4.892e+07   0
34.5   0.1042   1.358   -0.3722   0   1.596e+08   -4.892e+07   0
34.6   0.1042   1.374   -0.377   0   1.596e+08   -4.892e+07   0
34.7   0.1042   1.39   -0.3819   0   1.596e+08   -4.892e+07   0
34.8   0.1042   1.406   -0.3868   0   1.596e+08   -4.892e+07   0
34.9   0.1042   1.422   -0.3917   0   1.596e+08   -4.892e+07   0
35   0.1042   1.438   -0.3966   0   1.596e+08   -4.892e+07   0
35.1   0.1042   1.454   -0.4015   0   1.596e+08   -4.892e+07   0
35.2   0.1042   1.47   -0.4064   0   1.596e+08   -4.892e+07   0
35.3   0.1042   1.486   -0.4113   0   1.596e+08   -4.892e+07   0
35.4   0.1042   1.502   -0.4162   0   1.596e+08   -4.892e+07   0
35.5   0.1042   1.518   -0.4211   0   1.596e+08   -4.892e+07   0
35.6   0.1042   1.534   -0.426   0   1.596e+08   -4.892e+07   0
35.7   0.1042   1.55   -0.4309   0   1.596e+08   -4.892e+07   0
35.8   0.1042   1.566   -0.4357   0   1.596e+08   -4.892e+07   0
35.9   0.1042   1.582   -0.4406   0   1.596e+08   -4.892e+07   0
36   0.1042   1.598   -0.4455   0   1.596e+08   -4.892e+07   0
36.1   0.1042   1.614   -0.4504   0   1.596e+08   -4.892e+07   0
36.2   0.1042   1.63   -0.4553   0   1.596e+08   -4.892e+07   0
36.3   0.1042   1.646   -0.4602   0   1.596e+08   -4.892e+07   0
36.4   0.1042   1.662   -0.4651   0   1.596e+08   -4.892e+07   0
36.5   0.1042   1.678   -0.47   0   1.596e+08   -4.892e+07   0
36.6   0.1042   1.694   -0.4749   0   1.596e+08   -4.892e+07   0
36.7   0.1042   1.709   -0.4798   0   1.596e+08   -4.892e+07   0
36.8   0.1042   1.725   -0.4847   0   1.596e+08   -4.892e+07   0
36.9   0.1042   1.741   -0.4896   0   1.596e+08   -4.892e+07   0
37   0.1042   1.757   -0.4945   0   1.596e+08   -4.892e+07   0
37.1   0.1042   1.773   -0.4993   0   1.596e+08   -4.892e+07   0
37.2   0.1042   1.789   -0.5042   0   1.596e+08   -4.892e+07   0
37.3   0.1042   1.805   -0.5091   0   1.596e+08   -4.892e+07   0
37.4   0.1042   1.821   -0.514   0   1.596e+08   -4.892e+07   0
37.5   0.1042   1.837   -0.5189   0   1.596e+08   -4.892e+07   0
37.6   0.1042   1.853   -0.5238   0   1.596e+08   -4.892e+07   0
37.7   0.1042   1.869   -0.5287   0   1.596e+08   -4.892e+07   0
37.8   0.1042   1.885   -0.5336   0   1.596e+08   -4.892e+07   0
37.9   0.1042   1.901   -0.5385   0   1.596e+08   -4.892e+07   0
38   0.1042   1.917   -0.5434   0   1.596e+08   -4.892e+07   0
38.1   0.1042   1.933   -0.5483   0   1.596e+08   -4.892e+07   0
38.2   0.1042   1.949   -0.5532   0   1.596e+08   -4.892e+07   0
38.3   0.1042   1.965   -0.558   0   1.596e+08   -4.892e+07   0
38.4   0.1042   1.981   -0.5629   0   1.596e+08   -4.892e+07   0
38.5   0.1042   1.997   -0.5678   0   1.596e+08   -4.892e+07   0
38.6   0.1042   2.013   -0.5727   0   1.596e+08   -4.892e+07   0
38.7   0.1042   2.029   -0.5776   0   1.596e+08   -4.892e+07   0
38.8   0.1042   2.045   -0.5825   0   1.596e+08   -4.892e+07   0
38.9   0.1042   2.061   -0.5874   0   1.596e+08   -4.892e+07   0
39   0.1042   2.077   -0.5923   0   1.596e+08   -4.892e+07   0
39.1   0.1042   2.092   -0.5972   0   1.596e+08   -4.892e+07   0
39.2   0.1042   2.108   -0.6021   0   1.596e+08   -4.892e+07   0
39.3   0.1042   2.124   -0.607   0   1.596e+08   -4.892e+07   0
39.4   0.1042   2.14   -0.6119   0   1.596e+08   -4.892e+07   0
39.5   0.1042   2.156   -0.6167   0   1.596e+08   -4.892e+07   0
39.6   0.1042   2.172   -0.6216   0   1.596e+08   -4.892e+07   0
39.7   0.1042   2.188   -0.6265   0   1.596e+08   -4.892e+07   0
39.8   0.1042   2.204   -0.6314   0   1.596e+08   -4.892e+07   0
39.9   0.1042   2.22   -0.6363   0   1.596e+08   -4.892e+07   0
40   0.1042   2.236   -0.6412   0   1.596e+08   -4.892e+07   0
40.1   0.1042   2.252   -0.6461   0   1.596e+08   -4.892e+07   0
40.2   0.1042   2.268   -0.651   0   1.596e+08   -4.892e+07   0
40.3   0.1042   2.284   -0.6559   0   1.596e+08   -4.892e+07   0
40.4   0.1042   2.3   -0.6608   0   1.596e+08   -4.892e+07   0
40.5   0.1042   2.316   -0.6657   0   1.596e+08   -4.892e+07   0
40.6   0.1042   2.332   -0.6706   0   1.596e+08   -4.892e+07   0
40.7   0.1042   2.348   -0.6755   0   1.596e+08   -4.892e+07   0
40.8   0.1042   2.364   -0.6803   0   1.596e+08   -4.892e+07   0
40.9   0.1042   2.38   -0.6852   0   1.596e+08   -4.892e+07   0
41   0.1042   2.396   -0.6901   0   1.596e+08   -4.892e+07   0
41.1   0.1042   2.412   -0.695   0   1.596e+08   -4.892e+07   0
41.2   0.1042   2.428   -0.6999   0   1.596e+08   -4.892e+07   0
41.3   0.1042   2.444   -0.7048   0   1.596e+08   -4.892e+07   0
41.4   0.1042   2.46   -0.7097   0   1.596e+08   -4.892e+07   0
41.5   0.1042   2.476   -0.7146   0   1.596e+08   -4.892e+07   0
41.6   0.1042   2.491   -0.7195   0   1.596e+08   -4.892e+07   0
41.7   0.1042   2.507   -0.7244   0   1.596e+08   -4.892e+07   0
41.8   0.1042   2.523   -0.7293   0   1.596e+08   -4.892e+07   0
41.9   0.1042   2.539   -0.7342   0   1.596e+08   -4.892e+07   0
42   0.1042   2.555   -0.739   0   1.596e+08   -4.892e+07   0
42.1   0.1042   2.571   -0.7439   0   1.596e+08   -4.892e+07   0
42.2   0.1042   2.587   -0.7488   0   1.596e+08   -4.892e+07   0
42.3   0.1042   2.603   -0.7537   0   1.596e+08   -4.892e+07   0
42.4   0.1042   2.619   -0.7586   0   1.596e+08   -4.892e+07   0
42.5   0.1042   2.635   -0.7635   0   1.596e+08   -4.892e+07   0
42.6   0.1042   2.651   -0.7684   0   1.596e+08   -4.892e+07   0
42.7   0.1042   2.667   -0.7733   0   1.596e+08   -4.892e+07   0
42.8   0.1042   2.683   -0.7782   0   1.596e+08   -4.892e+07   0
42.9   0.1042   2.699   -0.7831   0   1.596e+08   -4.892e+07   0
43   0.1042   2.715   -0.788   0   1.596e+08   -4.892e+07   0
43.1   0.1042   2.731   -0.7929   0   1.596e+08   -4.892e+07   0
43.2   0.1042   2.747   -0.7977   0   1.596e+08   -4.892e+07   0
43.3   0.1042   2.763   -0.8026   0   1.596e+08   -4.892e+07   0
43.4   0.1042   2.779   -0.8075   0   1.596e+08   -4.892e+07   0
43.5   0.1042   2.795   -0.8124   0   1.596e+08   -4.892e+07   0
43.6   0.1042   2.811   -0.8173   0   1.596e+08   -4.892e+07   0
43.7   0.1042   2.827   -0.8222   0   1.596e+08   -4.892e+07   0
43.8   0.1042   2.843   -0.8271   0   1.596e+08   -4.892e+07   0
43.9   0.1042   2.859   -0.832   0   1.596e+08   -4.892e+07   0
44   0.1042   2.875   -0.8369   0   1.596e+08   -4.892e+07   0
44.1   0.1042   2.89   -0.8418   0   1.596e+08   -4.892e+07   0
44.2   0.1042   2.906   -0.8467   0   1.596e+08   -4.892e+07   0
44.3   0.1042   2.922   -0.8516   0   1.596e+08   -4.892e+07   0
44.4   0.1042   2.938   -0.8565   0   1.596e+08   -4.892e+07   0
44.5   0.1042   2.954   -0.8613   0   1.596e+08   -4.892e+07   0
44.6   0.1042   2.97   -0.8662   0   1.596e+08   -4.892e+07   0
44.7   0.1042   2.986   -0.8711   0   1.596e+08   -4.892e+07   0
44.8   0.1042   3.002   -0.876   0   1.596e+08   -4.892e+07   0
44.9   0.1042   3.018   -0.8809   0   1.596e+08   -4.892e+07   0
45   0.1042   3.034   -0.8858   0   1.596e+08   -4.892e+07   0
