0   0.04   -0.753   0   0   1.121e+08   0   0
0.1   0.04   -0.753   0   0   1.121e+08   0   0
0.2   0.04   -0.753   0   0   1.121e+08   0   0
0.3   0.04   -0.753   0   0   1.121e+08   0   0
0.4   0.04   -0.753   0   0   1.121e+08   0   0
0.5   0.04   -0.753   0   0   1.121e+08   0   0
0.6   0.04   -0.753   0   0   1.121e+08   0   0
0.7   0.04   -0.753   0   0   1.121e+08   0   0
0.8   0.04   -0.753   0   0   1.121e+08   0   0
0.9   0.04   -0.753   0   0   1.121e+08   0   0
1   0.04   -0.753   0   0   1.121e+08   0   0
1.1   0.04   -0.753   0   0   1.121e+08   0   0
1.2   0.04   -0.753   0   0   1.121e+08   0   0
1.3   0.04   -0.753   0   0   1.121e+08   0   0
1.4   0.04   -0.753   0   0   1.121e+08   0   0
1.5   0.04009   -0.7524   0   0   1.122e+08   0   0
1.6   0.04234   -0.741   0   0   1.15e+08   0   0
1.7   0.04479   -0.7294   0   0   1.179e+08   0   0
1.8   0.04744   -0.7175   0   0   1.209e+08   0   0
1.9   0.05029   -0.7052   0   0   1.24e+08   0   0
2   0.05335   -0.6926   0   0   1.272e+08   0   0
2.1   0.05662   -0.6798   0   0   1.305e+08   0   0
2.2   0.06009   -0.6665   0   0   1.339e+08   0   0
2.3   0.06377   -0.653   0   0   1.372e+08   0   0
2.4   0.06765   -0.6391   0   0   1.407e+08   0   0
2.5   0.07172   -0.6248   0   0   1.441e+08   0   0
2.6   0.07597   -0.6103   0   0   1.475e+08   0   0
2.7   0.08041   -0.5953   0   0   1.509e+08   0   0
2.8   0.08501   -0.5801   0   0   1.543e+08   0   0
2.9   0.08976   -0.5645   0   0   1.576e+08   0   0
3   0.09464   -0.5485   0   0   1.609e+08   0   0
3.1   0.09964   -0.5323   0   0   1.641e+08   0   0
3.2   0.1047   -0.5157   0   0   1.673e+08   0   0
3.3   0.1099   -0.4988   0   0   1.703e+08   0   0
3.4   0.1151   -0.4817   0   0   1.732e+08   0   0
3.5   0.1203   -0.4642   0   0   1.761e+08   0   0
3.6   0.1255   -0.4464   0   0   1.788e+08   0   0
3.7   0.1307   -0.4284   0   0   1.813e+08   0   0
3.8   0.1357   -0.4102   0   0   1.838e+08   0   0
3.9   0.1406   -0.3917   0   0   1.86e+08   0   0
4   0.1453   -0.373   0   0   1.881e+08   0   0
4.1   0.1498   -0.3541   0   0   1.901e+08   0   0
4.2   0.1539   -0.335   0   0   1.918e+08   0   0
4.3   0.1577   -0.3157   0   0   1.934e+08   0   0
4.4   0.1609   -0.2963   0   0   1.947e+08   0   0
4.5   0.1637   -0.2768   0   0   1.957e+08   0   0
4.6   0.1657   -0.2572   0   0   1.965e+08   0   0
4.7   0.167   -0.2375   0   0   1.97e+08   0   0
4.8   0.1673   -0.2178   0   0   1.971e+08   0   0
4.9   0.1665   -0.1981   0   0   1.968e+08   0   0
5   0.1656   -0.1784   0   0   1.965e+08   0   0
5.1   0.1656   -0.1588   0   0   1.965e+08   0   0
5.2   0.1656   -0.1391   0   0   1.965e+08   0   0
5.3   0.1656   -0.1195   0   0   1.965e+08   0   0
5.4   0.1656   -0.09982   0   0   1.965e+08   0   0
5.5   0.1656   -0.08017   0   0   1.965e+08   0   0
5.6   0.1656   -0.06052   0   0   1.965e+08   0   0
5.7   0.1656   -0.04087   0   0   1.965e+08   0   0
5.8   0.1656   -0.02122   0   0   1.965e+08   0   0
5.9   0.1656   -0.001568   0   0   1.965e+08   0   0
6   0.1656   0.01808   0   0   1.965e+08   0   0
6.1   0.1656   0.03773   0   0   1.965e+08   0   0
6.2   0.1656   0.05738   0   0   1.965e+08   0   0
6.3   0.1656   0.07703   0   0   1.965e+08   0   0
6.4   0.1656   0.09668   0   0   1.965e+08   0   0
6.5   0.1656   0.1163   0   0   1.965e+08   0   0
6.6   0.1656   0.136   0   0   1.965e+08   0   0
6.7   0.1656   0.1556   0   0   1.965e+08   0   0
6.8   0.1656   0.1753   0   0   1.965e+08   0   0
6.9   0.1719   0.195   0   0   1.989e+08   0   0
7   0.1896   0.2152   0   0   2.051e+08   0   0
7.1   0.2063   0.236   0   0   2.104e+08   0   0
7.2   0.2219   0.2572   0   0   2.149e+08   0   0
7.3   0.2364   0.2789   0   0   2.188e+08   0   0
7.4   0.25   0.301   0   0   2.222e+08   0   0
7.5   0.2626   0.3233   0   0   2.251e+08   0   0
7.6   0.2743   0.346   0   0   2.276e+08   0   0
7.7   0.2851   0.3689   0   0   2.299e+08   0   0
7.8   0.2951   0.392   0   0   2.319e+08   0   0
7.9   0.3042   0.4152   0   0   2.336e+08   0   0
8   0.3126   0.4387   0   0   2.351e+08   0   0
8.1   0.3202   0.4622   0   0   2.364e+08   0   0
8.2   0.3271   0.4859   0   0   2.376e+08   0   0
8.3   0.3332   0.5098   0   0   2.386e+08   0   0
8.4   0.3388   0.5337   0   0   2.395e+08   0   0
8.5   0.3437   0.5577   0   0   2.403e+08   0   0
8.6   0.348   0.5817   0   0   2.41e+08   0   0
8.7   0.3517   0.6059   0   0   2.415e+08   0   0
8.8   0.3548   0.63   0   0   2.42e+08   0   0
8.9   0.3574   0.6543   0   0   2.424e+08   0   0
9   0.3595   0.6785   0   0   2.427e+08   0   0
9.1   0.3612   0.7028   0   0   2.429e+08   0   0
9.2   0.3623   0.7271   0   0   2.431e+08   0   0
9.3   0.363   0.7514   0   0   2.432e+08   0   0
9.4   0.3631   0.7757   0   0   2.432e+08   0   0
9.5   0.3631   0.8001   0   0   2.432e+08   0   0
9.6   0.3631   0.8244   0   0   2.432e+08   0   0
9.7   0.3631   0.8487   0   0   2.432e+08   0   0
9.8   0.3631   0.873   0   0   2.432e+08   0   0
9.9   0.3631   0.8974   0   0   2.432e+08   0   0
10   0.3631   0.9217   0   0   2.432e+08   0   0
10.1   0.3631   0.946   0   0   2.432e+08   0   0
10.2   0.3631   0.9703   0   0   2.432e+08   0   0
10.3   0.3631   0.9946   0   0   2.432e+08   0   0
10.4   0.3631   1.019   0   0   2.432e+08   0   0
10.5   0.3631   1.043   0   0   2.432e+08   0   0
10.6   0.3631   1.068   0   0   2.432e+08   0   0
10.7   0.3631   1.092   0   0   2.432e+08   0   0
10.8   0.3634   1.116   -0.0005233   0   2.417e+08   -2.751e+07   0
10.9   0.3642   1.14   -0.006941   0   2.223e+08   -9.912e+07   0
11   0.365   1.16   -0.02011   0   1.822e+08   -1.615e+08   0
11.1   0.3658   1.175   -0.0388   0   1.252e+08   -2.09e+08   0
11.2   0.3665   1.185   -0.06129   0   5.665e+07   -2.37e+08   0
11.3   0.3673   1.187   -0.0855   0   -1.716e+07   -2.432e+08   0
11.4   0.3681   1.181   -0.1092   0   -8.94e+07   -2.27e+08   0
11.5   0.3689   1.169   -0.1302   0   -1.534e+08   -1.898e+08   0
11.6   0.3697   1.151   -0.1465   0   -2.033e+08   -1.352e+08   0
11.7   0.3705   1.129   -0.1567   0   -2.346e+08   -6.822e+07   0
11.8   0.3714   1.105   -0.1599   0   -2.443e+08   5.043e+06   0
11.9   0.3717   1.08   -0.1567   0   -2.412e+08   3.973e+07   0
12   0.3717   1.056   -0.1527   0   -2.412e+08   3.973e+07   0
12.1   0.3717   1.032   -0.1488   0   -2.412e+08   3.973e+07   0
12.2   0.3717   1.008   -0.1448   0   -2.412e+08   3.973e+07   0
12.3   0.3717   0.9839   -0.1408   0   -2.412e+08   3.973e+07   0
12.4   0.3717   0.9598   -0.1368   0   -2.412e+08   3.973e+07   0
12.5   0.3717   0.9357   -0.1329   0   -2.412e+08   3.973e+07   0
12.6   0.3717   0.9116   -0.1289   0   -2.412e+08   3.973e+07   0
12.7   0.3717   0.8875   -0.1249   0   -2.412e+08   3.973e+07   0
12.8   0.3717   0.8633   -0.1209   0   -2.412e+08   3.973e+07   0
12.9   0.3717   0.8392   -0.117   0   -2.412e+08   3.973e+07   0
13   0.3717   0.8151   -0.113   0   -2.412e+08   3.973e+07   0
13.1   0.3717   0.791   -0.109   0   -2.412e+08   3.973e+07   0
13.2   0.3717   0.7669   -0.1051   0   -2.412e+08   3.973e+07   0
13.3   0.3721   0.7427   -0.1011   0   -2.413e+08   3.973e+07   0
13.4   0.375   0.7186   -0.09711   0   -2.417e+08   3.977e+07   0
13.5   0.3775   0.6944   -0.09313   0   -2.42e+08   3.979e+07   0
13.6   0.3798   0.6702   -0.08915   0   -2.423e+08   3.981e+07   0
13.7   0.3817   0.6459   -0.08517   0   -2.426e+08   3.983e+07   0
13.8   0.3833   0.6217   -0.08118   0   -2.428e+08   3.985e+07   0
13.9   0.3844   0.5974   -0.0772   0   -2.429e+08   3.986e+07   0
14   0.3851   0.5731   -0.07321   0   -2.43e+08   3.986e+07   0
14.1   0.3853   0.5488   -0.06922   0   -2.43e+08   3.986e+07   0
14.2   0.3849   0.5245   -0.06524   0   -2.43e+08   3.986e+07   0
14.3   0.3839   0.5002   -0.06125   0   -2.429e+08   3.985e+07   0
14.4   0.3823   0.4759   -0.05727   0   -2.426e+08   3.985e+07   0
14.5   0.38   0.4517   -0.05328   0   -2.423e+08   3.984e+07   0
14.6   0.3769   0.4275   -0.0493   0   -2.419e+08   3.983e+07   0
14.7   0.3729   0.4033   -0.04532   0   -2.414e+08   3.982e+07   0
14.8   0.368   0.3792   -0.04134   0   -2.407e+08   3.982e+07   0
14.9   0.3621   0.3552   -0.03735   0   -2.398e+08   3.982e+07   0
15   0.3551   0.3312   -0.03337   0   -2.388e+08   3.983e+07   0
15.1   0.3469   0.3074   -0.02939   0   -2.375e+08   3.987e+07   0
15.2   0.3373   0.2837   -0.0254   0   -2.359e+08   3.993e+07   0
15.3   0.3261   0.2602   -0.0214   0   -2.341e+08   4.003e+07   0
15.4   0.3132   0.237   -0.01739   0   -2.318e+08   4.019e+07   0
15.5   0.2984   0.2139   -0.01336   0   -2.289e+08   4.044e+07   0
15.6   0.2813   0.1912   -0.009296   0   -2.254e+08   4.085e+07   0
15.7   0.2787   0.1687   -0.005205   0   -2.249e+08   4.092e+07   0
15.8   0.2787   0.1462   -0.001113   0   -2.249e+08   4.092e+07   0
15.9   0.2787   0.1237   0.002979   0   -2.249e+08   4.092e+07   0
16   0.2787   0.1012   0.00707   0   -2.249e+08   4.092e+07   0
16.1   0.2787   0.07874   0.01116   0   -2.249e+08   4.092e+07   0
16.2   0.2787   0.05626   0.01525   0   -2.249e+08   4.092e+07   0
16.3   0.2787   0.03377   0.01935   0   -2.249e+08   4.092e+07   0
16.4   0.2787   0.01128   0.02344   0   -2.249e+08   4.092e+07   0
16.5   0.2787   -0.01121   0.02753   0   -2.249e+08   4.092e+07   0
16.6   0.2787   -0.0337   0.03162   0   -2.249e+08   4.092e+07   0
16.7   0.2787   -0.05618   0.03571   0   -2.249e+08   4.092e+07   0
16.8   0.2787   -0.07867   0.0398   0   -2.249e+08   4.092e+07   0
16.9   0.2787   -0.1012   0.0439   0   -2.249e+08   4.092e+07   0
17   0.2787   -0.1236   0.04799   0   -2.249e+08   4.092e+07   0
17.1   0.2787   -0.1461   0.05208   0   -2.249e+08   4.092e+07   0
17.2   0.2787   -0.1686   0.05617   0   -2.249e+08   4.092e+07   0
17.3   0.2881   -0.1912   0.06029   0   -2.267e+08   4.185e+07   0
17.4   0.3039   -0.214   0.06455   0   -2.295e+08   4.327e+07   0
17.5   0.3177   -0.237   0.06893   0   -2.318e+08   4.436e+07   0
17.6   0.3295   -0.2603   0.07341   0   -2.337e+08   4.521e+07   0
17.7   0.3397   -0.2838   0.07797   0   -2.352e+08   4.589e+07   0
17.8   0.3485   -0.3074   0.08259   0   -2.365e+08   4.642e+07   0
17.9   0.3559   -0.3311   0.08725   0   -2.376e+08   4.684e+07   0
18   0.3621   -0.3549   0.09195   0   -2.385e+08   4.718e+07   0
18.1   0.3673   -0.3788   0.09669   0   -2.392e+08   4.744e+07   0
18.2   0.3715   -0.4027   0.1014   0   -2.397e+08   4.765e+07   0
18.3   0.3748   -0.4267   0.1062   0   -2.402e+08   4.781e+07   0
18.4   0.3774   -0.4507   0.111   0   -2.405e+08   4.792e+07   0
18.5   0.3791   -0.4748   0.1158   0   -2.407e+08   4.8e+07   0
18.6   0.3802   -0.4989   0.1206   0   -2.409e+08   4.805e+07   0
18.7   0.3807   -0.523   0.1254   0   -2.409e+08   4.807e+07   0
18.8   0.3806   -0.5471   0.1302   0   -2.409e+08   4.807e+07   0
18.9   0.38   -0.5712   0.135   0   -2.408e+08   4.804e+07   0
19   0.379   -0.5952   0.1398   0   -2.407e+08   4.8e+07   0
19.1   0.3775   -0.6193   0.1446   0   -2.405e+08   4.794e+07   0
19.2   0.3756   -0.6433   0.1494   0   -2.403e+08   4.786e+07   0
19.3   0.3733   -0.6673   0.1542   0   -2.4e+08   4.777e+07   0
19.4   0.3708   -0.6913   0.159   0   -2.396e+08   4.767e+07   0
19.5   0.3679   -0.7153   0.1637   0   -2.392e+08   4.756e+07   0
19.6   0.3655   -0.7392   0.1685   0   -2.389e+08   4.746e+07   0
19.7   0.3655   -0.7631   0.1732   0   -2.389e+08   4.746e+07   0
19.8   0.3655   -0.787   0.178   0   -2.389e+08   4.746e+07   0
19.9   0.3655   -0.8108   0.1827   0   -2.389e+08   4.746e+07   0
20   0.3655   -0.8347   0.1875   0   -2.389e+08   4.746e+07   0
20.1   0.3655   -0.8586   0.1922   0   -2.389e+08   4.746e+07   0
20.2   0.3655   -0.8825   0.197   0   -2.389e+08   4.746e+07   0
20.3   0.3655   -0.9064   0.2017   0   -2.389e+08   4.746e+07   0
20.4   0.3655   -0.9303   0.2064   0   -2.389e+08   4.746e+07   0
20.5   0.3655   -0.9542   0.2112   0   -2.389e+08   4.746e+07   0
20.6   0.3655   -0.9781   0.2159   0   -2.389e+08   4.746e+07   0
20.7   0.3655   -1.002   0.2207   0   -2.389e+08   4.746e+07   0
20.8   0.3655   -1.026   0.2254   0   -2.389e+08   4.746e+07   0
20.9   0.3655   -1.05   0.2302   0   -2.389e+08   4.746e+07   0
21   0.3655   -1.074   0.2349   0   -2.389e+08   4.746e+07   0
21.1   0.3655   -1.098   0.2397   0   -2.389e+08   4.746e+07   0
21.2   0.3656   -1.121   0.2445   0   -2.373e+08   5.508e+07   0
21.3   0.367   -1.143   0.2545   0   -1.973e+08   1.432e+08   0
21.4   0.3683   -1.16   0.2724   0   -1.263e+08   2.087e+08   0
21.5   0.3697   -1.168   0.2952   0   -3.55e+07   2.416e+08   0
21.6   0.3711   -1.167   0.3195   0   6.087e+07   2.367e+08   0
21.7   0.3725   -1.156   0.3413   0   1.478e+08   1.949e+08   0
21.8   0.3739   -1.138   0.3574   0   2.117e+08   1.228e+08   0
21.9   0.3753   -1.115   0.3652   0   2.429e+08   3.169e+07   0
22   0.3766   -1.09   0.3635   0   2.365e+08   -6.431e+07   0
22.1   0.3768   -1.067   0.356   0   2.333e+08   -7.545e+07   0
22.2   0.3768   -1.044   0.3484   0   2.333e+08   -7.545e+07   0
22.3   0.3768   -1.02   0.3409   0   2.333e+08   -7.545e+07   0
22.4   0.3768   -0.9971   0.3333   0   2.333e+08   -7.545e+07   0
22.5   0.3768   -0.9738   0.3258   0   2.333e+08   -7.545e+07   0
22.6   0.3768   -0.9504   0.3182   0   2.333e+08   -7.545e+07   0
22.7   0.3768   -0.9271   0.3107   0   2.333e+08   -7.545e+07   0
22.8   0.3768   -0.9038   0.3032   0   2.333e+08   -7.545e+07   0
22.9   0.3768   -0.8805   0.2956   0   2.333e+08   -7.545e+07   0
23   0.3768   -0.8571   0.2881   0   2.333e+08   -7.545e+07   0
23.1   0.3768   -0.8338   0.2805   0   2.333e+08   -7.545e+07   0
23.2   0.3768   -0.8105   0.273   0   2.333e+08   -7.545e+07   0
23.3   0.3768   -0.7872   0.2654   0   2.333e+08   -7.545e+07   0
23.4   0.3768   -0.7638   0.2579   0   2.333e+08   -7.545e+07   0
23.5   0.3768   -0.7405   0.2503   0   2.333e+08   -7.545e+07   0
23.6   0.3768   -0.7172   0.2428   0   2.333e+08   -7.545e+07   0
23.7   0.3759   -0.6939   0.2353   0   2.331e+08   -7.541e+07   0
23.8   0.3744   -0.6706   0.2277   0   2.329e+08   -7.533e+07   0
23.9   0.3725   -0.6473   0.2202   0   2.327e+08   -7.524e+07   0
24   0.37   -0.624   0.2127   0   2.324e+08   -7.512e+07   0
24.1   0.3671   -0.6008   0.2052   0   2.32e+08   -7.497e+07   0
24.2   0.3636   -0.5776   0.1977   0   2.315e+08   -7.479e+07   0
24.3   0.3595   -0.5545   0.1902   0   2.31e+08   -7.458e+07   0
24.4   0.3549   -0.5314   0.1828   0   2.303e+08   -7.434e+07   0
24.5   0.3497   -0.5084   0.1753   0   2.296e+08   -7.405e+07   0
24.6   0.3438   -0.4855   0.168   0   2.287e+08   -7.373e+07   0
24.7   0.3373   -0.4627   0.1606   0   2.278e+08   -7.335e+07   0
24.8   0.3301   -0.44   0.1533   0   2.267e+08   -7.292e+07   0
24.9   0.3222   -0.4174   0.146   0   2.254e+08   -7.243e+07   0
25   0.3136   -0.3949   0.1388   0   2.24e+08   -7.187e+07   0
25.1   0.3042   -0.3726   0.1316   0   2.225e+08   -7.123e+07   0
25.2   0.294   -0.3504   0.1246   0   2.207e+08   -7.05e+07   0
25.3   0.283   -0.3284   0.1175   0   2.186e+08   -6.966e+07   0
25.4   0.2712   -0.3067   0.1106   0   2.163e+08   -6.869e+07   0
25.5   0.2584   -0.2852   0.1038   0   2.137e+08   -6.758e+07   0
25.6   0.2448   -0.264   0.09712   0   2.107e+08   -6.629e+07   0
25.7   0.2302   -0.2431   0.09057   0   2.073e+08   -6.479e+07   0
25.8   0.2146   -0.2225   0.08417   0   2.033e+08   -6.302e+07   0
25.9   0.198   -0.2024   0.07798   0   1.987e+08   -6.092e+07   0
26   0.1804   -0.1828   0.07201   0   1.933e+08   -5.84e+07   0
26.1   0.1726   -0.1637   0.06626   0   1.908e+08   -5.72e+07   0
26.2   0.1726   -0.1446   0.06054   0   1.908e+08   -5.72e+07   0
26.3   0.1726   -0.1256   0.05482   0   1.908e+08   -5.72e+07   0
26.4   0.1726   -0.1065   0.0491   0   1.908e+08   -5.72e+07   0
26.5   0.1726   -0.0874   0.04338   0   1.908e+08   -5.72e+07   0
26.6   0.1726   -0.06832   0.03766   0   1.908e+08   -5.72e+07   0
26.7   0.1726   -0.04925   0.03194   0   1.908e+08   -5.72e+07   0
26.8   0.1726   -0.03017   0.02622   0   1.908e+08   -5.72e+07   0
26.9   0.1726   -0.01109   0.0205   0   1.908e+08   -5.72e+07   0
27   0.1726   0.007984   0.01478   0   1.908e+08   -5.72e+07   0
27.1   0.1726   0.02706   0.009065   0   1.908e+08   -5.72e+07   0
27.2   0.1726   0.04614   0.003345   0   1.908e+08   -5.72e+07   0
27.3   0.1726   0.06521   -0.002375   0   1.908e+08   -5.72e+07   0
27.4   0.1726   0.08429   -0.008094   0   1.908e+08   -5.72e+07   0
27.5   0.1726   0.1034   -0.01381   0   1.908e+08   -5.72e+07   0
27.6   0.1726   0.1224   -0.01953   0   1.908e+08   -5.72e+07   0
27.7   0.1726   0.1415   -0.02525   0   1.908e+08   -5.72e+07   0
27.8   0.1726   0.1606   -0.03097   0   1.908e+08   -5.72e+07   0
27.9   0.1726   0.1797   -0.03669   0   1.908e+08   -5.72e+07   0
28   0.1733   0.1988   -0.04241   0   1.91e+08   -5.723e+07   0
28.1   0.1732   0.2179   -0.04814   0   1.91e+08   -5.722e+07   0
28.2   0.172   0.2369   -0.05386   0   1.905e+08   -5.715e+07   0
28.3   0.17   0.256   -0.05957   0   1.898e+08   -5.702e+07   0
28.4   0.1673   0.2749   -0.06526   0   1.888e+08   -5.683e+07   0
28.5   0.1639   0.2937   -0.07093   0   1.875e+08   -5.658e+07   0
28.6   0.1601   0.3124   -0.07657   0   1.86e+08   -5.628e+07   0
28.7   0.1558   0.3309   -0.08218   0   1.843e+08   -5.593e+07   0
28.8   0.1513   0.3492   -0.08776   0   1.824e+08   -5.553e+07   0
28.9   0.1464   0.3674   -0.09329   0   1.804e+08   -5.508e+07   0
29   0.1414   0.3853   -0.09877   0   1.782e+08   -5.459e+07   0
29.1   0.1362   0.403   -0.1042   0   1.759e+08   -5.406e+07   0
29.2   0.1309   0.4205   -0.1096   0   1.734e+08   -5.349e+07   0
29.3   0.1256   0.4377   -0.1149   0   1.708e+08   -5.287e+07   0
29.4   0.1202   0.4546   -0.1202   0   1.68e+08   -5.222e+07   0
29.5   0.1148   0.4713   -0.1253   0   1.652e+08   -5.154e+07   0
29.6   0.1095   0.4877   -0.1305   0   1.623e+08   -5.082e+07   0
29.7   0.1042   0.5037   -0.1355   0   1.593e+08   -5.007e+07   0
29.8   0.09907   0.5195   -0.1405   0   1.562e+08   -4.93e+07   0
29.9   0.09403   0.535   -0.1454   0   1.53e+08   -4.85e+07   0
30   0.08913   0.5501   -0.1502   0   1.498e+08   -4.768e+07   0
30.1   0.08438   0.5649   -0.1549   0   1.465e+08   -4.684e+07   0
30.2   0.07979   0.5794   -0.1595   0   1.433e+08   -4.599e+07   0
30.3   0.07539   0.5936   -0.1641   0   1.4e+08   -4.513e+07   0
30.4   0.07118   0.6074   -0.1686   0   1.367e+08   -4.426e+07   0
30.5   0.06717   0.6209   -0.1729   0   1.334e+08   -4.339e+07   0
30.6   0.06336   0.6341   -0.1772   0   1.301e+08   -4.252e+07   0
30.7   0.05976   0.6469   -0.1814   0   1.269e+08   -4.166e+07   0
30.8   0.05637   0.6594   -0.1856   0   1.237e+08   -4.08e+07   0
30.9   0.05319   0.6717   -0.1896   0   1.206e+08   -3.996e+07   0
31   0.05022   0.6836   -0.1936   0   1.176e+08   -3.915e+07   0
31.1   0.04747   0.6952   -0.1974   0   1.147e+08   -3.835e+07   0
31.2   0.04491   0.7065   -0.2012   0   1.119e+08   -3.758e+07   0
31.3   0.04257   0.7176   -0.205   0   1.092e+08   -3.684e+07   0
31.4   0.04128   0.7284   -0.2086   0   1.077e+08   -3.642e+07   0
31.5   0.04128   0.7392   -0.2123   0   1.077e+08   -3.642e+07   0
31.6   0.04128   0.7499   -0.2159   0   1.077e+08   -3.642e+07   0
31.7   0.04128   0.7607   -0.2195   0   1.077e+08   -3.642e+07   0
31.8   0.04128   0.7715   -0.2232   0   1.077e+08   -3.642e+07   0
31.9   0.04128   0.7822   -0.2268   0   1.077e+08   -3.642e+07   0
32   0.04128   0.793   -0.2305   0   1.077e+08   -3.642e+07   0
32.1   0.04128   0.8038   -0.2341   0   1.077e+08   -3.642e+07   0
32.2   0.04128   0.8146   -0.2377   0   1.077e+08   -3.642e+07   0
32.3   0.04128   0.8253   -0.2414   0   1.077e+08   -3.642e+07   0
32.4   0.04128   0.8361   -0.245   0   1.077e+08   -3.642e+07   0
32.5   0.04128   0.8469   -0.2487   0   1.077e+08   -3.642e+07   0
32.6   0.04128   0.8577   -0.2523   0   1.077e+08   -3.642e+07   0
32.7   0.04128   0.8684   -0.256   0   1.077e+08   -3.642e+07   0
32.8   0.04128   0.8792   -0.2596   0   1.077e+08   -3.642e+07   0
32.9   0.04128   0.89   -0.2632   0   1.077e+08   -3.642e+07   0
33   0.04128   0.9007   -0.2669   0   1.077e+08   -3.642e+07   0
33.1   0.04128   0.9115   -0.2705   0   1.077e+08   -3.642e+07   0
33.2   0.04128   0.9223   -0.2742   0   1.077e+08   -3.642e+07   0
33.3   0.04128   0.9331   -0.2778   0   1.077e+08   -3.642e+07   0
33.4   0.04128   0.9438   -0.2815   0   1.077e+08   -3.642e+07   0
33.5   0.04128   0.9546   -0.2851   0   1.077e+08   -3.642e+07   0
33.6   0.04128   0.9654   -0.2887   0   1.077e+08   -3.642e+07   0
33.7   0.04128   0.9762   -0.2924   0   1.077e+08   -3.642e+07   0
33.8   0.04128   0.9869   -0.296   0   1.077e+08   -3.642e+07   0
33.9   0.04128   0.9977   -0.2997   0   1.077e+08   -3.642e+07   0
34   0.04128   1.008   -0.3033   0   1.077e+08   -3.642e+07   0
34.1   0.04128   1.019   -0.3069   0   1.077e+08   -3.642e+07   0
34.2   0.04128   1.03   -0.3106   0   1.077e+08   -3.642e+07   0
34.3   0.04128   1.041   -0.3142   0   1.077e+08   -3.642e+07   0
34.4   0.04128   1.052   -0.3179   0   1.077e+08   -3.642e+07   0
34.5   0.04128   1.062   -0.3215   0   1.077e+08   -3.642e+07   0
34.6   0.04128   1.073   -0.3252   0   1.077e+08   -3.642e+07   0
34.7   0.04128   1.084   -0.3288   0   1.077e+08   -3.642e+07   0
34.8   0.04128   1.095   -0.3324   0   1.077e+08   -3.642e+07   0
34.9   0.04128   1.105   -0.3361   0   1.077e+08   -3.642e+07   0
35   0.04128   1.116   -0.3397   0   1.077e+08   -3.642e+07   0
35.1   0.04128   1.127   -0.3434   0   1.077e+08   -3.642e+07   0
35.2   0.04128   1.138   -0.347   0   1.077e+08   -3.642e+07   0
35.3   0.04128   1.149   -0.3507   0   1.077e+08   -3.642e+07   0
35.4   0.04128   1.159   -0.3543   0   1.077e+08   -3.642e+07   0
35.5   0.04128   1.17   -0.3579   0   1.077e+08   -3.642e+07   0
35.6   0.04128   1.181   -0.3616   0   1.077e+08   -3.642e+07   0
35.7   0.04128   1.192   -0.3652   0   1.077e+08   -3.642e+07   0
35.8   0.04128   1.202   -0.3689   0   1.077e+08   -3.642e+07   0
35.9   0.04128   1.213   -0.3725   0   1.077e+08   -3.642e+07   0
36   0.04128   1.224   -0.3762   0   1.077e+08   -3.642e+07   0
36.1   0.04128   1.235   -0.3798   0   1.077e+08   -3.642e+07   0
36.2   0.04128   1.245   -0.3834   0   1.077e+08   -3.642e+07   0
36.3   0.04128   1.256   -0.3871   0   1.077e+08   -3.642e+07   0
36.4   0.04128   1.267   -0.3907   0   1.077e+08   -3.642e+07   0
36.5   0.04128   1.278   -0.3944   0   1.077e+08   -3.642e+07   0
36.6   0.04128   1.289   -0.398   0   1.077e+08   -3.642e+07   0
36.7   0.04128   1.299   -0.4016   0   1.077e+08   -3.642e+07   0
36.8   0.04128   1.31   -0.4053   0   1.077e+08   -3.642e+07   0
36.9   0.04128   1.321   -0.4089   0   1.077e+08   -3.642e+07   0
37   0.04128   1.332   -0.4126   0   1.077e+08   -3.642e+07   0
37.1   0.04128   1.342   -0.4162   0   1.077e+08   -3.642e+07   0
37.2   0.04128   1.353   -0.4199   0   1.077e+08   -3.642e+07   0
37.3   0.04128   1.364   -0.4235   0   1.077e+08   -3.642e+07   0
37.4   0.04128   1.375   -0.4271   0   1.077e+08   -3.642e+07   0
37.5   0.04128   1.386   -0.4308   0   1.077e+08   -3.642e+07   0
37.6   0.04128   1.396   -0.4344   0   1.077e+08   -3.642e+07   0
37.7   0.04128   1.407   -0.4381   0   1.077e+08   -3.642e+07   0
37.8   0.04128   1.418   -0.4417   0   1.077e+08   -3.642e+07   0
37.9   0.04128   1.429   -0.4454   0   1.077e+08   -3.642e+07   0
38   0.04128   1.439   -0.449   0   1.077e+08   -3.642e+07   0
38.1   0.04128   1.45   -0.4526   0   1.077e+08   -3.642e+07   0
38.2   0.04128   1.461   -0.4563   0   1.077e+08   -3.642e+07   0
38.3   0.04128   1.472   -0.4599   0   1.077e+08   -3.642e+07   0
38.4   0.04128   1.482   -0.4636   0   1.077e+08   -3.642e+07   0
38.5   0.04128   1.493   -0.4672   0   1.077e+08   -3.642e+07   0
38.6   0.04128   1.504   -0.4709   0   1.077e+08   -3.642e+07   0
38.7   0.04128   1.515   -0.4745   0   1.077e+08   -3.642e+07   0
38.8   0.04128   1.526   -0.4781   0   1.077e+08   -3.642e+07   0
38.9   0.04128   1.536   -0.4818   0   1.077e+08   -3.642e+07   0
39   0.04128   1.547   -0.4854   0   1.077e+08   -3.642e+07   0
39.1   0.04128   1.558   -0.4891   0   1.077e+08   -3.642e+07   0
39.2   0.04128   1.569   -0.4927   0   1.077e+08   -3.642e+07   0
39.3   0.04128   1.579   -0.4963   0   1.077e+08   -3.642e+07   0
39.4   0.04128   1.59   -0.5   0   1.077e+08   -3.642e+07   0
39.5   0.04128   1.601   -0.5036   0   1.077e+08   -3.642e+07   0
39.6   0.04128   1.612   -0.5073   0   1.077e+08   -3.642e+07   0
39.7   0.04128   1.623   -0.5109   0   1.077e+08   -3.642e+07   0
39.8   0.04128   1.633   -0.5146   0   1.077e+08   -3.642e+07   0
39.9   0.04128   1.644   -0.5182   0   1.077e+08   -3.642e+07   0
40   0.04128   1.655   -0.5218   0   1.077e+08   -3.642e+07   0
40.1   0.04128   1.666   -0.5255   0   1.077e+08   -3.642e+07   0
40.2   0.04128   1.676   -0.5291   0   1.077e+08   -3.642e+07   0
40.3   0.04128   1.687   -0.5328   0   1.077e+08   -3.642e+07   0
40.4   0.04128   1.698   -0.5364   0   1.077e+08   -3.642e+07   0
40.5   0.04128   1.709   -0.5401   0   1.077e+08   -3.642e+07   0
40.6   0.04128   1.719   -0.5437   0   1.077e+08   -3.642e+07   0
40.7   0.04128   1.73   -0.5473   0   1.077e+08   -3.642e+07   0
40.8   0.04128   1.741   -0.551   0   1.077e+08   -3.642e+07   0
40.9   0.04128   1.752   -0.5546   0   1.077e+08   -3.642e+07   0
41   0.04128   1.763   -0.5583   0   1.077e+08   -3.642e+07   0
41.1   0.04128   1.773   -0.5619   0   1.077e+08   -3.642e+07   0
41.2   0.04128   1.784   -0.5656   0   1.077e+08   -3.642e+07   0
41.3   0.04128   1.795   -0.5692   0   1.077e+08   -3.642e+07   0
41.4   0.04128   1.806   -0.5728   0   1.077e+08   -3.642e+07   0
41.5   0.04128   1.816   -0.5765   0   1.077e+08   -3.642e+07   0
41.6   0.04128   1.827   -0.5801   0   1.077e+08   -3.642e+07   0
41.7   0.04128   1.838   -0.5838   0   1.077e+08   -3.642e+07   0
41.8   0.04128   1.849   -0.5874   0   1.077e+08   -3.642e+07   0
41.9   0.04128   1.86   -0.591   0   1.077e+08   -3.642e+07   0
42   0.04128   1.87   -0.5947   0   1.077e+08   -3.642e+07   0
42.1   0.04128   1.881   -0.5983   0   1.077e+08   -3.642e+07   0
42.2   0.04128   1.892   -0.602   0   1.077e+08   -3.642e+07   0
42.3   0.04128   1.903   -0.6056   0   1.077e+08   -3.642e+07   0
42.4   0.04128   1.913   -0.6093   0   1.077e+08   -3.642e+07   0
42.5   0.04128   1.924   -0.6129   0   1.077e+08   -3.642e+07   0
42.6   0.04128   1.935   -0.6165   0   1.077e+08   -3.642e+07   0
42.7   0.04128   1.946   -0.6202   0   1.077e+08   -3.642e+07   0
42.8   0.04128   1.956   -0.6238   0   1.077e+08   -3.642e+07   0
42.9   0.04128   1.967   -0.6275   0   1.077e+08   -3.642e+07   0
43   0.04128   1.978   -0.6311   0   1.077e+08   -3.642e+07   0
43.1   0.04128   1.989   -0.6348   0   1.077e+08   -3.642e+07   0
43.2   0.04128   2   -0.6384   0   1.077e+08   -3.642e+07   0
43.3   0.04128   2.01   -0.642   0   1.077e+08   -3.642e+07   0
43.4   0.04128   2.021   -0.6457   0   1.077e+08   -3.642e+07   0
43.5   0.04128   2.032   -0.6493   0   1.077e+08   -3.642e+07   0
43.6   0.04128   2.043   -0.653   0   1.077e+08   -3.642e+07   0
43.7   0.04128   2.053   -0.6566   0   1.077e+08   -3.642e+07   0
43.8   0.04128   2.064   -0.6603   0   1.077e+08   -3.642e+07   0
43.9   0.04128   2.075   -0.6639   0   1.077e+08   -3.642e+07   0
44   0.04128   2.086   -0.6675   0   1.077e+08   -3.642e+07   0
44.1   0.04128   2.097   -0.6712   0   1.077e+08   -3.642e+07   0
44.2   0.04128   2.107   -0.6748   0   1.077e+08   -3.642e+07   0
44.3   0.04128   2.118   -0.6785   0   1.077e+08   -3.642e+07   0
44.4   0.04128   2.129   -0.6821   0   1.077e+08   -3.642e+07   0
44.5   0.04128   2.14   -0.6857   0   1.077e+08   -3.642e+07   0
44.6   0.04128   2.15   -0.6894   0   1.077e+08   -3.642e+07   0
44.7   0.04128   2.161   -0.693   0   1.077e+08   -3.642e+07   0
44.8   0.04128   2.172   -0.6967   0   1.077e+08   -3.642e+07   0
44.9   0.04128   2.183   -0.7003   0   1.077e+08   -3.642e+07   0
45   0.04128   2.193   -0.704   0   1.077e+08   -3.642e+07   0
