0   0.04   -0.753   0   0   1.121e+08   0   0
0.1   0.04   -0.753   0   0   1.121e+08   0   0
0.2   0.04   -0.753   0   0   1.121e+08   0   0
0.3   0.04   -0.753   0   0   1.121e+08   0   0
0.4   0.04   -0.753   0   0   1.121e+08   0   0
0.5   0.04   -0.753   0   0   1.121e+08   0   0
0.6   0.04   -0.753   0   0   1.121e+08   0   0
0.7   0.04   -0.753   0   0   1.121e+08   0   0
0.8   0.04   -0.753   0   0   1.121e+08   0   0
0.9   0.04   -0.753   0   0   1.121e+08   0   0
1   0.04   -0.753   0   0   1.121e+08   0   0
1.1   0.04   -0.753   0   0   1.121e+08   0   0
1.2   0.04   -0.753   0   0   1.121e+08   0   0
1.3   0.04   -0.753   0   0   1.121e+08   0   0
1.4   0.04   -0.753   0   0   1.121e+08   0   0
1.5   0.04   -0.753   0   0   1.121e+08   0   0
1.6   0.04187   -0.7435   0   0   1.144e+08   0   0
1.7   0.0443   -0.7319   0   0   1.173e+08   0   0
1.8   0.04692   -0.72   0   0   1.203e+08   0   0
1.9   0.04976   -0.7078   0   0   1.235e+08   0   0
2   0.05279   -0.6953   0   0   1.267e+08   0   0
2.1   0.05603   -0.6824   0   0   1.299e+08   0   0
2.2   0.05947   -0.6693   0   0   1.333e+08   0   0
2.3   0.06312   -0.6558   0   0   1.367e+08   0   0
2.4   0.06696   -0.642   0   0   1.401e+08   0   0
2.5   0.071   -0.6278   0   0   1.435e+08   0   0
2.6   0.07522   -0.6132   0   0   1.469e+08   0   0
2.7   0.07961   -0.5984   0   0   1.503e+08   0   0
2.8   0.08417   -0.5832   0   0   1.537e+08   0   0
2.9   0.08888   -0.5676   0   0   1.57e+08   0   0
3   0.09371   -0.5518   0   0   1.603e+08   0   0
3.1   0.09867   -0.5356   0   0   1.635e+08   0   0
3.2   0.1037   -0.5191   0   0   1.666e+08   0   0
3.3   0.1088   -0.5023   0   0   1.697e+08   0   0
3.4   0.114   -0.4851   0   0   1.726e+08   0   0
3.5   0.1191   -0.4677   0   0   1.754e+08   0   0
3.6   0.1243   -0.4501   0   0   1.781e+08   0   0
3.7   0.1294   -0.4321   0   0   1.807e+08   0   0
3.8   0.1343   -0.4139   0   0   1.831e+08   0   0
3.9   0.1392   -0.3955   0   0   1.854e+08   0   0
4   0.1438   -0.3769   0   0   1.875e+08   0   0
4.1   0.1482   -0.358   0   0   1.894e+08   0   0
4.2   0.1523   -0.339   0   0   1.911e+08   0   0
4.3   0.156   -0.3198   0   0   1.927e+08   0   0
4.4   0.1592   -0.3004   0   0   1.94e+08   0   0
4.5   0.1619   -0.281   0   0   1.95e+08   0   0
4.6   0.1639   -0.2614   0   0   1.958e+08   0   0
4.7   0.1651   -0.2418   0   0   1.963e+08   0   0
4.8   0.1654   -0.2222   0   0   1.964e+08   0   0
4.9   0.1647   -0.2026   0   0   1.961e+08   0   0
5   0.1632   -0.183   0   0   1.956e+08   0   0
5.1   0.1632   -0.1634   0   0   1.956e+08   0   0
5.2   0.1632   -0.1439   0   0   1.956e+08   0   0
5.3   0.1632   -0.1243   0   0   1.956e+08   0   0
5.4   0.1632   -0.1048   0   0   1.956e+08   0   0
5.5   0.1632   -0.0852   0   0   1.956e+08   0   0
5.6   0.1632   -0.06564   0   0   1.956e+08   0   0
5.7   0.1632   -0.04608   0   0   1.956e+08   0   0
5.8   0.1632   -0.02652   0   0   1.956e+08   0   0
5.9   0.1632   -0.006965   0   0   1.956e+08   0   0
6   0.1632   0.01259   0   0   1.956e+08   0   0
6.1   0.1632   0.03215   0   0   1.956e+08   0   0
6.2   0.1632   0.05171   0   0   1.956e+08   0   0
6.3   0.1632   0.07127   0   0   1.956e+08   0   0
6.4   0.1632   0.09082   0   0   1.956e+08   0   0
6.5   0.1632   0.1104   0   0   1.956e+08   0   0
6.6   0.1632   0.1299   0   0   1.956e+08   0   0
6.7   0.1632   0.1495   0   0   1.956e+08   0   0
6.8   0.1632   0.1691   0   0   1.956e+08   0   0
6.9   0.1634   0.1886   0   0   1.957e+08   0   0
7   0.1815   0.2085   0   0   2.023e+08   0   0
7.1   0.1984   0.229   0   0   2.08e+08   0   0
7.2   0.2143   0.2501   0   0   2.128e+08   0   0
7.3   0.2291   0.2716   0   0   2.169e+08   0   0
7.4   0.243   0.2935   0   0   2.204e+08   0   0
7.5   0.2558   0.3157   0   0   2.235e+08   0   0
7.6   0.2677   0.3381   0   0   2.262e+08   0   0
7.7   0.2787   0.3609   0   0   2.286e+08   0   0
7.8   0.2888   0.3839   0   0   2.306e+08   0   0
7.9   0.2981   0.407   0   0   2.324e+08   0   0
8   0.3065   0.4303   0   0   2.34e+08   0   0
8.1   0.3143   0.4538   0   0   2.354e+08   0   0
8.2   0.3212   0.4774   0   0   2.366e+08   0   0
8.3   0.3275   0.5011   0   0   2.377e+08   0   0
8.4   0.3331   0.5249   0   0   2.386e+08   0   0
8.5   0.3381   0.5488   0   0   2.394e+08   0   0
8.6   0.3424   0.5728   0   0   2.401e+08   0   0
8.7   0.3462   0.5969   0   0   2.407e+08   0   0
8.8   0.3493   0.621   0   0   2.412e+08   0   0
8.9   0.352   0.6451   0   0   2.416e+08   0   0
9   0.3541   0.6693   0   0   2.419e+08   0   0
9.1   0.3558   0.6935   0   0   2.422e+08   0   0
9.2   0.3569   0.7177   0   0   2.423e+08   0   0
9.3   0.3577   0.7419   0   0   2.424e+08   0   0
9.4   0.3579   0.7662   0   0   2.425e+08   0   0
9.5   0.3579   0.7904   0   0   2.425e+08   0   0
9.6   0.3579   0.8147   0   0   2.425e+08   0   0
9.7   0.3579   0.8389   0   0   2.425e+08   0   0
9.8   0.3579   0.8632   0   0   2.425e+08   0   0
9.9   0.3579   0.8874   0   0   2.425e+08   0   0
10   0.3579   0.9117   0   0   2.425e+08   0   0
10.1   0.3579   0.9359   0   0   2.425e+08   0   0
10.2   0.3579   0.9602   0   0   2.425e+08   0   0
10.3   0.3579   0.9844   0   0   2.425e+08   0   0
10.4   0.3579   1.009   0   0   2.425e+08   0   0
10.5   0.3579   1.033   0   0   2.425e+08   0   0
10.6   0.3579   1.057   0   0   2.425e+08   0   0
10.7   0.3579   1.081   0   0   2.425e+08   0   0
10.8   0.3579   1.106   0   0   2.425e+08   0   0
10.9   0.3586   1.13   -0.003244   0   2.327e+08   -6.855e+07   0
11   0.3594   1.151   -0.01358   0   2.011e+08   -1.359e+08   0
11.1   0.3602   1.169   -0.03006   0   1.506e+08   -1.905e+08   0
11.2   0.3609   1.181   -0.05113   0   8.595e+07   -2.272e+08   0
11.3   0.3617   1.186   -0.07481   0   1.328e+07   -2.427e+08   0
11.4   0.3625   1.184   -0.0989   0   -6.064e+07   -2.355e+08   0
11.5   0.3633   1.174   -0.1212   0   -1.289e+08   -2.063e+08   0
11.6   0.3641   1.158   -0.1395   0   -1.852e+08   -1.579e+08   0
11.7   0.3649   1.137   -0.1522   0   -2.242e+08   -9.488e+07   0
11.8   0.3657   1.114   -0.1581   0   -2.425e+08   -2.303e+07   0
11.9   0.3664   1.09   -0.1567   0   -2.404e+08   4e+07   0
12   0.3664   1.066   -0.1527   0   -2.404e+08   4e+07   0
12.1   0.3664   1.042   -0.1487   0   -2.404e+08   4e+07   0
12.2   0.3664   1.018   -0.1447   0   -2.404e+08   4e+07   0
12.3   0.3664   0.9935   -0.1407   0   -2.404e+08   4e+07   0
12.4   0.3664   0.9695   -0.1367   0   -2.404e+08   4e+07   0
12.5   0.3664   0.9454   -0.1327   0   -2.404e+08   4e+07   0
12.6   0.3664   0.9214   -0.1287   0   -2.404e+08   4e+07   0
12.7   0.3664   0.8974   -0.1247   0   -2.404e+08   4e+07   0
12.8   0.3664   0.8733   -0.1207   0   -2.404e+08   4e+07   0
12.9   0.3664   0.8493   -0.1167   0   -2.404e+08   4e+07   0
13   0.3664   0.8253   -0.1127   0   -2.404e+08   4e+07   0
13.1   0.3664   0.8012   -0.1087   0   -2.404e+08   4e+07   0
13.2   0.3664   0.7772   -0.1047   0   -2.404e+08   4e+07   0
13.3   0.3664   0.7531   -0.1007   0   -2.404e+08   4e+07   0
13.4   0.3683   0.7291   -0.09675   0   -2.407e+08   4.002e+07   0
13.5   0.3709   0.705   -0.09274   0   -2.41e+08   4.004e+07   0
13.6   0.3731   0.6809   -0.08874   0   -2.413e+08   4.006e+07   0
13.7   0.375   0.6567   -0.08473   0   -2.416e+08   4.007e+07   0
13.8   0.3765   0.6326   -0.08072   0   -2.418e+08   4.009e+07   0
13.9   0.3776   0.6084   -0.07671   0   -2.42e+08   4.009e+07   0
14   0.3783   0.5842   -0.0727   0   -2.421e+08   4.01e+07   0
14.1   0.3784   0.56   -0.06869   0   -2.421e+08   4.01e+07   0
14.2   0.3781   0.5358   -0.06468   0   -2.42e+08   4.01e+07   0
14.3   0.3771   0.5116   -0.06067   0   -2.419e+08   4.009e+07   0
14.4   0.3755   0.4874   -0.05667   0   -2.417e+08   4.009e+07   0
14.5   0.3733   0.4632   -0.05266   0   -2.414e+08   4.008e+07   0
14.6   0.3703   0.4391   -0.04865   0   -2.409e+08   4.008e+07   0
14.7   0.3664   0.415   -0.04464   0   -2.404e+08   4.008e+07   0
14.8   0.3617   0.391   -0.04063   0   -2.397e+08   4.009e+07   0
14.9   0.356   0.3671   -0.03662   0   -2.388e+08   4.01e+07   0
15   0.3493   0.3433   -0.03261   0   -2.378e+08   4.013e+07   0
15.1   0.3414   0.3196   -0.0286   0   -2.366e+08   4.019e+07   0
15.2   0.3321   0.296   -0.02457   0   -2.35e+08   4.027e+07   0
15.3   0.3215   0.2726   -0.02054   0   -2.332e+08   4.04e+07   0
15.4   0.3093   0.2494   -0.01649   0   -2.31e+08   4.06e+07   0
15.5   0.2953   0.2264   -0.01242   0   -2.283e+08   4.09e+07   0
15.6   0.2792   0.2037   -0.008305   0   -2.249e+08   4.135e+07   0
15.7   0.2667   0.1814   -0.004142   0   -2.221e+08   4.179e+07   0
15.8   0.2667   0.1592   3.69e-05   0   -2.221e+08   4.179e+07   0
15.9   0.2667   0.137   0.004216   0   -2.221e+08   4.179e+07   0
16   0.2667   0.1148   0.008395   0   -2.221e+08   4.179e+07   0
16.1   0.2667   0.09258   0.01257   0   -2.221e+08   4.179e+07   0
16.2   0.2667   0.07037   0.01675   0   -2.221e+08   4.179e+07   0
16.3   0.2667   0.04816   0.02093   0   -2.221e+08   4.179e+07   0
16.4   0.2667   0.02595   0.02511   0   -2.221e+08   4.179e+07   0
16.5   0.2667   0.003745   0.02929   0   -2.221e+08   4.179e+07   0
16.6   0.2667   -0.01846   0.03347   0   -2.221e+08   4.179e+07   0
16.7   0.2667   -0.04067   0.03765   0   -2.221e+08   4.179e+07   0
16.8   0.2667   -0.06288   0.04183   0   -2.221e+08   4.179e+07   0
16.9   0.2667   -0.08509   0.04601   0   -2.221e+08   4.179e+07   0
17   0.2667   -0.1073   0.05018   0   -2.221e+08   4.179e+07   0
17.1   0.2667   -0.1295   0.05436   0   -2.221e+08   4.179e+07   0
17.2   0.2667   -0.1517   0.05854   0   -2.221e+08   4.179e+07   0
17.3   0.2667   -0.1739   0.06272   0   -2.221e+08   4.179e+07   0
17.4   0.2805   -0.1963   0.06697   0   -2.248e+08   4.336e+07   0
17.5   0.295   -0.2189   0.07138   0   -2.275e+08   4.482e+07   0
17.6   0.3074   -0.2417   0.07592   0   -2.296e+08   4.593e+07   0
17.7   0.3181   -0.2648   0.08056   0   -2.314e+08   4.68e+07   0
17.8   0.3272   -0.288   0.08528   0   -2.328e+08   4.749e+07   0
17.9   0.3349   -0.3113   0.09006   0   -2.34e+08   4.803e+07   0
18   0.3414   -0.3348   0.09488   0   -2.35e+08   4.845e+07   0
18.1   0.3468   -0.3583   0.09974   0   -2.358e+08   4.878e+07   0
18.2   0.3512   -0.382   0.1046   0   -2.364e+08   4.904e+07   0
18.3   0.3546   -0.4056   0.1095   0   -2.369e+08   4.923e+07   0
18.4   0.3572   -0.4293   0.1145   0   -2.373e+08   4.937e+07   0
18.5   0.359   -0.4531   0.1194   0   -2.375e+08   4.947e+07   0
18.6   0.3602   -0.4768   0.1244   0   -2.377e+08   4.953e+07   0
18.7   0.3607   -0.5006   0.1293   0   -2.378e+08   4.955e+07   0
18.8   0.3606   -0.5244   0.1343   0   -2.378e+08   4.955e+07   0
18.9   0.36   -0.5482   0.1392   0   -2.377e+08   4.952e+07   0
19   0.3589   -0.5719   0.1442   0   -2.375e+08   4.946e+07   0
19.1   0.3573   -0.5957   0.1491   0   -2.373e+08   4.939e+07   0
19.2   0.3554   -0.6194   0.1541   0   -2.37e+08   4.93e+07   0
19.3   0.3531   -0.6431   0.159   0   -2.367e+08   4.92e+07   0
19.4   0.3505   -0.6667   0.1639   0   -2.363e+08   4.907e+07   0
19.5   0.3476   -0.6903   0.1688   0   -2.359e+08   4.894e+07   0
19.6   0.3445   -0.7139   0.1737   0   -2.354e+08   4.879e+07   0
19.7   0.3419   -0.7374   0.1786   0   -2.35e+08   4.868e+07   0
19.8   0.3419   -0.7609   0.1834   0   -2.35e+08   4.868e+07   0
19.9   0.3419   -0.7844   0.1883   0   -2.35e+08   4.868e+07   0
20   0.3419   -0.8079   0.1932   0   -2.35e+08   4.868e+07   0
20.1   0.3419   -0.8314   0.198   0   -2.35e+08   4.868e+07   0
20.2   0.3419   -0.8549   0.2029   0   -2.35e+08   4.868e+07   0
20.3   0.3419   -0.8784   0.2078   0   -2.35e+08   4.868e+07   0
20.4   0.3419   -0.9019   0.2126   0   -2.35e+08   4.868e+07   0
20.5   0.3419   -0.9255   0.2175   0   -2.35e+08   4.868e+07   0
20.6   0.3419   -0.949   0.2224   0   -2.35e+08   4.868e+07   0
20.7   0.3419   -0.9725   0.2272   0   -2.35e+08   4.868e+07   0
20.8   0.3419   -0.996   0.2321   0   -2.35e+08   4.868e+07   0
20.9   0.3419   -1.019   0.237   0   -2.35e+08   4.868e+07   0
21   0.3419   -1.043   0.2418   0   -2.35e+08   4.868e+07   0
21.1   0.3419   -1.066   0.2467   0   -2.35e+08   4.868e+07   0
21.2   0.3419   -1.09   0.2516   0   -2.35e+08   4.868e+07   0
21.3   0.3419   -1.113   0.2564   0   -2.35e+08   4.868e+07   0
21.4   0.3431   -1.136   0.265   0   -2.023e+08   1.296e+08   0
21.5   0.3443   -1.153   0.2818   0   -1.34e+08   1.996e+08   0
21.6   0.3456   -1.162   0.3039   0   -4.343e+07   2.367e+08   0
21.7   0.3469   -1.161   0.3278   0   5.428e+07   2.346e+08   0
21.8   0.3483   -1.151   0.3495   0   1.431e+08   1.939e+08   0
21.9   0.3496   -1.133   0.3655   0   2.084e+08   1.214e+08   0
22   0.3509   -1.11   0.3731   0   2.397e+08   2.903e+07   0
22.1   0.3522   -1.087   0.371   0   2.318e+08   -6.812e+07   0
22.2   0.3523   -1.064   0.3638   0   2.304e+08   -7.282e+07   0
22.3   0.3523   -1.04   0.3565   0   2.304e+08   -7.282e+07   0
22.4   0.3523   -1.017   0.3492   0   2.304e+08   -7.282e+07   0
22.5   0.3523   -0.9944   0.3419   0   2.304e+08   -7.282e+07   0
22.6   0.3523   -0.9714   0.3346   0   2.304e+08   -7.282e+07   0
22.7   0.3523   -0.9483   0.3273   0   2.304e+08   -7.282e+07   0
22.8   0.3523   -0.9253   0.3201   0   2.304e+08   -7.282e+07   0
22.9   0.3523   -0.9022   0.3128   0   2.304e+08   -7.282e+07   0
23   0.3523   -0.8792   0.3055   0   2.304e+08   -7.282e+07   0
23.1   0.3523   -0.8562   0.2982   0   2.304e+08   -7.282e+07   0
23.2   0.3523   -0.8331   0.2909   0   2.304e+08   -7.282e+07   0
23.3   0.3523   -0.8101   0.2837   0   2.304e+08   -7.282e+07   0
23.4   0.3523   -0.787   0.2764   0   2.304e+08   -7.282e+07   0
23.5   0.3523   -0.764   0.2691   0   2.304e+08   -7.282e+07   0
23.6   0.3523   -0.741   0.2618   0   2.304e+08   -7.282e+07   0
23.7   0.3523   -0.7179   0.2545   0   2.304e+08   -7.282e+07   0
23.8   0.3513   -0.6949   0.2472   0   2.303e+08   -7.276e+07   0
23.9   0.3495   -0.6719   0.24   0   2.3e+08   -7.265e+07   0
24   0.3471   -0.6489   0.2327   0   2.297e+08   -7.251e+07   0
24.1   0.3444   -0.6259   0.2255   0   2.293e+08   -7.233e+07   0
24.2   0.3411   -0.603   0.2183   0   2.288e+08   -7.212e+07   0
24.3   0.3373   -0.5802   0.2111   0   2.282e+08   -7.187e+07   0
24.4   0.333   -0.5574   0.2039   0   2.276e+08   -7.158e+07   0
24.5   0.3281   -0.5347   0.1967   0   2.269e+08   -7.124e+07   0
24.6   0.3227   -0.512   0.1896   0   2.26e+08   -7.085e+07   0
24.7   0.3167   -0.4895   0.1826   0   2.251e+08   -7.04e+07   0
24.8   0.31   -0.467   0.1756   0   2.24e+08   -6.988e+07   0
24.9   0.3028   -0.4447   0.1686   0   2.228e+08   -6.929e+07   0
25   0.2949   -0.4225   0.1617   0   2.214e+08   -6.863e+07   0
25.1   0.2864   -0.4004   0.1549   0   2.199e+08   -6.786e+07   0
25.2   0.2772   -0.3785   0.1481   0   2.182e+08   -6.699e+07   0
25.3   0.2674   -0.3568   0.1415   0   2.163e+08   -6.6e+07   0
25.4   0.2568   -0.3352   0.1349   0   2.142e+08   -6.486e+07   0
25.5   0.2456   -0.3139   0.1285   0   2.117e+08   -6.356e+07   0
25.6   0.2336   -0.2929   0.1222   0   2.09e+08   -6.206e+07   0
25.7   0.221   -0.2722   0.1161   0   2.06e+08   -6.032e+07   0
25.8   0.2076   -0.2517   0.1102   0   2.026e+08   -5.83e+07   0
25.9   0.1936   -0.2317   0.1045   0   1.987e+08   -5.594e+07   0
26   0.1788   -0.212   0.09901   0   1.943e+08   -5.317e+07   0
26.1   0.1635   -0.1928   0.09386   0   1.892e+08   -4.987e+07   0
26.2   0.1477   -0.1742   0.08906   0   1.835e+08   -4.594e+07   0
26.3   0.141   -0.156   0.08462   0   1.809e+08   -4.411e+07   0
26.4   0.141   -0.138   0.0802   0   1.809e+08   -4.411e+07   0
26.5   0.141   -0.1199   0.07579   0   1.809e+08   -4.411e+07   0
26.6   0.141   -0.1018   0.07138   0   1.809e+08   -4.411e+07   0
26.7   0.141   -0.08368   0.06697   0   1.809e+08   -4.411e+07   0
26.8   0.141   -0.06559   0.06256   0   1.809e+08   -4.411e+07   0
26.9   0.141   -0.0475   0.05815   0   1.809e+08   -4.411e+07   0
27   0.141   -0.02941   0.05374   0   1.809e+08   -4.411e+07   0
27.1   0.141   -0.01132   0.04933   0   1.809e+08   -4.411e+07   0
27.2   0.141   0.006771   0.04491   0   1.809e+08   -4.411e+07   0
27.3   0.141   0.02486   0.0405   0   1.809e+08   -4.411e+07   0
27.4   0.141   0.04295   0.03609   0   1.809e+08   -4.411e+07   0
27.5   0.141   0.06104   0.03168   0   1.809e+08   -4.411e+07   0
27.6   0.141   0.07914   0.02727   0   1.809e+08   -4.411e+07   0
27.7   0.141   0.09723   0.02286   0   1.809e+08   -4.411e+07   0
27.8   0.141   0.1153   0.01845   0   1.809e+08   -4.411e+07   0
27.9   0.141   0.1334   0.01404   0   1.809e+08   -4.411e+07   0
28   0.141   0.1515   0.009624   0   1.809e+08   -4.411e+07   0
28.1   0.141   0.1696   0.005213   0   1.809e+08   -4.411e+07   0
28.2   0.141   0.1877   0.0008015   0   1.809e+08   -4.411e+07   0
28.3   0.1387   0.2057   -0.003617   0   1.798e+08   -4.426e+07   0
28.4   0.1356   0.2236   -0.00805   0   1.782e+08   -4.441e+07   0
28.5   0.1317   0.2414   -0.0125   0   1.763e+08   -4.454e+07   0
28.6   0.1274   0.2589   -0.01696   0   1.741e+08   -4.464e+07   0
28.7   0.1226   0.2762   -0.02142   0   1.715e+08   -4.47e+07   0
28.8   0.1175   0.2932   -0.02589   0   1.687e+08   -4.471e+07   0
28.9   0.1122   0.3099   -0.03036   0   1.657e+08   -4.468e+07   0
29   0.1067   0.3263   -0.03483   0   1.624e+08   -4.459e+07   0
29.1   0.1012   0.3424   -0.03928   0   1.59e+08   -4.445e+07   0
29.2   0.09551   0.3581   -0.04372   0   1.553e+08   -4.425e+07   0
29.3   0.08986   0.3734   -0.04813   0   1.514e+08   -4.4e+07   0
29.4   0.08425   0.3884   -0.05251   0   1.474e+08   -4.37e+07   0
29.5   0.07872   0.4029   -0.05687   0   1.432e+08   -4.334e+07   0
29.6   0.07329   0.417   -0.06118   0   1.389e+08   -4.292e+07   0
29.7   0.06801   0.4307   -0.06545   0   1.344e+08   -4.246e+07   0
29.8   0.06288   0.4439   -0.06967   0   1.298e+08   -4.194e+07   0
29.9   0.05794   0.4566   -0.07383   0   1.251e+08   -4.138e+07   0
30   0.05321   0.4689   -0.07794   0   1.204e+08   -4.077e+07   0
30.1   0.0487   0.4807   -0.08199   0   1.155e+08   -4.012e+07   0
30.2   0.04441   0.492   -0.08597   0   1.107e+08   -3.944e+07   0
30.3   0.04037   0.5028   -0.08987   0   1.057e+08   -3.871e+07   0
30.4   0.03657   0.5131   -0.09371   0   1.008e+08   -3.796e+07   0
30.5   0.03303   0.523   -0.09746   0   9.591e+07   -3.718e+07   0
30.6   0.02974   0.5323   -0.1011   0   9.104e+07   -3.638e+07   0
30.7   0.02669   0.5412   -0.1047   0   8.624e+07   -3.557e+07   0
30.8   0.02389   0.5496   -0.1083   0   8.151e+07   -3.474e+07   0
30.9   0.02134   0.5575   -0.1117   0   7.688e+07   -3.391e+07   0
31   0.01902   0.5649   -0.115   0   7.238e+07   -3.308e+07   0
31.1   0.01692   0.572   -0.1183   0   6.803e+07   -3.226e+07   0
31.2   0.01504   0.5785   -0.1215   0   6.384e+07   -3.145e+07   0
31.3   0.01336   0.5847   -0.1246   0   5.984e+07   -3.067e+07   0
31.4   0.01187   0.5905   -0.1276   0   5.604e+07   -2.99e+07   0
31.5   0.01056   0.5959   -0.1306   0   5.246e+07   -2.917e+07   0
31.6   0.009417   0.601   -0.1335   0   4.912e+07   -2.847e+07   0
31.7   0.008426   0.6058   -0.1363   0   4.603e+07   -2.781e+07   0
31.8   0.007575   0.6102   -0.139   0   4.321e+07   -2.72e+07   0
31.9   0.006852   0.6144   -0.1417   0   4.066e+07   -2.664e+07   0
32   0.006245   0.6184   -0.1443   0   3.839e+07   -2.614e+07   0
32.1   0.005744   0.6221   -0.1469   0   3.643e+07   -2.569e+07   0
32.2   0.005338   0.6257   -0.1495   0   3.476e+07   -2.531e+07   0
32.3   0.00502   0.6291   -0.152   0   3.34e+07   -2.499e+07   0
32.4   0.004781   0.6323   -0.1545   0   3.235e+07   -2.474e+07   0
32.5   0.004618   0.6355   -0.157   0   3.161e+07   -2.457e+07   0
32.6   0.004525   0.6387   -0.1594   0   3.118e+07   -2.447e+07   0
32.7   0.004499   0.6418   -0.1618   0   3.106e+07   -2.444e+07   0
32.8   0.004541   0.6449   -0.1643   0   3.125e+07   -2.448e+07   0
32.9   0.004649   0.6481   -0.1667   0   3.175e+07   -2.461e+07   0
33   0.004826   0.6513   -0.1692   0   3.254e+07   -2.481e+07   0
33.1   0.005074   0.6546   -0.1717   0   3.361e+07   -2.508e+07   0
33.2   0.005398   0.658   -0.1742   0   3.497e+07   -2.543e+07   0
33.3   0.005802   0.6616   -0.1768   0   3.659e+07   -2.584e+07   0
33.4   0.006291   0.6653   -0.1794   0   3.846e+07   -2.633e+07   0
33.5   0.006871   0.6693   -0.1821   0   4.058e+07   -2.689e+07   0
33.6   0.007549   0.6734   -0.1848   0   4.291e+07   -2.75e+07   0
33.7   0.008329   0.6779   -0.1876   0   4.545e+07   -2.818e+07   0
33.8   0.009216   0.6825   -0.1904   0   4.817e+07   -2.891e+07   0
33.9   0.01022   0.6875   -0.1934   0   5.106e+07   -2.969e+07   0
34   0.01133   0.6928   -0.1964   0   5.409e+07   -3.051e+07   0
34.1   0.01256   0.6983   -0.1995   0   5.725e+07   -3.138e+07   0
34.2   0.01392   0.7042   -0.2026   0   6.05e+07   -3.227e+07   0
34.3   0.01538   0.7104   -0.2059   0   6.384e+07   -3.319e+07   0
34.4   0.01697   0.717   -0.2093   0   6.723e+07   -3.413e+07   0
34.5   0.01833   0.7239   -0.2127   0   7e+07   -3.491e+07   0
34.6   0.01833   0.7309   -0.2162   0   7e+07   -3.491e+07   0
34.7   0.01833   0.7379   -0.2197   0   7e+07   -3.491e+07   0
34.8   0.01833   0.7449   -0.2232   0   7e+07   -3.491e+07   0
34.9   0.01833   0.7519   -0.2267   0   7e+07   -3.491e+07   0
35   0.01833   0.7589   -0.2302   0   7e+07   -3.491e+07   0
35.1   0.01833   0.7659   -0.2337   0   7e+07   -3.491e+07   0
35.2   0.01833   0.7729   -0.2372   0   7e+07   -3.491e+07   0
35.3   0.01833   0.7799   -0.2407   0   7e+07   -3.491e+07   0
35.4   0.01833   0.7869   -0.2442   0   7e+07   -3.491e+07   0
35.5   0.01833   0.7939   -0.2477   0   7e+07   -3.491e+07   0
35.6   0.01833   0.8009   -0.2511   0   7e+07   -3.491e+07   0
35.7   0.01833   0.8079   -0.2546   0   7e+07   -3.491e+07   0
35.8   0.01833   0.8149   -0.2581   0   7e+07   -3.491e+07   0
35.9   0.01833   0.8219   -0.2616   0   7e+07   -3.491e+07   0
36   0.01833   0.8289   -0.2651   0   7e+07   -3.491e+07   0
36.1   0.01833   0.8359   -0.2686   0   7e+07   -3.491e+07   0
36.2   0.01833   0.8429   -0.2721   0   7e+07   -3.491e+07   0
36.3   0.01833   0.8499   -0.2756   0   7e+07   -3.491e+07   0
36.4   0.01833   0.8569   -0.2791   0   7e+07   -3.491e+07   0
36.5   0.01833   0.8639   -0.2826   0   7e+07   -3.491e+07   0
36.6   0.01833   0.8709   -0.286   0   7e+07   -3.491e+07   0
36.7   0.01833   0.8779   -0.2895   0   7e+07   -3.491e+07   0
36.8   0.01833   0.8849   -0.293   0   7e+07   -3.491e+07   0
36.9   0.01833   0.8919   -0.2965   0   7e+07   -3.491e+07   0
37   0.01833   0.8989   -0.3   0   7e+07   -3.491e+07   0
37.1   0.01833   0.9059   -0.3035   0   7e+07   -3.491e+07   0
37.2   0.01833   0.9129   -0.307   0   7e+07   -3.491e+07   0
37.3   0.01833   0.9199   -0.3105   0   7e+07   -3.491e+07   0
37.4   0.01833   0.9269   -0.314   0   7e+07   -3.491e+07   0
37.5   0.01833   0.9339   -0.3175   0   7e+07   -3.491e+07   0
37.6   0.01833   0.9409   -0.321   0   7e+07   -3.491e+07   0
37.7   0.01833   0.9479   -0.3244   0   7e+07   -3.491e+07   0
37.8   0.01833   0.9549   -0.3279   0   7e+07   -3.491e+07   0
37.9   0.01833   0.9619   -0.3314   0   7e+07   -3.491e+07   0
38   0.01833   0.9689   -0.3349   0   7e+07   -3.491e+07   0
38.1   0.01833   0.9759   -0.3384   0   7e+07   -3.491e+07   0
38.2   0.01833   0.9829   -0.3419   0   7e+07   -3.491e+07   0
38.3   0.01833   0.9899   -0.3454   0   7e+07   -3.491e+07   0
38.4   0.01833   0.9969   -0.3489   0   7e+07   -3.491e+07   0
38.5   0.01833   1.004   -0.3524   0   7e+07   -3.491e+07   0
38.6   0.01833   1.011   -0.3559   0   7e+07   -3.491e+07   0
38.7   0.01833   1.018   -0.3594   0   7e+07   -3.491e+07   0
38.8   0.01833   1.025   -0.3628   0   7e+07   -3.491e+07   0
38.9   0.01833   1.032   -0.3663   0   7e+07   -3.491e+07   0
39   0.01833   1.039   -0.3698   0   7e+07   -3.491e+07   0
39.1   0.01833   1.046   -0.3733   0   7e+07   -3.491e+07   0
39.2   0.01833   1.053   -0.3768   0   7e+07   -3.491e+07   0
39.3   0.01833   1.06   -0.3803   0   7e+07   -3.491e+07   0
39.4   0.01833   1.067   -0.3838   0   7e+07   -3.491e+07   0
39.5   0.01833   1.074   -0.3873   0   7e+07   -3.491e+07   0
39.6   0.01833   1.081   -0.3908   0   7e+07   -3.491e+07   0
39.7   0.01833   1.088   -0.3943   0   7e+07   -3.491e+07   0
39.8   0.01849   1.093   -0.4001   0   1.916e+07   -7.616e+07   0
39.9   0.01865   1.091   -0.4075   0   -4.897e+07   -6.181e+07   0
40   0.01882   1.084   -0.4107   0   -7.918e+07   1.212e+06   0
40.1   0.01889   1.077   -0.4082   0   -7.307e+07   3.089e+07   0
40.2   0.01889   1.069   -0.4051   0   -7.307e+07   3.089e+07   0
40.3   0.01889   1.062   -0.402   0   -7.307e+07   3.089e+07   0
40.4   0.01889   1.055   -0.399   0   -7.307e+07   3.089e+07   0
40.5   0.01889   1.047   -0.3959   0   -7.307e+07   3.089e+07   0
40.6   0.01889   1.04   -0.3928   0   -7.307e+07   3.089e+07   0
40.7   0.01889   1.033   -0.3897   0   -7.307e+07   3.089e+07   0
40.8   0.01889   1.026   -0.3866   0   -7.307e+07   3.089e+07   0
40.9   0.01889   1.018   -0.3835   0   -7.307e+07   3.089e+07   0
41   0.01889   1.011   -0.3804   0   -7.307e+07   3.089e+07   0
41.1   0.01889   1.004   -0.3773   0   -7.307e+07   3.089e+07   0
41.2   0.01889   0.9963   -0.3742   0   -7.307e+07   3.089e+07   0
41.3   0.01889   0.989   -0.3712   0   -7.307e+07   3.089e+07   0
41.4   0.01889   0.9817   -0.3681   0   -7.307e+07   3.089e+07   0
41.5   0.01889   0.9744   -0.365   0   -7.307e+07   3.089e+07   0
41.6   0.01889   0.9671   -0.3619   0   -7.307e+07   3.089e+07   0
41.7   0.01889   0.9598   -0.3588   0   -7.307e+07   3.089e+07   0
41.8   0.01889   0.9525   -0.3557   0   -7.307e+07   3.089e+07   0
41.9   0.01889   0.9452   -0.3526   0   -7.307e+07   3.089e+07   0
42   0.01889   0.9379   -0.3495   0   -7.307e+07   3.089e+07   0
42.1   0.01889   0.9306   -0.3464   0   -7.307e+07   3.089e+07   0
42.2   0.01889   0.9233   -0.3433   0   -7.307e+07   3.089e+07   0
42.3   0.01889   0.916   -0.3403   0   -7.307e+07   3.089e+07   0
42.4   0.01889   0.9087   -0.3372   0   -7.307e+07   3.089e+07   0
42.5   0.01889   0.9014   -0.3341   0   -7.307e+07   3.089e+07   0
42.6   0.01889   0.8941   -0.331   0   -7.307e+07   3.089e+07   0
42.7   0.01889   0.8867   -0.3279   0   -7.307e+07   3.089e+07   0
42.8   0.01889   0.8794   -0.3248   0   -7.307e+07   3.089e+07   0
42.9   0.01889   0.8721   -0.3217   0   -7.307e+07   3.089e+07   0
43   0.01889   0.8648   -0.3186   0   -7.307e+07   3.089e+07   0
43.1   0.01889   0.8575   -0.3155   0   -7.307e+07   3.089e+07   0
43.2   0.01889   0.8502   -0.3125   0   -7.307e+07   3.089e+07   0
43.3   0.01889   0.8429   -0.3094   0   -7.307e+07   3.089e+07   0
43.4   0.01889   0.8356   -0.3063   0   -7.307e+07   3.089e+07   0
43.5   0.01889   0.8283   -0.3032   0   -7.307e+07   3.089e+07   0
43.6   0.01889   0.821   -0.3001   0   -7.307e+07   3.089e+07   0
43.7   0.01889   0.8137   -0.297   0   -7.307e+07   3.089e+07   0
43.8   0.01889   0.8064   -0.2939   0   -7.307e+07   3.089e+07   0
43.9   0.01889   0.7991   -0.2908   0   -7.307e+07   3.089e+07   0
44   0.01889   0.7918   -0.2877   0   -7.307e+07   3.089e+07   0
44.1   0.01889   0.7845   -0.2847   0   -7.307e+07   3.089e+07   0
44.2   0.01889   0.7771   -0.2816   0   -7.307e+07   3.089e+07   0
44.3   0.01889   0.7698   -0.2785   0   -7.307e+07   3.089e+07   0
44.4   0.01889   0.7625   -0.2754   0   -7.307e+07   3.089e+07   0
44.5   0.01889   0.7552   -0.2723   0   -7.307e+07   3.089e+07   0
44.6   0.01889   0.7479   -0.2692   0   -7.307e+07   3.089e+07   0
44.7   0.01889   0.7406   -0.2661   0   -7.307e+07   3.089e+07   0
44.8   0.01889   0.7333   -0.263   0   -7.307e+07   3.089e+07   0
44.9   0.01889   0.726   -0.2599   0   -7.307e+07   3.089e+07   0
45   0.01889   0.7187   -0.2569   0   -7.307e+07   3.089e+07   0
