0   0.04   -0.753   0   0   1.121e+08   0   0
0.1   0.04   -0.753   0   0   1.121e+08   0   0
0.2   0.04   -0.753   0   0   1.121e+08   0   0
0.3   0.04   -0.753   0   0   1.121e+08   0   0
0.4   0.04   -0.753   0   0   1.121e+08   0   0
0.5   0.04   -0.753   0   0   1.121e+08   0   0
0.6   0.04   -0.753   0   0   1.121e+08   0   0
0.7   0.04   -0.753   0   0   1.121e+08   0   0
0.8   0.04   -0.753   0   0   1.121e+08   0   0
0.9   0.04   -0.753   0   0   1.121e+08   0   0
1   0.04   -0.753   0   0   1.121e+08   0   0
1.1   0.04   -0.753   0   0   1.121e+08   0   0
1.2   0.04   -0.753   0   0   1.121e+08   0   0
1.3   0.04   -0.753   0   0   1.121e+08   0   0
1.4   0.04   -0.753   0   0   1.121e+08   0   0
1.5   0.04   -0.753   0   0   1.121e+08   0   0
1.6   0.04142   -0.7457   0   0   1.139e+08   0   0
1.7   0.04383   -0.7342   0   0   1.168e+08   0   0
1.8   0.04644   -0.7224   0   0   1.198e+08   0   0
1.9   0.04924   -0.7102   0   0   1.229e+08   0   0
2   0.05226   -0.6978   0   0   1.261e+08   0   0
2.1   0.05547   -0.685   0   0   1.294e+08   0   0
2.2   0.05889   -0.6719   0   0   1.327e+08   0   0
2.3   0.0625   -0.6585   0   0   1.361e+08   0   0
2.4   0.06631   -0.6447   0   0   1.395e+08   0   0
2.5   0.07032   -0.6306   0   0   1.429e+08   0   0
2.6   0.0745   -0.6161   0   0   1.463e+08   0   0
2.7   0.07886   -0.6013   0   0   1.497e+08   0   0
2.8   0.08337   -0.5861   0   0   1.531e+08   0   0
2.9   0.08804   -0.5707   0   0   1.564e+08   0   0
3   0.09283   -0.5548   0   0   1.597e+08   0   0
3.1   0.09774   -0.5387   0   0   1.629e+08   0   0
3.2   0.1027   -0.5223   0   0   1.66e+08   0   0
3.3   0.1078   -0.5055   0   0   1.691e+08   0   0
3.4   0.1129   -0.4884   0   0   1.72e+08   0   0
3.5   0.118   -0.4711   0   0   1.748e+08   0   0
3.6   0.1231   -0.4535   0   0   1.775e+08   0   0
3.7   0.1281   -0.4356   0   0   1.801e+08   0   0
3.8   0.133   -0.4175   0   0   1.825e+08   0   0
3.9   0.1378   -0.3991   0   0   1.847e+08   0   0
4   0.1424   -0.3805   0   0   1.868e+08   0   0
4.1   0.1467   -0.3618   0   0   1.888e+08   0   0
4.2   0.1507   -0.3428   0   0   1.905e+08   0   0
4.3   0.1544   -0.3237   0   0   1.92e+08   0   0
4.4   0.1576   -0.3044   0   0   1.933e+08   0   0
4.5   0.1602   -0.285   0   0   1.944e+08   0   0
4.6   0.1622   -0.2655   0   0   1.952e+08   0   0
4.7   0.1634   -0.246   0   0   1.956e+08   0   0
4.8   0.1637   -0.2264   0   0   1.958e+08   0   0
4.9   0.1629   -0.2068   0   0   1.955e+08   0   0
5   0.161   -0.1873   0   0   1.947e+08   0   0
5.1   0.161   -0.1679   0   0   1.947e+08   0   0
5.2   0.161   -0.1484   0   0   1.947e+08   0   0
5.3   0.161   -0.1289   0   0   1.947e+08   0   0
5.4   0.161   -0.1095   0   0   1.947e+08   0   0
5.5   0.161   -0.08999   0   0   1.947e+08   0   0
5.6   0.161   -0.07052   0   0   1.947e+08   0   0
5.7   0.161   -0.05105   0   0   1.947e+08   0   0
5.8   0.161   -0.03159   0   0   1.947e+08   0   0
5.9   0.161   -0.01212   0   0   1.947e+08   0   0
6   0.161   0.007352   0   0   1.947e+08   0   0
6.1   0.161   0.02682   0   0   1.947e+08   0   0
6.2   0.161   0.04629   0   0   1.947e+08   0   0
6.3   0.161   0.06576   0   0   1.947e+08   0   0
6.4   0.161   0.08523   0   0   1.947e+08   0   0
6.5   0.161   0.1047   0   0   1.947e+08   0   0
6.6   0.161   0.1242   0   0   1.947e+08   0   0
6.7   0.161   0.1436   0   0   1.947e+08   0   0
6.8   0.161   0.1631   0   0   1.947e+08   0   0
6.9   0.161   0.1826   0   0   1.947e+08   0   0
7   0.1737   0.2022   0   0   1.995e+08   0   0
7.1   0.191   0.2225   0   0   2.055e+08   0   0
7.2   0.2071   0.2433   0   0   2.106e+08   0   0
7.3   0.2222   0.2646   0   0   2.15e+08   0   0
7.4   0.2363   0.2863   0   0   2.187e+08   0   0
7.5   0.2493   0.3083   0   0   2.22e+08   0   0
7.6   0.2614   0.3307   0   0   2.248e+08   0   0
7.7   0.2726   0.3533   0   0   2.273e+08   0   0
7.8   0.2828   0.3761   0   0   2.294e+08   0   0
7.9   0.2923   0.3992   0   0   2.313e+08   0   0
8   0.3009   0.4224   0   0   2.33e+08   0   0
8.1   0.3087   0.4457   0   0   2.344e+08   0   0
8.2   0.3158   0.4692   0   0   2.357e+08   0   0
8.3   0.3221   0.4929   0   0   2.368e+08   0   0
8.4   0.3278   0.5166   0   0   2.377e+08   0   0
8.5   0.3328   0.5404   0   0   2.386e+08   0   0
8.6   0.3372   0.5643   0   0   2.393e+08   0   0
8.7   0.341   0.5883   0   0   2.399e+08   0   0
8.8   0.3442   0.6123   0   0   2.404e+08   0   0
8.9   0.3469   0.6363   0   0   2.408e+08   0   0
9   0.349   0.6604   0   0   2.411e+08   0   0
9.1   0.3507   0.6846   0   0   2.414e+08   0   0
9.2   0.3519   0.7087   0   0   2.416e+08   0   0
9.3   0.3526   0.7329   0   0   2.417e+08   0   0
9.4   0.3529   0.7571   0   0   2.417e+08   0   0
9.5   0.3529   0.7812   0   0   2.417e+08   0   0
9.6   0.3529   0.8054   0   0   2.417e+08   0   0
9.7   0.3529   0.8296   0   0   2.417e+08   0   0
9.8   0.3529   0.8537   0   0   2.417e+08   0   0
9.9   0.3529   0.8779   0   0   2.417e+08   0   0
10   0.3529   0.9021   0   0   2.417e+08   0   0
10.1   0.3529   0.9263   0   0   2.417e+08   0   0
10.2   0.3529   0.9504   0   0   2.417e+08   0   0
10.3   0.3529   0.9746   0   0   2.417e+08   0   0
10.4   0.3529   0.9988   0   0   2.417e+08   0   0
10.5   0.3529   1.023   0   0   2.417e+08   0   0
10.6   0.3529   1.047   0   0   2.417e+08   0   0
10.7   0.3529   1.071   0   0   2.417e+08   0   0
10.8   0.3529   1.095   0   0   2.417e+08   0   0
10.9   0.3533   1.12   -0.0009915   0   2.388e+08   -3.806e+07   0
11   0.3541   1.143   -0.008443   0   2.159e+08   -1.091e+08   0
11.1   0.3549   1.162   -0.02252   0   1.725e+08   -1.697e+08   0
11.2   0.3556   1.176   -0.0419   0   1.128e+08   -2.143e+08   0
11.3   0.3564   1.184   -0.06473   0   4.232e+07   -2.385e+08   0
11.4   0.3572   1.185   -0.08886   0   -3.213e+07   -2.402e+08   0
11.5   0.358   1.178   -0.112   0   -1.036e+08   -2.193e+08   0
11.6   0.3588   1.164   -0.132   0   -1.652e+08   -1.776e+08   0
11.7   0.3595   1.145   -0.1469   0   -2.114e+08   -1.193e+08   0
11.8   0.3603   1.123   -0.1554   0   -2.377e+08   -4.972e+07   0
11.9   0.3611   1.098   -0.1566   0   -2.417e+08   2.449e+07   0
12   0.3613   1.074   -0.1528   0   -2.396e+08   4.002e+07   0
12.1   0.3613   1.05   -0.1488   0   -2.396e+08   4.002e+07   0
12.2   0.3613   1.026   -0.1448   0   -2.396e+08   4.002e+07   0
12.3   0.3613   1.003   -0.1408   0   -2.396e+08   4.002e+07   0
12.4   0.3613   0.9786   -0.1368   0   -2.396e+08   4.002e+07   0
12.5   0.3613   0.9546   -0.1328   0   -2.396e+08   4.002e+07   0
12.6   0.3613   0.9306   -0.1288   0   -2.396e+08   4.002e+07   0
12.7   0.3613   0.9067   -0.1248   0   -2.396e+08   4.002e+07   0
12.8   0.3613   0.8827   -0.1208   0   -2.396e+08   4.002e+07   0
12.9   0.3613   0.8587   -0.1168   0   -2.396e+08   4.002e+07   0
13   0.3613   0.8348   -0.1128   0   -2.396e+08   4.002e+07   0
13.1   0.3613   0.8108   -0.1088   0   -2.396e+08   4.002e+07   0
13.2   0.3613   0.7868   -0.1048   0   -2.396e+08   4.002e+07   0
13.3   0.3613   0.7629   -0.1008   0   -2.396e+08   4.002e+07   0
13.4   0.3621   0.7389   -0.09677   0   -2.398e+08   4.003e+07   0
13.5   0.3646   0.7149   -0.09277   0   -2.401e+08   4.005e+07   0
13.6   0.3668   0.6909   -0.08876   0   -2.404e+08   4.007e+07   0
13.7   0.3686   0.6668   -0.08475   0   -2.407e+08   4.008e+07   0
13.8   0.3701   0.6427   -0.08075   0   -2.409e+08   4.009e+07   0
13.9   0.3712   0.6186   -0.07674   0   -2.411e+08   4.01e+07   0
14   0.3718   0.5945   -0.07273   0   -2.412e+08   4.01e+07   0
14.1   0.372   0.5704   -0.06872   0   -2.412e+08   4.01e+07   0
14.2   0.3717   0.5463   -0.06471   0   -2.411e+08   4.01e+07   0
14.3   0.3707   0.5222   -0.0607   0   -2.41e+08   4.01e+07   0
14.4   0.3692   0.4981   -0.05669   0   -2.408e+08   4.009e+07   0
14.5   0.367   0.474   -0.05268   0   -2.405e+08   4.009e+07   0
14.6   0.3641   0.45   -0.04867   0   -2.4e+08   4.009e+07   0
14.7   0.3603   0.426   -0.04466   0   -2.395e+08   4.009e+07   0
14.8   0.3558   0.4021   -0.04065   0   -2.388e+08   4.01e+07   0
14.9   0.3503   0.3783   -0.03664   0   -2.38e+08   4.013e+07   0
15   0.3437   0.3545   -0.03262   0   -2.369e+08   4.016e+07   0
15.1   0.3361   0.3309   -0.02861   0   -2.357e+08   4.022e+07   0
15.2   0.3273   0.3074   -0.02458   0   -2.342e+08   4.032e+07   0
15.3   0.3171   0.2841   -0.02054   0   -2.324e+08   4.046e+07   0
15.4   0.3054   0.2609   -0.01648   0   -2.302e+08   4.066e+07   0
15.5   0.2921   0.238   -0.0124   0   -2.276e+08   4.097e+07   0
15.6   0.2769   0.2154   -0.008286   0   -2.244e+08   4.141e+07   0
15.7   0.2597   0.1932   -0.004114   0   -2.204e+08   4.207e+07   0
15.8   0.2554   0.1712   0.0001093   0   -2.194e+08   4.226e+07   0
15.9   0.2554   0.1493   0.004335   0   -2.194e+08   4.226e+07   0
16   0.2554   0.1274   0.008561   0   -2.194e+08   4.226e+07   0
16.1   0.2554   0.1054   0.01279   0   -2.194e+08   4.226e+07   0
16.2   0.2554   0.08348   0.01701   0   -2.194e+08   4.226e+07   0
16.3   0.2554   0.06154   0.02124   0   -2.194e+08   4.226e+07   0
16.4   0.2554   0.0396   0.02546   0   -2.194e+08   4.226e+07   0
16.5   0.2554   0.01766   0.02969   0   -2.194e+08   4.226e+07   0
16.6   0.2554   -0.004277   0.03391   0   -2.194e+08   4.226e+07   0
16.7   0.2554   -0.02622   0.03814   0   -2.194e+08   4.226e+07   0
16.8   0.2554   -0.04816   0.04237   0   -2.194e+08   4.226e+07   0
16.9   0.2554   -0.0701   0.04659   0   -2.194e+08   4.226e+07   0
17   0.2554   -0.09204   0.05082   0   -2.194e+08   4.226e+07   0
17.1   0.2554   -0.114   0.05504   0   -2.194e+08   4.226e+07   0
17.2   0.2554   -0.1359   0.05927   0   -2.194e+08   4.226e+07   0
17.3   0.2554   -0.1579   0.06349   0   -2.194e+08   4.226e+07   0
17.4   0.2582   -0.1798   0.06772   0   -2.2e+08   4.263e+07   0
17.5   0.2734   -0.202   0.07208   0   -2.23e+08   4.449e+07   0
17.6   0.2864   -0.2244   0.07661   0   -2.255e+08   4.59e+07   0
17.7   0.2976   -0.2471   0.08125   0   -2.275e+08   4.698e+07   0
17.8   0.3071   -0.2699   0.086   0   -2.292e+08   4.783e+07   0
17.9   0.3152   -0.2929   0.09081   0   -2.305e+08   4.849e+07   0
18   0.3219   -0.316   0.09569   0   -2.316e+08   4.9e+07   0
18.1   0.3275   -0.3392   0.1006   0   -2.325e+08   4.94e+07   0
18.2   0.332   -0.3625   0.1056   0   -2.332e+08   4.971e+07   0
18.3   0.3356   -0.3858   0.1106   0   -2.337e+08   4.994e+07   0
18.4   0.3383   -0.4092   0.1156   0   -2.342e+08   5.011e+07   0
18.5   0.3402   -0.4327   0.1206   0   -2.344e+08   5.022e+07   0
18.6   0.3413   -0.4561   0.1256   0   -2.346e+08   5.029e+07   0
18.7   0.3418   -0.4796   0.1306   0   -2.347e+08   5.032e+07   0
18.8   0.3418   -0.503   0.1357   0   -2.347e+08   5.031e+07   0
18.9   0.3411   -0.5265   0.1407   0   -2.346e+08   5.028e+07   0
19   0.34   -0.55   0.1457   0   -2.344e+08   5.022e+07   0
19.1   0.3384   -0.5734   0.1507   0   -2.342e+08   5.013e+07   0
19.2   0.3364   -0.5968   0.1557   0   -2.339e+08   5.003e+07   0
19.3   0.3341   -0.6202   0.1607   0   -2.335e+08   4.991e+07   0
19.4   0.3314   -0.6435   0.1657   0   -2.331e+08   4.976e+07   0
19.5   0.3285   -0.6668   0.1707   0   -2.326e+08   4.961e+07   0
19.6   0.3253   -0.69   0.1756   0   -2.321e+08   4.944e+07   0
19.7   0.3219   -0.7132   0.1806   0   -2.316e+08   4.926e+07   0
19.8   0.3192   -0.7363   0.1855   0   -2.311e+08   4.912e+07   0
19.9   0.3192   -0.7594   0.1904   0   -2.311e+08   4.912e+07   0
20   0.3192   -0.7825   0.1953   0   -2.311e+08   4.912e+07   0
20.1   0.3192   -0.8057   0.2002   0   -2.311e+08   4.912e+07   0
20.2   0.3192   -0.8288   0.2051   0   -2.311e+08   4.912e+07   0
20.3   0.3192   -0.8519   0.2101   0   -2.311e+08   4.912e+07   0
20.4   0.3192   -0.875   0.215   0   -2.311e+08   4.912e+07   0
20.5   0.3192   -0.8981   0.2199   0   -2.311e+08   4.912e+07   0
20.6   0.3192   -0.9212   0.2248   0   -2.311e+08   4.912e+07   0
20.7   0.3192   -0.9443   0.2297   0   -2.311e+08   4.912e+07   0
20.8   0.3192   -0.9674   0.2346   0   -2.311e+08   4.912e+07   0
20.9   0.3192   -0.9905   0.2395   0   -2.311e+08   4.912e+07   0
21   0.3192   -1.014   0.2444   0   -2.311e+08   4.912e+07   0
21.1   0.3192   -1.037   0.2493   0   -2.311e+08   4.912e+07   0
21.2   0.3192   -1.06   0.2543   0   -2.311e+08   4.912e+07   0
21.3   0.3192   -1.083   0.2592   0   -2.311e+08   4.912e+07   0
21.4   0.3192   -1.106   0.2641   0   -2.311e+08   4.912e+07   0
21.5   0.32   -1.129   0.2712   0   -2.084e+08   1.117e+08   0
21.6   0.3212   -1.146   0.2864   0   -1.445e+08   1.873e+08   0
21.7   0.3224   -1.157   0.3076   0   -5.544e+07   2.303e+08   0
21.8   0.3237   -1.157   0.3311   0   4.336e+07   2.33e+08   0
21.9   0.3249   -1.148   0.3528   0   1.347e+08   1.953e+08   0
22   0.3261   -1.131   0.369   0   2.027e+08   1.237e+08   0
22.1   0.3274   -1.109   0.3768   0   2.357e+08   3.076e+07   0
22.2   0.3286   -1.085   0.3749   0   2.281e+08   -6.756e+07   0
22.3   0.3287   -1.062   0.3678   0   2.272e+08   -7.042e+07   0
22.4   0.3287   -1.04   0.3608   0   2.272e+08   -7.042e+07   0
22.5   0.3287   -1.017   0.3537   0   2.272e+08   -7.042e+07   0
22.6   0.3287   -0.9942   0.3467   0   2.272e+08   -7.042e+07   0
22.7   0.3287   -0.9715   0.3397   0   2.272e+08   -7.042e+07   0
22.8   0.3287   -0.9487   0.3326   0   2.272e+08   -7.042e+07   0
22.9   0.3287   -0.926   0.3256   0   2.272e+08   -7.042e+07   0
23   0.3287   -0.9033   0.3185   0   2.272e+08   -7.042e+07   0
23.1   0.3287   -0.8806   0.3115   0   2.272e+08   -7.042e+07   0
23.2   0.3287   -0.8578   0.3044   0   2.272e+08   -7.042e+07   0
23.3   0.3287   -0.8351   0.2974   0   2.272e+08   -7.042e+07   0
23.4   0.3287   -0.8124   0.2904   0   2.272e+08   -7.042e+07   0
23.5   0.3287   -0.7897   0.2833   0   2.272e+08   -7.042e+07   0
23.6   0.3287   -0.767   0.2763   0   2.272e+08   -7.042e+07   0
23.7   0.3287   -0.7442   0.2692   0   2.272e+08   -7.042e+07   0
23.8   0.3287   -0.7215   0.2622   0   2.272e+08   -7.042e+07   0
23.9   0.3279   -0.6988   0.2552   0   2.271e+08   -7.037e+07   0
24   0.3258   -0.6761   0.2481   0   2.268e+08   -7.021e+07   0
24.1   0.3231   -0.6534   0.2411   0   2.264e+08   -7.002e+07   0
24.2   0.3201   -0.6308   0.2341   0   2.259e+08   -6.979e+07   0
24.3   0.3165   -0.6083   0.2272   0   2.253e+08   -6.952e+07   0
24.4   0.3125   -0.5858   0.2202   0   2.247e+08   -6.92e+07   0
24.5   0.3079   -0.5633   0.2133   0   2.239e+08   -6.883e+07   0
24.6   0.3029   -0.541   0.2065   0   2.231e+08   -6.841e+07   0
24.7   0.2973   -0.5187   0.1996   0   2.221e+08   -6.793e+07   0
24.8   0.2912   -0.4966   0.1929   0   2.211e+08   -6.738e+07   0
24.9   0.2845   -0.4745   0.1862   0   2.199e+08   -6.675e+07   0
25   0.2773   -0.4526   0.1795   0   2.185e+08   -6.604e+07   0
25.1   0.2696   -0.4308   0.173   0   2.17e+08   -6.524e+07   0
25.2   0.2612   -0.4092   0.1665   0   2.154e+08   -6.432e+07   0
25.3   0.2523   -0.3878   0.1601   0   2.135e+08   -6.329e+07   0
25.4   0.2429   -0.3665   0.1538   0   2.115e+08   -6.212e+07   0
25.5   0.2329   -0.3455   0.1477   0   2.092e+08   -6.079e+07   0
25.6   0.2223   -0.3247   0.1417   0   2.067e+08   -5.927e+07   0
25.7   0.2112   -0.3041   0.1358   0   2.039e+08   -5.754e+07   0
25.8   0.1996   -0.2839   0.1302   0   2.008e+08   -5.557e+07   0
25.9   0.1875   -0.264   0.1247   0   1.973e+08   -5.33e+07   0
26   0.1749   -0.2445   0.1195   0   1.935e+08   -5.069e+07   0
26.1   0.162   -0.2253   0.1146   0   1.892e+08   -4.767e+07   0
26.2   0.1487   -0.2067   0.11   0   1.844e+08   -4.417e+07   0
26.3   0.1352   -0.1885   0.1058   0   1.791e+08   -4.009e+07   0
26.4   0.1217   -0.1709   0.102   0   1.732e+08   -3.532e+07   0
26.5   0.1128   -0.1538   0.09874   0   1.69e+08   -3.174e+07   0
26.6   0.1128   -0.1369   0.09556   0   1.69e+08   -3.174e+07   0
26.7   0.1128   -0.12   0.09239   0   1.69e+08   -3.174e+07   0
26.8   0.1128   -0.1031   0.08922   0   1.69e+08   -3.174e+07   0
26.9   0.1128   -0.08623   0.08604   0   1.69e+08   -3.174e+07   0
27   0.1128   -0.06933   0.08287   0   1.69e+08   -3.174e+07   0
27.1   0.1128   -0.05243   0.07969   0   1.69e+08   -3.174e+07   0
27.2   0.1128   -0.03554   0.07652   0   1.69e+08   -3.174e+07   0
27.3   0.1128   -0.01864   0.07335   0   1.69e+08   -3.174e+07   0
27.4   0.1128   -0.00174   0.07017   0   1.69e+08   -3.174e+07   0
27.5   0.1128   0.01516   0.067   0   1.69e+08   -3.174e+07   0
27.6   0.1128   0.03206   0.06383   0   1.69e+08   -3.174e+07   0
27.7   0.1128   0.04895   0.06065   0   1.69e+08   -3.174e+07   0
27.8   0.1128   0.06585   0.05748   0   1.69e+08   -3.174e+07   0
27.9   0.1128   0.08275   0.0543   0   1.69e+08   -3.174e+07   0
28   0.1128   0.09965   0.05113   0   1.69e+08   -3.174e+07   0
28.1   0.1128   0.1165   0.04796   0   1.69e+08   -3.174e+07   0
28.2   0.1128   0.1334   0.04478   0   1.69e+08   -3.174e+07   0
28.3   0.1128   0.1503   0.04161   0   1.69e+08   -3.174e+07   0
28.4   0.1128   0.1672   0.03844   0   1.69e+08   -3.174e+07   0
28.5   0.1128   0.1841   0.03526   0   1.69e+08   -3.174e+07   0
28.6   0.108   0.2009   0.03204   0   1.66e+08   -3.273e+07   0
28.7   0.1026   0.2173   0.02872   0   1.625e+08   -3.374e+07   0
28.8   0.09686   0.2334   0.02529   0   1.586e+08   -3.471e+07   0
28.9   0.09093   0.249   0.02178   0   1.544e+08   -3.562e+07   0
29   0.08489   0.2642   0.01817   0   1.498e+08   -3.645e+07   0
29.1   0.0788   0.279   0.01449   0   1.45e+08   -3.721e+07   0
29.2   0.07274   0.2932   0.01073   0   1.399e+08   -3.789e+07   0
29.3   0.06676   0.3069   0.00691   0   1.345e+08   -3.849e+07   0
29.4   0.06091   0.3201   0.003034   0   1.289e+08   -3.899e+07   0
29.5   0.05523   0.3327   -0.0008867   0   1.23e+08   -3.941e+07   0
29.6   0.04975   0.3447   -0.004845   0   1.169e+08   -3.973e+07   0
29.7   0.04452   0.3561   -0.008831   0   1.106e+08   -3.996e+07   0
29.8   0.03956   0.3668   -0.01283   0   1.041e+08   -4.01e+07   0
29.9   0.03488   0.3769   -0.01685   0   9.751e+07   -4.015e+07   0
30   0.03052   0.3863   -0.02086   0   9.076e+07   -4.01e+07   0
30.1   0.02648   0.395   -0.02486   0   8.39e+07   -3.996e+07   0
30.2   0.02277   0.4031   -0.02885   0   7.697e+07   -3.973e+07   0
30.3   0.0194   0.4104   -0.03281   0   7e+07   -3.942e+07   0
30.4   0.01637   0.4171   -0.03673   0   6.301e+07   -3.903e+07   0
30.5   0.01369   0.423   -0.04061   0   5.604e+07   -3.855e+07   0
30.6   0.01133   0.4283   -0.04444   0   4.912e+07   -3.801e+07   0
30.7   0.009309   0.4328   -0.04821   0   4.228e+07   -3.74e+07   0
30.8   0.007598   0.4367   -0.05192   0   3.556e+07   -3.674e+07   0
30.9   0.006186   0.4399   -0.05555   0   2.898e+07   -3.602e+07   0
31   0.005057   0.4425   -0.05912   0   2.258e+07   -3.526e+07   0
31.1   0.00419   0.4445   -0.0626   0   1.638e+07   -3.446e+07   0
31.2   0.003562   0.4458   -0.06601   0   1.041e+07   -3.364e+07   0
31.3   0.003151   0.4465   -0.06933   0   4.71e+06   -3.28e+07   0
31.4   0.002929   0.4467   -0.07257   0   -7.082e+05   -3.195e+07   0
31.5   0.002872   0.4464   -0.07572   0   -5.818e+06   -3.111e+07   0
31.6   0.002951   0.4456   -0.07879   0   -1.06e+07   -3.028e+07   0
31.7   0.003139   0.4443   -0.08178   0   -1.503e+07   -2.947e+07   0
31.8   0.003409   0.4426   -0.08468   0   -1.909e+07   -2.869e+07   0
31.9   0.003735   0.4405   -0.08752   0   -2.277e+07   -2.795e+07   0
32   0.004091   0.438   -0.09028   0   -2.605e+07   -2.727e+07   0
32.1   0.004452   0.4353   -0.09297   0   -2.891e+07   -2.664e+07   0
32.2   0.004797   0.4323   -0.09561   0   -3.136e+07   -2.609e+07   0
32.3   0.005106   0.429   -0.09819   0   -3.337e+07   -2.562e+07   0
32.4   0.005362   0.4256   -0.1007   0   -3.493e+07   -2.524e+07   0
32.5   0.005552   0.4221   -0.1032   0   -3.604e+07   -2.496e+07   0
32.6   0.005665   0.4184   -0.1057   0   -3.668e+07   -2.479e+07   0
32.7   0.005697   0.4147   -0.1082   0   -3.686e+07   -2.474e+07   0
32.8   0.005645   0.4111   -0.1107   0   -3.657e+07   -2.483e+07   0
32.9   0.005513   0.4074   -0.1132   0   -3.579e+07   -2.505e+07   0
33   0.00531   0.4039   -0.1157   0   -3.454e+07   -2.541e+07   0
33.1   0.005047   0.4005   -0.1183   0   -3.281e+07   -2.593e+07   0
33.2   0.004743   0.3974   -0.1209   0   -3.061e+07   -2.662e+07   0
33.3   0.004419   0.3944   -0.1236   0   -2.793e+07   -2.746e+07   0
33.4   0.004104   0.3918   -0.1264   0   -2.48e+07   -2.848e+07   0
33.5   0.003826   0.3895   -0.1293   0   -2.122e+07   -2.967e+07   0
33.6   0.00362   0.3876   -0.1323   0   -1.722e+07   -3.104e+07   0
33.7   0.003518   0.3861   -0.1355   0   -1.282e+07   -3.257e+07   0
33.8   0.003558   0.385   -0.1388   0   -8.037e+06   -3.427e+07   0
33.9   0.003775   0.3845   -0.1424   0   -2.921e+06   -3.612e+07   0
34   0.0042   0.3845   -0.1461   0   2.493e+06   -3.812e+07   0
34.1   0.004864   0.385   -0.15   0   8.161e+06   -4.025e+07   0
34.2   0.005793   0.3861   -0.1541   0   1.403e+07   -4.25e+07   0
34.3   0.007005   0.3878   -0.1585   0   2.006e+07   -4.485e+07   0
34.4   0.008513   0.3901   -0.1631   0   2.619e+07   -4.728e+07   0
34.5   0.01032   0.3931   -0.168   0   3.237e+07   -4.977e+07   0
34.6   0.01243   0.3966   -0.1731   0   3.854e+07   -5.229e+07   0
34.7   0.01483   0.4008   -0.1784   0   4.465e+07   -5.482e+07   0
34.8   0.01751   0.4055   -0.184   0   5.067e+07   -5.735e+07   0
34.9   0.02044   0.4109   -0.1899   0   5.654e+07   -5.985e+07   0
35   0.02358   0.4168   -0.196   0   6.224e+07   -6.231e+07   0
35.1   0.02692   0.4233   -0.2024   0   6.772e+07   -6.47e+07   0
35.2   0.03042   0.4304   -0.2089   0   7.296e+07   -6.702e+07   0
35.3   0.03402   0.4379   -0.2158   0   7.795e+07   -6.925e+07   0
35.4   0.03771   0.446   -0.2228   0   8.266e+07   -7.138e+07   0
35.5   0.04143   0.4545   -0.23   0   8.709e+07   -7.341e+07   0
35.6   0.04514   0.4634   -0.2375   0   9.123e+07   -7.533e+07   0
35.7   0.04882   0.4727   -0.2451   0   9.509e+07   -7.713e+07   0
35.8   0.05241   0.4824   -0.2529   0   9.865e+07   -7.881e+07   0
35.9   0.0559   0.4924   -0.2609   0   1.019e+08   -8.038e+07   0
36   0.05924   0.5028   -0.269   0   1.049e+08   -8.182e+07   0
36.1   0.06242   0.5134   -0.2772   0   1.077e+08   -8.314e+07   0
36.2   0.06541   0.5243   -0.2856   0   1.101e+08   -8.435e+07   0
36.3   0.06819   0.5354   -0.2941   0   1.123e+08   -8.544e+07   0
36.4   0.07074   0.5468   -0.3027   0   1.143e+08   -8.642e+07   0
36.5   0.07305   0.5583   -0.3114   0   1.16e+08   -8.728e+07   0
36.6   0.0751   0.57   -0.3201   0   1.175e+08   -8.804e+07   0
36.7   0.0769   0.5818   -0.329   0   1.188e+08   -8.869e+07   0
36.8   0.07843   0.5937   -0.3379   0   1.198e+08   -8.924e+07   0
36.9   0.07969   0.6057   -0.3468   0   1.207e+08   -8.969e+07   0
37   0.08069   0.6178   -0.3558   0   1.214e+08   -9.004e+07   0
37.1   0.08142   0.63   -0.3648   0   1.219e+08   -9.03e+07   0
37.2   0.08189   0.6422   -0.3739   0   1.222e+08   -9.047e+07   0
37.3   0.08207   0.6544   -0.3829   0   1.223e+08   -9.053e+07   0
37.4   0.08207   0.6667   -0.392   0   1.223e+08   -9.053e+07   0
37.5   0.08207   0.6789   -0.401   0   1.223e+08   -9.053e+07   0
37.6   0.08207   0.6911   -0.4101   0   1.223e+08   -9.053e+07   0
37.7   0.08207   0.7034   -0.4191   0   1.223e+08   -9.053e+07   0
37.8   0.08207   0.7156   -0.4282   0   1.223e+08   -9.053e+07   0
37.9   0.08207   0.7278   -0.4372   0   1.223e+08   -9.053e+07   0
38   0.08207   0.74   -0.4463   0   1.223e+08   -9.053e+07   0
38.1   0.08207   0.7523   -0.4553   0   1.223e+08   -9.053e+07   0
38.2   0.08207   0.7645   -0.4644   0   1.223e+08   -9.053e+07   0
38.3   0.08207   0.7767   -0.4734   0   1.223e+08   -9.053e+07   0
38.4   0.08207   0.789   -0.4825   0   1.223e+08   -9.053e+07   0
38.5   0.08207   0.8012   -0.4916   0   1.223e+08   -9.053e+07   0
38.6   0.08207   0.8134   -0.5006   0   1.223e+08   -9.053e+07   0
38.7   0.08207   0.8257   -0.5097   0   1.223e+08   -9.053e+07   0
38.8   0.08207   0.8379   -0.5187   0   1.223e+08   -9.053e+07   0
38.9   0.08207   0.8501   -0.5278   0   1.223e+08   -9.053e+07   0
39   0.08207   0.8623   -0.5368   0   1.223e+08   -9.053e+07   0
39.1   0.08207   0.8746   -0.5459   0   1.223e+08   -9.053e+07   0
39.2   0.08207   0.8868   -0.5549   0   1.223e+08   -9.053e+07   0
39.3   0.08207   0.899   -0.564   0   1.223e+08   -9.053e+07   0
39.4   0.08207   0.9113   -0.573   0   1.223e+08   -9.053e+07   0
39.5   0.08207   0.9235   -0.5821   0   1.223e+08   -9.053e+07   0
39.6   0.08207   0.9357   -0.5911   0   1.223e+08   -9.053e+07   0
39.7   0.08207   0.948   -0.6002   0   1.223e+08   -9.053e+07   0
39.8   0.08207   0.9602   -0.6092   0   1.223e+08   -9.053e+07   0
39.9   0.08207   0.9724   -0.6183   0   1.223e+08   -9.053e+07   0
40   0.08207   0.9846   -0.6273   0   1.223e+08   -9.053e+07   0
40.1   0.08207   0.9969   -0.6364   0   1.223e+08   -9.053e+07   0
40.2   0.08207   1.009   -0.6455   0   1.223e+08   -9.053e+07   0
40.3   0.08207   1.021   -0.6545   0   1.223e+08   -9.053e+07   0
40.4   0.08207   1.034   -0.6636   0   1.223e+08   -9.053e+07   0
40.5   0.08207   1.046   -0.6726   0   1.223e+08   -9.053e+07   0
40.6   0.08207   1.058   -0.6817   0   1.223e+08   -9.053e+07   0
40.7   0.08207   1.07   -0.6907   0   1.223e+08   -9.053e+07   0
40.8   0.08207   1.082   -0.6998   0   1.223e+08   -9.053e+07   0
40.9   0.08207   1.095   -0.7088   0   1.223e+08   -9.053e+07   0
41   0.08207   1.107   -0.7179   0   1.223e+08   -9.053e+07   0
41.1   0.08207   1.119   -0.7269   0   1.223e+08   -9.053e+07   0
41.2   0.08207   1.131   -0.736   0   1.223e+08   -9.053e+07   0
41.3   0.08207   1.144   -0.745   0   1.223e+08   -9.053e+07   0
41.4   0.08207   1.156   -0.7541   0   1.223e+08   -9.053e+07   0
41.5   0.08207   1.168   -0.7631   0   1.223e+08   -9.053e+07   0
41.6   0.08207   1.18   -0.7722   0   1.223e+08   -9.053e+07   0
41.7   0.08207   1.193   -0.7812   0   1.223e+08   -9.053e+07   0
41.8   0.08207   1.205   -0.7903   0   1.223e+08   -9.053e+07   0
41.9   0.08207   1.217   -0.7994   0   1.223e+08   -9.053e+07   0
42   0.08207   1.229   -0.8084   0   1.223e+08   -9.053e+07   0
42.1   0.08207   1.241   -0.8175   0   1.223e+08   -9.053e+07   0
42.2   0.08207   1.254   -0.8265   0   1.223e+08   -9.053e+07   0
42.3   0.08207   1.266   -0.8356   0   1.223e+08   -9.053e+07   0
42.4   0.08207   1.278   -0.8446   0   1.223e+08   -9.053e+07   0
42.5   0.08207   1.29   -0.8537   0   1.223e+08   -9.053e+07   0
42.6   0.08207   1.303   -0.8627   0   1.223e+08   -9.053e+07   0
42.7   0.08207   1.315   -0.8718   0   1.223e+08   -9.053e+07   0
42.8   0.08207   1.327   -0.8808   0   1.223e+08   -9.053e+07   0
42.9   0.08207   1.339   -0.8899   0   1.223e+08   -9.053e+07   0
43   0.08207   1.352   -0.8989   0   1.223e+08   -9.053e+07   0
43.1   0.08207   1.364   -0.908   0   1.223e+08   -9.053e+07   0
43.2   0.08207   1.376   -0.917   0   1.223e+08   -9.053e+07   0
43.3   0.08207   1.388   -0.9261   0   1.223e+08   -9.053e+07   0
43.4   0.08207   1.4   -0.9352   0   1.223e+08   -9.053e+07   0
43.5   0.08207   1.413   -0.9442   0   1.223e+08   -9.053e+07   0
43.6   0.08207   1.425   -0.9533   0   1.223e+08   -9.053e+07   0
43.7   0.08207   1.437   -0.9623   0   1.223e+08   -9.053e+07   0
43.8   0.08207   1.449   -0.9714   0   1.223e+08   -9.053e+07   0
43.9   0.08207   1.462   -0.9804   0   1.223e+08   -9.053e+07   0
44   0.08207   1.474   -0.9895   0   1.223e+08   -9.053e+07   0
44.1   0.08207   1.486   -0.9985   0   1.223e+08   -9.053e+07   0
44.2   0.08207   1.498   -1.008   0   1.223e+08   -9.053e+07   0
44.3   0.08207   1.511   -1.017   0   1.223e+08   -9.053e+07   0
44.4   0.08207   1.523   -1.026   0   1.223e+08   -9.053e+07   0
44.5   0.08207   1.535   -1.035   0   1.223e+08   -9.053e+07   0
44.6   0.08207   1.547   -1.044   0   1.223e+08   -9.053e+07   0
44.7   0.08207   1.559   -1.053   0   1.223e+08   -9.053e+07   0
44.8   0.08207   1.572   -1.062   0   1.223e+08   -9.053e+07   0
44.9   0.08207   1.584   -1.071   0   1.223e+08   -9.053e+07   0
45   0.08207   1.596   -1.08   0   1.223e+08   -9.053e+07   0
