0   0.04   -0.753   0   0   1.121e+08   0   0
0.1   0.04   -0.753   0   0   1.121e+08   0   0
0.2   0.04   -0.753   0   0   1.121e+08   0   0
0.3   0.04   -0.753   0   0   1.121e+08   0   0
0.4   0.04   -0.753   0   0   1.121e+08   0   0
0.5   0.04   -0.753   0   0   1.121e+08   0   0
0.6   0.04   -0.753   0   0   1.121e+08   0   0
0.7   0.04   -0.753   0   0   1.121e+08   0   0
0.8   0.04   -0.753   0   0   1.121e+08   0   0
0.9   0.04   -0.753   0   0   1.121e+08   0   0
1   0.04   -0.753   0   0   1.121e+08   0   0
1.1   0.04   -0.753   0   0   1.121e+08   0   0
1.2   0.04   -0.753   0   0   1.121e+08   0   0
1.3   0.04   -0.753   0   0   1.121e+08   0   0
1.4   0.04   -0.753   0   0   1.121e+08   0   0
1.5   0.04   -0.753   0   0   1.121e+08   0   0
1.6   0.04097   -0.748   0   0   1.133e+08   0   0
1.7   0.04336   -0.7365   0   0   1.162e+08   0   0
1.8   0.04595   -0.7248   0   0   1.192e+08   0   0
1.9   0.04873   -0.7127   0   0   1.223e+08   0   0
2   0.05172   -0.7003   0   0   1.255e+08   0   0
2.1   0.05491   -0.6876   0   0   1.288e+08   0   0
2.2   0.0583   -0.6745   0   0   1.322e+08   0   0
2.3   0.06188   -0.6611   0   0   1.355e+08   0   0
2.4   0.06566   -0.6474   0   0   1.389e+08   0   0
2.5   0.06963   -0.6333   0   0   1.424e+08   0   0
2.6   0.07378   -0.6189   0   0   1.458e+08   0   0
2.7   0.0781   -0.6042   0   0   1.492e+08   0   0
2.8   0.08258   -0.5891   0   0   1.525e+08   0   0
2.9   0.0872   -0.5737   0   0   1.559e+08   0   0
3   0.09195   -0.5579   0   0   1.591e+08   0   0
3.1   0.09681   -0.5418   0   0   1.623e+08   0   0
3.2   0.1018   -0.5254   0   0   1.654e+08   0   0
3.3   0.1068   -0.5088   0   0   1.685e+08   0   0
3.4   0.1118   -0.4918   0   0   1.714e+08   0   0
3.5   0.1169   -0.4745   0   0   1.742e+08   0   0
3.6   0.1219   -0.4569   0   0   1.769e+08   0   0
3.7   0.1269   -0.4391   0   0   1.794e+08   0   0
3.8   0.1317   -0.421   0   0   1.818e+08   0   0
3.9   0.1365   -0.4027   0   0   1.841e+08   0   0
4   0.141   -0.3842   0   0   1.862e+08   0   0
4.1   0.1453   -0.3655   0   0   1.881e+08   0   0
4.2   0.1492   -0.3466   0   0   1.898e+08   0   0
4.3   0.1528   -0.3275   0   0   1.914e+08   0   0
4.4   0.1559   -0.3083   0   0   1.926e+08   0   0
4.5   0.1585   -0.289   0   0   1.937e+08   0   0
4.6   0.1605   -0.2696   0   0   1.945e+08   0   0
4.7   0.1617   -0.2501   0   0   1.95e+08   0   0
4.8   0.162   -0.2306   0   0   1.951e+08   0   0
4.9   0.1612   -0.2111   0   0   1.948e+08   0   0
5   0.1592   -0.1917   0   0   1.94e+08   0   0
5.1   0.1587   -0.1723   0   0   1.938e+08   0   0
5.2   0.1587   -0.1529   0   0   1.938e+08   0   0
5.3   0.1587   -0.1335   0   0   1.938e+08   0   0
5.4   0.1587   -0.1142   0   0   1.938e+08   0   0
5.5   0.1587   -0.09479   0   0   1.938e+08   0   0
5.6   0.1587   -0.07542   0   0   1.938e+08   0   0
5.7   0.1587   -0.05604   0   0   1.938e+08   0   0
5.8   0.1587   -0.03666   0   0   1.938e+08   0   0
5.9   0.1587   -0.01728   0   0   1.938e+08   0   0
6   0.1587   0.002094   0   0   1.938e+08   0   0
6.1   0.1587   0.02147   0   0   1.938e+08   0   0
6.2   0.1587   0.04085   0   0   1.938e+08   0   0
6.3   0.1587   0.06023   0   0   1.938e+08   0   0
6.4   0.1587   0.0796   0   0   1.938e+08   0   0
6.5   0.1587   0.09898   0   0   1.938e+08   0   0
6.6   0.1587   0.1184   0   0   1.938e+08   0   0
6.7   0.1587   0.1377   0   0   1.938e+08   0   0
6.8   0.1587   0.1571   0   0   1.938e+08   0   0
6.9   0.1587   0.1765   0   0   1.938e+08   0   0
7   0.1658   0.1959   0   0   1.966e+08   0   0
7.1   0.1834   0.2159   0   0   2.03e+08   0   0
7.2   0.1998   0.2365   0   0   2.084e+08   0   0
7.3   0.2152   0.2576   0   0   2.13e+08   0   0
7.4   0.2295   0.2791   0   0   2.17e+08   0   0
7.5   0.2428   0.301   0   0   2.204e+08   0   0
7.6   0.2551   0.3231   0   0   2.234e+08   0   0
7.7   0.2664   0.3456   0   0   2.259e+08   0   0
7.8   0.2769   0.3683   0   0   2.282e+08   0   0
7.9   0.2864   0.3912   0   0   2.301e+08   0   0
8   0.2952   0.4143   0   0   2.319e+08   0   0
8.1   0.3031   0.4376   0   0   2.334e+08   0   0
8.2   0.3103   0.461   0   0   2.347e+08   0   0
8.3   0.3167   0.4845   0   0   2.358e+08   0   0
8.4   0.3225   0.5082   0   0   2.368e+08   0   0
8.5   0.3275   0.5319   0   0   2.377e+08   0   0
8.6   0.332   0.5557   0   0   2.384e+08   0   0
8.7   0.3358   0.5796   0   0   2.391e+08   0   0
8.8   0.3391   0.6035   0   0   2.396e+08   0   0
8.9   0.3418   0.6275   0   0   2.4e+08   0   0
9   0.3439   0.6515   0   0   2.403e+08   0   0
9.1   0.3456   0.6756   0   0   2.406e+08   0   0
9.2   0.3468   0.6996   0   0   2.408e+08   0   0
9.3   0.3476   0.7237   0   0   2.409e+08   0   0
9.4   0.3479   0.7478   0   0   2.41e+08   0   0
9.5   0.3479   0.7719   0   0   2.41e+08   0   0
9.6   0.3479   0.796   0   0   2.41e+08   0   0
9.7   0.3479   0.8201   0   0   2.41e+08   0   0
9.8   0.3479   0.8442   0   0   2.41e+08   0   0
9.9   0.3479   0.8683   0   0   2.41e+08   0   0
10   0.3479   0.8924   0   0   2.41e+08   0   0
10.1   0.3479   0.9165   0   0   2.41e+08   0   0
10.2   0.3479   0.9406   0   0   2.41e+08   0   0
10.3   0.3479   0.9647   0   0   2.41e+08   0   0
10.4   0.3479   0.9888   0   0   2.41e+08   0   0
10.5   0.3479   1.013   0   0   2.41e+08   0   0
10.6   0.3479   1.037   0   0   2.41e+08   0   0
10.7   0.3479   1.061   0   0   2.41e+08   0   0
10.8   0.3479   1.085   0   0   2.41e+08   0   0
10.9   0.348   1.109   -2.705e-05   0   2.409e+08   -6.01e+06   0
11   0.3487   1.133   -0.00438   0   2.276e+08   -7.962e+07   0
11.1   0.3495   1.154   -0.01576   0   1.923e+08   -1.456e+08   0
11.2   0.3503   1.171   -0.03309   0   1.386e+08   -1.976e+08   0
11.3   0.351   1.181   -0.05468   0   7.158e+07   -2.306e+08   0
11.4   0.3518   1.185   -0.07849   0   -2.3e+06   -2.415e+08   0
11.5   0.3526   1.181   -0.1022   0   -7.597e+07   -2.294e+08   0
11.6   0.3533   1.17   -0.1236   0   -1.424e+08   -1.954e+08   0
11.7   0.3541   1.153   -0.1406   0   -1.953e+08   -1.428e+08   0
11.8   0.3549   1.131   -0.1517   0   -2.296e+08   -7.658e+07   0
11.9   0.3557   1.107   -0.1556   0   -2.421e+08   -3.104e+06   0
12   0.3561   1.083   -0.1529   0   -2.389e+08   4.011e+07   0
12.1   0.3561   1.06   -0.1488   0   -2.389e+08   4.011e+07   0
12.2   0.3561   1.036   -0.1448   0   -2.389e+08   4.011e+07   0
12.3   0.3561   1.012   -0.1408   0   -2.389e+08   4.011e+07   0
12.4   0.3561   0.9879   -0.1368   0   -2.389e+08   4.011e+07   0
12.5   0.3561   0.964   -0.1328   0   -2.389e+08   4.011e+07   0
12.6   0.3561   0.9401   -0.1288   0   -2.389e+08   4.011e+07   0
12.7   0.3561   0.9162   -0.1248   0   -2.389e+08   4.011e+07   0
12.8   0.3561   0.8923   -0.1208   0   -2.389e+08   4.011e+07   0
12.9   0.3561   0.8684   -0.1168   0   -2.389e+08   4.011e+07   0
13   0.3561   0.8445   -0.1128   0   -2.389e+08   4.011e+07   0
13.1   0.3561   0.8207   -0.1087   0   -2.389e+08   4.011e+07   0
13.2   0.3561   0.7968   -0.1047   0   -2.389e+08   4.011e+07   0
13.3   0.3561   0.7729   -0.1007   0   -2.389e+08   4.011e+07   0
13.4   0.3561   0.749   -0.09671   0   -2.389e+08   4.011e+07   0
13.5   0.3583   0.7251   -0.0927   0   -2.392e+08   4.012e+07   0
13.6   0.3604   0.7012   -0.08869   0   -2.395e+08   4.014e+07   0
13.7   0.3623   0.6772   -0.08467   0   -2.398e+08   4.015e+07   0
13.8   0.3637   0.6532   -0.08066   0   -2.4e+08   4.016e+07   0
13.9   0.3648   0.6292   -0.07664   0   -2.401e+08   4.017e+07   0
14   0.3654   0.6052   -0.07262   0   -2.402e+08   4.017e+07   0
14.1   0.3656   0.5812   -0.0686   0   -2.402e+08   4.017e+07   0
14.2   0.3652   0.5571   -0.06459   0   -2.402e+08   4.017e+07   0
14.3   0.3643   0.5331   -0.06057   0   -2.401e+08   4.017e+07   0
14.4   0.3628   0.5091   -0.05655   0   -2.398e+08   4.017e+07   0
14.5   0.3607   0.4852   -0.05254   0   -2.395e+08   4.017e+07   0
14.6   0.3578   0.4612   -0.04852   0   -2.391e+08   4.017e+07   0
14.7   0.3542   0.4373   -0.0445   0   -2.386e+08   4.018e+07   0
14.8   0.3498   0.4135   -0.04049   0   -2.379e+08   4.019e+07   0
14.9   0.3444   0.3898   -0.03646   0   -2.37e+08   4.022e+07   0
15   0.3382   0.3661   -0.03244   0   -2.36e+08   4.027e+07   0
15.1   0.3308   0.3426   -0.02841   0   -2.348e+08   4.034e+07   0
15.2   0.3223   0.3192   -0.02437   0   -2.333e+08   4.044e+07   0
15.3   0.3125   0.2959   -0.02032   0   -2.316e+08   4.059e+07   0
15.4   0.3014   0.2729   -0.01625   0   -2.295e+08   4.081e+07   0
15.5   0.2887   0.25   -0.01216   0   -2.269e+08   4.112e+07   0
15.6   0.2744   0.2275   -0.008023   0   -2.238e+08   4.157e+07   0
15.7   0.2582   0.2053   -0.003835   0   -2.201e+08   4.221e+07   0
15.8   0.2439   0.1835   0.0004283   0   -2.164e+08   4.293e+07   0
15.9   0.2439   0.1619   0.004721   0   -2.164e+08   4.293e+07   0
16   0.2439   0.1402   0.009014   0   -2.164e+08   4.293e+07   0
16.1   0.2439   0.1186   0.01331   0   -2.164e+08   4.293e+07   0
16.2   0.2439   0.09694   0.0176   0   -2.164e+08   4.293e+07   0
16.3   0.2439   0.07529   0.02189   0   -2.164e+08   4.293e+07   0
16.4   0.2439   0.05365   0.02619   0   -2.164e+08   4.293e+07   0
16.5   0.2439   0.032   0.03048   0   -2.164e+08   4.293e+07   0
16.6   0.2439   0.01036   0.03477   0   -2.164e+08   4.293e+07   0
16.7   0.2439   -0.01129   0.03906   0   -2.164e+08   4.293e+07   0
16.8   0.2439   -0.03293   0.04336   0   -2.164e+08   4.293e+07   0
16.9   0.2439   -0.05458   0.04765   0   -2.164e+08   4.293e+07   0
17   0.2439   -0.07622   0.05194   0   -2.164e+08   4.293e+07   0
17.1   0.2439   -0.09786   0.05623   0   -2.164e+08   4.293e+07   0
17.2   0.2439   -0.1195   0.06053   0   -2.164e+08   4.293e+07   0
17.3   0.2439   -0.1412   0.06482   0   -2.164e+08   4.293e+07   0
17.4   0.2439   -0.1628   0.06911   0   -2.164e+08   4.293e+07   0
17.5   0.2511   -0.1845   0.07343   0   -2.18e+08   4.398e+07   0
17.6   0.2647   -0.2064   0.07793   0   -2.209e+08   4.58e+07   0
17.7   0.2765   -0.2286   0.08258   0   -2.232e+08   4.718e+07   0
17.8   0.2864   -0.2511   0.08735   0   -2.25e+08   4.825e+07   0
17.9   0.2949   -0.2736   0.09222   0   -2.266e+08   4.907e+07   0
18   0.3019   -0.2964   0.09716   0   -2.278e+08   4.971e+07   0
18.1   0.3077   -0.3192   0.1022   0   -2.288e+08   5.02e+07   0
18.2   0.3124   -0.3421   0.1072   0   -2.296e+08   5.058e+07   0
18.3   0.3161   -0.3651   0.1123   0   -2.302e+08   5.086e+07   0
18.4   0.3189   -0.3881   0.1174   0   -2.306e+08   5.106e+07   0
18.5   0.3208   -0.4112   0.1225   0   -2.309e+08   5.12e+07   0
18.6   0.322   -0.4343   0.1276   0   -2.311e+08   5.128e+07   0
18.7   0.3225   -0.4574   0.1327   0   -2.312e+08   5.131e+07   0
18.8   0.3224   -0.4806   0.1379   0   -2.312e+08   5.131e+07   0
18.9   0.3218   -0.5037   0.143   0   -2.311e+08   5.127e+07   0
19   0.3206   -0.5268   0.1481   0   -2.309e+08   5.119e+07   0
19.1   0.319   -0.5499   0.1532   0   -2.307e+08   5.109e+07   0
19.2   0.317   -0.5729   0.1583   0   -2.303e+08   5.097e+07   0
19.3   0.3146   -0.5959   0.1634   0   -2.299e+08   5.082e+07   0
19.4   0.3119   -0.6189   0.1685   0   -2.295e+08   5.066e+07   0
19.5   0.3089   -0.6418   0.1736   0   -2.289e+08   5.048e+07   0
19.6   0.3056   -0.6647   0.1786   0   -2.284e+08   5.028e+07   0
19.7   0.3021   -0.6875   0.1836   0   -2.278e+08   5.007e+07   0
19.8   0.2984   -0.7102   0.1886   0   -2.271e+08   4.984e+07   0
19.9   0.2954   -0.7329   0.1936   0   -2.265e+08   4.966e+07   0
20   0.2954   -0.7556   0.1985   0   -2.265e+08   4.966e+07   0
20.1   0.2954   -0.7782   0.2035   0   -2.265e+08   4.966e+07   0
20.2   0.2954   -0.8009   0.2085   0   -2.265e+08   4.966e+07   0
20.3   0.2954   -0.8235   0.2134   0   -2.265e+08   4.966e+07   0
20.4   0.2954   -0.8462   0.2184   0   -2.265e+08   4.966e+07   0
20.5   0.2954   -0.8688   0.2234   0   -2.265e+08   4.966e+07   0
20.6   0.2954   -0.8915   0.2283   0   -2.265e+08   4.966e+07   0
20.7   0.2954   -0.9141   0.2333   0   -2.265e+08   4.966e+07   0
20.8   0.2954   -0.9368   0.2383   0   -2.265e+08   4.966e+07   0
20.9   0.2954   -0.9594   0.2432   0   -2.265e+08   4.966e+07   0
21   0.2954   -0.9821   0.2482   0   -2.265e+08   4.966e+07   0
21.1   0.2954   -1.005   0.2532   0   -2.265e+08   4.966e+07   0
21.2   0.2954   -1.027   0.2581   0   -2.265e+08   4.966e+07   0
21.3   0.2954   -1.05   0.2631   0   -2.265e+08   4.966e+07   0
21.4   0.2954   -1.073   0.2681   0   -2.265e+08   4.966e+07   0
21.5   0.2954   -1.095   0.273   0   -2.265e+08   4.966e+07   0
21.6   0.2958   -1.118   0.2785   0   -2.175e+08   8.06e+07   0
21.7   0.2969   -1.137   0.291   0   -1.636e+08   1.648e+08   0
21.8   0.2981   -1.15   0.3105   0   -7.932e+07   2.185e+08   0
21.9   0.2992   -1.152   0.3334   0   1.968e+07   2.318e+08   0
22   0.3004   -1.146   0.3554   0   1.151e+08   2.024e+08   0
22.1   0.3015   -1.13   0.3726   0   1.894e+08   1.358e+08   0
22.2   0.3027   -1.109   0.3817   0   2.291e+08   4.429e+07   0
22.3   0.3038   -1.086   0.3811   0   2.268e+08   -5.539e+07   0
22.4   0.304   -1.063   0.3743   0   2.234e+08   -6.799e+07   0
22.5   0.304   -1.041   0.3675   0   2.234e+08   -6.799e+07   0
22.6   0.304   -1.019   0.3607   0   2.234e+08   -6.799e+07   0
22.7   0.304   -0.9963   0.354   0   2.234e+08   -6.799e+07   0
22.8   0.304   -0.9739   0.3472   0   2.234e+08   -6.799e+07   0
22.9   0.304   -0.9516   0.3404   0   2.234e+08   -6.799e+07   0
23   0.304   -0.9293   0.3336   0   2.234e+08   -6.799e+07   0
23.1   0.304   -0.9069   0.3268   0   2.234e+08   -6.799e+07   0
23.2   0.304   -0.8846   0.32   0   2.234e+08   -6.799e+07   0
23.3   0.304   -0.8622   0.3132   0   2.234e+08   -6.799e+07   0
23.4   0.304   -0.8399   0.3064   0   2.234e+08   -6.799e+07   0
23.5   0.304   -0.8175   0.2996   0   2.234e+08   -6.799e+07   0
23.6   0.304   -0.7952   0.2928   0   2.234e+08   -6.799e+07   0
23.7   0.304   -0.7729   0.286   0   2.234e+08   -6.799e+07   0
23.8   0.304   -0.7505   0.2792   0   2.234e+08   -6.799e+07   0
23.9   0.304   -0.7282   0.2724   0   2.234e+08   -6.799e+07   0
24   0.304   -0.7058   0.2656   0   2.234e+08   -6.799e+07   0
24.1   0.3017   -0.6835   0.2588   0   2.23e+08   -6.78e+07   0
24.2   0.2988   -0.6612   0.252   0   2.225e+08   -6.755e+07   0
24.3   0.2955   -0.639   0.2453   0   2.22e+08   -6.726e+07   0
24.4   0.2917   -0.6168   0.2386   0   2.213e+08   -6.692e+07   0
24.5   0.2875   -0.5947   0.2319   0   2.205e+08   -6.652e+07   0
24.6   0.2828   -0.5727   0.2253   0   2.197e+08   -6.607e+07   0
24.7   0.2777   -0.5508   0.2187   0   2.187e+08   -6.556e+07   0
24.8   0.272   -0.529   0.2121   0   2.177e+08   -6.498e+07   0
24.9   0.2659   -0.5073   0.2057   0   2.165e+08   -6.432e+07   0
25   0.2594   -0.4857   0.1993   0   2.152e+08   -6.357e+07   0
25.1   0.2523   -0.4643   0.193   0   2.137e+08   -6.273e+07   0
25.2   0.2448   -0.443   0.1867   0   2.121e+08   -6.179e+07   0
25.3   0.2368   -0.4219   0.1806   0   2.103e+08   -6.073e+07   0
25.4   0.2284   -0.4009   0.1746   0   2.083e+08   -5.954e+07   0
25.5   0.2195   -0.3802   0.1687   0   2.062e+08   -5.82e+07   0
25.6   0.2101   -0.3597   0.163   0   2.038e+08   -5.67e+07   0
25.7   0.2004   -0.3394   0.1574   0   2.012e+08   -5.5e+07   0
25.8   0.1903   -0.3195   0.152   0   1.983e+08   -5.309e+07   0
25.9   0.1798   -0.2998   0.1468   0   1.952e+08   -5.094e+07   0
26   0.1691   -0.2804   0.1418   0   1.918e+08   -4.85e+07   0
26.1   0.1581   -0.2615   0.1371   0   1.88e+08   -4.575e+07   0
26.2   0.1469   -0.2428   0.1327   0   1.84e+08   -4.264e+07   0
26.3   0.1357   -0.2247   0.1286   0   1.795e+08   -3.91e+07   0
26.4   0.1244   -0.207   0.1249   0   1.747e+08   -3.51e+07   0
26.5   0.1133   -0.1898   0.1216   0   1.695e+08   -3.057e+07   0
26.6   0.1025   -0.1731   0.1188   0   1.639e+08   -2.544e+07   0
26.7   0.09214   -0.157   0.1165   0   1.58e+08   -1.966e+07   0
26.8   0.08681   -0.1414   0.1148   0   1.547e+08   -1.626e+07   0
26.9   0.08681   -0.1259   0.1132   0   1.547e+08   -1.626e+07   0
27   0.08681   -0.1105   0.1115   0   1.547e+08   -1.626e+07   0
27.1   0.08681   -0.095   0.1099   0   1.547e+08   -1.626e+07   0
27.2   0.08681   -0.07953   0.1083   0   1.547e+08   -1.626e+07   0
27.3   0.08681   -0.06405   0.1067   0   1.547e+08   -1.626e+07   0
27.4   0.08681   -0.04858   0.105   0   1.547e+08   -1.626e+07   0
27.5   0.08681   -0.03311   0.1034   0   1.547e+08   -1.626e+07   0
27.6   0.08681   -0.01763   0.1018   0   1.547e+08   -1.626e+07   0
27.7   0.08681   -0.00216   0.1002   0   1.547e+08   -1.626e+07   0
27.8   0.08681   0.01331   0.09854   0   1.547e+08   -1.626e+07   0
27.9   0.08681   0.02879   0.09691   0   1.547e+08   -1.626e+07   0
28   0.08681   0.04426   0.09529   0   1.547e+08   -1.626e+07   0
28.1   0.08681   0.05973   0.09366   0   1.547e+08   -1.626e+07   0
28.2   0.08681   0.07521   0.09203   0   1.547e+08   -1.626e+07   0
28.3   0.08681   0.09068   0.09041   0   1.547e+08   -1.626e+07   0
28.4   0.08681   0.1062   0.08878   0   1.547e+08   -1.626e+07   0
28.5   0.08681   0.1216   0.08715   0   1.547e+08   -1.626e+07   0
28.6   0.08681   0.1371   0.08553   0   1.547e+08   -1.626e+07   0
28.7   0.08681   0.1526   0.0839   0   1.547e+08   -1.626e+07   0
28.8   0.08681   0.168   0.08228   0   1.547e+08   -1.626e+07   0
28.9   0.081   0.1833   0.08051   0   1.501e+08   -1.925e+07   0
29   0.07452   0.1981   0.07842   0   1.446e+08   -2.245e+07   0
29.1   0.06806   0.2122   0.07602   0   1.387e+08   -2.555e+07   0
29.2   0.06168   0.2258   0.07332   0   1.323e+08   -2.854e+07   0
29.3   0.05548   0.2387   0.07032   0   1.255e+08   -3.14e+07   0
29.4   0.0495   0.2509   0.06704   0   1.184e+08   -3.412e+07   0
29.5   0.0438   0.2623   0.06349   0   1.108e+08   -3.67e+07   0
29.6   0.03843   0.273   0.0597   0   1.03e+08   -3.912e+07   0
29.7   0.03343   0.2829   0.05567   0   9.48e+07   -4.137e+07   0
29.8   0.02883   0.2919   0.05143   0   8.635e+07   -4.345e+07   0
29.9   0.02466   0.3001   0.04699   0   7.765e+07   -4.535e+07   0
30   0.02095   0.3075   0.04237   0   6.873e+07   -4.706e+07   0
30.1   0.0177   0.3139   0.03758   0   5.965e+07   -4.857e+07   0
30.2   0.01493   0.3194   0.03266   0   5.043e+07   -4.988e+07   0
30.3   0.01266   0.3239   0.02761   0   4.112e+07   -5.099e+07   0
30.4   0.01086   0.3276   0.02246   0   3.177e+07   -5.19e+07   0
30.5   0.009557   0.3303   0.01724   0   2.242e+07   -5.26e+07   0
30.6   0.008723   0.3321   0.01195   0   1.312e+07   -5.31e+07   0
30.7   0.008349   0.3329   0.006624   0   3.913e+06   -5.34e+07   0
30.8   0.008415   0.3328   0.001277   0   -5.155e+06   -5.35e+07   0
30.9   0.008897   0.3319   -0.00407   0   -1.404e+07   -5.341e+07   0
31   0.009768   0.33   -0.009399   0   -2.27e+07   -5.315e+07   0
31.1   0.01099   0.3273   -0.01469   0   -3.11e+07   -5.271e+07   0
31.2   0.01254   0.3238   -0.01994   0   -3.919e+07   -5.212e+07   0
31.3   0.01436   0.3195   -0.02511   0   -4.694e+07   -5.139e+07   0
31.4   0.01641   0.3144   -0.03021   0   -5.433e+07   -5.053e+07   0
31.5   0.01865   0.3086   -0.03521   0   -6.132e+07   -4.956e+07   0
31.6   0.02102   0.3022   -0.04012   0   -6.789e+07   -4.85e+07   0
31.7   0.02347   0.2951   -0.04491   0   -7.401e+07   -4.736e+07   0
31.8   0.02595   0.2874   -0.04959   0   -7.966e+07   -4.617e+07   0
31.9   0.02839   0.2792   -0.05414   0   -8.481e+07   -4.496e+07   0
32   0.03075   0.2704   -0.05858   0   -8.944e+07   -4.374e+07   0
32.1   0.03295   0.2613   -0.06289   0   -9.353e+07   -4.254e+07   0
32.2   0.03494   0.2517   -0.06709   0   -9.706e+07   -4.141e+07   0
32.3   0.03666   0.2419   -0.07117   0   -1e+08   -4.037e+07   0
32.4   0.03806   0.2318   -0.07516   0   -1.023e+08   -3.947e+07   0
32.5   0.03909   0.2214   -0.07907   0   -1.04e+08   -3.877e+07   0
32.6   0.0397   0.211   -0.08292   0   -1.05e+08   -3.831e+07   0
32.7   0.03987   0.2005   -0.08675   0   -1.053e+08   -3.817e+07   0
32.8   0.03959   0.19   -0.09057   0   -1.048e+08   -3.843e+07   0
32.9   0.03886   0.1795   -0.09445   0   -1.035e+08   -3.919e+07   0
33   0.03774   0.1693   -0.09843   0   -1.015e+08   -4.054e+07   0
33.1   0.0363   0.1593   -0.1026   0   -9.854e+07   -4.26e+07   0
33.2   0.03596   0.1495   -0.1069   0   -9.782e+07   -4.313e+07   0
33.3   0.03596   0.1397   -0.1112   0   -9.782e+07   -4.313e+07   0
33.4   0.03596   0.1299   -0.1155   0   -9.782e+07   -4.313e+07   0
33.5   0.03596   0.1201   -0.1198   0   -9.782e+07   -4.313e+07   0
33.6   0.03596   0.1103   -0.1241   0   -9.782e+07   -4.313e+07   0
33.7   0.03596   0.1006   -0.1285   0   -9.782e+07   -4.313e+07   0
33.8   0.03596   0.09078   -0.1328   0   -9.782e+07   -4.313e+07   0
33.9   0.03596   0.081   -0.1371   0   -9.782e+07   -4.313e+07   0
34   0.03596   0.07122   -0.1414   0   -9.782e+07   -4.313e+07   0
34.1   0.03596   0.06144   -0.1457   0   -9.782e+07   -4.313e+07   0
34.2   0.03596   0.05165   -0.15   0   -9.782e+07   -4.313e+07   0
34.3   0.03596   0.04187   -0.1543   0   -9.782e+07   -4.313e+07   0
34.4   0.03596   0.03209   -0.1586   0   -9.782e+07   -4.313e+07   0
34.5   0.03596   0.02231   -0.163   0   -9.782e+07   -4.313e+07   0
34.6   0.03596   0.01252   -0.1673   0   -9.782e+07   -4.313e+07   0
34.7   0.03596   0.002741   -0.1716   0   -9.782e+07   -4.313e+07   0
34.8   0.03596   -0.007041   -0.1759   0   -9.782e+07   -4.313e+07   0
34.9   0.03596   -0.01682   -0.1802   0   -9.782e+07   -4.313e+07   0
35   0.03596   -0.02661   -0.1845   0   -9.782e+07   -4.313e+07   0
35.1   0.04012   -0.03643   -0.1892   0   -9.891e+07   -5.317e+07   0
35.2   0.04743   -0.04641   -0.1952   0   -1.007e+08   -6.689e+07   0
35.3   0.05579   -0.05658   -0.2025   0   -1.027e+08   -7.924e+07   0
35.4   0.06484   -0.06695   -0.211   0   -1.047e+08   -9.021e+07   0
35.5   0.07425   -0.07752   -0.2205   0   -1.067e+08   -9.984e+07   0
35.6   0.08373   -0.08829   -0.231   0   -1.087e+08   -1.082e+08   0
35.7   0.09306   -0.09926   -0.2422   0   -1.105e+08   -1.155e+08   0
35.8   0.1021   -0.1104   -0.254   0   -1.123e+08   -1.218e+08   0
35.9   0.1106   -0.1217   -0.2665   0   -1.139e+08   -1.272e+08   0
36   0.1187   -0.1332   -0.2794   0   -1.154e+08   -1.318e+08   0
36.1   0.1261   -0.1448   -0.2928   0   -1.167e+08   -1.358e+08   0
36.2   0.1329   -0.1565   -0.3066   0   -1.179e+08   -1.392e+08   0
36.3   0.1391   -0.1684   -0.3207   0   -1.19e+08   -1.421e+08   0
36.4   0.1446   -0.1803   -0.335   0   -1.199e+08   -1.445e+08   0
36.5   0.1494   -0.1923   -0.3496   0   -1.207e+08   -1.466e+08   0
36.6   0.1537   -0.2044   -0.3643   0   -1.214e+08   -1.483e+08   0
36.7   0.1573   -0.2166   -0.3792   0   -1.22e+08   -1.498e+08   0
36.8   0.1603   -0.2288   -0.3943   0   -1.225e+08   -1.509e+08   0
36.9   0.1627   -0.2411   -0.4094   0   -1.229e+08   -1.518e+08   0
37   0.1646   -0.2534   -0.4246   0   -1.233e+08   -1.525e+08   0
37.1   0.1659   -0.2658   -0.4399   0   -1.235e+08   -1.53e+08   0
37.2   0.1668   -0.2781   -0.4552   0   -1.236e+08   -1.533e+08   0
37.3   0.1672   -0.2905   -0.4705   0   -1.237e+08   -1.534e+08   0
37.4   0.1671   -0.3029   -0.4859   0   -1.237e+08   -1.534e+08   0
37.5   0.1667   -0.3152   -0.5012   0   -1.236e+08   -1.533e+08   0
37.6   0.1658   -0.3276   -0.5165   0   -1.235e+08   -1.53e+08   0
37.7   0.1647   -0.3399   -0.5318   0   -1.233e+08   -1.526e+08   0
37.8   0.1632   -0.3522   -0.5471   0   -1.23e+08   -1.52e+08   0
37.9   0.1614   -0.3645   -0.5622   0   -1.226e+08   -1.514e+08   0
38   0.1593   -0.3768   -0.5773   0   -1.222e+08   -1.507e+08   0
38.1   0.157   -0.389   -0.5924   0   -1.218e+08   -1.499e+08   0
38.2   0.1545   -0.4011   -0.6073   0   -1.213e+08   -1.489e+08   0
38.3   0.1518   -0.4132   -0.6221   0   -1.207e+08   -1.479e+08   0
38.4   0.1509   -0.4253   -0.6369   0   -1.205e+08   -1.476e+08   0
38.5   0.1509   -0.4373   -0.6517   0   -1.205e+08   -1.476e+08   0
38.6   0.1509   -0.4494   -0.6664   0   -1.205e+08   -1.476e+08   0
38.7   0.1509   -0.4614   -0.6812   0   -1.205e+08   -1.476e+08   0
38.8   0.1509   -0.4735   -0.6959   0   -1.205e+08   -1.476e+08   0
38.9   0.1509   -0.4855   -0.7107   0   -1.205e+08   -1.476e+08   0
39   0.1509   -0.4976   -0.7255   0   -1.205e+08   -1.476e+08   0
39.1   0.1509   -0.5096   -0.7402   0   -1.205e+08   -1.476e+08   0
39.2   0.1509   -0.5217   -0.755   0   -1.205e+08   -1.476e+08   0
39.3   0.1509   -0.5337   -0.7698   0   -1.205e+08   -1.476e+08   0
39.4   0.1509   -0.5458   -0.7845   0   -1.205e+08   -1.476e+08   0
39.5   0.1509   -0.5578   -0.7993   0   -1.205e+08   -1.476e+08   0
39.6   0.1509   -0.5699   -0.814   0   -1.205e+08   -1.476e+08   0
39.7   0.1509   -0.5819   -0.8288   0   -1.205e+08   -1.476e+08   0
39.8   0.1509   -0.5939   -0.8436   0   -1.205e+08   -1.476e+08   0
39.9   0.1509   -0.606   -0.8583   0   -1.205e+08   -1.476e+08   0
40   0.1509   -0.618   -0.8731   0   -1.205e+08   -1.476e+08   0
40.1   0.1509   -0.6301   -0.8878   0   -1.205e+08   -1.476e+08   0
40.2   0.1509   -0.6421   -0.9026   0   -1.205e+08   -1.476e+08   0
40.3   0.1509   -0.6542   -0.9174   0   -1.205e+08   -1.476e+08   0
40.4   0.1509   -0.6662   -0.9321   0   -1.205e+08   -1.476e+08   0
40.5   0.1509   -0.6783   -0.9469   0   -1.205e+08   -1.476e+08   0
40.6   0.1509   -0.6903   -0.9616   0   -1.205e+08   -1.476e+08   0
40.7   0.1509   -0.7024   -0.9764   0   -1.205e+08   -1.476e+08   0
40.8   0.1509   -0.7144   -0.9912   0   -1.205e+08   -1.476e+08   0
40.9   0.1509   -0.7265   -1.006   0   -1.205e+08   -1.476e+08   0
41   0.1509   -0.7385   -1.021   0   -1.205e+08   -1.476e+08   0
41.1   0.1509   -0.7506   -1.035   0   -1.205e+08   -1.476e+08   0
41.2   0.1509   -0.7626   -1.05   0   -1.205e+08   -1.476e+08   0
41.3   0.1509   -0.7747   -1.065   0   -1.205e+08   -1.476e+08   0
41.4   0.1509   -0.7867   -1.08   0   -1.205e+08   -1.476e+08   0
41.5   0.1509   -0.7988   -1.094   0   -1.205e+08   -1.476e+08   0
41.6   0.1509   -0.8108   -1.109   0   -1.205e+08   -1.476e+08   0
41.7   0.1509   -0.8229   -1.124   0   -1.205e+08   -1.476e+08   0
41.8   0.1509   -0.8349   -1.139   0   -1.205e+08   -1.476e+08   0
41.9   0.1509   -0.847   -1.154   0   -1.205e+08   -1.476e+08   0
42   0.1509   -0.859   -1.168   0   -1.205e+08   -1.476e+08   0
42.1   0.1509   -0.8711   -1.183   0   -1.205e+08   -1.476e+08   0
42.2   0.1509   -0.8831   -1.198   0   -1.205e+08   -1.476e+08   0
42.3   0.1509   -0.8952   -1.213   0   -1.205e+08   -1.476e+08   0
42.4   0.1509   -0.9072   -1.227   0   -1.205e+08   -1.476e+08   0
42.5   0.1509   -0.9193   -1.242   0   -1.205e+08   -1.476e+08   0
42.6   0.1509   -0.9313   -1.257   0   -1.205e+08   -1.476e+08   0
42.7   0.1509   -0.9434   -1.272   0   -1.205e+08   -1.476e+08   0
42.8   0.1509   -0.9554   -1.286   0   -1.205e+08   -1.476e+08   0
42.9   0.1509   -0.9675   -1.301   0   -1.205e+08   -1.476e+08   0
43   0.1509   -0.9795   -1.316   0   -1.205e+08   -1.476e+08   0
43.1   0.1509   -0.9916   -1.331   0   -1.205e+08   -1.476e+08   0
43.2   0.1509   -1.004   -1.345   0   -1.205e+08   -1.476e+08   0
43.3   0.1509   -1.016   -1.36   0   -1.205e+08   -1.476e+08   0
43.4   0.1509   -1.028   -1.375   0   -1.205e+08   -1.476e+08   0
43.5   0.1509   -1.04   -1.39   0   -1.205e+08   -1.476e+08   0
43.6   0.1509   -1.052   -1.404   0   -1.205e+08   -1.476e+08   0
43.7   0.1509   -1.064   -1.419   0   -1.205e+08   -1.476e+08   0
43.8   0.1509   -1.076   -1.434   0   -1.205e+08   -1.476e+08   0
43.9   0.1509   -1.088   -1.449   0   -1.205e+08   -1.476e+08   0
44   0.1509   -1.1   -1.463   0   -1.205e+08   -1.476e+08   0
44.1   0.1509   -1.112   -1.478   0   -1.205e+08   -1.476e+08   0
44.2   0.1509   -1.124   -1.493   0   -1.205e+08   -1.476e+08   0
44.3   0.1509   -1.136   -1.508   0   -1.205e+08   -1.476e+08   0
44.4   0.1509   -1.148   -1.523   0   -1.205e+08   -1.476e+08   0
44.5   0.1509   -1.16   -1.537   0   -1.205e+08   -1.476e+08   0
44.6   0.1509   -1.172   -1.552   0   -1.205e+08   -1.476e+08   0
44.7   0.1509   -1.184   -1.567   0   -1.205e+08   -1.476e+08   0
44.8   0.1509   -1.196   -1.582   0   -1.205e+08   -1.476e+08   0
44.9   0.1509   -1.208   -1.596   0   -1.205e+08   -1.476e+08   0
45   0.1509   -1.22   -1.611   0   -1.205e+08   -1.476e+08   0
