0   0.04   -0.753   0   0   1.121e+08   0   0
0.1   0.04   -0.753   0   0   1.121e+08   0   0
0.2   0.04   -0.753   0   0   1.121e+08   0   0
0.3   0.04   -0.753   0   0   1.121e+08   0   0
0.4   0.04   -0.753   0   0   1.121e+08   0   0
0.5   0.04   -0.753   0   0   1.121e+08   0   0
0.6   0.04   -0.753   0   0   1.121e+08   0   0
0.7   0.04   -0.753   0   0   1.121e+08   0   0
0.8   0.04   -0.753   0   0   1.121e+08   0   0
0.9   0.04   -0.753   0   0   1.121e+08   0   0
1   0.04   -0.753   0   0   1.121e+08   0   0
1.1   0.04   -0.753   0   0   1.121e+08   0   0
1.2   0.04   -0.753   0   0   1.121e+08   0   0
1.3   0.04   -0.753   0   0   1.121e+08   0   0
1.4   0.04   -0.753   0   0   1.121e+08   0   0
1.5   0.04   -0.753   0   0   1.121e+08   0   0
1.6   0.04052   -0.7503   0   0   1.128e+08   0   0
1.7   0.04289   -0.7388   0   0   1.157e+08   0   0
1.8   0.04546   -0.7271   0   0   1.187e+08   0   0
1.9   0.04822   -0.7151   0   0   1.218e+08   0   0
2   0.05118   -0.7028   0   0   1.25e+08   0   0
2.1   0.05435   -0.6901   0   0   1.283e+08   0   0
2.2   0.05771   -0.6771   0   0   1.316e+08   0   0
2.3   0.06127   -0.6638   0   0   1.35e+08   0   0
2.4   0.06502   -0.6501   0   0   1.384e+08   0   0
2.5   0.06895   -0.6361   0   0   1.418e+08   0   0
2.6   0.07306   -0.6218   0   0   1.452e+08   0   0
2.7   0.07735   -0.6071   0   0   1.486e+08   0   0
2.8   0.08179   -0.592   0   0   1.52e+08   0   0
2.9   0.08637   -0.5767   0   0   1.553e+08   0   0
3   0.09107   -0.561   0   0   1.585e+08   0   0
3.1   0.09589   -0.545   0   0   1.617e+08   0   0
3.2   0.1008   -0.5286   0   0   1.648e+08   0   0
3.3   0.1058   -0.512   0   0   1.679e+08   0   0
3.4   0.1108   -0.4951   0   0   1.708e+08   0   0
3.5   0.1158   -0.4778   0   0   1.736e+08   0   0
3.6   0.1207   -0.4603   0   0   1.763e+08   0   0
3.7   0.1257   -0.4426   0   0   1.788e+08   0   0
3.8   0.1305   -0.4246   0   0   1.812e+08   0   0
3.9   0.1351   -0.4063   0   0   1.835e+08   0   0
4   0.1396   -0.3879   0   0   1.856e+08   0   0
4.1   0.1438   -0.3692   0   0   1.875e+08   0   0
4.2   0.1477   -0.3504   0   0   1.892e+08   0   0
4.3   0.1512   -0.3314   0   0   1.907e+08   0   0
4.4   0.1543   -0.3123   0   0   1.92e+08   0   0
4.5   0.1569   -0.293   0   0   1.93e+08   0   0
4.6   0.1588   -0.2737   0   0   1.938e+08   0   0
4.7   0.1599   -0.2543   0   0   1.943e+08   0   0
4.8   0.1602   -0.2348   0   0   1.944e+08   0   0
4.9   0.1595   -0.2154   0   0   1.941e+08   0   0
5   0.1575   -0.196   0   0   1.933e+08   0   0
5.1   0.1563   -0.1767   0   0   1.928e+08   0   0
5.2   0.1563   -0.1575   0   0   1.928e+08   0   0
5.3   0.1563   -0.1382   0   0   1.928e+08   0   0
5.4   0.1563   -0.1189   0   0   1.928e+08   0   0
5.5   0.1563   -0.09961   0   0   1.928e+08   0   0
5.6   0.1563   -0.08032   0   0   1.928e+08   0   0
5.7   0.1563   -0.06104   0   0   1.928e+08   0   0
5.8   0.1563   -0.04176   0   0   1.928e+08   0   0
5.9   0.1563   -0.02248   0   0   1.928e+08   0   0
6   0.1563   -0.003195   0   0   1.928e+08   0   0
6.1   0.1563   0.01609   0   0   1.928e+08   0   0
6.2   0.1563   0.03537   0   0   1.928e+08   0   0
6.3   0.1563   0.05465   0   0   1.928e+08   0   0
6.4   0.1563   0.07393   0   0   1.928e+08   0   0
6.5   0.1563   0.09322   0   0   1.928e+08   0   0
6.6   0.1563   0.1125   0   0   1.928e+08   0   0
6.7   0.1563   0.1318   0   0   1.928e+08   0   0
6.8   0.1563   0.1511   0   0   1.928e+08   0   0
6.9   0.1563   0.1703   0   0   1.928e+08   0   0
7   0.1576   0.1896   0   0   1.933e+08   0   0
7.1   0.1755   0.2093   0   0   2.002e+08   0   0
7.2   0.1922   0.2296   0   0   2.06e+08   0   0
7.3   0.2079   0.2505   0   0   2.109e+08   0   0
7.4   0.2224   0.2718   0   0   2.151e+08   0   0
7.5   0.2359   0.2935   0   0   2.187e+08   0   0
7.6   0.2484   0.3155   0   0   2.218e+08   0   0
7.7   0.26   0.3378   0   0   2.245e+08   0   0
7.8   0.2706   0.3604   0   0   2.268e+08   0   0
7.9   0.2803   0.3832   0   0   2.289e+08   0   0
8   0.2892   0.4062   0   0   2.307e+08   0   0
8.1   0.2972   0.4293   0   0   2.323e+08   0   0
8.2   0.3045   0.4526   0   0   2.336e+08   0   0
8.3   0.311   0.476   0   0   2.348e+08   0   0
8.4   0.3169   0.4996   0   0   2.359e+08   0   0
8.5   0.322   0.5232   0   0   2.368e+08   0   0
8.6   0.3265   0.5469   0   0   2.375e+08   0   0
8.7   0.3304   0.5707   0   0   2.382e+08   0   0
8.8   0.3337   0.5946   0   0   2.387e+08   0   0
8.9   0.3364   0.6185   0   0   2.392e+08   0   0
9   0.3386   0.6424   0   0   2.395e+08   0   0
9.1   0.3403   0.6663   0   0   2.398e+08   0   0
9.2   0.3415   0.6903   0   0   2.4e+08   0   0
9.3   0.3422   0.7143   0   0   2.401e+08   0   0
9.4   0.3426   0.7384   0   0   2.401e+08   0   0
9.5   0.3426   0.7624   0   0   2.401e+08   0   0
9.6   0.3426   0.7864   0   0   2.401e+08   0   0
9.7   0.3426   0.8104   0   0   2.401e+08   0   0
9.8   0.3426   0.8344   0   0   2.401e+08   0   0
9.9   0.3426   0.8584   0   0   2.401e+08   0   0
10   0.3426   0.8824   0   0   2.401e+08   0   0
10.1   0.3426   0.9064   0   0   2.401e+08   0   0
10.2   0.3426   0.9305   0   0   2.401e+08   0   0
10.3   0.3426   0.9545   0   0   2.401e+08   0   0
10.4   0.3426   0.9785   0   0   2.401e+08   0   0
10.5   0.3426   1.003   0   0   2.401e+08   0   0
10.6   0.3426   1.027   0   0   2.401e+08   0   0
10.7   0.3426   1.051   0   0   2.401e+08   0   0
10.8   0.3426   1.075   0   0   2.401e+08   0   0
10.9   0.3426   1.099   0   0   2.401e+08   0   0
11   0.3431   1.122   -0.001562   0   2.354e+08   -4.79e+07   0
11.1   0.3438   1.145   -0.00997   0   2.093e+08   -1.182e+08   0
11.2   0.3446   1.164   -0.02488   0   1.628e+08   -1.77e+08   0
11.3   0.3453   1.177   -0.04484   0   1.004e+08   -2.186e+08   0
11.4   0.3461   1.183   -0.06792   0   2.835e+07   -2.39e+08   0
11.5   0.3468   1.182   -0.09188   0   -4.648e+07   -2.363e+08   0
11.6   0.3476   1.174   -0.1144   0   -1.168e+08   -2.107e+08   0
11.7   0.3484   1.159   -0.1333   0   -1.759e+08   -1.648e+08   0
11.8   0.3491   1.139   -0.1468   0   -2.181e+08   -1.03e+08   0
11.9   0.3499   1.116   -0.1535   0   -2.392e+08   -3.129e+07   0
12   0.3506   1.092   -0.1529   0   -2.382e+08   3.899e+07   0
12.1   0.3506   1.068   -0.149   0   -2.382e+08   3.899e+07   0
12.2   0.3506   1.045   -0.1451   0   -2.382e+08   3.899e+07   0
12.3   0.3506   1.021   -0.1412   0   -2.382e+08   3.899e+07   0
12.4   0.3506   0.997   -0.1373   0   -2.382e+08   3.899e+07   0
12.5   0.3506   0.9732   -0.1334   0   -2.382e+08   3.899e+07   0
12.6   0.3506   0.9494   -0.1295   0   -2.382e+08   3.899e+07   0
12.7   0.3506   0.9256   -0.1256   0   -2.382e+08   3.899e+07   0
12.8   0.3506   0.9017   -0.1217   0   -2.382e+08   3.899e+07   0
12.9   0.3506   0.8779   -0.1178   0   -2.382e+08   3.899e+07   0
13   0.3506   0.8541   -0.1139   0   -2.382e+08   3.899e+07   0
13.1   0.3506   0.8303   -0.11   0   -2.382e+08   3.899e+07   0
13.2   0.3506   0.8065   -0.1061   0   -2.382e+08   3.899e+07   0
13.3   0.3506   0.7826   -0.1022   0   -2.382e+08   3.899e+07   0
13.4   0.3506   0.7588   -0.09829   0   -2.382e+08   3.899e+07   0
13.5   0.3518   0.735   -0.09439   0   -2.384e+08   3.9e+07   0
13.6   0.3539   0.7111   -0.09049   0   -2.387e+08   3.902e+07   0
13.7   0.3557   0.6873   -0.08659   0   -2.39e+08   3.903e+07   0
13.8   0.3571   0.6634   -0.08268   0   -2.392e+08   3.905e+07   0
13.9   0.3581   0.6394   -0.07878   0   -2.393e+08   3.905e+07   0
14   0.3588   0.6155   -0.07487   0   -2.394e+08   3.906e+07   0
14.1   0.3589   0.5915   -0.07096   0   -2.395e+08   3.906e+07   0
14.2   0.3586   0.5676   -0.06706   0   -2.394e+08   3.906e+07   0
14.3   0.3577   0.5437   -0.06315   0   -2.393e+08   3.905e+07   0
14.4   0.3562   0.5197   -0.05925   0   -2.391e+08   3.905e+07   0
14.5   0.3541   0.4959   -0.05534   0   -2.387e+08   3.904e+07   0
14.6   0.3513   0.472   -0.05144   0   -2.383e+08   3.904e+07   0
14.7   0.3478   0.4482   -0.04754   0   -2.378e+08   3.903e+07   0
14.8   0.3435   0.4245   -0.04363   0   -2.371e+08   3.903e+07   0
14.9   0.3384   0.4008   -0.03973   0   -2.363e+08   3.904e+07   0
15   0.3323   0.3772   -0.03582   0   -2.353e+08   3.906e+07   0
15.1   0.3252   0.3537   -0.03192   0   -2.341e+08   3.909e+07   0
15.2   0.317   0.3304   -0.02801   0   -2.326e+08   3.915e+07   0
15.3   0.3076   0.3072   -0.02409   0   -2.309e+08   3.924e+07   0
15.4   0.2969   0.2842   -0.02015   0   -2.288e+08   3.938e+07   0
15.5   0.2848   0.2615   -0.01621   0   -2.264e+08   3.959e+07   0
15.6   0.2711   0.239   -0.01223   0   -2.234e+08   3.989e+07   0
15.7   0.2557   0.2168   -0.008225   0   -2.198e+08   4.033e+07   0
15.8   0.2384   0.195   -0.004161   0   -2.154e+08   4.098e+07   0
15.9   0.2324   0.1736   -4.122e-05   0   -2.138e+08   4.124e+07   0
16   0.2324   0.1523   0.004083   0   -2.138e+08   4.124e+07   0
16.1   0.2324   0.1309   0.008207   0   -2.138e+08   4.124e+07   0
16.2   0.2324   0.1095   0.01233   0   -2.138e+08   4.124e+07   0
16.3   0.2324   0.08812   0.01646   0   -2.138e+08   4.124e+07   0
16.4   0.2324   0.06674   0.02058   0   -2.138e+08   4.124e+07   0
16.5   0.2324   0.04537   0.0247   0   -2.138e+08   4.124e+07   0
16.6   0.2324   0.02399   0.02883   0   -2.138e+08   4.124e+07   0
16.7   0.2324   0.002606   0.03295   0   -2.138e+08   4.124e+07   0
16.8   0.2324   -0.01877   0.03708   0   -2.138e+08   4.124e+07   0
16.9   0.2324   -0.04015   0.0412   0   -2.138e+08   4.124e+07   0
17   0.2324   -0.06153   0.04533   0   -2.138e+08   4.124e+07   0
17.1   0.2324   -0.08291   0.04945   0   -2.138e+08   4.124e+07   0
17.2   0.2324   -0.1043   0.05358   0   -2.138e+08   4.124e+07   0
17.3   0.2324   -0.1257   0.0577   0   -2.138e+08   4.124e+07   0
17.4   0.2324   -0.1471   0.06182   0   -2.138e+08   4.124e+07   0
17.5   0.2324   -0.1684   0.06595   0   -2.138e+08   4.124e+07   0
17.6   0.2416   -0.1899   0.07012   0   -2.159e+08   4.253e+07   0
17.7   0.2541   -0.2116   0.07445   0   -2.187e+08   4.41e+07   0
17.8   0.2646   -0.2336   0.07893   0   -2.209e+08   4.53e+07   0
17.9   0.2735   -0.2558   0.0835   0   -2.227e+08   4.621e+07   0
18   0.2809   -0.2781   0.08816   0   -2.242e+08   4.691e+07   0
18.1   0.287   -0.3006   0.09288   0   -2.253e+08   4.745e+07   0
18.2   0.2919   -0.3232   0.09765   0   -2.262e+08   4.786e+07   0
18.3   0.2957   -0.3459   0.1024   0   -2.269e+08   4.816e+07   0
18.4   0.2986   -0.3686   0.1073   0   -2.274e+08   4.838e+07   0
18.5   0.3006   -0.3913   0.1121   0   -2.278e+08   4.853e+07   0
18.6   0.3019   -0.4141   0.117   0   -2.28e+08   4.862e+07   0
18.7   0.3024   -0.4369   0.1218   0   -2.281e+08   4.865e+07   0
18.8   0.3023   -0.4598   0.1267   0   -2.281e+08   4.865e+07   0
18.9   0.3017   -0.4826   0.1316   0   -2.28e+08   4.86e+07   0
19   0.3005   -0.5054   0.1364   0   -2.278e+08   4.853e+07   0
19.1   0.2988   -0.5281   0.1413   0   -2.275e+08   4.842e+07   0
19.2   0.2967   -0.5508   0.1461   0   -2.271e+08   4.829e+07   0
19.3   0.2943   -0.5735   0.1509   0   -2.266e+08   4.813e+07   0
19.4   0.2915   -0.5962   0.1557   0   -2.261e+08   4.796e+07   0
19.5   0.2884   -0.6188   0.1605   0   -2.255e+08   4.776e+07   0
19.6   0.2851   -0.6413   0.1653   0   -2.249e+08   4.755e+07   0
19.7   0.2815   -0.6637   0.17   0   -2.242e+08   4.733e+07   0
19.8   0.2778   -0.6861   0.1748   0   -2.235e+08   4.709e+07   0
19.9   0.2738   -0.7084   0.1795   0   -2.227e+08   4.684e+07   0
20   0.2699   -0.7307   0.1841   0   -2.219e+08   4.659e+07   0
20.1   0.2699   -0.7528   0.1888   0   -2.219e+08   4.659e+07   0
20.2   0.2699   -0.775   0.1934   0   -2.219e+08   4.659e+07   0
20.3   0.2699   -0.7972   0.1981   0   -2.219e+08   4.659e+07   0
20.4   0.2699   -0.8194   0.2028   0   -2.219e+08   4.659e+07   0
20.5   0.2699   -0.8416   0.2074   0   -2.219e+08   4.659e+07   0
20.6   0.2699   -0.8638   0.2121   0   -2.219e+08   4.659e+07   0
20.7   0.2699   -0.8859   0.2167   0   -2.219e+08   4.659e+07   0
20.8   0.2699   -0.9081   0.2214   0   -2.219e+08   4.659e+07   0
20.9   0.2699   -0.9303   0.2261   0   -2.219e+08   4.659e+07   0
21   0.2699   -0.9525   0.2307   0   -2.219e+08   4.659e+07   0
21.1   0.2699   -0.9747   0.2354   0   -2.219e+08   4.659e+07   0
21.2   0.2699   -0.9969   0.24   0   -2.219e+08   4.659e+07   0
21.3   0.2699   -1.019   0.2447   0   -2.219e+08   4.659e+07   0
21.4   0.2699   -1.041   0.2493   0   -2.219e+08   4.659e+07   0
21.5   0.2699   -1.063   0.254   0   -2.219e+08   4.659e+07   0
21.6   0.2699   -1.086   0.2587   0   -2.219e+08   4.659e+07   0
21.7   0.2699   -1.108   0.2633   0   -2.219e+08   4.659e+07   0
21.8   0.2706   -1.129   0.2705   0   -1.957e+08   1.147e+08   0
21.9   0.2717   -1.146   0.286   0   -1.268e+08   1.884e+08   0
22   0.2728   -1.154   0.307   0   -3.287e+07   2.249e+08   0
22.1   0.2738   -1.152   0.3295   0   6.763e+07   2.173e+08   0
22.2   0.2749   -1.14   0.349   0   1.549e+08   1.669e+08   0
22.3   0.2759   -1.122   0.3617   0   2.12e+08   8.392e+07   0
22.4   0.277   -1.099   0.3651   0   2.277e+08   -1.554e+07   0
22.5   0.2776   -1.077   0.3597   0   2.179e+08   -6.831e+07   0
22.6   0.2776   -1.056   0.3528   0   2.179e+08   -6.831e+07   0
22.7   0.2776   -1.034   0.346   0   2.179e+08   -6.831e+07   0
22.8   0.2776   -1.012   0.3392   0   2.179e+08   -6.831e+07   0
22.9   0.2776   -0.9901   0.3323   0   2.179e+08   -6.831e+07   0
23   0.2776   -0.9683   0.3255   0   2.179e+08   -6.831e+07   0
23.1   0.2776   -0.9466   0.3187   0   2.179e+08   -6.831e+07   0
23.2   0.2776   -0.9248   0.3118   0   2.179e+08   -6.831e+07   0
23.3   0.2776   -0.903   0.305   0   2.179e+08   -6.831e+07   0
23.4   0.2776   -0.8812   0.2982   0   2.179e+08   -6.831e+07   0
23.5   0.2776   -0.8594   0.2914   0   2.179e+08   -6.831e+07   0
23.6   0.2776   -0.8376   0.2845   0   2.179e+08   -6.831e+07   0
23.7   0.2776   -0.8158   0.2777   0   2.179e+08   -6.831e+07   0
23.8   0.2776   -0.794   0.2709   0   2.179e+08   -6.831e+07   0
23.9   0.2776   -0.7723   0.264   0   2.179e+08   -6.831e+07   0
24   0.2776   -0.7505   0.2572   0   2.179e+08   -6.831e+07   0
24.1   0.2776   -0.7287   0.2504   0   2.179e+08   -6.831e+07   0
24.2   0.2769   -0.7069   0.2435   0   2.178e+08   -6.826e+07   0
24.3   0.2739   -0.6852   0.2367   0   2.171e+08   -6.802e+07   0
24.4   0.2704   -0.6635   0.2299   0   2.164e+08   -6.775e+07   0
24.5   0.2665   -0.6419   0.2232   0   2.156e+08   -6.743e+07   0
24.6   0.2622   -0.6203   0.2164   0   2.147e+08   -6.708e+07   0
24.7   0.2574   -0.5989   0.2098   0   2.137e+08   -6.668e+07   0
24.8   0.2523   -0.5776   0.2031   0   2.126e+08   -6.623e+07   0
24.9   0.2467   -0.5564   0.1965   0   2.114e+08   -6.572e+07   0
25   0.2407   -0.5353   0.19   0   2.1e+08   -6.516e+07   0
25.1   0.2343   -0.5144   0.1835   0   2.085e+08   -6.454e+07   0
25.2   0.2275   -0.4936   0.1771   0   2.068e+08   -6.385e+07   0
25.3   0.2203   -0.4731   0.1707   0   2.05e+08   -6.309e+07   0
25.4   0.2127   -0.4527   0.1645   0   2.03e+08   -6.224e+07   0
25.5   0.2047   -0.4325   0.1583   0   2.008e+08   -6.131e+07   0
25.6   0.1964   -0.4125   0.1522   0   1.984e+08   -6.028e+07   0
25.7   0.1878   -0.3928   0.1462   0   1.957e+08   -5.915e+07   0
25.8   0.1789   -0.3734   0.1404   0   1.929e+08   -5.79e+07   0
25.9   0.1696   -0.3542   0.1346   0   1.898e+08   -5.653e+07   0
26   0.1602   -0.3354   0.1291   0   1.864e+08   -5.501e+07   0
26.1   0.1506   -0.317   0.1237   0   1.828e+08   -5.335e+07   0
26.2   0.1408   -0.2989   0.1184   0   1.788e+08   -5.151e+07   0
26.3   0.1309   -0.2812   0.1134   0   1.745e+08   -4.95e+07   0
26.4   0.121   -0.264   0.1085   0   1.699e+08   -4.729e+07   0
26.5   0.1111   -0.2472   0.1039   0   1.65e+08   -4.486e+07   0
26.6   0.1013   -0.231   0.09955   0   1.597e+08   -4.221e+07   0
26.7   0.09177   -0.2153   0.09548   0   1.541e+08   -3.931e+07   0
26.8   0.08249   -0.2002   0.0917   0   1.481e+08   -3.616e+07   0
26.9   0.07359   -0.1857   0.08826   0   1.419e+08   -3.275e+07   0
27   0.06518   -0.1719   0.08516   0   1.354e+08   -2.908e+07   0
27.1   0.063   -0.1585   0.08235   0   1.336e+08   -2.805e+07   0
27.2   0.063   -0.1451   0.07954   0   1.336e+08   -2.805e+07   0
27.3   0.063   -0.1317   0.07674   0   1.336e+08   -2.805e+07   0
27.4   0.063   -0.1184   0.07393   0   1.336e+08   -2.805e+07   0
27.5   0.063   -0.105   0.07112   0   1.336e+08   -2.805e+07   0
27.6   0.063   -0.09165   0.06832   0   1.336e+08   -2.805e+07   0
27.7   0.063   -0.07828   0.06551   0   1.336e+08   -2.805e+07   0
27.8   0.063   -0.06492   0.06271   0   1.336e+08   -2.805e+07   0
27.9   0.063   -0.05156   0.0599   0   1.336e+08   -2.805e+07   0
28   0.063   -0.03819   0.0571   0   1.336e+08   -2.805e+07   0
28.1   0.063   -0.02483   0.05429   0   1.336e+08   -2.805e+07   0
28.2   0.063   -0.01146   0.05149   0   1.336e+08   -2.805e+07   0
28.3   0.063   0.001899   0.04868   0   1.336e+08   -2.805e+07   0
28.4   0.063   0.01526   0.04588   0   1.336e+08   -2.805e+07   0
28.5   0.063   0.02863   0.04307   0   1.336e+08   -2.805e+07   0
28.6   0.063   0.04199   0.04027   0   1.336e+08   -2.805e+07   0
28.7   0.063   0.05535   0.03746   0   1.336e+08   -2.805e+07   0
28.8   0.063   0.06872   0.03466   0   1.336e+08   -2.805e+07   0
28.9   0.063   0.08208   0.03185   0   1.336e+08   -2.805e+07   0
29   0.063   0.09544   0.02905   0   1.336e+08   -2.805e+07   0
29.1   0.063   0.1088   0.02624   0   1.336e+08   -2.805e+07   0
29.2   0.063   0.1222   0.02344   0   1.336e+08   -2.805e+07   0
29.3   0.063   0.1355   0.02063   0   1.336e+08   -2.805e+07   0
29.4   0.063   0.1489   0.01783   0   1.336e+08   -2.805e+07   0
29.5   0.063   0.1623   0.01502   0   1.336e+08   -2.805e+07   0
29.6   0.063   0.1756   0.01222   0   1.336e+08   -2.805e+07   0
29.7   0.0622   0.189   0.009411   0   1.329e+08   -2.814e+07   0
29.8   0.05153   0.2017   0.00654   0   1.219e+08   -2.923e+07   0
29.9   0.04207   0.2133   0.003573   0   1.107e+08   -3.005e+07   0
30   0.03375   0.2238   0.000536   0   9.926e+07   -3.064e+07   0
30.1   0.02652   0.2332   -0.002548   0   8.768e+07   -3.1e+07   0
30.2   0.02031   0.2414   -0.005657   0   7.596e+07   -3.114e+07   0
30.3   0.01509   0.2484   -0.008769   0   6.416e+07   -3.108e+07   0
30.4   0.01082   0.2542   -0.01187   0   5.233e+07   -3.083e+07   0
30.5   0.007453   0.2588   -0.01493   0   4.051e+07   -3.04e+07   0
30.6   0.004949   0.2623   -0.01794   0   2.878e+07   -2.979e+07   0
30.7   0.003266   0.2646   -0.02088   0   1.718e+07   -2.903e+07   0
30.8   0.002359   0.2657   -0.02374   0   5.772e+06   -2.812e+07   0
30.9   0.002181   0.2657   -0.0265   0   -5.391e+06   -2.708e+07   0
31   0.002681   0.2646   -0.02915   0   -1.626e+07   -2.591e+07   0
31.1   0.003806   0.2625   -0.03168   0   -2.678e+07   -2.464e+07   0
31.2   0.005499   0.2593   -0.03407   0   -3.691e+07   -2.327e+07   0
31.3   0.007701   0.2551   -0.03633   0   -4.661e+07   -2.182e+07   0
31.4   0.01035   0.25   -0.03843   0   -5.586e+07   -2.031e+07   0
31.5   0.01337   0.2439   -0.04039   0   -6.46e+07   -1.874e+07   0
31.6   0.0167   0.237   -0.04218   0   -7.283e+07   -1.714e+07   0
31.7   0.02026   0.2294   -0.04381   0   -8.052e+07   -1.552e+07   0
31.8   0.02397   0.2209   -0.04528   0   -8.763e+07   -1.39e+07   0
31.9   0.02774   0.2119   -0.04659   0   -9.416e+07   -1.228e+07   0
32   0.03149   0.2021   -0.04774   0   -1.001e+08   -1.07e+07   0
32.1   0.03511   0.1919   -0.04873   0   -1.054e+08   -9.179e+06   0
32.2   0.03837   0.1811   -0.04958   0   -1.098e+08   -7.792e+06   0
32.3   0.03837   0.1701   -0.05035   0   -1.098e+08   -7.792e+06   0
32.4   0.03837   0.1591   -0.05113   0   -1.098e+08   -7.792e+06   0
32.5   0.03837   0.1481   -0.05191   0   -1.098e+08   -7.792e+06   0
32.6   0.03837   0.1372   -0.05269   0   -1.098e+08   -7.792e+06   0
32.7   0.03837   0.1262   -0.05347   0   -1.098e+08   -7.792e+06   0
32.8   0.03837   0.1152   -0.05425   0   -1.098e+08   -7.792e+06   0
32.9   0.03837   0.1042   -0.05503   0   -1.098e+08   -7.792e+06   0
33   0.03837   0.09324   -0.05581   0   -1.098e+08   -7.792e+06   0
33.1   0.03837   0.08226   -0.05659   0   -1.098e+08   -7.792e+06   0
33.2   0.03837   0.07128   -0.05737   0   -1.098e+08   -7.792e+06   0
33.3   0.03837   0.0603   -0.05815   0   -1.098e+08   -7.792e+06   0
33.4   0.03837   0.04932   -0.05893   0   -1.098e+08   -7.792e+06   0
33.5   0.03837   0.03834   -0.05971   0   -1.098e+08   -7.792e+06   0
33.6   0.03837   0.02736   -0.06048   0   -1.098e+08   -7.792e+06   0
33.7   0.03837   0.01638   -0.06126   0   -1.098e+08   -7.792e+06   0
33.8   0.03837   0.0054   -0.06204   0   -1.098e+08   -7.792e+06   0
33.9   0.03837   -0.00558   -0.06282   0   -1.098e+08   -7.792e+06   0
34   0.03837   -0.01656   -0.0636   0   -1.098e+08   -7.792e+06   0
34.1   0.03837   -0.02754   -0.06438   0   -1.098e+08   -7.792e+06   0
34.2   0.03837   -0.03852   -0.06516   0   -1.098e+08   -7.792e+06   0
34.3   0.03837   -0.0495   -0.06594   0   -1.098e+08   -7.792e+06   0
34.4   0.03837   -0.06048   -0.06672   0   -1.098e+08   -7.792e+06   0
34.5   0.03837   -0.07146   -0.0675   0   -1.098e+08   -7.792e+06   0
34.6   0.03837   -0.08244   -0.06828   0   -1.098e+08   -7.792e+06   0
34.7   0.03837   -0.09342   -0.06906   0   -1.098e+08   -7.792e+06   0
34.8   0.03837   -0.1044   -0.06984   0   -1.098e+08   -7.792e+06   0
34.9   0.03837   -0.1154   -0.07061   0   -1.098e+08   -7.792e+06   0
35   0.03837   -0.1264   -0.07139   0   -1.098e+08   -7.792e+06   0
35.1   0.03837   -0.1373   -0.07217   0   -1.098e+08   -7.792e+06   0
35.2   0.03837   -0.1483   -0.07295   0   -1.098e+08   -7.792e+06   0
35.3   0.03837   -0.1593   -0.07373   0   -1.098e+08   -7.792e+06   0
35.4   0.03837   -0.1703   -0.07451   0   -1.098e+08   -7.792e+06   0
35.5   0.0459   -0.1816   -0.07546   0   -1.186e+08   -1.204e+07   0
35.6   0.05593   -0.194   -0.07691   0   -1.287e+08   -1.68e+07   0
35.7   0.06594   -0.2073   -0.0788   0   -1.376e+08   -2.082e+07   0
35.8   0.07569   -0.2215   -0.08106   0   -1.453e+08   -2.419e+07   0
35.9   0.08502   -0.2363   -0.08362   0   -1.519e+08   -2.702e+07   0
36   0.0938   -0.2518   -0.08645   0   -1.576e+08   -2.939e+07   0
36.1   0.1019   -0.2679   -0.08949   0   -1.626e+08   -3.137e+07   0
36.2   0.1094   -0.2843   -0.09271   0   -1.668e+08   -3.303e+07   0
36.3   0.1161   -0.3012   -0.09609   0   -1.704e+08   -3.441e+07   0
36.4   0.1221   -0.3184   -0.09959   0   -1.734e+08   -3.556e+07   0
36.5   0.1274   -0.3359   -0.1032   0   -1.76e+08   -3.651e+07   0
36.6   0.132   -0.3536   -0.1069   0   -1.781e+08   -3.728e+07   0
36.7   0.1359   -0.3715   -0.1106   0   -1.799e+08   -3.792e+07   0
36.8   0.1392   -0.3895   -0.1145   0   -1.813e+08   -3.842e+07   0
36.9   0.1418   -0.4077   -0.1183   0   -1.825e+08   -3.881e+07   0
37   0.1438   -0.426   -0.1222   0   -1.833e+08   -3.91e+07   0
37.1   0.1453   -0.4444   -0.1261   0   -1.84e+08   -3.931e+07   0
37.2   0.1462   -0.4628   -0.1301   0   -1.844e+08   -3.943e+07   0
37.3   0.1466   -0.4813   -0.134   0   -1.845e+08   -3.949e+07   0
37.4   0.1466   -0.4997   -0.138   0   -1.845e+08   -3.949e+07   0
37.5   0.1461   -0.5182   -0.1419   0   -1.843e+08   -3.942e+07   0
37.6   0.1452   -0.5366   -0.1459   0   -1.839e+08   -3.931e+07   0
37.7   0.144   -0.5549   -0.1498   0   -1.834e+08   -3.914e+07   0
37.8   0.1424   -0.5732   -0.1537   0   -1.827e+08   -3.893e+07   0
37.9   0.1405   -0.5915   -0.1576   0   -1.819e+08   -3.869e+07   0
38   0.1383   -0.6096   -0.1614   0   -1.809e+08   -3.84e+07   0
38.1   0.1359   -0.6277   -0.1652   0   -1.799e+08   -3.808e+07   0
38.2   0.1333   -0.6456   -0.169   0   -1.787e+08   -3.773e+07   0
38.3   0.1305   -0.6634   -0.1728   0   -1.774e+08   -3.735e+07   0
38.4   0.1276   -0.6811   -0.1765   0   -1.759e+08   -3.694e+07   0
38.5   0.1245   -0.6986   -0.1802   0   -1.744e+08   -3.651e+07   0
38.6   0.1213   -0.7159   -0.1838   0   -1.728e+08   -3.605e+07   0
38.7   0.1187   -0.7331   -0.1874   0   -1.715e+08   -3.568e+07   0
38.8   0.1187   -0.7503   -0.191   0   -1.715e+08   -3.568e+07   0
38.9   0.1187   -0.7674   -0.1945   0   -1.715e+08   -3.568e+07   0
39   0.1187   -0.7846   -0.1981   0   -1.715e+08   -3.568e+07   0
39.1   0.1187   -0.8017   -0.2017   0   -1.715e+08   -3.568e+07   0
39.2   0.1187   -0.8189   -0.2052   0   -1.715e+08   -3.568e+07   0
39.3   0.1187   -0.836   -0.2088   0   -1.715e+08   -3.568e+07   0
39.4   0.1187   -0.8532   -0.2124   0   -1.715e+08   -3.568e+07   0
39.5   0.1187   -0.8703   -0.2159   0   -1.715e+08   -3.568e+07   0
39.6   0.1187   -0.8875   -0.2195   0   -1.715e+08   -3.568e+07   0
39.7   0.1187   -0.9046   -0.2231   0   -1.715e+08   -3.568e+07   0
39.8   0.1187   -0.9218   -0.2266   0   -1.715e+08   -3.568e+07   0
39.9   0.1187   -0.9389   -0.2302   0   -1.715e+08   -3.568e+07   0
40   0.1187   -0.9561   -0.2338   0   -1.715e+08   -3.568e+07   0
40.1   0.1187   -0.9732   -0.2373   0   -1.715e+08   -3.568e+07   0
40.2   0.1187   -0.9904   -0.2409   0   -1.715e+08   -3.568e+07   0
40.3   0.1187   -1.008   -0.2445   0   -1.715e+08   -3.568e+07   0
40.4   0.1187   -1.025   -0.248   0   -1.715e+08   -3.568e+07   0
40.5   0.1187   -1.042   -0.2516   0   -1.715e+08   -3.568e+07   0
40.6   0.1187   -1.059   -0.2552   0   -1.715e+08   -3.568e+07   0
40.7   0.1187   -1.076   -0.2587   0   -1.715e+08   -3.568e+07   0
40.8   0.1187   -1.093   -0.2623   0   -1.715e+08   -3.568e+07   0
40.9   0.1187   -1.11   -0.2659   0   -1.715e+08   -3.568e+07   0
41   0.1187   -1.128   -0.2694   0   -1.715e+08   -3.568e+07   0
41.1   0.1187   -1.145   -0.273   0   -1.715e+08   -3.568e+07   0
41.2   0.1187   -1.162   -0.2766   0   -1.715e+08   -3.568e+07   0
41.3   0.1187   -1.179   -0.2802   0   -1.715e+08   -3.568e+07   0
41.4   0.1187   -1.196   -0.2837   0   -1.715e+08   -3.568e+07   0
41.5   0.1187   -1.213   -0.2873   0   -1.715e+08   -3.568e+07   0
41.6   0.1187   -1.23   -0.2909   0   -1.715e+08   -3.568e+07   0
41.7   0.1187   -1.248   -0.2944   0   -1.715e+08   -3.568e+07   0
41.8   0.1187   -1.265   -0.298   0   -1.715e+08   -3.568e+07   0
41.9   0.1187   -1.282   -0.3016   0   -1.715e+08   -3.568e+07   0
42   0.1187   -1.299   -0.3051   0   -1.715e+08   -3.568e+07   0
42.1   0.1187   -1.316   -0.3087   0   -1.715e+08   -3.568e+07   0
42.2   0.1187   -1.333   -0.3123   0   -1.715e+08   -3.568e+07   0
42.3   0.1187   -1.351   -0.3158   0   -1.715e+08   -3.568e+07   0
42.4   0.1187   -1.368   -0.3194   0   -1.715e+08   -3.568e+07   0
42.5   0.1187   -1.385   -0.323   0   -1.715e+08   -3.568e+07   0
42.6   0.1187   -1.402   -0.3265   0   -1.715e+08   -3.568e+07   0
42.7   0.1187   -1.419   -0.3301   0   -1.715e+08   -3.568e+07   0
42.8   0.1187   -1.436   -0.3337   0   -1.715e+08   -3.568e+07   0
42.9   0.1187   -1.453   -0.3372   0   -1.715e+08   -3.568e+07   0
43   0.1187   -1.471   -0.3408   0   -1.715e+08   -3.568e+07   0
43.1   0.1187   -1.488   -0.3444   0   -1.715e+08   -3.568e+07   0
43.2   0.1187   -1.505   -0.3479   0   -1.715e+08   -3.568e+07   0
43.3   0.1187   -1.522   -0.3515   0   -1.715e+08   -3.568e+07   0
43.4   0.1187   -1.539   -0.3551   0   -1.715e+08   -3.568e+07   0
43.5   0.1187   -1.556   -0.3586   0   -1.715e+08   -3.568e+07   0
43.6   0.1187   -1.573   -0.3622   0   -1.715e+08   -3.568e+07   0
43.7   0.1187   -1.591   -0.3658   0   -1.715e+08   -3.568e+07   0
43.8   0.1187   -1.608   -0.3693   0   -1.715e+08   -3.568e+07   0
43.9   0.1187   -1.625   -0.3729   0   -1.715e+08   -3.568e+07   0
44   0.1187   -1.642   -0.3765   0   -1.715e+08   -3.568e+07   0
44.1   0.1187   -1.659   -0.38   0   -1.715e+08   -3.568e+07   0
44.2   0.1187   -1.676   -0.3836   0   -1.715e+08   -3.568e+07   0
44.3   0.1187   -1.694   -0.3872   0   -1.715e+08   -3.568e+07   0
44.4   0.1187   -1.711   -0.3908   0   -1.715e+08   -3.568e+07   0
44.5   0.1187   -1.728   -0.3943   0   -1.715e+08   -3.568e+07   0
44.6   0.1187   -1.745   -0.3979   0   -1.715e+08   -3.568e+07   0
44.7   0.1187   -1.762   -0.4015   0   -1.715e+08   -3.568e+07   0
44.8   0.1187   -1.779   -0.405   0   -1.715e+08   -3.568e+07   0
44.9   0.1187   -1.796   -0.4086   0   -1.715e+08   -3.568e+07   0
45   0.1187   -1.814   -0.4122   0   -1.715e+08   -3.568e+07   0
