0   0.04   -0.753   0   0   1.121e+08   0   0
0.1   0.04   -0.753   0   0   1.121e+08   0   0
0.2   0.04004   -0.7465   0   0   1.122e+08   0   0
0.3   0.04027   -0.7352   0   0   1.125e+08   0   0
0.4   0.04068   -0.724   0   0   1.13e+08   0   0
0.5   0.04129   -0.7126   0   0   1.137e+08   0   0
0.6   0.04211   -0.7012   0   0   1.147e+08   0   0
0.7   0.04314   -0.6897   0   0   1.16e+08   0   0
0.8   0.0444   -0.678   0   0   1.175e+08   0   0
0.9   0.04588   -0.6662   0   0   1.192e+08   0   0
1   0.04761   -0.6542   0   0   1.211e+08   0   0
1.1   0.0496   -0.6419   0   0   1.233e+08   0   0
1.2   0.05185   -0.6295   0   0   1.257e+08   0   0
1.3   0.05438   -0.6168   0   0   1.283e+08   0   0
1.4   0.0572   -0.6038   0   0   1.311e+08   0   0
1.5   0.06032   -0.5906   0   0   1.341e+08   0   0
1.6   0.06376   -0.577   0   0   1.372e+08   0   0
1.7   0.06752   -0.5631   0   0   1.406e+08   0   0
1.8   0.07163   -0.5489   0   0   1.44e+08   0   0
1.9   0.0761   -0.5343   0   0   1.476e+08   0   0
2   0.08093   -0.5194   0   0   1.513e+08   0   0
2.1   0.08614   -0.504   0   0   1.551e+08   0   0
2.2   0.09173   -0.4883   0   0   1.59e+08   0   0
2.3   0.09773   -0.4722   0   0   1.629e+08   0   0
2.4   0.1041   -0.4557   0   0   1.669e+08   0   0
2.5   0.111   -0.4388   0   0   1.709e+08   0   0
2.6   0.1182   -0.4215   0   0   1.749e+08   0   0
2.7   0.1259   -0.4039   0   0   1.789e+08   0   0
2.8   0.134   -0.3858   0   0   1.829e+08   0   0
2.9   0.1426   -0.3673   0   0   1.869e+08   0   0
3   0.1516   -0.3484   0   0   1.908e+08   0   0
3.1   0.161   -0.3291   0   0   1.947e+08   0   0
3.2   0.171   -0.3094   0   0   1.985e+08   0   0
3.3   0.1814   -0.2894   0   0   2.023e+08   0   0
3.4   0.1922   -0.269   0   0   2.06e+08   0   0
3.5   0.2036   -0.2482   0   0   2.096e+08   0   0
3.6   0.2155   -0.2271   0   0   2.131e+08   0   0
3.7   0.2279   -0.2056   0   0   2.165e+08   0   0
3.8   0.2382   -0.1838   0   0   2.192e+08   0   0
3.9   0.2382   -0.1618   0   0   2.192e+08   0   0
4   0.2382   -0.1399   0   0   2.192e+08   0   0
4.1   0.2382   -0.118   0   0   2.192e+08   0   0
4.2   0.2382   -0.09606   0   0   2.192e+08   0   0
4.3   0.2382   -0.07414   0   0   2.192e+08   0   0
4.4   0.2382   -0.05221   0   0   2.192e+08   0   0
4.5   0.2382   -0.03029   0   0   2.192e+08   0   0
4.6   0.2382   -0.008366   0   0   2.192e+08   0   0
4.7   0.2382   0.01356   0   0   2.192e+08   0   0
4.8   0.2382   0.03548   0   0   2.192e+08   0   0
4.9   0.2382   0.05741   0   0   2.192e+08   0   0
5   0.2382   0.07933   0   0   2.192e+08   0   0
5.1   0.2382   0.1013   0   0   2.192e+08   0   0
5.2   0.2382   0.1232   0   0   2.192e+08   0   0
5.3   0.2382   0.1451   0   0   2.192e+08   0   0
5.4   0.2382   0.167   0   0   2.192e+08   0   0
5.5   0.2385   0.1889   0   0   2.193e+08   0   0
5.6   0.2484   0.211   0   0   2.218e+08   0   0
5.7   0.2585   0.2333   0   0   2.241e+08   0   0
5.8   0.2686   0.2558   0   0   2.264e+08   0   0
5.9   0.2788   0.2786   0   0   2.286e+08   0   0
6   0.2889   0.3015   0   0   2.307e+08   0   0
6.1   0.299   0.3247   0   0   2.326e+08   0   0
6.2   0.3091   0.3481   0   0   2.345e+08   0   0
6.3   0.319   0.3716   0   0   2.362e+08   0   0
6.4   0.3287   0.3953   0   0   2.379e+08   0   0
6.5   0.3383   0.4192   0   0   2.395e+08   0   0
6.6   0.3477   0.4432   0   0   2.409e+08   0   0
6.7   0.3568   0.4674   0   0   2.423e+08   0   0
6.8   0.3657   0.4917   0   0   2.436e+08   0   0
6.9   0.3743   0.5161   0   0   2.448e+08   0   0
7   0.3827   0.5406   0   0   2.459e+08   0   0
7.1   0.3907   0.5653   0   0   2.47e+08   0   0
7.2   0.3985   0.59   0   0   2.48e+08   0   0
7.3   0.4059   0.6149   0   0   2.489e+08   0   0
7.4   0.413   0.6398   0   0   2.498e+08   0   0
7.5   0.4197   0.6648   0   0   2.506e+08   0   0
7.6   0.4261   0.6899   0   0   2.513e+08   0   0
7.7   0.4322   0.7151   0   0   2.52e+08   0   0
7.8   0.4379   0.7403   0   0   2.526e+08   0   0
7.9   0.4406   0.7656   0   0   2.529e+08   0   0
8   0.4406   0.7909   0   0   2.529e+08   0   0
8.1   0.4406   0.8162   0   0   2.529e+08   0   0
8.2   0.4406   0.8415   0   0   2.529e+08   0   0
8.3   0.4406   0.8668   0   0   2.529e+08   0   0
8.4   0.4406   0.8921   0   0   2.529e+08   0   0
8.5   0.4406   0.9173   0   0   2.529e+08   0   0
8.6   0.4406   0.9426   0   0   2.529e+08   0   0
8.7   0.4406   0.9679   0   0   2.529e+08   0   0
8.8   0.4406   0.9932   0   0   2.529e+08   0   0
8.9   0.4406   1.019   0   0   2.529e+08   0   0
9   0.4406   1.044   0   0   2.529e+08   0   0
9.1   0.4406   1.069   0   0   2.529e+08   0   0
9.2   0.4406   1.094   0   0   2.529e+08   0   0
9.3   0.4411   1.12   -0.0008704   0   2.506e+08   -3.476e+07   0
9.4   0.442   1.144   -0.007836   0   2.312e+08   -1.03e+08   0
9.5   0.4429   1.165   -0.02126   0   1.936e+08   -1.631e+08   0
9.6   0.4439   1.182   -0.04007   0   1.41e+08   -2.104e+08   0
9.7   0.4448   1.193   -0.06282   0   7.729e+07   -2.413e+08   0
9.8   0.4457   1.197   -0.08772   0   7.597e+06   -2.533e+08   0
9.9   0.4467   1.194   -0.1128   0   -6.268e+07   -2.457e+08   0
10   0.4476   1.185   -0.1362   0   -1.281e+08   -2.189e+08   0
10.1   0.4486   1.169   -0.156   0   -1.835e+08   -1.752e+08   0
10.2   0.4495   1.149   -0.1707   0   -2.248e+08   -1.18e+08   0
10.3   0.4505   1.125   -0.1792   0   -2.486e+08   -5.162e+07   0
10.4   0.4514   1.099   -0.1809   0   -2.534e+08   1.871e+07   0
10.5   0.4517   1.074   -0.1771   0   -2.507e+08   4.117e+07   0
10.6   0.4517   1.049   -0.173   0   -2.507e+08   4.117e+07   0
10.7   0.4517   1.024   -0.1689   0   -2.507e+08   4.117e+07   0
10.8   0.4517   0.9991   -0.1647   0   -2.507e+08   4.117e+07   0
10.9   0.4517   0.974   -0.1606   0   -2.507e+08   4.117e+07   0
11   0.4517   0.9489   -0.1565   0   -2.507e+08   4.117e+07   0
11.1   0.4517   0.9239   -0.1524   0   -2.507e+08   4.117e+07   0
11.2   0.4517   0.8988   -0.1483   0   -2.507e+08   4.117e+07   0
11.3   0.4517   0.8737   -0.1442   0   -2.507e+08   4.117e+07   0
11.4   0.4517   0.8486   -0.14   0   -2.507e+08   4.117e+07   0
11.5   0.4517   0.8236   -0.1359   0   -2.507e+08   4.117e+07   0
11.6   0.4517   0.7985   -0.1318   0   -2.507e+08   4.117e+07   0
11.7   0.4517   0.7734   -0.1277   0   -2.507e+08   4.117e+07   0
11.8   0.4517   0.7484   -0.1236   0   -2.507e+08   4.117e+07   0
11.9   0.4565   0.7233   -0.1195   0   -2.512e+08   4.125e+07   0
12   0.4629   0.6981   -0.1153   0   -2.518e+08   4.135e+07   0
12.1   0.4694   0.6729   -0.1112   0   -2.525e+08   4.146e+07   0
12.2   0.4761   0.6476   -0.107   0   -2.531e+08   4.157e+07   0
12.3   0.4829   0.6223   -0.1029   0   -2.537e+08   4.167e+07   0
12.4   0.4898   0.5969   -0.09871   0   -2.544e+08   4.178e+07   0
12.5   0.4968   0.5714   -0.09452   0   -2.55e+08   4.188e+07   0
12.6   0.5039   0.5459   -0.09033   0   -2.556e+08   4.199e+07   0
12.7   0.5111   0.5203   -0.08613   0   -2.562e+08   4.209e+07   0
12.8   0.5182   0.4946   -0.08191   0   -2.568e+08   4.219e+07   0
12.9   0.5254   0.4689   -0.07769   0   -2.574e+08   4.229e+07   0
13   0.5324   0.4432   -0.07345   0   -2.579e+08   4.238e+07   0
13.1   0.5394   0.4173   -0.06921   0   -2.585e+08   4.247e+07   0
13.2   0.5462   0.3915   -0.06496   0   -2.59e+08   4.256e+07   0
13.3   0.5528   0.3655   -0.0607   0   -2.595e+08   4.264e+07   0
13.4   0.5591   0.3396   -0.05643   0   -2.599e+08   4.272e+07   0
13.5   0.5651   0.3136   -0.05216   0   -2.603e+08   4.28e+07   0
13.6   0.5706   0.2875   -0.04787   0   -2.607e+08   4.286e+07   0
13.7   0.5755   0.2614   -0.04358   0   -2.611e+08   4.292e+07   0
13.8   0.5798   0.2353   -0.03929   0   -2.613e+08   4.297e+07   0
13.9   0.5831   0.2092   -0.03499   0   -2.616e+08   4.301e+07   0
14   0.5851   0.183   -0.03069   0   -2.617e+08   4.303e+07   0
14.1   0.5851   0.1568   -0.02638   0   -2.617e+08   4.303e+07   0
14.2   0.5851   0.1306   -0.02208   0   -2.617e+08   4.303e+07   0
14.3   0.5851   0.1045   -0.01778   0   -2.617e+08   4.303e+07   0
14.4   0.5851   0.07831   -0.01347   0   -2.617e+08   4.303e+07   0
14.5   0.5851   0.05214   -0.009169   0   -2.617e+08   4.303e+07   0
14.6   0.5851   0.02597   -0.004866   0   -2.617e+08   4.303e+07   0
14.7   0.5851   -0.0002053   -0.0005625   0   -2.617e+08   4.303e+07   0
14.8   0.5851   -0.02638   0.003741   0   -2.617e+08   4.303e+07   0
14.9   0.5851   -0.05255   0.008044   0   -2.617e+08   4.303e+07   0
15   0.5851   -0.07872   0.01235   0   -2.617e+08   4.303e+07   0
15.1   0.5851   -0.1049   0.01665   0   -2.617e+08   4.303e+07   0
15.2   0.5851   -0.1311   0.02095   0   -2.617e+08   4.303e+07   0
15.3   0.5851   -0.1572   0.02526   0   -2.617e+08   4.303e+07   0
15.4   0.5851   -0.1834   0.02956   0   -2.617e+08   4.303e+07   0
15.5   0.6024   -0.2096   0.03387   0   -2.628e+08   4.32e+07   0
15.6   0.6203   -0.236   0.0382   0   -2.639e+08   4.337e+07   0
15.7   0.637   -0.2624   0.04255   0   -2.649e+08   4.352e+07   0
15.8   0.6527   -0.2889   0.04691   0   -2.658e+08   4.366e+07   0
15.9   0.6675   -0.3156   0.05128   0   -2.666e+08   4.378e+07   0
16   0.6815   -0.3423   0.05566   0   -2.673e+08   4.389e+07   0
16.1   0.6947   -0.369   0.06006   0   -2.68e+08   4.399e+07   0
16.2   0.7072   -0.3958   0.06446   0   -2.685e+08   4.409e+07   0
16.3   0.719   -0.4227   0.06887   0   -2.691e+08   4.417e+07   0
16.4   0.7302   -0.4497   0.07329   0   -2.696e+08   4.425e+07   0
16.5   0.7407   -0.4766   0.07772   0   -2.701e+08   4.432e+07   0
16.6   0.7506   -0.5037   0.08216   0   -2.705e+08   4.439e+07   0
16.7   0.76   -0.5307   0.0866   0   -2.709e+08   4.445e+07   0
16.8   0.7688   -0.5578   0.09105   0   -2.712e+08   4.451e+07   0
16.9   0.777   -0.585   0.0955   0   -2.716e+08   4.456e+07   0
17   0.7846   -0.6122   0.09996   0   -2.719e+08   4.461e+07   0
17.1   0.7918   -0.6394   0.1044   0   -2.721e+08   4.465e+07   0
17.2   0.7984   -0.6666   0.1089   0   -2.724e+08   4.469e+07   0
17.3   0.8045   -0.6938   0.1134   0   -2.726e+08   4.473e+07   0
17.4   0.8101   -0.7211   0.1178   0   -2.728e+08   4.476e+07   0
17.5   0.8143   -0.7484   0.1223   0   -2.73e+08   4.478e+07   0
17.6   0.8143   -0.7757   0.1268   0   -2.73e+08   4.478e+07   0
17.7   0.8143   -0.803   0.1313   0   -2.73e+08   4.478e+07   0
17.8   0.8143   -0.8303   0.1357   0   -2.73e+08   4.478e+07   0
17.9   0.8143   -0.8576   0.1402   0   -2.73e+08   4.478e+07   0
18   0.8143   -0.8849   0.1447   0   -2.73e+08   4.478e+07   0
18.1   0.8143   -0.9122   0.1492   0   -2.73e+08   4.478e+07   0
18.2   0.8143   -0.9395   0.1537   0   -2.73e+08   4.478e+07   0
18.3   0.8143   -0.9668   0.1581   0   -2.73e+08   4.478e+07   0
18.4   0.8143   -0.9941   0.1626   0   -2.73e+08   4.478e+07   0
18.5   0.8143   -1.021   0.1671   0   -2.73e+08   4.478e+07   0
18.6   0.8143   -1.049   0.1716   0   -2.73e+08   4.478e+07   0
18.7   0.8143   -1.076   0.1761   0   -2.73e+08   4.478e+07   0
18.8   0.8143   -1.103   0.1805   0   -2.73e+08   4.478e+07   0
18.9   0.8143   -1.131   0.185   0   -2.73e+08   4.478e+07   0
19   0.8165   -1.157   0.192   0   -2.568e+08   1.031e+08   0
19.1   0.8191   -1.181   0.2056   0   -2.211e+08   1.666e+08   0
19.2   0.8218   -1.201   0.2249   0   -1.702e+08   2.184e+08   0
19.3   0.8245   -1.215   0.2488   0   -1.076e+08   2.552e+08   0
19.4   0.8272   -1.222   0.2754   0   -3.78e+07   2.745e+08   0
19.5   0.8299   -1.222   0.3031   0   3.45e+07   2.75e+08   0
19.6   0.8326   -1.215   0.3298   0   1.044e+08   2.569e+08   0
19.7   0.8353   -1.202   0.3538   0   1.671e+08   2.214e+08   0
19.8   0.838   -1.182   0.3735   0   2.185e+08   1.71e+08   0
19.9   0.8407   -1.158   0.3876   0   2.551e+08   1.092e+08   0
20   0.8434   -1.132   0.3951   0   2.747e+08   4.025e+07   0
20.1   0.8462   -1.104   0.3955   0   2.76e+08   -3.133e+07   0
20.2   0.8486   -1.077   0.3889   0   2.619e+08   -9.268e+07   0
20.3   0.8486   -1.051   0.3796   0   2.619e+08   -9.268e+07   0
20.4   0.8486   -1.025   0.3703   0   2.619e+08   -9.268e+07   0
20.5   0.8486   -0.9985   0.3611   0   2.619e+08   -9.268e+07   0
20.6   0.8486   -0.9723   0.3518   0   2.619e+08   -9.268e+07   0
20.7   0.8486   -0.9461   0.3425   0   2.619e+08   -9.268e+07   0
20.8   0.8486   -0.9199   0.3333   0   2.619e+08   -9.268e+07   0
20.9   0.8486   -0.8937   0.324   0   2.619e+08   -9.268e+07   0
21   0.8486   -0.8675   0.3147   0   2.619e+08   -9.268e+07   0
21.1   0.8486   -0.8413   0.3055   0   2.619e+08   -9.268e+07   0
21.2   0.8486   -0.8152   0.2962   0   2.619e+08   -9.268e+07   0
21.3   0.8486   -0.789   0.2869   0   2.619e+08   -9.268e+07   0
21.4   0.8486   -0.7628   0.2777   0   2.619e+08   -9.268e+07   0
21.5   0.8486   -0.7366   0.2684   0   2.619e+08   -9.268e+07   0
21.6   0.8486   -0.7104   0.2591   0   2.619e+08   -9.268e+07   0
21.7   0.8541   -0.6842   0.2499   0   2.621e+08   -9.275e+07   0
21.8   0.8604   -0.658   0.2406   0   2.623e+08   -9.283e+07   0
21.9   0.8667   -0.6317   0.2313   0   2.624e+08   -9.292e+07   0
22   0.873   -0.6055   0.222   0   2.626e+08   -9.3e+07   0
22.1   0.8792   -0.5792   0.2127   0   2.628e+08   -9.308e+07   0
22.2   0.8854   -0.5529   0.2034   0   2.63e+08   -9.316e+07   0
22.3   0.8915   -0.5266   0.1941   0   2.632e+08   -9.324e+07   0
22.4   0.8974   -0.5003   0.1847   0   2.633e+08   -9.331e+07   0
22.5   0.9032   -0.474   0.1754   0   2.635e+08   -9.339e+07   0
22.6   0.9087   -0.4476   0.1661   0   2.636e+08   -9.346e+07   0
22.7   0.9139   -0.4212   0.1567   0   2.638e+08   -9.353e+07   0
22.8   0.9187   -0.3949   0.1473   0   2.639e+08   -9.359e+07   0
22.9   0.9231   -0.3685   0.138   0   2.64e+08   -9.365e+07   0
23   0.9269   -0.3421   0.1286   0   2.641e+08   -9.37e+07   0
23.1   0.9302   -0.3156   0.1192   0   2.642e+08   -9.374e+07   0
23.2   0.9326   -0.2892   0.1099   0   2.642e+08   -9.377e+07   0
23.3   0.9342   -0.2628   0.1005   0   2.643e+08   -9.38e+07   0
23.4   0.9346   -0.2364   0.09111   0   2.643e+08   -9.38e+07   0
23.5   0.9337   -0.2099   0.08173   0   2.643e+08   -9.379e+07   0
23.6   0.931   -0.1835   0.07235   0   2.642e+08   -9.375e+07   0
23.7   0.9297   -0.1571   0.06298   0   2.642e+08   -9.372e+07   0
23.8   0.9297   -0.1307   0.05361   0   2.642e+08   -9.372e+07   0
23.9   0.9297   -0.1043   0.04424   0   2.642e+08   -9.372e+07   0
24   0.9297   -0.07784   0.03486   0   2.642e+08   -9.372e+07   0
24.1   0.9297   -0.05143   0.02549   0   2.642e+08   -9.372e+07   0
24.2   0.9297   -0.02501   0.01612   0   2.642e+08   -9.372e+07   0
24.3   0.9297   0.001407   0.006747   0   2.642e+08   -9.372e+07   0
24.4   0.9297   0.02782   -0.002626   0   2.642e+08   -9.372e+07   0
24.5   0.9297   0.05424   -0.012   0   2.642e+08   -9.372e+07   0
24.6   0.9297   0.08066   -0.02137   0   2.642e+08   -9.372e+07   0
24.7   0.9297   0.1071   -0.03074   0   2.642e+08   -9.372e+07   0
24.8   0.9297   0.1335   -0.04012   0   2.642e+08   -9.372e+07   0
24.9   0.9297   0.1599   -0.04949   0   2.642e+08   -9.372e+07   0
25   0.9355   0.1863   -0.05886   0   2.643e+08   -9.373e+07   0
25.1   0.9574   0.2128   -0.06824   0   2.649e+08   -9.378e+07   0
25.2   0.9773   0.2393   -0.07762   0   2.655e+08   -9.384e+07   0
25.3   0.9956   0.2659   -0.087   0   2.659e+08   -9.39e+07   0
25.4   1.012   0.2925   -0.0964   0   2.663e+08   -9.396e+07   0
25.5   1.028   0.3191   -0.1058   0   2.667e+08   -9.402e+07   0
25.6   1.043   0.3458   -0.1152   0   2.67e+08   -9.408e+07   0
25.7   1.056   0.3726   -0.1246   0   2.673e+08   -9.414e+07   0
25.8   1.069   0.3993   -0.134   0   2.676e+08   -9.419e+07   0
25.9   1.08   0.4261   -0.1435   0   2.678e+08   -9.424e+07   0
26   1.091   0.4529   -0.1529   0   2.68e+08   -9.429e+07   0
26.1   1.102   0.4797   -0.1623   0   2.682e+08   -9.433e+07   0
26.2   1.111   0.5065   -0.1717   0   2.684e+08   -9.437e+07   0
26.3   1.12   0.5334   -0.1812   0   2.686e+08   -9.441e+07   0
26.4   1.128   0.5602   -0.1906   0   2.687e+08   -9.444e+07   0
26.5   1.135   0.5871   -0.2001   0   2.689e+08   -9.448e+07   0
26.6   1.142   0.614   -0.2095   0   2.69e+08   -9.451e+07   0
26.7   1.148   0.6409   -0.219   0   2.691e+08   -9.453e+07   0
26.8   1.154   0.6678   -0.2284   0   2.692e+08   -9.456e+07   0
26.9   1.159   0.6947   -0.2379   0   2.693e+08   -9.458e+07   0
27   1.162   0.7217   -0.2473   0   2.693e+08   -9.46e+07   0
27.1   1.162   0.7486   -0.2568   0   2.693e+08   -9.46e+07   0
27.2   1.162   0.7755   -0.2663   0   2.693e+08   -9.46e+07   0
27.3   1.162   0.8025   -0.2757   0   2.693e+08   -9.46e+07   0
27.4   1.162   0.8294   -0.2852   0   2.693e+08   -9.46e+07   0
27.5   1.162   0.8563   -0.2946   0   2.693e+08   -9.46e+07   0
27.6   1.162   0.8833   -0.3041   0   2.693e+08   -9.46e+07   0
27.7   1.162   0.9102   -0.3136   0   2.693e+08   -9.46e+07   0
27.8   1.162   0.9372   -0.323   0   2.693e+08   -9.46e+07   0
27.9   1.162   0.9641   -0.3325   0   2.693e+08   -9.46e+07   0
28   1.162   0.991   -0.3419   0   2.693e+08   -9.46e+07   0
28.1   1.162   1.018   -0.3514   0   2.693e+08   -9.46e+07   0
28.2   1.162   1.045   -0.3609   0   2.693e+08   -9.46e+07   0
28.3   1.162   1.072   -0.3703   0   2.693e+08   -9.46e+07   0
28.4   1.163   1.099   -0.3798   0   2.662e+08   -1.031e+08   0
28.5   1.17   1.123   -0.3939   0   2.258e+08   -1.749e+08   0
28.6   1.177   1.143   -0.4144   0   1.669e+08   -2.319e+08   0
28.7   1.184   1.156   -0.4397   0   9.444e+07   -2.698e+08   0
28.8   1.191   1.162   -0.4676   0   1.456e+07   -2.856e+08   0
28.9   1.198   1.159   -0.496   0   -6.624e+07   -2.783e+08   0
29   1.205   1.149   -0.5225   0   -1.415e+08   -2.488e+08   0
29.1   1.212   1.131   -0.5451   0   -2.053e+08   -1.996e+08   0
29.2   1.219   1.108   -0.5619   0   -2.527e+08   -1.349e+08   0
29.3   1.226   1.081   -0.5716   0   -2.802e+08   -5.981e+07   0
29.4   1.233   1.053   -0.5736   0   -2.86e+08   1.963e+07   0
29.5   1.24   1.025   -0.5677   0   -2.697e+08   9.73e+07   0
29.6   1.244   0.9991   -0.555   0   -2.519e+08   1.371e+08   0
29.7   1.244   0.9739   -0.5413   0   -2.519e+08   1.371e+08   0
29.8   1.244   0.9487   -0.5276   0   -2.519e+08   1.371e+08   0
29.9   1.244   0.9235   -0.5139   0   -2.519e+08   1.371e+08   0
30   1.244   0.8983   -0.5002   0   -2.519e+08   1.371e+08   0
30.1   1.244   0.8731   -0.4865   0   -2.519e+08   1.371e+08   0
30.2   1.244   0.848   -0.4728   0   -2.519e+08   1.371e+08   0
30.3   1.244   0.8228   -0.459   0   -2.519e+08   1.371e+08   0
30.4   1.244   0.7976   -0.4453   0   -2.519e+08   1.371e+08   0
30.5   1.244   0.7724   -0.4316   0   -2.519e+08   1.371e+08   0
30.6   1.244   0.7472   -0.4179   0   -2.519e+08   1.371e+08   0
30.7   1.244   0.722   -0.4042   0   -2.519e+08   1.371e+08   0
30.8   1.244   0.6968   -0.3905   0   -2.519e+08   1.371e+08   0
30.9   1.244   0.6716   -0.3768   0   -2.519e+08   1.371e+08   0
31   1.247   0.6464   -0.3631   0   -2.519e+08   1.371e+08   0
31.1   1.253   0.6212   -0.3494   0   -2.52e+08   1.372e+08   0
31.2   1.26   0.596   -0.3356   0   -2.521e+08   1.373e+08   0
31.3   1.266   0.5708   -0.3219   0   -2.522e+08   1.373e+08   0
31.4   1.273   0.5456   -0.3082   0   -2.522e+08   1.374e+08   0
31.5   1.279   0.5204   -0.2944   0   -2.523e+08   1.374e+08   0
31.6   1.285   0.4951   -0.2807   0   -2.524e+08   1.375e+08   0
31.7   1.291   0.4699   -0.2669   0   -2.524e+08   1.375e+08   0
31.8   1.297   0.4446   -0.2532   0   -2.525e+08   1.376e+08   0
31.9   1.302   0.4194   -0.2394   0   -2.526e+08   1.377e+08   0
32   1.308   0.3941   -0.2256   0   -2.526e+08   1.377e+08   0
32.1   1.313   0.3689   -0.2119   0   -2.527e+08   1.378e+08   0
32.2   1.317   0.3436   -0.1981   0   -2.527e+08   1.378e+08   0
32.3   1.321   0.3183   -0.1843   0   -2.528e+08   1.378e+08   0
32.4   1.324   0.293   -0.1705   0   -2.528e+08   1.379e+08   0
32.5   1.327   0.2678   -0.1567   0   -2.528e+08   1.379e+08   0
32.6   1.329   0.2425   -0.1429   0   -2.528e+08   1.379e+08   0
32.7   1.329   0.2172   -0.1292   0   -2.528e+08   1.379e+08   0
32.8   1.328   0.1919   -0.1154   0   -2.528e+08   1.379e+08   0
32.9   1.325   0.1666   -0.1016   0   -2.528e+08   1.379e+08   0
33   1.324   0.1413   -0.08779   0   -2.528e+08   1.379e+08   0
33.1   1.324   0.1161   -0.074   0   -2.528e+08   1.379e+08   0
33.2   1.324   0.09079   -0.06022   0   -2.528e+08   1.379e+08   0
33.3   1.324   0.06551   -0.04643   0   -2.528e+08   1.379e+08   0
33.4   1.324   0.04023   -0.03265   0   -2.528e+08   1.379e+08   0
33.5   1.324   0.01495   -0.01886   0   -2.528e+08   1.379e+08   0
33.6   1.324   -0.01033   -0.005074   0   -2.528e+08   1.379e+08   0
33.7   1.324   -0.03561   0.008712   0   -2.528e+08   1.379e+08   0
33.8   1.324   -0.06089   0.0225   0   -2.528e+08   1.379e+08   0
33.9   1.324   -0.08617   0.03628   0   -2.528e+08   1.379e+08   0
34   1.324   -0.1114   0.05007   0   -2.528e+08   1.379e+08   0
34.1   1.324   -0.1367   0.06386   0   -2.528e+08   1.379e+08   0
34.2   1.324   -0.162   0.07764   0   -2.528e+08   1.379e+08   0
34.3   1.341   -0.1873   0.09143   0   -2.53e+08   1.378e+08   0
34.4   1.362   -0.2126   0.1052   0   -2.533e+08   1.378e+08   0
34.5   1.381   -0.238   0.119   0   -2.536e+08   1.379e+08   0
34.6   1.399   -0.2633   0.1328   0   -2.538e+08   1.379e+08   0
34.7   1.415   -0.2887   0.1466   0   -2.54e+08   1.379e+08   0
34.8   1.43   -0.3141   0.1604   0   -2.542e+08   1.379e+08   0
34.9   1.444   -0.3396   0.1742   0   -2.544e+08   1.379e+08   0
35   1.458   -0.365   0.1879   0   -2.545e+08   1.38e+08   0
35.1   1.47   -0.3905   0.2017   0   -2.547e+08   1.38e+08   0
35.2   1.481   -0.4159   0.2155   0   -2.548e+08   1.38e+08   0
35.3   1.492   -0.4414   0.2294   0   -2.549e+08   1.381e+08   0
35.4   1.502   -0.4669   0.2432   0   -2.55e+08   1.381e+08   0
35.5   1.511   -0.4924   0.257   0   -2.551e+08   1.381e+08   0
35.6   1.52   -0.5179   0.2708   0   -2.552e+08   1.381e+08   0
35.7   1.528   -0.5435   0.2846   0   -2.552e+08   1.381e+08   0
35.8   1.535   -0.569   0.2984   0   -2.553e+08   1.382e+08   0
35.9   1.542   -0.5945   0.3122   0   -2.554e+08   1.382e+08   0
36   1.548   -0.6201   0.326   0   -2.554e+08   1.382e+08   0
36.1   1.554   -0.6456   0.3399   0   -2.555e+08   1.382e+08   0
36.2   1.558   -0.6712   0.3537   0   -2.555e+08   1.382e+08   0
36.3   1.558   -0.6967   0.3675   0   -2.555e+08   1.382e+08   0
36.4   1.558   -0.7223   0.3813   0   -2.555e+08   1.382e+08   0
36.5   1.558   -0.7478   0.3952   0   -2.555e+08   1.382e+08   0
36.6   1.558   -0.7734   0.409   0   -2.555e+08   1.382e+08   0
36.7   1.558   -0.7989   0.4228   0   -2.555e+08   1.382e+08   0
36.8   1.558   -0.8245   0.4366   0   -2.555e+08   1.382e+08   0
36.9   1.558   -0.85   0.4504   0   -2.555e+08   1.382e+08   0
37   1.558   -0.8756   0.4643   0   -2.555e+08   1.382e+08   0
37.1   1.558   -0.9011   0.4781   0   -2.555e+08   1.382e+08   0
37.2   1.558   -0.9267   0.4919   0   -2.555e+08   1.382e+08   0
37.3   1.558   -0.9522   0.5057   0   -2.555e+08   1.382e+08   0
37.4   1.558   -0.9778   0.5196   0   -2.555e+08   1.382e+08   0
37.5   1.558   -1.003   0.5334   0   -2.555e+08   1.382e+08   0
37.6   1.558   -1.029   0.5472   0   -2.555e+08   1.382e+08   0
37.7   1.558   -1.054   0.561   0   -2.555e+08   1.382e+08   0
37.8   1.558   -1.08   0.5749   0   -2.555e+08   1.382e+08   0
37.9   1.558   -1.106   0.5887   0   -2.555e+08   1.382e+08   0
38   1.558   -1.131   0.6025   0   -2.555e+08   1.382e+08   0
38.1   1.558   -1.157   0.6163   0   -2.555e+08   1.382e+08   0
38.2   1.558   -1.182   0.6301   0   -2.555e+08   1.382e+08   0
38.3   1.558   -1.208   0.644   0   -2.555e+08   1.382e+08   0
38.4   1.558   -1.233   0.6578   0   -2.555e+08   1.382e+08   0
38.5   1.558   -1.259   0.6716   0   -2.555e+08   1.382e+08   0
38.6   1.558   -1.284   0.6854   0   -2.555e+08   1.382e+08   0
38.7   1.558   -1.31   0.6993   0   -2.555e+08   1.382e+08   0
38.8   1.558   -1.335   0.7131   0   -2.555e+08   1.382e+08   0
38.9   1.558   -1.361   0.7269   0   -2.555e+08   1.382e+08   0
39   1.558   -1.387   0.7407   0   -2.555e+08   1.382e+08   0
39.1   1.558   -1.412   0.7545   0   -2.555e+08   1.382e+08   0
39.2   1.558   -1.438   0.7684   0   -2.555e+08   1.382e+08   0
39.3   1.558   -1.463   0.7822   0   -2.555e+08   1.382e+08   0
39.4   1.558   -1.489   0.796   0   -2.555e+08   1.382e+08   0
39.5   1.558   -1.514   0.8098   0   -2.555e+08   1.382e+08   0
39.6   1.558   -1.54   0.8237   0   -2.555e+08   1.382e+08   0
39.7   1.558   -1.565   0.8375   0   -2.555e+08   1.382e+08   0
39.8   1.558   -1.591   0.8513   0   -2.555e+08   1.382e+08   0
39.9   1.558   -1.617   0.8651   0   -2.555e+08   1.382e+08   0
40   1.558   -1.642   0.879   0   -2.555e+08   1.382e+08   0
40.1   1.558   -1.668   0.8928   0   -2.555e+08   1.382e+08   0
40.2   1.558   -1.693   0.9066   0   -2.555e+08   1.382e+08   0
40.3   1.558   -1.719   0.9204   0   -2.555e+08   1.382e+08   0
40.4   1.558   -1.744   0.9342   0   -2.555e+08   1.382e+08   0
40.5   1.558   -1.77   0.9481   0   -2.555e+08   1.382e+08   0
40.6   1.558   -1.795   0.9619   0   -2.555e+08   1.382e+08   0
40.7   1.558   -1.821   0.9757   0   -2.555e+08   1.382e+08   0
40.8   1.558   -1.847   0.9895   0   -2.555e+08   1.382e+08   0
40.9   1.558   -1.872   1.003   0   -2.555e+08   1.382e+08   0
41   1.558   -1.898   1.017   0   -2.555e+08   1.382e+08   0
41.1   1.558   -1.923   1.031   0   -2.555e+08   1.382e+08   0
41.2   1.558   -1.949   1.045   0   -2.555e+08   1.382e+08   0
41.3   1.558   -1.974   1.059   0   -2.555e+08   1.382e+08   0
41.4   1.558   -2   1.072   0   -2.555e+08   1.382e+08   0
41.5   1.558   -2.025   1.086   0   -2.555e+08   1.382e+08   0
41.6   1.558   -2.051   1.1   0   -2.555e+08   1.382e+08   0
41.7   1.558   -2.076   1.114   0   -2.555e+08   1.382e+08   0
41.8   1.558   -2.102   1.128   0   -2.555e+08   1.382e+08   0
41.9   1.558   -2.128   1.142   0   -2.555e+08   1.382e+08   0
42   1.558   -2.153   1.155   0   -2.555e+08   1.382e+08   0
42.1   1.558   -2.179   1.169   0   -2.555e+08   1.382e+08   0
42.2   1.558   -2.204   1.183   0   -2.555e+08   1.382e+08   0
42.3   1.558   -2.23   1.197   0   -2.555e+08   1.382e+08   0
42.4   1.558   -2.255   1.211   0   -2.555e+08   1.382e+08   0
42.5   1.558   -2.281   1.225   0   -2.555e+08   1.382e+08   0
42.6   1.558   -2.306   1.238   0   -2.555e+08   1.382e+08   0
42.7   1.558   -2.332   1.252   0   -2.555e+08   1.382e+08   0
42.8   1.558   -2.358   1.266   0   -2.555e+08   1.382e+08   0
42.9   1.558   -2.383   1.28   0   -2.555e+08   1.382e+08   0
43   1.558   -2.409   1.294   0   -2.555e+08   1.382e+08   0
43.1   1.558   -2.434   1.307   0   -2.555e+08   1.382e+08   0
43.2   1.558   -2.46   1.321   0   -2.555e+08   1.382e+08   0
43.3   1.558   -2.485   1.335   0   -2.555e+08   1.382e+08   0
43.4   1.558   -2.511   1.349   0   -2.555e+08   1.382e+08   0
43.5   1.558   -2.536   1.363   0   -2.555e+08   1.382e+08   0
43.6   1.558   -2.562   1.377   0   -2.555e+08   1.382e+08   0
43.7   1.558   -2.587   1.39   0   -2.555e+08   1.382e+08   0
43.8   1.558   -2.613   1.404   0   -2.555e+08   1.382e+08   0
43.9   1.558   -2.639   1.418   0   -2.555e+08   1.382e+08   0
44   1.558   -2.664   1.432   0   -2.555e+08   1.382e+08   0
44.1   1.558   -2.69   1.446   0   -2.555e+08   1.382e+08   0
44.2   1.558   -2.715   1.46   0   -2.555e+08   1.382e+08   0
44.3   1.558   -2.741   1.473   0   -2.555e+08   1.382e+08   0
44.4   1.558   -2.766   1.487   0   -2.555e+08   1.382e+08   0
44.5   1.558   -2.792   1.501   0   -2.555e+08   1.382e+08   0
44.6   1.558   -2.817   1.515   0   -2.555e+08   1.382e+08   0
44.7   1.558   -2.843   1.529   0   -2.555e+08   1.382e+08   0
44.8   1.558   -2.869   1.542   0   -2.555e+08   1.382e+08   0
44.9   1.558   -2.894   1.556   0   -2.555e+08   1.382e+08   0
45   1.558   -2.92   1.57   0   -2.555e+08   1.382e+08   0
