0   0.04   -0.753   0   0   1.121e+08   0   0
0.1   0.04   -0.753   0   0   1.121e+08   0   0
0.2   0.04   -0.753   0   0   1.121e+08   0   0
0.3   0.04   -0.753   0   0   1.121e+08   0   0
0.4   0.04   -0.753   0   0   1.121e+08   0   0
0.5   0.04   -0.753   0   0   1.121e+08   0   0
0.6   0.04   -0.753   0   0   1.121e+08   0   0
0.7   0.04   -0.753   0   0   1.121e+08   0   0
0.8   0.04   -0.753   0   0   1.121e+08   0   0
0.9   0.04   -0.753   0   0   1.121e+08   0   0
1   0.04   -0.753   0   0   1.121e+08   0   0
1.1   0.04   -0.753   0   0   1.121e+08   0   0
1.2   0.04   -0.753   0   0   1.121e+08   0   0
1.3   0.04   -0.753   0   0   1.121e+08   0   0
1.4   0.04   -0.753   0   0   1.121e+08   0   0
1.5   0.04   -0.753   0   0   1.121e+08   0   0
1.6   0.04007   -0.7525   0   0   1.122e+08   0   0
1.7   0.04242   -0.7412   0   0   1.151e+08   0   0
1.8   0.04497   -0.7295   0   0   1.181e+08   0   0
1.9   0.04771   -0.7175   0   0   1.212e+08   0   0
2   0.05065   -0.7052   0   0   1.244e+08   0   0
2.1   0.05379   -0.6926   0   0   1.277e+08   0   0
2.2   0.05712   -0.6797   0   0   1.31e+08   0   0
2.3   0.06065   -0.6664   0   0   1.344e+08   0   0
2.4   0.06437   -0.6528   0   0   1.378e+08   0   0
2.5   0.06827   -0.6389   0   0   1.412e+08   0   0
2.6   0.07235   -0.6246   0   0   1.446e+08   0   0
2.7   0.07659   -0.6099   0   0   1.48e+08   0   0
2.8   0.08099   -0.595   0   0   1.514e+08   0   0
2.9   0.08553   -0.5797   0   0   1.547e+08   0   0
3   0.0902   -0.564   0   0   1.579e+08   0   0
3.1   0.09497   -0.5481   0   0   1.611e+08   0   0
3.2   0.09983   -0.5318   0   0   1.642e+08   0   0
3.3   0.1047   -0.5152   0   0   1.673e+08   0   0
3.4   0.1097   -0.4984   0   0   1.702e+08   0   0
3.5   0.1146   -0.4812   0   0   1.73e+08   0   0
3.6   0.1196   -0.4638   0   0   1.756e+08   0   0
3.7   0.1244   -0.4461   0   0   1.782e+08   0   0
3.8   0.1292   -0.4281   0   0   1.806e+08   0   0
3.9   0.1338   -0.41   0   0   1.828e+08   0   0
4   0.1382   -0.3916   0   0   1.849e+08   0   0
4.1   0.1424   -0.373   0   0   1.868e+08   0   0
4.2   0.1462   -0.3542   0   0   1.885e+08   0   0
4.3   0.1497   -0.3353   0   0   1.9e+08   0   0
4.4   0.1527   -0.3162   0   0   1.913e+08   0   0
4.5   0.1552   -0.297   0   0   1.924e+08   0   0
4.6   0.1571   -0.2777   0   0   1.931e+08   0   0
4.7   0.1582   -0.2584   0   0   1.936e+08   0   0
4.8   0.1585   -0.239   0   0   1.937e+08   0   0
4.9   0.1578   -0.2197   0   0   1.934e+08   0   0
5   0.1559   -0.2004   0   0   1.926e+08   0   0
5.1   0.154   -0.1812   0   0   1.918e+08   0   0
5.2   0.154   -0.162   0   0   1.918e+08   0   0
5.3   0.154   -0.1428   0   0   1.918e+08   0   0
5.4   0.154   -0.1236   0   0   1.918e+08   0   0
5.5   0.154   -0.1044   0   0   1.918e+08   0   0
5.6   0.154   -0.08524   0   0   1.918e+08   0   0
5.7   0.154   -0.06605   0   0   1.918e+08   0   0
5.8   0.154   -0.04687   0   0   1.918e+08   0   0
5.9   0.154   -0.02769   0   0   1.918e+08   0   0
6   0.154   -0.008501   0   0   1.918e+08   0   0
6.1   0.154   0.01068   0   0   1.918e+08   0   0
6.2   0.154   0.02987   0   0   1.918e+08   0   0
6.3   0.154   0.04905   0   0   1.918e+08   0   0
6.4   0.154   0.06824   0   0   1.918e+08   0   0
6.5   0.154   0.08742   0   0   1.918e+08   0   0
6.6   0.154   0.1066   0   0   1.918e+08   0   0
6.7   0.154   0.1258   0   0   1.918e+08   0   0
6.8   0.154   0.145   0   0   1.918e+08   0   0
6.9   0.154   0.1642   0   0   1.918e+08   0   0
7   0.154   0.1833   0   0   1.918e+08   0   0
7.1   0.1673   0.2027   0   0   1.971e+08   0   0
7.2   0.1843   0.2228   0   0   2.033e+08   0   0
7.3   0.2002   0.2434   0   0   2.085e+08   0   0
7.4   0.2151   0.2644   0   0   2.13e+08   0   0
7.5   0.2288   0.2859   0   0   2.168e+08   0   0
7.6   0.2415   0.3078   0   0   2.201e+08   0   0
7.7   0.2533   0.3299   0   0   2.229e+08   0   0
7.8   0.264   0.3524   0   0   2.254e+08   0   0
7.9   0.2739   0.375   0   0   2.276e+08   0   0
8   0.2829   0.3979   0   0   2.294e+08   0   0
8.1   0.2911   0.4209   0   0   2.311e+08   0   0
8.2   0.2985   0.4441   0   0   2.325e+08   0   0
8.3   0.3051   0.4674   0   0   2.337e+08   0   0
8.4   0.311   0.4908   0   0   2.348e+08   0   0
8.5   0.3162   0.5144   0   0   2.358e+08   0   0
8.6   0.3208   0.538   0   0   2.365e+08   0   0
8.7   0.3247   0.5617   0   0   2.372e+08   0   0
8.8   0.328   0.5854   0   0   2.378e+08   0   0
8.9   0.3308   0.6092   0   0   2.382e+08   0   0
9   0.333   0.6331   0   0   2.386e+08   0   0
9.1   0.3347   0.6569   0   0   2.389e+08   0   0
9.2   0.3359   0.6808   0   0   2.391e+08   0   0
9.3   0.3367   0.7047   0   0   2.392e+08   0   0
9.4   0.337   0.7287   0   0   2.393e+08   0   0
9.5   0.337   0.7526   0   0   2.392e+08   0   0
9.6   0.337   0.7765   0   0   2.392e+08   0   0
9.7   0.337   0.8004   0   0   2.392e+08   0   0
9.8   0.337   0.8244   0   0   2.392e+08   0   0
9.9   0.337   0.8483   0   0   2.392e+08   0   0
10   0.337   0.8722   0   0   2.392e+08   0   0
10.1   0.337   0.8961   0   0   2.392e+08   0   0
10.2   0.337   0.9201   0   0   2.392e+08   0   0
10.3   0.337   0.944   0   0   2.392e+08   0   0
10.4   0.337   0.9679   0   0   2.392e+08   0   0
10.5   0.337   0.9918   0   0   2.392e+08   0   0
10.6   0.337   1.016   0   0   2.392e+08   0   0
10.7   0.337   1.04   0   0   2.392e+08   0   0
10.8   0.337   1.064   0   0   2.392e+08   0   0
10.9   0.337   1.088   0   0   2.392e+08   0   0
11   0.3371   1.111   -0.0001156   0   2.389e+08   -1.284e+07   0
11.1   0.3378   1.135   -0.005156   0   2.232e+08   -8.641e+07   0
11.2   0.3386   1.155   -0.01718   0   1.855e+08   -1.515e+08   0
11.3   0.3393   1.171   -0.03501   0   1.295e+08   -2.016e+08   0
11.4   0.3401   1.181   -0.05688   0   6.077e+07   -2.319e+08   0
11.5   0.3408   1.183   -0.08065   0   -1.397e+07   -2.395e+08   0
11.6   0.3416   1.178   -0.104   0   -8.734e+07   -2.235e+08   0
11.7   0.3423   1.166   -0.1246   0   -1.522e+08   -1.857e+08   0
11.8   0.3431   1.148   -0.1405   0   -2.022e+08   -1.298e+08   0
11.9   0.3438   1.126   -0.1501   0   -2.324e+08   -6.114e+07   0
12   0.3446   1.102   -0.1524   0   -2.401e+08   1.344e+07   0
12.1   0.3448   1.078   -0.1489   0   -2.372e+08   3.961e+07   0
12.2   0.3448   1.055   -0.1449   0   -2.372e+08   3.961e+07   0
12.3   0.3448   1.031   -0.141   0   -2.372e+08   3.961e+07   0
12.4   0.3448   1.007   -0.137   0   -2.372e+08   3.961e+07   0
12.5   0.3448   0.9835   -0.1331   0   -2.372e+08   3.961e+07   0
12.6   0.3448   0.9598   -0.1291   0   -2.372e+08   3.961e+07   0
12.7   0.3448   0.9361   -0.1251   0   -2.372e+08   3.961e+07   0
12.8   0.3448   0.9124   -0.1212   0   -2.372e+08   3.961e+07   0
12.9   0.3448   0.8887   -0.1172   0   -2.372e+08   3.961e+07   0
13   0.3448   0.8649   -0.1133   0   -2.372e+08   3.961e+07   0
13.1   0.3448   0.8412   -0.1093   0   -2.372e+08   3.961e+07   0
13.2   0.3448   0.8175   -0.1053   0   -2.372e+08   3.961e+07   0
13.3   0.3448   0.7938   -0.1014   0   -2.372e+08   3.961e+07   0
13.4   0.3448   0.77   -0.09742   0   -2.372e+08   3.961e+07   0
13.5   0.3449   0.7463   -0.09346   0   -2.372e+08   3.961e+07   0
13.6   0.347   0.7226   -0.08949   0   -2.375e+08   3.963e+07   0
13.7   0.3487   0.6988   -0.08553   0   -2.378e+08   3.964e+07   0
13.8   0.3501   0.675   -0.08157   0   -2.38e+08   3.965e+07   0
13.9   0.3512   0.6512   -0.0776   0   -2.382e+08   3.965e+07   0
14   0.3518   0.6274   -0.07364   0   -2.383e+08   3.965e+07   0
14.1   0.3519   0.6036   -0.06967   0   -2.383e+08   3.966e+07   0
14.2   0.3516   0.5797   -0.06571   0   -2.382e+08   3.965e+07   0
14.3   0.3507   0.5559   -0.06174   0   -2.381e+08   3.965e+07   0
14.4   0.3493   0.5321   -0.05778   0   -2.379e+08   3.965e+07   0
14.5   0.3473   0.5083   -0.05381   0   -2.376e+08   3.965e+07   0
14.6   0.3446   0.4846   -0.04985   0   -2.372e+08   3.965e+07   0
14.7   0.3412   0.4609   -0.04588   0   -2.366e+08   3.966e+07   0
14.8   0.337   0.4373   -0.04191   0   -2.359e+08   3.968e+07   0
14.9   0.332   0.4137   -0.03794   0   -2.351e+08   3.97e+07   0
15   0.3261   0.3903   -0.03397   0   -2.341e+08   3.974e+07   0
15.1   0.3193   0.3669   -0.02999   0   -2.329e+08   3.981e+07   0
15.2   0.3115   0.3437   -0.02601   0   -2.315e+08   3.99e+07   0
15.3   0.3025   0.3206   -0.02201   0   -2.298e+08   4.003e+07   0
15.4   0.2923   0.2978   -0.018   0   -2.278e+08   4.022e+07   0
15.5   0.2808   0.2751   -0.01397   0   -2.254e+08   4.049e+07   0
15.6   0.2679   0.2527   -0.009899   0   -2.225e+08   4.086e+07   0
15.7   0.2535   0.2306   -0.005787   0   -2.191e+08   4.139e+07   0
15.8   0.2373   0.2089   -0.001613   0   -2.149e+08   4.213e+07   0
15.9   0.2197   0.1877   0.002651   0   -2.099e+08   4.318e+07   0
16   0.2197   0.1667   0.006969   0   -2.099e+08   4.318e+07   0
16.1   0.2197   0.1457   0.01129   0   -2.099e+08   4.318e+07   0
16.2   0.2197   0.1247   0.0156   0   -2.099e+08   4.318e+07   0
16.3   0.2197   0.1037   0.01992   0   -2.099e+08   4.318e+07   0
16.4   0.2197   0.08271   0.02424   0   -2.099e+08   4.318e+07   0
16.5   0.2197   0.06172   0.02856   0   -2.099e+08   4.318e+07   0
16.6   0.2197   0.04073   0.03288   0   -2.099e+08   4.318e+07   0
16.7   0.2197   0.01974   0.03719   0   -2.099e+08   4.318e+07   0
16.8   0.2197   -0.00125   0.04151   0   -2.099e+08   4.318e+07   0
16.9   0.2197   -0.02224   0.04583   0   -2.099e+08   4.318e+07   0
17   0.2197   -0.04323   0.05015   0   -2.099e+08   4.318e+07   0
17.1   0.2197   -0.06422   0.05446   0   -2.099e+08   4.318e+07   0
17.2   0.2197   -0.08521   0.05878   0   -2.099e+08   4.318e+07   0
17.3   0.2197   -0.1062   0.0631   0   -2.099e+08   4.318e+07   0
17.4   0.2197   -0.1272   0.06742   0   -2.099e+08   4.318e+07   0
17.5   0.2197   -0.1482   0.07174   0   -2.099e+08   4.318e+07   0
17.6   0.2197   -0.1692   0.07605   0   -2.099e+08   4.318e+07   0
17.7   0.2308   -0.1903   0.08046   0   -2.126e+08   4.506e+07   0
17.8   0.2418   -0.2117   0.08505   0   -2.151e+08   4.674e+07   0
17.9   0.2512   -0.2333   0.08979   0   -2.172e+08   4.801e+07   0
18   0.2589   -0.2551   0.09464   0   -2.188e+08   4.897e+07   0
18.1   0.2653   -0.277   0.09958   0   -2.201e+08   4.97e+07   0
18.2   0.2704   -0.2991   0.1046   0   -2.212e+08   5.025e+07   0
18.3   0.2744   -0.3213   0.1096   0   -2.22e+08   5.066e+07   0
18.4   0.2774   -0.3435   0.1147   0   -2.225e+08   5.095e+07   0
18.5   0.2795   -0.3658   0.1198   0   -2.229e+08   5.114e+07   0
18.6   0.2808   -0.3881   0.1249   0   -2.232e+08   5.126e+07   0
18.7   0.2814   -0.4104   0.1301   0   -2.233e+08   5.131e+07   0
18.8   0.2813   -0.4327   0.1352   0   -2.233e+08   5.13e+07   0
18.9   0.2806   -0.4551   0.1403   0   -2.231e+08   5.124e+07   0
19   0.2793   -0.4774   0.1454   0   -2.229e+08   5.115e+07   0
19.1   0.2776   -0.4996   0.1505   0   -2.226e+08   5.101e+07   0
19.2   0.2755   -0.5219   0.1556   0   -2.222e+08   5.084e+07   0
19.3   0.273   -0.5441   0.1607   0   -2.216e+08   5.064e+07   0
19.4   0.2701   -0.5662   0.1658   0   -2.211e+08   5.042e+07   0
19.5   0.267   -0.5883   0.1708   0   -2.204e+08   5.017e+07   0
19.6   0.2635   -0.6103   0.1758   0   -2.197e+08   4.99e+07   0
19.7   0.2599   -0.6322   0.1808   0   -2.189e+08   4.962e+07   0
19.8   0.2561   -0.6541   0.1857   0   -2.181e+08   4.931e+07   0
19.9   0.2521   -0.6758   0.1906   0   -2.172e+08   4.9e+07   0
20   0.248   -0.6975   0.1955   0   -2.163e+08   4.867e+07   0
20.1   0.2438   -0.7191   0.2004   0   -2.153e+08   4.833e+07   0
20.2   0.2425   -0.7406   0.2052   0   -2.15e+08   4.823e+07   0
20.3   0.2425   -0.7621   0.21   0   -2.15e+08   4.823e+07   0
20.4   0.2425   -0.7836   0.2148   0   -2.15e+08   4.823e+07   0
20.5   0.2425   -0.8051   0.2197   0   -2.15e+08   4.823e+07   0
20.6   0.2425   -0.8266   0.2245   0   -2.15e+08   4.823e+07   0
20.7   0.2425   -0.8481   0.2293   0   -2.15e+08   4.823e+07   0
20.8   0.2425   -0.8696   0.2341   0   -2.15e+08   4.823e+07   0
20.9   0.2425   -0.8911   0.239   0   -2.15e+08   4.823e+07   0
21   0.2425   -0.9126   0.2438   0   -2.15e+08   4.823e+07   0
21.1   0.2425   -0.9341   0.2486   0   -2.15e+08   4.823e+07   0
21.2   0.2425   -0.9555   0.2534   0   -2.15e+08   4.823e+07   0
21.3   0.2425   -0.977   0.2582   0   -2.15e+08   4.823e+07   0
21.4   0.2425   -0.9985   0.2631   0   -2.15e+08   4.823e+07   0
21.5   0.2425   -1.02   0.2679   0   -2.15e+08   4.823e+07   0
21.6   0.2425   -1.042   0.2727   0   -2.15e+08   4.823e+07   0
21.7   0.2425   -1.063   0.2775   0   -2.15e+08   4.823e+07   0
21.8   0.2425   -1.085   0.2824   0   -2.15e+08   4.823e+07   0
21.9   0.2425   -1.106   0.2872   0   -2.15e+08   4.823e+07   0
22   0.2434   -1.126   0.2961   0   -1.758e+08   1.332e+08   0
22.1   0.2443   -1.14   0.313   0   -9.763e+07   1.98e+08   0
22.2   0.2453   -1.145   0.3343   0   1.262e+06   2.21e+08   0
22.3   0.2463   -1.14   0.3556   0   9.998e+07   1.974e+08   0
22.4   0.2472   -1.125   0.3724   0   1.777e+08   1.322e+08   0
22.5   0.2482   -1.105   0.381   0   2.182e+08   3.912e+07   0
22.6   0.2492   -1.083   0.3798   0   2.131e+08   -6.219e+07   0
22.7   0.2492   -1.062   0.3735   0   2.128e+08   -6.318e+07   0
22.8   0.2492   -1.041   0.3672   0   2.128e+08   -6.318e+07   0
22.9   0.2492   -1.019   0.3609   0   2.128e+08   -6.318e+07   0
23   0.2492   -0.9981   0.3545   0   2.128e+08   -6.318e+07   0
23.1   0.2492   -0.9768   0.3482   0   2.128e+08   -6.318e+07   0
23.2   0.2492   -0.9555   0.3419   0   2.128e+08   -6.318e+07   0
23.3   0.2492   -0.9343   0.3356   0   2.128e+08   -6.318e+07   0
23.4   0.2492   -0.913   0.3293   0   2.128e+08   -6.318e+07   0
23.5   0.2492   -0.8917   0.323   0   2.128e+08   -6.318e+07   0
23.6   0.2492   -0.8704   0.3166   0   2.128e+08   -6.318e+07   0
23.7   0.2492   -0.8492   0.3103   0   2.128e+08   -6.318e+07   0
23.8   0.2492   -0.8279   0.304   0   2.128e+08   -6.318e+07   0
23.9   0.2492   -0.8066   0.2977   0   2.128e+08   -6.318e+07   0
24   0.2492   -0.7853   0.2914   0   2.128e+08   -6.318e+07   0
24.1   0.2492   -0.764   0.285   0   2.128e+08   -6.318e+07   0
24.2   0.2492   -0.7428   0.2787   0   2.128e+08   -6.318e+07   0
24.3   0.2492   -0.7215   0.2724   0   2.128e+08   -6.318e+07   0
24.4   0.2486   -0.7002   0.2661   0   2.127e+08   -6.311e+07   0
24.5   0.2451   -0.679   0.2598   0   2.119e+08   -6.273e+07   0
24.6   0.2412   -0.6578   0.2536   0   2.11e+08   -6.229e+07   0
24.7   0.2369   -0.6368   0.2473   0   2.1e+08   -6.18e+07   0
24.8   0.2322   -0.6158   0.2412   0   2.089e+08   -6.124e+07   0
24.9   0.2272   -0.595   0.2351   0   2.077e+08   -6.063e+07   0
25   0.2218   -0.5743   0.2291   0   2.064e+08   -5.994e+07   0
25.1   0.2161   -0.5538   0.2231   0   2.049e+08   -5.918e+07   0
25.2   0.2101   -0.5333   0.2172   0   2.033e+08   -5.833e+07   0
25.3   0.2037   -0.5131   0.2115   0   2.016e+08   -5.74e+07   0
25.4   0.197   -0.493   0.2058   0   1.997e+08   -5.638e+07   0
25.5   0.1901   -0.4732   0.2002   0   1.977e+08   -5.525e+07   0
25.6   0.1829   -0.4535   0.1947   0   1.955e+08   -5.401e+07   0
25.7   0.1754   -0.4341   0.1894   0   1.931e+08   -5.266e+07   0
25.8   0.1678   -0.4149   0.1842   0   1.906e+08   -5.118e+07   0
25.9   0.1599   -0.396   0.1792   0   1.878e+08   -4.956e+07   0
26   0.152   -0.3773   0.1743   0   1.849e+08   -4.779e+07   0
26.1   0.1439   -0.359   0.1696   0   1.818e+08   -4.586e+07   0
26.2   0.1358   -0.341   0.1651   0   1.785e+08   -4.377e+07   0
26.3   0.1277   -0.3233   0.1609   0   1.75e+08   -4.149e+07   0
26.4   0.1197   -0.306   0.1568   0   1.713e+08   -3.903e+07   0
26.5   0.1118   -0.289   0.1531   0   1.675e+08   -3.638e+07   0
26.6   0.104   -0.2725   0.1496   0   1.634e+08   -3.352e+07   0
26.7   0.0965   -0.2564   0.1464   0   1.592e+08   -3.047e+07   0
26.8   0.0893   -0.2407   0.1435   0   1.55e+08   -2.722e+07   0
26.9   0.08247   -0.2254   0.1409   0   1.506e+08   -2.378e+07   0
27   0.07608   -0.2105   0.1387   0   1.462e+08   -2.018e+07   0
27.1   0.07019   -0.1961   0.1369   0   1.419e+08   -1.644e+07   0
27.2   0.06487   -0.1822   0.1355   0   1.377e+08   -1.261e+07   0
27.3   0.06015   -0.1686   0.1344   0   1.336e+08   -8.747e+06   0
27.4   0.05608   -0.1554   0.1337   0   1.299e+08   -4.931e+06   0
27.5   0.05268   -0.1426   0.1334   0   1.265e+08   -1.257e+06   0
27.6   0.05048   -0.1301   0.1334   0   1.242e+08   1.469e+06   0
27.7   0.05048   -0.1177   0.1336   0   1.242e+08   1.469e+06   0
27.8   0.05048   -0.1053   0.1337   0   1.242e+08   1.469e+06   0
27.9   0.05048   -0.09284   0.1339   0   1.242e+08   1.469e+06   0
28   0.05048   -0.08042   0.134   0   1.242e+08   1.469e+06   0
28.1   0.05048   -0.068   0.1342   0   1.242e+08   1.469e+06   0
28.2   0.05048   -0.05558   0.1343   0   1.242e+08   1.469e+06   0
28.3   0.05048   -0.04315   0.1345   0   1.242e+08   1.469e+06   0
28.4   0.05048   -0.03073   0.1346   0   1.242e+08   1.469e+06   0
28.5   0.05048   -0.01831   0.1348   0   1.242e+08   1.469e+06   0
28.6   0.05048   -0.005888   0.1349   0   1.242e+08   1.469e+06   0
28.7   0.05048   0.006534   0.1351   0   1.242e+08   1.469e+06   0
28.8   0.05048   0.01896   0.1352   0   1.242e+08   1.469e+06   0
28.9   0.05048   0.03138   0.1354   0   1.242e+08   1.469e+06   0
29   0.05048   0.0438   0.1355   0   1.242e+08   1.469e+06   0
29.1   0.05048   0.05622   0.1356   0   1.242e+08   1.469e+06   0
29.2   0.05048   0.06864   0.1358   0   1.242e+08   1.469e+06   0
29.3   0.05048   0.08107   0.1359   0   1.242e+08   1.469e+06   0
29.4   0.05048   0.09349   0.1361   0   1.242e+08   1.469e+06   0
29.5   0.05048   0.1059   0.1362   0   1.242e+08   1.469e+06   0
29.6   0.05048   0.1183   0.1364   0   1.242e+08   1.469e+06   0
29.7   0.04981   0.1308   0.1365   0   1.235e+08   5.701e+05   0
29.8   0.04283   0.1427   0.1361   0   1.152e+08   -9.24e+06   0
29.9   0.03671   0.1538   0.1347   0   1.063e+08   -1.871e+07   0
30   0.03146   0.1639   0.1323   0   9.669e+07   -2.782e+07   0
30.1   0.0271   0.1731   0.1291   0   8.655e+07   -3.652e+07   0
30.2   0.02364   0.1812   0.125   0   7.592e+07   -4.48e+07   0
30.3   0.02106   0.1882   0.1202   0   6.486e+07   -5.26e+07   0
30.4   0.01937   0.1941   0.1145   0   5.345e+07   -5.991e+07   0
30.5   0.01856   0.1989   0.1082   0   4.175e+07   -6.668e+07   0
30.6   0.0186   0.2025   0.1012   0   2.984e+07   -7.289e+07   0
30.7   0.01948   0.2049   0.09363   0   1.78e+07   -7.851e+07   0
30.8   0.02117   0.206   0.08552   0   5.695e+06   -8.352e+07   0
30.9   0.02362   0.206   0.07695   0   -6.397e+06   -8.789e+07   0
31   0.0268   0.2047   0.06796   0   -1.841e+07   -9.163e+07   0
31.1   0.03066   0.2023   0.05864   0   -3.028e+07   -9.471e+07   0
31.2   0.03514   0.1987   0.04904   0   -4.194e+07   -9.713e+07   0
31.3   0.04018   0.1939   0.03923   0   -5.334e+07   -9.89e+07   0
31.4   0.04571   0.188   0.02928   0   -6.443e+07   -1e+08   0
31.5   0.04721   0.1813   0.01926   0   -6.726e+07   -1.002e+08   0
31.6   0.04721   0.1746   0.009245   0   -6.726e+07   -1.002e+08   0
31.7   0.04721   0.1679   -0.0007733   0   -6.726e+07   -1.002e+08   0
31.8   0.04721   0.1611   -0.01079   0   -6.726e+07   -1.002e+08   0
31.9   0.04721   0.1544   -0.02081   0   -6.726e+07   -1.002e+08   0
32   0.04721   0.1477   -0.03083   0   -6.726e+07   -1.002e+08   0
32.1   0.04721   0.141   -0.04085   0   -6.726e+07   -1.002e+08   0
32.2   0.04721   0.1342   -0.05086   0   -6.726e+07   -1.002e+08   0
32.3   0.04721   0.1275   -0.06088   0   -6.726e+07   -1.002e+08   0
32.4   0.04721   0.1208   -0.0709   0   -6.726e+07   -1.002e+08   0
32.5   0.04721   0.1141   -0.08092   0   -6.726e+07   -1.002e+08   0
32.6   0.04721   0.1073   -0.09094   0   -6.726e+07   -1.002e+08   0
32.7   0.04721   0.1006   -0.101   0   -6.726e+07   -1.002e+08   0
32.8   0.04721   0.09388   -0.111   0   -6.726e+07   -1.002e+08   0
32.9   0.04721   0.08716   -0.121   0   -6.726e+07   -1.002e+08   0
33   0.04721   0.08043   -0.131   0   -6.726e+07   -1.002e+08   0
33.1   0.04721   0.0737   -0.141   0   -6.726e+07   -1.002e+08   0
33.2   0.04721   0.06698   -0.151   0   -6.726e+07   -1.002e+08   0
33.3   0.04721   0.06025   -0.1611   0   -6.726e+07   -1.002e+08   0
33.4   0.04721   0.05353   -0.1711   0   -6.726e+07   -1.002e+08   0
33.5   0.04721   0.0468   -0.1811   0   -6.726e+07   -1.002e+08   0
33.6   0.05102   0.04017   -0.1914   0   -6.521e+07   -1.064e+08   0
33.7   0.05629   0.03376   -0.2024   0   -6.301e+07   -1.139e+08   0
33.8   0.06235   0.02756   -0.2142   0   -6.105e+07   -1.215e+08   0
33.9   0.06914   0.02154   -0.2267   0   -5.935e+07   -1.289e+08   0
34   0.07655   0.01568   -0.24   0   -5.789e+07   -1.362e+08   0
34.1   0.08449   0.009956   -0.2539   0   -5.666e+07   -1.431e+08   0
34.2   0.09285   0.004343   -0.2686   0   -5.564e+07   -1.497e+08   0
34.3   0.1015   -0.001177   -0.2839   0   -5.48e+07   -1.56e+08   0
34.4   0.1105   -0.006622   -0.2998   0   -5.412e+07   -1.618e+08   0
34.5   0.1195   -0.01201   -0.3162   0   -5.358e+07   -1.672e+08   0
34.6   0.1286   -0.01734   -0.3332   0   -5.315e+07   -1.723e+08   0
34.7   0.1377   -0.02264   -0.3507   0   -5.282e+07   -1.77e+08   0
34.8   0.1467   -0.02791   -0.3686   0   -5.257e+07   -1.813e+08   0
34.9   0.1556   -0.03315   -0.3869   0   -5.238e+07   -1.852e+08   0
35   0.1642   -0.03839   -0.4056   0   -5.225e+07   -1.889e+08   0
35.1   0.1727   -0.04361   -0.4247   0   -5.217e+07   -1.922e+08   0
35.2   0.1808   -0.04882   -0.4441   0   -5.212e+07   -1.953e+08   0
35.3   0.1887   -0.05403   -0.4637   0   -5.21e+07   -1.981e+08   0
35.4   0.1962   -0.05924   -0.4837   0   -5.21e+07   -2.006e+08   0
35.5   0.2034   -0.06445   -0.5039   0   -5.212e+07   -2.029e+08   0
35.6   0.2102   -0.06967   -0.5243   0   -5.215e+07   -2.05e+08   0
35.7   0.2167   -0.07488   -0.5449   0   -5.219e+07   -2.07e+08   0
35.8   0.2227   -0.08011   -0.5656   0   -5.225e+07   -2.087e+08   0
35.9   0.2283   -0.08533   -0.5866   0   -5.23e+07   -2.103e+08   0
36   0.2336   -0.09057   -0.6077   0   -5.236e+07   -2.117e+08   0
36.1   0.2384   -0.0958   -0.6289   0   -5.242e+07   -2.129e+08   0
36.2   0.2428   -0.101   -0.6503   0   -5.247e+07   -2.14e+08   0
36.3   0.2468   -0.1063   -0.6717   0   -5.253e+07   -2.15e+08   0
36.4   0.2503   -0.1116   -0.6933   0   -5.259e+07   -2.159e+08   0
36.5   0.2535   -0.1168   -0.7149   0   -5.264e+07   -2.167e+08   0
36.6   0.2563   -0.1221   -0.7366   0   -5.268e+07   -2.173e+08   0
36.7   0.257   -0.1274   -0.7584   0   -5.27e+07   -2.175e+08   0
36.8   0.257   -0.1326   -0.7801   0   -5.27e+07   -2.175e+08   0
36.9   0.257   -0.1379   -0.8019   0   -5.27e+07   -2.175e+08   0
37   0.257   -0.1432   -0.8236   0   -5.27e+07   -2.175e+08   0
37.1   0.257   -0.1484   -0.8454   0   -5.27e+07   -2.175e+08   0
37.2   0.257   -0.1537   -0.8671   0   -5.27e+07   -2.175e+08   0
37.3   0.257   -0.159   -0.8889   0   -5.27e+07   -2.175e+08   0
37.4   0.257   -0.1642   -0.9106   0   -5.27e+07   -2.175e+08   0
37.5   0.257   -0.1695   -0.9324   0   -5.27e+07   -2.175e+08   0
37.6   0.257   -0.1748   -0.9541   0   -5.27e+07   -2.175e+08   0
37.7   0.257   -0.18   -0.9759   0   -5.27e+07   -2.175e+08   0
37.8   0.257   -0.1853   -0.9976   0   -5.27e+07   -2.175e+08   0
37.9   0.257   -0.1906   -1.019   0   -5.27e+07   -2.175e+08   0
38   0.257   -0.1959   -1.041   0   -5.27e+07   -2.175e+08   0
38.1   0.257   -0.2011   -1.063   0   -5.27e+07   -2.175e+08   0
38.2   0.257   -0.2064   -1.085   0   -5.27e+07   -2.175e+08   0
38.3   0.257   -0.2117   -1.106   0   -5.27e+07   -2.175e+08   0
38.4   0.257   -0.2169   -1.128   0   -5.27e+07   -2.175e+08   0
38.5   0.257   -0.2222   -1.15   0   -5.27e+07   -2.175e+08   0
38.6   0.257   -0.2275   -1.172   0   -5.27e+07   -2.175e+08   0
38.7   0.257   -0.2327   -1.193   0   -5.27e+07   -2.175e+08   0
38.8   0.257   -0.238   -1.215   0   -5.27e+07   -2.175e+08   0
38.9   0.257   -0.2433   -1.237   0   -5.27e+07   -2.175e+08   0
39   0.257   -0.2486   -1.259   0   -5.27e+07   -2.175e+08   0
39.1   0.257   -0.2538   -1.28   0   -5.27e+07   -2.175e+08   0
39.2   0.257   -0.2591   -1.302   0   -5.27e+07   -2.175e+08   0
39.3   0.257   -0.2644   -1.324   0   -5.27e+07   -2.175e+08   0
39.4   0.257   -0.2696   -1.346   0   -5.27e+07   -2.175e+08   0
39.5   0.257   -0.2749   -1.367   0   -5.27e+07   -2.175e+08   0
39.6   0.257   -0.2802   -1.389   0   -5.27e+07   -2.175e+08   0
39.7   0.257   -0.2854   -1.411   0   -5.27e+07   -2.175e+08   0
39.8   0.257   -0.2907   -1.433   0   -5.27e+07   -2.175e+08   0
39.9   0.257   -0.296   -1.454   0   -5.27e+07   -2.175e+08   0
40   0.257   -0.3012   -1.476   0   -5.27e+07   -2.175e+08   0
40.1   0.257   -0.3065   -1.498   0   -5.27e+07   -2.175e+08   0
40.2   0.257   -0.3118   -1.52   0   -5.27e+07   -2.175e+08   0
40.3   0.257   -0.3171   -1.541   0   -5.27e+07   -2.175e+08   0
40.4   0.257   -0.3223   -1.563   0   -5.27e+07   -2.175e+08   0
40.5   0.257   -0.3276   -1.585   0   -5.27e+07   -2.175e+08   0
40.6   0.257   -0.3329   -1.607   0   -5.27e+07   -2.175e+08   0
40.7   0.257   -0.3381   -1.628   0   -5.27e+07   -2.175e+08   0
40.8   0.257   -0.3434   -1.65   0   -5.27e+07   -2.175e+08   0
40.9   0.257   -0.3487   -1.672   0   -5.27e+07   -2.175e+08   0
41   0.257   -0.3539   -1.694   0   -5.27e+07   -2.175e+08   0
41.1   0.257   -0.3592   -1.715   0   -5.27e+07   -2.175e+08   0
41.2   0.257   -0.3645   -1.737   0   -5.27e+07   -2.175e+08   0
41.3   0.257   -0.3698   -1.759   0   -5.27e+07   -2.175e+08   0
41.4   0.257   -0.375   -1.781   0   -5.27e+07   -2.175e+08   0
41.5   0.257   -0.3803   -1.802   0   -5.27e+07   -2.175e+08   0
41.6   0.257   -0.3856   -1.824   0   -5.27e+07   -2.175e+08   0
41.7   0.257   -0.3908   -1.846   0   -5.27e+07   -2.175e+08   0
41.8   0.257   -0.3961   -1.868   0   -5.27e+07   -2.175e+08   0
41.9   0.257   -0.4014   -1.889   0   -5.27e+07   -2.175e+08   0
42   0.257   -0.4066   -1.911   0   -5.27e+07   -2.175e+08   0
42.1   0.257   -0.4119   -1.933   0   -5.27e+07   -2.175e+08   0
42.2   0.257   -0.4172   -1.955   0   -5.27e+07   -2.175e+08   0
42.3   0.257   -0.4224   -1.976   0   -5.27e+07   -2.175e+08   0
42.4   0.257   -0.4277   -1.998   0   -5.27e+07   -2.175e+08   0
42.5   0.257   -0.433   -2.02   0   -5.27e+07   -2.175e+08   0
42.6   0.257   -0.4383   -2.042   0   -5.27e+07   -2.175e+08   0
42.7   0.257   -0.4435   -2.063   0   -5.27e+07   -2.175e+08   0
42.8   0.257   -0.4488   -2.085   0   -5.27e+07   -2.175e+08   0
42.9   0.257   -0.4541   -2.107   0   -5.27e+07   -2.175e+08   0
43   0.257   -0.4593   -2.129   0   -5.27e+07   -2.175e+08   0
43.1   0.257   -0.4646   -2.15   0   -5.27e+07   -2.175e+08   0
43.2   0.257   -0.4699   -2.172   0   -5.27e+07   -2.175e+08   0
43.3   0.257   -0.4751   -2.194   0   -5.27e+07   -2.175e+08   0
43.4   0.257   -0.4804   -2.216   0   -5.27e+07   -2.175e+08   0
43.5   0.257   -0.4857   -2.237   0   -5.27e+07   -2.175e+08   0
43.6   0.257   -0.491   -2.259   0   -5.27e+07   -2.175e+08   0
43.7   0.257   -0.4962   -2.281   0   -5.27e+07   -2.175e+08   0
43.8   0.257   -0.5015   -2.303   0   -5.27e+07   -2.175e+08   0
43.9   0.257   -0.5068   -2.324   0   -5.27e+07   -2.175e+08   0
44   0.257   -0.512   -2.346   0   -5.27e+07   -2.175e+08   0
44.1   0.257   -0.5173   -2.368   0   -5.27e+07   -2.175e+08   0
44.2   0.257   -0.5226   -2.39   0   -5.27e+07   -2.175e+08   0
44.3   0.257   -0.5278   -2.411   0   -5.27e+07   -2.175e+08   0
44.4   0.257   -0.5331   -2.433   0   -5.27e+07   -2.175e+08   0
44.5   0.257   -0.5384   -2.455   0   -5.27e+07   -2.175e+08   0
44.6   0.257   -0.5436   -2.477   0   -5.27e+07   -2.175e+08   0
44.7   0.257   -0.5489   -2.498   0   -5.27e+07   -2.175e+08   0
44.8   0.257   -0.5542   -2.52   0   -5.27e+07   -2.175e+08   0
44.9   0.257   -0.5595   -2.542   0   -5.27e+07   -2.175e+08   0
45   0.257   -0.5647   -2.564   0   -5.27e+07   -2.175e+08   0
