0   0.04   -0.753   0   0   1.121e+08   0   0
0.1   0.04   -0.753   0   0   1.121e+08   0   0
0.2   0.04   -0.753   0   0   1.121e+08   0   0
0.3   0.04   -0.753   0   0   1.121e+08   0   0
0.4   0.04   -0.753   0   0   1.121e+08   0   0
0.5   0.04   -0.753   0   0   1.121e+08   0   0
0.6   0.04   -0.753   0   0   1.121e+08   0   0
0.7   0.04   -0.753   0   0   1.121e+08   0   0
0.8   0.04   -0.753   0   0   1.121e+08   0   0
0.9   0.04   -0.753   0   0   1.121e+08   0   0
1   0.04   -0.753   0   0   1.121e+08   0   0
1.1   0.04   -0.753   0   0   1.121e+08   0   0
1.2   0.04   -0.753   0   0   1.121e+08   0   0
1.3   0.04   -0.753   0   0   1.121e+08   0   0
1.4   0.04   -0.753   0   0   1.121e+08   0   0
1.5   0.04   -0.753   0   0   1.121e+08   0   0
1.6   0.04   -0.753   0   0   1.121e+08   0   0
1.7   0.04193   -0.7436   0   0   1.145e+08   0   0
1.8   0.04445   -0.732   0   0   1.175e+08   0   0
1.9   0.04717   -0.7201   0   0   1.206e+08   0   0
2   0.05009   -0.7078   0   0   1.238e+08   0   0
2.1   0.0532   -0.6953   0   0   1.271e+08   0   0
2.2   0.0565   -0.6824   0   0   1.304e+08   0   0
2.3   0.06   -0.6692   0   0   1.338e+08   0   0
2.4   0.06369   -0.6556   0   0   1.372e+08   0   0
2.5   0.06755   -0.6418   0   0   1.406e+08   0   0
2.6   0.0716   -0.6275   0   0   1.44e+08   0   0
2.7   0.0758   -0.613   0   0   1.474e+08   0   0
2.8   0.08016   -0.5981   0   0   1.507e+08   0   0
2.9   0.08466   -0.5828   0   0   1.541e+08   0   0
3   0.08928   -0.5672   0   0   1.573e+08   0   0
3.1   0.09401   -0.5513   0   0   1.605e+08   0   0
3.2   0.09881   -0.5351   0   0   1.636e+08   0   0
3.3   0.1037   -0.5186   0   0   1.666e+08   0   0
3.4   0.1086   -0.5018   0   0   1.695e+08   0   0
3.5   0.1135   -0.4847   0   0   1.723e+08   0   0
3.6   0.1183   -0.4674   0   0   1.75e+08   0   0
3.7   0.1231   -0.4497   0   0   1.775e+08   0   0
3.8   0.1278   -0.4318   0   0   1.799e+08   0   0
3.9   0.1324   -0.4137   0   0   1.822e+08   0   0
4   0.1367   -0.3954   0   0   1.842e+08   0   0
4.1   0.1409   -0.3769   0   0   1.861e+08   0   0
4.2   0.1446   -0.3582   0   0   1.878e+08   0   0
4.3   0.1481   -0.3393   0   0   1.893e+08   0   0
4.4   0.1511   -0.3203   0   0   1.906e+08   0   0
4.5   0.1535   -0.3012   0   0   1.916e+08   0   0
4.6   0.1554   -0.282   0   0   1.924e+08   0   0
4.7   0.1565   -0.2627   0   0   1.929e+08   0   0
4.8   0.1568   -0.2435   0   0   1.93e+08   0   0
4.9   0.1561   -0.2242   0   0   1.927e+08   0   0
5   0.1542   -0.2049   0   0   1.919e+08   0   0
5.1   0.1515   -0.1858   0   0   1.908e+08   0   0
5.2   0.1515   -0.1667   0   0   1.908e+08   0   0
5.3   0.1515   -0.1476   0   0   1.908e+08   0   0
5.4   0.1515   -0.1286   0   0   1.908e+08   0   0
5.5   0.1515   -0.1095   0   0   1.908e+08   0   0
5.6   0.1515   -0.0904   0   0   1.908e+08   0   0
5.7   0.1515   -0.07132   0   0   1.908e+08   0   0
5.8   0.1515   -0.05225   0   0   1.908e+08   0   0
5.9   0.1515   -0.03317   0   0   1.908e+08   0   0
6   0.1515   -0.01409   0   0   1.908e+08   0   0
6.1   0.1515   0.004991   0   0   1.908e+08   0   0
6.2   0.1515   0.02407   0   0   1.908e+08   0   0
6.3   0.1515   0.04315   0   0   1.908e+08   0   0
6.4   0.1515   0.06223   0   0   1.908e+08   0   0
6.5   0.1515   0.0813   0   0   1.908e+08   0   0
6.6   0.1515   0.1004   0   0   1.908e+08   0   0
6.7   0.1515   0.1195   0   0   1.908e+08   0   0
6.8   0.1515   0.1385   0   0   1.908e+08   0   0
6.9   0.1515   0.1576   0   0   1.908e+08   0   0
7   0.1515   0.1767   0   0   1.908e+08   0   0
7.1   0.1585   0.1958   0   0   1.937e+08   0   0
7.2   0.1759   0.2155   0   0   2.003e+08   0   0
7.3   0.1921   0.2359   0   0   2.059e+08   0   0
7.4   0.2072   0.2567   0   0   2.107e+08   0   0
7.5   0.2212   0.278   0   0   2.147e+08   0   0
7.6   0.2341   0.2996   0   0   2.182e+08   0   0
7.7   0.2461   0.3216   0   0   2.212e+08   0   0
7.8   0.257   0.3439   0   0   2.238e+08   0   0
7.9   0.2671   0.3664   0   0   2.261e+08   0   0
8   0.2762   0.3891   0   0   2.281e+08   0   0
8.1   0.2846   0.412   0   0   2.298e+08   0   0
8.2   0.2921   0.435   0   0   2.313e+08   0   0
8.3   0.2988   0.4582   0   0   2.326e+08   0   0
8.4   0.3048   0.4815   0   0   2.337e+08   0   0
8.5   0.3101   0.5049   0   0   2.347e+08   0   0
8.6   0.3147   0.5285   0   0   2.355e+08   0   0
8.7   0.3186   0.552   0   0   2.362e+08   0   0
8.8   0.322   0.5757   0   0   2.368e+08   0   0
8.9   0.3248   0.5994   0   0   2.372e+08   0   0
9   0.3271   0.6231   0   0   2.376e+08   0   0
9.1   0.3288   0.6469   0   0   2.379e+08   0   0
9.2   0.33   0.6707   0   0   2.381e+08   0   0
9.3   0.3308   0.6945   0   0   2.382e+08   0   0
9.4   0.3311   0.7184   0   0   2.383e+08   0   0
9.5   0.3311   0.7422   0   0   2.383e+08   0   0
9.6   0.3309   0.766   0   0   2.383e+08   0   0
9.7   0.3309   0.7898   0   0   2.383e+08   0   0
9.8   0.3309   0.8137   0   0   2.383e+08   0   0
9.9   0.3309   0.8375   0   0   2.383e+08   0   0
10   0.3309   0.8613   0   0   2.383e+08   0   0
10.1   0.3309   0.8851   0   0   2.383e+08   0   0
10.2   0.3309   0.909   0   0   2.383e+08   0   0
10.3   0.3309   0.9328   0   0   2.383e+08   0   0
10.4   0.3309   0.9566   0   0   2.383e+08   0   0
10.5   0.3309   0.9804   0   0   2.383e+08   0   0
10.6   0.3309   1.004   0   0   2.383e+08   0   0
10.7   0.3309   1.028   0   0   2.383e+08   0   0
10.8   0.3309   1.052   0   0   2.383e+08   0   0
10.9   0.3309   1.076   0   0   2.383e+08   0   0
11   0.3309   1.1   0   0   2.383e+08   0   0
11.1   0.3314   1.123   -0.001771   0   2.328e+08   -5.114e+07   0
11.2   0.3321   1.145   -0.0105   0   2.053e+08   -1.214e+08   0
11.3   0.3329   1.164   -0.0257   0   1.572e+08   -1.795e+08   0
11.4   0.3336   1.176   -0.04585   0   9.342e+07   -2.197e+08   0
11.5   0.3343   1.182   -0.06893   0   2.032e+07   -2.38e+08   0
11.6   0.3351   1.18   -0.09265   0   -5.481e+07   -2.326e+08   0
11.7   0.3358   1.171   -0.1147   0   -1.245e+08   -2.041e+08   0
11.8   0.3366   1.156   -0.1328   0   -1.819e+08   -1.553e+08   0
11.9   0.3373   1.135   -0.1452   0   -2.212e+08   -9.12e+07   0
12   0.338   1.112   -0.1506   0   -2.387e+08   -1.805e+07   0
12.1   0.3386   1.088   -0.1488   0   -2.363e+08   3.914e+07   0
12.2   0.3386   1.065   -0.1449   0   -2.363e+08   3.914e+07   0
12.3   0.3386   1.041   -0.141   0   -2.363e+08   3.914e+07   0
12.4   0.3386   1.017   -0.1371   0   -2.363e+08   3.914e+07   0
12.5   0.3386   0.9937   -0.1332   0   -2.363e+08   3.914e+07   0
12.6   0.3386   0.9701   -0.1293   0   -2.363e+08   3.914e+07   0
12.7   0.3386   0.9464   -0.1254   0   -2.363e+08   3.914e+07   0
12.8   0.3386   0.9228   -0.1215   0   -2.363e+08   3.914e+07   0
12.9   0.3386   0.8992   -0.1175   0   -2.363e+08   3.914e+07   0
13   0.3386   0.8756   -0.1136   0   -2.363e+08   3.914e+07   0
13.1   0.3386   0.8519   -0.1097   0   -2.363e+08   3.914e+07   0
13.2   0.3386   0.8283   -0.1058   0   -2.363e+08   3.914e+07   0
13.3   0.3386   0.8047   -0.1019   0   -2.363e+08   3.914e+07   0
13.4   0.3386   0.781   -0.09797   0   -2.363e+08   3.914e+07   0
13.5   0.3386   0.7574   -0.09405   0   -2.363e+08   3.914e+07   0
13.6   0.3397   0.7338   -0.09014   0   -2.365e+08   3.915e+07   0
13.7   0.3414   0.7101   -0.08622   0   -2.367e+08   3.916e+07   0
13.8   0.3428   0.6864   -0.08231   0   -2.37e+08   3.917e+07   0
13.9   0.3438   0.6627   -0.07839   0   -2.371e+08   3.918e+07   0
14   0.3444   0.639   -0.07447   0   -2.372e+08   3.918e+07   0
14.1   0.3446   0.6153   -0.07055   0   -2.372e+08   3.918e+07   0
14.2   0.3442   0.5916   -0.06663   0   -2.372e+08   3.918e+07   0
14.3   0.3434   0.5679   -0.06272   0   -2.37e+08   3.918e+07   0
14.4   0.342   0.5442   -0.0588   0   -2.368e+08   3.918e+07   0
14.5   0.34   0.5205   -0.05488   0   -2.365e+08   3.917e+07   0
14.6   0.3374   0.4969   -0.05096   0   -2.361e+08   3.918e+07   0
14.7   0.3341   0.4733   -0.04705   0   -2.355e+08   3.918e+07   0
14.8   0.3301   0.4498   -0.04313   0   -2.349e+08   3.919e+07   0
14.9   0.3252   0.4263   -0.03921   0   -2.34e+08   3.921e+07   0
15   0.3196   0.403   -0.03528   0   -2.331e+08   3.925e+07   0
15.1   0.313   0.3797   -0.03136   0   -2.319e+08   3.93e+07   0
15.2   0.3055   0.3566   -0.02742   0   -2.305e+08   3.938e+07   0
15.3   0.2969   0.3336   -0.02348   0   -2.288e+08   3.95e+07   0
15.4   0.2872   0.3108   -0.01952   0   -2.269e+08   3.966e+07   0
15.5   0.2762   0.2883   -0.01554   0   -2.245e+08   3.99e+07   0
15.6   0.264   0.266   -0.01154   0   -2.218e+08   4.022e+07   0
15.7   0.2503   0.2439   -0.007494   0   -2.185e+08   4.067e+07   0
15.8   0.2351   0.2223   -0.003397   0   -2.145e+08   4.13e+07   0
15.9   0.2182   0.2011   0.0007766   0   -2.097e+08   4.22e+07   0
16   0.2069   0.1803   0.005047   0   -2.061e+08   4.294e+07   0
16.1   0.2069   0.1597   0.009341   0   -2.061e+08   4.294e+07   0
16.2   0.2069   0.1391   0.01364   0   -2.061e+08   4.294e+07   0
16.3   0.2069   0.1185   0.01793   0   -2.061e+08   4.294e+07   0
16.4   0.2069   0.09789   0.02222   0   -2.061e+08   4.294e+07   0
16.5   0.2069   0.07727   0.02652   0   -2.061e+08   4.294e+07   0
16.6   0.2069   0.05666   0.03081   0   -2.061e+08   4.294e+07   0
16.7   0.2069   0.03604   0.03511   0   -2.061e+08   4.294e+07   0
16.8   0.2069   0.01543   0.0394   0   -2.061e+08   4.294e+07   0
16.9   0.2069   -0.005185   0.04369   0   -2.061e+08   4.294e+07   0
17   0.2069   -0.0258   0.04799   0   -2.061e+08   4.294e+07   0
17.1   0.2069   -0.04642   0.05228   0   -2.061e+08   4.294e+07   0
17.2   0.2069   -0.06703   0.05658   0   -2.061e+08   4.294e+07   0
17.3   0.2069   -0.08765   0.06087   0   -2.061e+08   4.294e+07   0
17.4   0.2069   -0.1083   0.06516   0   -2.061e+08   4.294e+07   0
17.5   0.2069   -0.1289   0.06946   0   -2.061e+08   4.294e+07   0
17.6   0.2069   -0.1495   0.07375   0   -2.061e+08   4.294e+07   0
17.7   0.2069   -0.1701   0.07805   0   -2.061e+08   4.294e+07   0
17.8   0.2179   -0.1909   0.08244   0   -2.09e+08   4.494e+07   0
17.9   0.2277   -0.2119   0.08702   0   -2.114e+08   4.654e+07   0
18   0.2359   -0.2331   0.09174   0   -2.134e+08   4.775e+07   0
18.1   0.2426   -0.2546   0.09656   0   -2.149e+08   4.865e+07   0
18.2   0.248   -0.2761   0.1015   0   -2.161e+08   4.932e+07   0
18.3   0.2522   -0.2978   0.1064   0   -2.17e+08   4.982e+07   0
18.4   0.2554   -0.3195   0.1114   0   -2.177e+08   5.017e+07   0
18.5   0.2576   -0.3413   0.1164   0   -2.182e+08   5.04e+07   0
18.6   0.2589   -0.3631   0.1215   0   -2.185e+08   5.054e+07   0
18.7   0.2595   -0.385   0.1266   0   -2.186e+08   5.06e+07   0
18.8   0.2594   -0.4069   0.1316   0   -2.186e+08   5.059e+07   0
18.9   0.2587   -0.4287   0.1367   0   -2.184e+08   5.052e+07   0
19   0.2574   -0.4505   0.1417   0   -2.182e+08   5.04e+07   0
19.1   0.2557   -0.4723   0.1467   0   -2.178e+08   5.024e+07   0
19.2   0.2535   -0.4941   0.1518   0   -2.173e+08   5.004e+07   0
19.3   0.2509   -0.5158   0.1568   0   -2.167e+08   4.981e+07   0
19.4   0.2479   -0.5374   0.1617   0   -2.16e+08   4.955e+07   0
19.5   0.2447   -0.559   0.1667   0   -2.153e+08   4.926e+07   0
19.6   0.2412   -0.5805   0.1716   0   -2.145e+08   4.895e+07   0
19.7   0.2375   -0.6019   0.1765   0   -2.136e+08   4.862e+07   0
19.8   0.2336   -0.6232   0.1813   0   -2.126e+08   4.827e+07   0
19.9   0.2295   -0.6444   0.1861   0   -2.116e+08   4.79e+07   0
20   0.2253   -0.6655   0.1909   0   -2.105e+08   4.752e+07   0
20.1   0.221   -0.6865   0.1956   0   -2.094e+08   4.712e+07   0
20.2   0.2167   -0.7074   0.2003   0   -2.083e+08   4.672e+07   0
20.3   0.213   -0.7282   0.205   0   -2.072e+08   4.637e+07   0
20.4   0.213   -0.7489   0.2096   0   -2.072e+08   4.637e+07   0
20.5   0.213   -0.7696   0.2142   0   -2.072e+08   4.637e+07   0
20.6   0.213   -0.7903   0.2189   0   -2.072e+08   4.637e+07   0
20.7   0.213   -0.8111   0.2235   0   -2.072e+08   4.637e+07   0
20.8   0.213   -0.8318   0.2281   0   -2.072e+08   4.637e+07   0
20.9   0.213   -0.8525   0.2328   0   -2.072e+08   4.637e+07   0
21   0.213   -0.8732   0.2374   0   -2.072e+08   4.637e+07   0
21.1   0.213   -0.894   0.242   0   -2.072e+08   4.637e+07   0
21.2   0.213   -0.9147   0.2467   0   -2.072e+08   4.637e+07   0
21.3   0.213   -0.9354   0.2513   0   -2.072e+08   4.637e+07   0
21.4   0.213   -0.9561   0.256   0   -2.072e+08   4.637e+07   0
21.5   0.213   -0.9769   0.2606   0   -2.072e+08   4.637e+07   0
21.6   0.213   -0.9976   0.2652   0   -2.072e+08   4.637e+07   0
21.7   0.213   -1.018   0.2699   0   -2.072e+08   4.637e+07   0
21.8   0.213   -1.039   0.2745   0   -2.072e+08   4.637e+07   0
21.9   0.213   -1.06   0.2791   0   -2.072e+08   4.637e+07   0
22   0.213   -1.08   0.2838   0   -2.072e+08   4.637e+07   0
22.1   0.213   -1.101   0.2884   0   -2.072e+08   4.637e+07   0
22.2   0.2136   -1.121   0.2955   0   -1.797e+08   1.136e+08   0
22.3   0.2144   -1.136   0.3108   0   -1.064e+08   1.843e+08   0
22.4   0.2153   -1.141   0.331   0   -8.675e+06   2.129e+08   0
22.5   0.2162   -1.137   0.3517   0   9.115e+07   1.928e+08   0
22.6   0.217   -1.124   0.3681   0   1.703e+08   1.288e+08   0
22.7   0.2179   -1.104   0.3764   0   2.108e+08   3.539e+07   0
22.8   0.2187   -1.083   0.3748   0   2.051e+08   -6.125e+07   0
22.9   0.2187   -1.063   0.3687   0   2.051e+08   -6.125e+07   0
23   0.2187   -1.042   0.3625   0   2.051e+08   -6.125e+07   0
23.1   0.2187   -1.022   0.3564   0   2.051e+08   -6.125e+07   0
23.2   0.2187   -1.001   0.3503   0   2.051e+08   -6.125e+07   0
23.3   0.2187   -0.9807   0.3442   0   2.051e+08   -6.125e+07   0
23.4   0.2187   -0.9602   0.338   0   2.051e+08   -6.125e+07   0
23.5   0.2187   -0.9397   0.3319   0   2.051e+08   -6.125e+07   0
23.6   0.2187   -0.9192   0.3258   0   2.051e+08   -6.125e+07   0
23.7   0.2187   -0.8987   0.3197   0   2.051e+08   -6.125e+07   0
23.8   0.2187   -0.8782   0.3135   0   2.051e+08   -6.125e+07   0
23.9   0.2187   -0.8577   0.3074   0   2.051e+08   -6.125e+07   0
24   0.2187   -0.8372   0.3013   0   2.051e+08   -6.125e+07   0
24.1   0.2187   -0.8167   0.2952   0   2.051e+08   -6.125e+07   0
24.2   0.2187   -0.7961   0.289   0   2.051e+08   -6.125e+07   0
24.3   0.2187   -0.7756   0.2829   0   2.051e+08   -6.125e+07   0
24.4   0.2187   -0.7551   0.2768   0   2.051e+08   -6.125e+07   0
24.5   0.2187   -0.7346   0.2707   0   2.051e+08   -6.125e+07   0
24.6   0.2187   -0.7141   0.2645   0   2.051e+08   -6.125e+07   0
24.7   0.2164   -0.6936   0.2584   0   2.045e+08   -6.098e+07   0
24.8   0.2122   -0.6732   0.2523   0   2.033e+08   -6.048e+07   0
24.9   0.2077   -0.653   0.2463   0   2.021e+08   -5.992e+07   0
25   0.2029   -0.6328   0.2404   0   2.008e+08   -5.93e+07   0
25.1   0.1979   -0.6128   0.2345   0   1.993e+08   -5.862e+07   0
25.2   0.1925   -0.593   0.2286   0   1.978e+08   -5.788e+07   0
25.3   0.1869   -0.5733   0.2229   0   1.96e+08   -5.706e+07   0
25.4   0.181   -0.5538   0.2172   0   1.942e+08   -5.618e+07   0
25.5   0.1749   -0.5344   0.2117   0   1.922e+08   -5.522e+07   0
25.6   0.1686   -0.5153   0.2062   0   1.901e+08   -5.417e+07   0
25.7   0.1622   -0.4964   0.2008   0   1.878e+08   -5.304e+07   0
25.8   0.1556   -0.4778   0.1956   0   1.854e+08   -5.182e+07   0
25.9   0.1488   -0.4594   0.1905   0   1.828e+08   -5.051e+07   0
26   0.142   -0.4412   0.1855   0   1.801e+08   -4.91e+07   0
26.1   0.1351   -0.4234   0.1807   0   1.772e+08   -4.759e+07   0
26.2   0.1282   -0.4058   0.176   0   1.742e+08   -4.598e+07   0
26.3   0.1214   -0.3885   0.1715   0   1.71e+08   -4.426e+07   0
26.4   0.1146   -0.3716   0.1671   0   1.677e+08   -4.243e+07   0
26.5   0.1079   -0.355   0.163   0   1.642e+08   -4.05e+07   0
26.6   0.1014   -0.3388   0.159   0   1.607e+08   -3.847e+07   0
26.7   0.09503   -0.3229   0.1553   0   1.57e+08   -3.635e+07   0
26.8   0.08893   -0.3074   0.1518   0   1.533e+08   -3.414e+07   0
26.9   0.08312   -0.2922   0.1485   0   1.496e+08   -3.185e+07   0
27   0.07763   -0.2775   0.1454   0   1.459e+08   -2.95e+07   0
27.1   0.07251   -0.2631   0.1426   0   1.422e+08   -2.712e+07   0
27.2   0.0678   -0.249   0.14   0   1.386e+08   -2.473e+07   0
27.3   0.06352   -0.2353   0.1376   0   1.352e+08   -2.237e+07   0
27.4   0.05971   -0.222   0.1355   0   1.32e+08   -2.007e+07   0
27.5   0.0564   -0.2089   0.1336   0   1.291e+08   -1.788e+07   0
27.6   0.0536   -0.1962   0.1319   0   1.265e+08   -1.587e+07   0
27.7   0.05134   -0.1836   0.1304   0   1.244e+08   -1.41e+07   0
27.8   0.04964   -0.1713   0.1291   0   1.227e+08   -1.265e+07   0
27.9   0.04852   -0.1591   0.1279   0   1.216e+08   -1.161e+07   0
28   0.04799   -0.1469   0.1268   0   1.21e+08   -1.108e+07   0
28.1   0.04796   -0.1348   0.1257   0   1.21e+08   -1.106e+07   0
28.2   0.04796   -0.1227   0.1245   0   1.21e+08   -1.106e+07   0
28.3   0.04796   -0.1106   0.1234   0   1.21e+08   -1.106e+07   0
28.4   0.04796   -0.09854   0.1223   0   1.21e+08   -1.106e+07   0
28.5   0.04796   -0.08644   0.1212   0   1.21e+08   -1.106e+07   0
28.6   0.04796   -0.07434   0.1201   0   1.21e+08   -1.106e+07   0
28.7   0.04796   -0.06224   0.119   0   1.21e+08   -1.106e+07   0
28.8   0.04796   -0.05014   0.1179   0   1.21e+08   -1.106e+07   0
28.9   0.04796   -0.03805   0.1168   0   1.21e+08   -1.106e+07   0
29   0.04796   -0.02595   0.1157   0   1.21e+08   -1.106e+07   0
29.1   0.04796   -0.01385   0.1146   0   1.21e+08   -1.106e+07   0
29.2   0.04796   -0.001747   0.1135   0   1.21e+08   -1.106e+07   0
29.3   0.04796   0.01035   0.1124   0   1.21e+08   -1.106e+07   0
29.4   0.04796   0.02245   0.1113   0   1.21e+08   -1.106e+07   0
29.5   0.04796   0.03455   0.1102   0   1.21e+08   -1.106e+07   0
29.6   0.04796   0.04665   0.1091   0   1.21e+08   -1.106e+07   0
29.7   0.04796   0.05875   0.108   0   1.21e+08   -1.106e+07   0
29.8   0.04796   0.07085   0.1069   0   1.21e+08   -1.106e+07   0
29.9   0.04796   0.08295   0.1057   0   1.21e+08   -1.106e+07   0
30   0.04796   0.09505   0.1046   0   1.21e+08   -1.106e+07   0
30.1   0.04796   0.1071   0.1035   0   1.21e+08   -1.106e+07   0
30.2   0.04796   0.1192   0.1024   0   1.21e+08   -1.106e+07   0
30.3   0.04796   0.1313   0.1013   0   1.21e+08   -1.106e+07   0
30.4   0.04796   0.1434   0.1002   0   1.21e+08   -1.106e+07   0
30.5   0.04796   0.1555   0.09912   0   1.21e+08   -1.106e+07   0
30.6   0.04268   0.1674   0.09786   0   1.143e+08   -1.585e+07   0
30.7   0.03506   0.1783   0.0959   0   1.031e+08   -2.328e+07   0
30.8   0.02877   0.188   0.09322   0   9.178e+07   -3.002e+07   0
30.9   0.02367   0.1967   0.08991   0   8.048e+07   -3.61e+07   0
31   0.01964   0.2041   0.08602   0   6.929e+07   -4.156e+07   0
31.1   0.01656   0.2105   0.08161   0   5.829e+07   -4.642e+07   0
31.2   0.01432   0.2158   0.07675   0   4.757e+07   -5.07e+07   0
31.3   0.01282   0.22   0.07149   0   3.718e+07   -5.443e+07   0
31.4   0.01195   0.2232   0.06588   0   2.721e+07   -5.763e+07   0
31.5   0.01163   0.2255   0.05997   0   1.77e+07   -6.034e+07   0
31.6   0.01175   0.2268   0.05382   0   8.72e+06   -6.259e+07   0
31.7   0.01222   0.2272   0.04747   0   3.161e+05   -6.441e+07   0
31.8   0.01296   0.2269   0.04095   0   -7.466e+06   -6.584e+07   0
31.9   0.01388   0.2257   0.03431   0   -1.458e+07   -6.691e+07   0
32   0.0149   0.224   0.02758   0   -2.099e+07   -6.767e+07   0
32.1   0.01594   0.2216   0.02078   0   -2.666e+07   -6.816e+07   0
32.2   0.01694   0.2186   0.01395   0   -3.154e+07   -6.842e+07   0
32.3   0.01784   0.2153   0.007106   0   -3.56e+07   -6.851e+07   0
32.4   0.01857   0.2116   0.0002563   0   -3.88e+07   -6.847e+07   0
32.5   0.01911   0.2075   -0.006586   0   -4.109e+07   -6.837e+07   0
32.6   0.01942   0.2034   -0.01342   0   -4.245e+07   -6.826e+07   0
32.7   0.01951   0.1991   -0.02024   0   -4.283e+07   -6.822e+07   0
32.8   0.01938   0.1948   -0.02707   0   -4.219e+07   -6.832e+07   0
32.9   0.01908   0.1907   -0.03391   0   -4.052e+07   -6.863e+07   0
33   0.01866   0.1868   -0.0408   0   -3.78e+07   -6.923e+07   0
33.1   0.01823   0.1832   -0.04777   0   -3.403e+07   -7.02e+07   0
33.2   0.01793   0.18   -0.05486   0   -2.971e+07   -7.146e+07   0
33.3   0.01793   0.177   -0.062   0   -2.971e+07   -7.146e+07   0
33.4   0.01793   0.1741   -0.06915   0   -2.971e+07   -7.146e+07   0
33.5   0.01793   0.1711   -0.0763   0   -2.971e+07   -7.146e+07   0
33.6   0.01793   0.1681   -0.08344   0   -2.971e+07   -7.146e+07   0
33.7   0.018   0.1651   -0.09059   0   -2.854e+07   -7.209e+07   0
33.8   0.01904   0.1628   -0.09806   0   -1.925e+07   -7.726e+07   0
33.9   0.02107   0.1613   -0.1061   0   -9.642e+06   -8.297e+07   0
34   0.02419   0.1608   -0.1147   0   7.07e+04   -8.91e+07   0
34.1   0.02841   0.1613   -0.1239   0   9.68e+06   -9.552e+07   0
34.2   0.03371   0.1628   -0.1338   0   1.9e+07   -1.021e+08   0
34.3   0.04001   0.1651   -0.1443   0   2.789e+07   -1.086e+08   0
34.4   0.04718   0.1683   -0.1555   0   3.623e+07   -1.151e+08   0
34.5   0.05507   0.1724   -0.1673   0   4.397e+07   -1.213e+08   0
34.6   0.06355   0.1771   -0.1798   0   5.108e+07   -1.272e+08   0
34.7   0.07244   0.1826   -0.1928   0   5.755e+07   -1.327e+08   0
34.8   0.0816   0.1886   -0.2063   0   6.341e+07   -1.379e+08   0
34.9   0.0909   0.1952   -0.2203   0   6.869e+07   -1.428e+08   0
35   0.1002   0.2023   -0.2348   0   7.342e+07   -1.472e+08   0
35.1   0.1095   0.2099   -0.2498   0   7.766e+07   -1.513e+08   0
35.2   0.1185   0.2179   -0.2651   0   8.145e+07   -1.55e+08   0
35.3   0.1274   0.2262   -0.2808   0   8.483e+07   -1.584e+08   0
35.4   0.1359   0.2348   -0.2968   0   8.785e+07   -1.615e+08   0
35.5   0.1441   0.2437   -0.3131   0   9.053e+07   -1.643e+08   0
35.6   0.1519   0.2529   -0.3296   0   9.292e+07   -1.668e+08   0
35.7   0.1592   0.2623   -0.3464   0   9.504e+07   -1.691e+08   0
35.8   0.1662   0.2719   -0.3634   0   9.693e+07   -1.712e+08   0
35.9   0.1726   0.2817   -0.3806   0   9.859e+07   -1.73e+08   0
36   0.1786   0.2916   -0.398   0   1.001e+08   -1.747e+08   0
36.1   0.1842   0.3017   -0.4156   0   1.014e+08   -1.762e+08   0
36.2   0.1892   0.3119   -0.4333   0   1.025e+08   -1.775e+08   0
36.3   0.1938   0.3222   -0.4511   0   1.035e+08   -1.786e+08   0
36.4   0.1979   0.3326   -0.469   0   1.044e+08   -1.797e+08   0
36.5   0.2015   0.3431   -0.487   0   1.051e+08   -1.805e+08   0
36.6   0.2046   0.3536   -0.5051   0   1.057e+08   -1.813e+08   0
36.7   0.2073   0.3642   -0.5233   0   1.063e+08   -1.82e+08   0
36.8   0.2096   0.3749   -0.5415   0   1.067e+08   -1.825e+08   0
36.9   0.2115   0.3856   -0.5598   0   1.07e+08   -1.829e+08   0
37   0.2129   0.3963   -0.5781   0   1.073e+08   -1.832e+08   0
37.1   0.214   0.407   -0.5964   0   1.075e+08   -1.835e+08   0
37.2   0.2146   0.4178   -0.6148   0   1.076e+08   -1.836e+08   0
37.3   0.2148   0.4285   -0.6331   0   1.076e+08   -1.837e+08   0
37.4   0.2148   0.4393   -0.6515   0   1.076e+08   -1.837e+08   0
37.5   0.2148   0.4501   -0.6699   0   1.076e+08   -1.837e+08   0
37.6   0.2148   0.4608   -0.6882   0   1.076e+08   -1.837e+08   0
37.7   0.2148   0.4716   -0.7066   0   1.076e+08   -1.837e+08   0
37.8   0.2148   0.4824   -0.725   0   1.076e+08   -1.837e+08   0
37.9   0.2148   0.4931   -0.7433   0   1.076e+08   -1.837e+08   0
38   0.2148   0.5039   -0.7617   0   1.076e+08   -1.837e+08   0
38.1   0.2148   0.5146   -0.7801   0   1.076e+08   -1.837e+08   0
38.2   0.2148   0.5254   -0.7984   0   1.076e+08   -1.837e+08   0
38.3   0.2148   0.5362   -0.8168   0   1.076e+08   -1.837e+08   0
38.4   0.2148   0.5469   -0.8352   0   1.076e+08   -1.837e+08   0
38.5   0.2148   0.5577   -0.8536   0   1.076e+08   -1.837e+08   0
38.6   0.2148   0.5685   -0.8719   0   1.076e+08   -1.837e+08   0
38.7   0.2148   0.5792   -0.8903   0   1.076e+08   -1.837e+08   0
38.8   0.2148   0.59   -0.9087   0   1.076e+08   -1.837e+08   0
38.9   0.2148   0.6008   -0.927   0   1.076e+08   -1.837e+08   0
39   0.2148   0.6115   -0.9454   0   1.076e+08   -1.837e+08   0
39.1   0.2148   0.6223   -0.9638   0   1.076e+08   -1.837e+08   0
39.2   0.2148   0.6331   -0.9821   0   1.076e+08   -1.837e+08   0
39.3   0.2148   0.6438   -1   0   1.076e+08   -1.837e+08   0
39.4   0.2148   0.6546   -1.019   0   1.076e+08   -1.837e+08   0
39.5   0.2148   0.6653   -1.037   0   1.076e+08   -1.837e+08   0
39.6   0.2148   0.6761   -1.056   0   1.076e+08   -1.837e+08   0
39.7   0.2148   0.6869   -1.074   0   1.076e+08   -1.837e+08   0
39.8   0.2148   0.6976   -1.092   0   1.076e+08   -1.837e+08   0
39.9   0.2148   0.7084   -1.111   0   1.076e+08   -1.837e+08   0
40   0.2148   0.7192   -1.129   0   1.076e+08   -1.837e+08   0
40.1   0.2148   0.7299   -1.147   0   1.076e+08   -1.837e+08   0
40.2   0.2148   0.7407   -1.166   0   1.076e+08   -1.837e+08   0
40.3   0.2148   0.7515   -1.184   0   1.076e+08   -1.837e+08   0
40.4   0.2148   0.7622   -1.203   0   1.076e+08   -1.837e+08   0
40.5   0.2148   0.773   -1.221   0   1.076e+08   -1.837e+08   0
40.6   0.2148   0.7838   -1.239   0   1.076e+08   -1.837e+08   0
40.7   0.2148   0.7945   -1.258   0   1.076e+08   -1.837e+08   0
40.8   0.2148   0.8053   -1.276   0   1.076e+08   -1.837e+08   0
40.9   0.2148   0.816   -1.294   0   1.076e+08   -1.837e+08   0
41   0.2148   0.8268   -1.313   0   1.076e+08   -1.837e+08   0
41.1   0.2148   0.8376   -1.331   0   1.076e+08   -1.837e+08   0
41.2   0.2148   0.8483   -1.349   0   1.076e+08   -1.837e+08   0
41.3   0.2148   0.8591   -1.368   0   1.076e+08   -1.837e+08   0
41.4   0.2148   0.8699   -1.386   0   1.076e+08   -1.837e+08   0
41.5   0.2148   0.8806   -1.405   0   1.076e+08   -1.837e+08   0
41.6   0.2148   0.8914   -1.423   0   1.076e+08   -1.837e+08   0
41.7   0.2148   0.9022   -1.441   0   1.076e+08   -1.837e+08   0
41.8   0.2148   0.9129   -1.46   0   1.076e+08   -1.837e+08   0
41.9   0.2148   0.9237   -1.478   0   1.076e+08   -1.837e+08   0
42   0.2148   0.9345   -1.496   0   1.076e+08   -1.837e+08   0
42.1   0.2148   0.9452   -1.515   0   1.076e+08   -1.837e+08   0
42.2   0.2148   0.956   -1.533   0   1.076e+08   -1.837e+08   0
42.3   0.2148   0.9667   -1.552   0   1.076e+08   -1.837e+08   0
42.4   0.2148   0.9775   -1.57   0   1.076e+08   -1.837e+08   0
42.5   0.2148   0.9883   -1.588   0   1.076e+08   -1.837e+08   0
42.6   0.2148   0.999   -1.607   0   1.076e+08   -1.837e+08   0
42.7   0.2148   1.01   -1.625   0   1.076e+08   -1.837e+08   0
42.8   0.2148   1.021   -1.643   0   1.076e+08   -1.837e+08   0
42.9   0.2148   1.031   -1.662   0   1.076e+08   -1.837e+08   0
43   0.2148   1.042   -1.68   0   1.076e+08   -1.837e+08   0
43.1   0.2148   1.053   -1.698   0   1.076e+08   -1.837e+08   0
43.2   0.2148   1.064   -1.717   0   1.076e+08   -1.837e+08   0
43.3   0.2148   1.074   -1.735   0   1.076e+08   -1.837e+08   0
43.4   0.2148   1.085   -1.754   0   1.076e+08   -1.837e+08   0
43.5   0.2148   1.096   -1.772   0   1.076e+08   -1.837e+08   0
43.6   0.2148   1.107   -1.79   0   1.076e+08   -1.837e+08   0
43.7   0.2148   1.117   -1.809   0   1.076e+08   -1.837e+08   0
43.8   0.2148   1.128   -1.827   0   1.076e+08   -1.837e+08   0
43.9   0.2148   1.139   -1.845   0   1.076e+08   -1.837e+08   0
44   0.2148   1.15   -1.864   0   1.076e+08   -1.837e+08   0
44.1   0.2148   1.161   -1.882   0   1.076e+08   -1.837e+08   0
44.2   0.2148   1.171   -1.901   0   1.076e+08   -1.837e+08   0
44.3   0.2148   1.182   -1.919   0   1.076e+08   -1.837e+08   0
44.4   0.2148   1.193   -1.937   0   1.076e+08   -1.837e+08   0
44.5   0.2148   1.204   -1.956   0   1.076e+08   -1.837e+08   0
44.6   0.2148   1.214   -1.974   0   1.076e+08   -1.837e+08   0
44.7   0.2148   1.225   -1.992   0   1.076e+08   -1.837e+08   0
44.8   0.2148   1.236   -2.011   0   1.076e+08   -1.837e+08   0
44.9   0.2148   1.247   -2.029   0   1.076e+08   -1.837e+08   0
45   0.2148   1.257   -2.047   0   1.076e+08   -1.837e+08   0
