0   0.04   -0.753   0   0   1.121e+08   0   0
0.1   0.04   -0.753   0   0   1.121e+08   0   0
0.2   0.04   -0.753   0   0   1.121e+08   0   0
0.3   0.04   -0.753   0   0   1.121e+08   0   0
0.4   0.04   -0.753   0   0   1.121e+08   0   0
0.5   0.04   -0.753   0   0   1.121e+08   0   0
0.6   0.04   -0.753   0   0   1.121e+08   0   0
0.7   0.04   -0.753   0   0   1.121e+08   0   0
0.8   0.04   -0.753   0   0   1.121e+08   0   0
0.9   0.04   -0.753   0   0   1.121e+08   0   0
1   0.04   -0.753   0   0   1.121e+08   0   0
1.1   0.04   -0.753   0   0   1.121e+08   0   0
1.2   0.04   -0.753   0   0   1.121e+08   0   0
1.3   0.04   -0.753   0   0   1.121e+08   0   0
1.4   0.04   -0.753   0   0   1.121e+08   0   0
1.5   0.04   -0.753   0   0   1.121e+08   0   0
1.6   0.04   -0.753   0   0   1.121e+08   0   0
1.7   0.04146   -0.7458   0   0   1.139e+08   0   0
1.8   0.04396   -0.7343   0   0   1.169e+08   0   0
1.9   0.04666   -0.7225   0   0   1.2e+08   0   0
2   0.04955   -0.7103   0   0   1.232e+08   0   0
2.1   0.05264   -0.6978   0   0   1.265e+08   0   0
2.2   0.05591   -0.685   0   0   1.298e+08   0   0
2.3   0.05938   -0.6718   0   0   1.332e+08   0   0
2.4   0.06304   -0.6583   0   0   1.366e+08   0   0
2.5   0.06687   -0.6445   0   0   1.4e+08   0   0
2.6   0.07088   -0.6303   0   0   1.434e+08   0   0
2.7   0.07505   -0.6158   0   0   1.468e+08   0   0
2.8   0.07937   -0.601   0   0   1.501e+08   0   0
2.9   0.08383   -0.5858   0   0   1.535e+08   0   0
3   0.08841   -0.5703   0   0   1.567e+08   0   0
3.1   0.09309   -0.5545   0   0   1.599e+08   0   0
3.2   0.09785   -0.5383   0   0   1.63e+08   0   0
3.3   0.1027   -0.5219   0   0   1.66e+08   0   0
3.4   0.1075   -0.5051   0   0   1.689e+08   0   0
3.5   0.1124   -0.4881   0   0   1.717e+08   0   0
3.6   0.1172   -0.4708   0   0   1.744e+08   0   0
3.7   0.1219   -0.4532   0   0   1.769e+08   0   0
3.8   0.1266   -0.4354   0   0   1.793e+08   0   0
3.9   0.1311   -0.4173   0   0   1.815e+08   0   0
4   0.1354   -0.3991   0   0   1.836e+08   0   0
4.1   0.1394   -0.3806   0   0   1.855e+08   0   0
4.2   0.1432   -0.362   0   0   1.872e+08   0   0
4.3   0.1465   -0.3432   0   0   1.887e+08   0   0
4.4   0.1495   -0.3243   0   0   1.899e+08   0   0
4.5   0.1519   -0.3052   0   0   1.91e+08   0   0
4.6   0.1537   -0.2861   0   0   1.917e+08   0   0
4.7   0.1548   -0.2669   0   0   1.922e+08   0   0
4.8   0.1551   -0.2477   0   0   1.923e+08   0   0
4.9   0.1544   -0.2284   0   0   1.92e+08   0   0
5   0.1526   -0.2093   0   0   1.913e+08   0   0
5.1   0.1495   -0.1902   0   0   1.899e+08   0   0
5.2   0.149   -0.1712   0   0   1.898e+08   0   0
5.3   0.149   -0.1523   0   0   1.898e+08   0   0
5.4   0.149   -0.1333   0   0   1.898e+08   0   0
5.5   0.149   -0.1143   0   0   1.898e+08   0   0
5.6   0.149   -0.09533   0   0   1.898e+08   0   0
5.7   0.149   -0.07635   0   0   1.898e+08   0   0
5.8   0.149   -0.05738   0   0   1.898e+08   0   0
5.9   0.149   -0.0384   0   0   1.898e+08   0   0
6   0.149   -0.01943   0   0   1.898e+08   0   0
6.1   0.149   -0.0004506   0   0   1.898e+08   0   0
6.2   0.149   0.01852   0   0   1.898e+08   0   0
6.3   0.149   0.0375   0   0   1.898e+08   0   0
6.4   0.149   0.05647   0   0   1.898e+08   0   0
6.5   0.149   0.07545   0   0   1.898e+08   0   0
6.6   0.149   0.09442   0   0   1.898e+08   0   0
6.7   0.149   0.1134   0   0   1.898e+08   0   0
6.8   0.149   0.1324   0   0   1.898e+08   0   0
6.9   0.149   0.1513   0   0   1.898e+08   0   0
7   0.149   0.1703   0   0   1.898e+08   0   0
7.1   0.1499   0.1893   0   0   1.901e+08   0   0
7.2   0.1676   0.2087   0   0   1.972e+08   0   0
7.3   0.1841   0.2287   0   0   2.032e+08   0   0
7.4   0.1994   0.2493   0   0   2.083e+08   0   0
7.5   0.2137   0.2704   0   0   2.126e+08   0   0
7.6   0.2269   0.2918   0   0   2.163e+08   0   0
7.7   0.239   0.3136   0   0   2.194e+08   0   0
7.8   0.2502   0.3357   0   0   2.222e+08   0   0
7.9   0.2604   0.358   0   0   2.246e+08   0   0
8   0.2697   0.3806   0   0   2.267e+08   0   0
8.1   0.2781   0.4033   0   0   2.285e+08   0   0
8.2   0.2858   0.4263   0   0   2.3e+08   0   0
8.3   0.2926   0.4493   0   0   2.314e+08   0   0
8.4   0.2987   0.4725   0   0   2.325e+08   0   0
8.5   0.304   0.4958   0   0   2.335e+08   0   0
8.6   0.3087   0.5192   0   0   2.344e+08   0   0
8.7   0.3127   0.5427   0   0   2.351e+08   0   0
8.8   0.3161   0.5663   0   0   2.357e+08   0   0
8.9   0.319   0.5899   0   0   2.362e+08   0   0
9   0.3212   0.6135   0   0   2.366e+08   0   0
9.1   0.323   0.6372   0   0   2.369e+08   0   0
9.2   0.3242   0.6609   0   0   2.371e+08   0   0
9.3   0.325   0.6846   0   0   2.373e+08   0   0
9.4   0.3254   0.7084   0   0   2.373e+08   0   0
9.5   0.3253   0.7321   0   0   2.373e+08   0   0
9.6   0.3249   0.7558   0   0   2.373e+08   0   0
9.7   0.3249   0.7795   0   0   2.373e+08   0   0
9.8   0.3249   0.8033   0   0   2.373e+08   0   0
9.9   0.3249   0.827   0   0   2.373e+08   0   0
10   0.3249   0.8507   0   0   2.373e+08   0   0
10.1   0.3249   0.8744   0   0   2.373e+08   0   0
10.2   0.3249   0.8982   0   0   2.373e+08   0   0
10.3   0.3249   0.9219   0   0   2.373e+08   0   0
10.4   0.3249   0.9456   0   0   2.373e+08   0   0
10.5   0.3249   0.9693   0   0   2.373e+08   0   0
10.6   0.3249   0.9931   0   0   2.373e+08   0   0
10.7   0.3249   1.017   0   0   2.373e+08   0   0
10.8   0.3249   1.041   0   0   2.373e+08   0   0
10.9   0.3249   1.064   0   0   2.373e+08   0   0
11   0.3249   1.088   0   0   2.373e+08   0   0
11.1   0.325   1.112   -0.0001444   0   2.368e+08   -1.443e+07   0
11.2   0.3258   1.135   -0.005361   0   2.204e+08   -8.829e+07   0
11.3   0.3265   1.155   -0.01757   0   1.815e+08   -1.532e+08   0
11.4   0.3272   1.17   -0.03554   0   1.243e+08   -2.026e+08   0
11.5   0.3279   1.179   -0.05744   0   5.441e+07   -2.315e+08   0
11.6   0.3287   1.181   -0.08106   0   -2.095e+07   -2.37e+08   0
11.7   0.3294   1.175   -0.104   0   -9.421e+07   -2.186e+08   0
11.8   0.3301   1.162   -0.124   0   -1.58e+08   -1.782e+08   0
11.9   0.3308   1.144   -0.139   0   -2.059e+08   -1.198e+08   0
12   0.3316   1.122   -0.1475   0   -2.332e+08   -4.947e+07   0
12.1   0.3323   1.098   -0.1487   0   -2.371e+08   2.586e+07   0
12.2   0.3324   1.075   -0.1449   0   -2.354e+08   3.861e+07   0
12.3   0.3324   1.051   -0.141   0   -2.354e+08   3.861e+07   0
12.4   0.3324   1.028   -0.1372   0   -2.354e+08   3.861e+07   0
12.5   0.3324   1.004   -0.1333   0   -2.354e+08   3.861e+07   0
12.6   0.3324   0.9805   -0.1295   0   -2.354e+08   3.861e+07   0
12.7   0.3324   0.9569   -0.1256   0   -2.354e+08   3.861e+07   0
12.8   0.3324   0.9334   -0.1217   0   -2.354e+08   3.861e+07   0
12.9   0.3324   0.9099   -0.1179   0   -2.354e+08   3.861e+07   0
13   0.3324   0.8863   -0.114   0   -2.354e+08   3.861e+07   0
13.1   0.3324   0.8628   -0.1101   0   -2.354e+08   3.861e+07   0
13.2   0.3324   0.8393   -0.1063   0   -2.354e+08   3.861e+07   0
13.3   0.3324   0.8157   -0.1024   0   -2.354e+08   3.861e+07   0
13.4   0.3324   0.7922   -0.09857   0   -2.354e+08   3.861e+07   0
13.5   0.3324   0.7686   -0.0947   0   -2.354e+08   3.861e+07   0
13.6   0.3326   0.7451   -0.09084   0   -2.354e+08   3.862e+07   0
13.7   0.3343   0.7216   -0.08698   0   -2.357e+08   3.863e+07   0
13.8   0.3356   0.698   -0.08312   0   -2.359e+08   3.864e+07   0
13.9   0.3366   0.6744   -0.07925   0   -2.36e+08   3.865e+07   0
14   0.3372   0.6508   -0.07539   0   -2.361e+08   3.865e+07   0
14.1   0.3373   0.6272   -0.07152   0   -2.362e+08   3.865e+07   0
14.2   0.337   0.6035   -0.06766   0   -2.361e+08   3.865e+07   0
14.3   0.3362   0.5799   -0.06379   0   -2.36e+08   3.865e+07   0
14.4   0.3348   0.5564   -0.05993   0   -2.358e+08   3.864e+07   0
14.5   0.3329   0.5328   -0.05607   0   -2.354e+08   3.864e+07   0
14.6   0.3304   0.5093   -0.0522   0   -2.35e+08   3.864e+07   0
14.7   0.3272   0.4858   -0.04834   0   -2.345e+08   3.864e+07   0
14.8   0.3232   0.4624   -0.04447   0   -2.338e+08   3.865e+07   0
14.9   0.3186   0.439   -0.04061   0   -2.33e+08   3.866e+07   0
15   0.3131   0.4158   -0.03674   0   -2.32e+08   3.869e+07   0
15.1   0.3068   0.3926   -0.03287   0   -2.308e+08   3.874e+07   0
15.2   0.2995   0.3696   -0.02899   0   -2.294e+08   3.88e+07   0
15.3   0.2913   0.3468   -0.02511   0   -2.278e+08   3.89e+07   0
15.4   0.282   0.3241   -0.02121   0   -2.259e+08   3.904e+07   0
15.5   0.2716   0.3016   -0.0173   0   -2.236e+08   3.924e+07   0
15.6   0.2599   0.2794   -0.01336   0   -2.21e+08   3.951e+07   0
15.7   0.247   0.2574   -0.00939   0   -2.178e+08   3.989e+07   0
15.8   0.2326   0.2358   -0.005375   0   -2.14e+08   4.042e+07   0
15.9   0.2168   0.2147   -0.001297   0   -2.095e+08   4.117e+07   0
16   0.1994   0.194   0.00287   0   -2.039e+08   4.222e+07   0
16.1   0.194   0.1737   0.007125   0   -2.021e+08   4.26e+07   0
16.2   0.194   0.1535   0.01138   0   -2.021e+08   4.26e+07   0
16.3   0.194   0.1333   0.01565   0   -2.021e+08   4.26e+07   0
16.4   0.194   0.1131   0.01991   0   -2.021e+08   4.26e+07   0
16.5   0.194   0.0929   0.02417   0   -2.021e+08   4.26e+07   0
16.6   0.194   0.07268   0.02843   0   -2.021e+08   4.26e+07   0
16.7   0.194   0.05247   0.03269   0   -2.021e+08   4.26e+07   0
16.8   0.194   0.03226   0.03695   0   -2.021e+08   4.26e+07   0
16.9   0.194   0.01205   0.04121   0   -2.021e+08   4.26e+07   0
17   0.194   -0.00816   0.04547   0   -2.021e+08   4.26e+07   0
17.1   0.194   -0.02837   0.04973   0   -2.021e+08   4.26e+07   0
17.2   0.194   -0.04858   0.05399   0   -2.021e+08   4.26e+07   0
17.3   0.194   -0.06879   0.05825   0   -2.021e+08   4.26e+07   0
17.4   0.194   -0.089   0.06251   0   -2.021e+08   4.26e+07   0
17.5   0.194   -0.1092   0.06677   0   -2.021e+08   4.26e+07   0
17.6   0.194   -0.1294   0.07103   0   -2.021e+08   4.26e+07   0
17.7   0.194   -0.1496   0.07529   0   -2.021e+08   4.26e+07   0
17.8   0.194   -0.1698   0.07955   0   -2.021e+08   4.26e+07   0
17.9   0.2041   -0.1902   0.08391   0   -2.049e+08   4.457e+07   0
18   0.2128   -0.2108   0.08845   0   -2.072e+08   4.609e+07   0
18.1   0.2199   -0.2316   0.09312   0   -2.091e+08   4.722e+07   0
18.2   0.2255   -0.2526   0.09788   0   -2.105e+08   4.806e+07   0
18.3   0.23   -0.2737   0.1027   0   -2.116e+08   4.866e+07   0
18.4   0.2333   -0.2949   0.1076   0   -2.124e+08   4.909e+07   0
18.5   0.2356   -0.3162   0.1125   0   -2.129e+08   4.937e+07   0
18.6   0.237   -0.3375   0.1175   0   -2.133e+08   4.954e+07   0
18.7   0.2376   -0.3588   0.1224   0   -2.134e+08   4.961e+07   0
18.8   0.2375   -0.3802   0.1274   0   -2.134e+08   4.96e+07   0
18.9   0.2368   -0.4015   0.1324   0   -2.132e+08   4.952e+07   0
19   0.2355   -0.4228   0.1373   0   -2.129e+08   4.938e+07   0
19.1   0.2336   -0.4441   0.1422   0   -2.124e+08   4.919e+07   0
19.2   0.2314   -0.4653   0.1471   0   -2.119e+08   4.895e+07   0
19.3   0.2287   -0.4864   0.152   0   -2.112e+08   4.868e+07   0
19.4   0.2257   -0.5075   0.1569   0   -2.104e+08   4.837e+07   0
19.5   0.2223   -0.5285   0.1617   0   -2.096e+08   4.803e+07   0
19.6   0.2187   -0.5494   0.1665   0   -2.086e+08   4.767e+07   0
19.7   0.2149   -0.5703   0.1712   0   -2.076e+08   4.728e+07   0
19.8   0.2109   -0.591   0.1759   0   -2.065e+08   4.687e+07   0
19.9   0.2068   -0.6116   0.1806   0   -2.053e+08   4.644e+07   0
20   0.2025   -0.632   0.1852   0   -2.041e+08   4.599e+07   0
20.1   0.1981   -0.6524   0.1898   0   -2.028e+08   4.553e+07   0
20.2   0.1937   -0.6726   0.1943   0   -2.015e+08   4.505e+07   0
20.3   0.1892   -0.6927   0.1988   0   -2.001e+08   4.457e+07   0
20.4   0.1848   -0.7126   0.2032   0   -1.986e+08   4.408e+07   0
20.5   0.1821   -0.7324   0.2076   0   -1.978e+08   4.378e+07   0
20.6   0.1821   -0.7522   0.212   0   -1.978e+08   4.378e+07   0
20.7   0.1821   -0.772   0.2164   0   -1.978e+08   4.378e+07   0
20.8   0.1821   -0.7917   0.2208   0   -1.978e+08   4.378e+07   0
20.9   0.1821   -0.8115   0.2251   0   -1.978e+08   4.378e+07   0
21   0.1821   -0.8313   0.2295   0   -1.978e+08   4.378e+07   0
21.1   0.1821   -0.8511   0.2339   0   -1.978e+08   4.378e+07   0
21.2   0.1821   -0.8708   0.2383   0   -1.978e+08   4.378e+07   0
21.3   0.1821   -0.8906   0.2427   0   -1.978e+08   4.378e+07   0
21.4   0.1821   -0.9104   0.247   0   -1.978e+08   4.378e+07   0
21.5   0.1821   -0.9302   0.2514   0   -1.978e+08   4.378e+07   0
21.6   0.1821   -0.9499   0.2558   0   -1.978e+08   4.378e+07   0
21.7   0.1821   -0.9697   0.2602   0   -1.978e+08   4.378e+07   0
21.8   0.1821   -0.9895   0.2645   0   -1.978e+08   4.378e+07   0
21.9   0.1821   -1.009   0.2689   0   -1.978e+08   4.378e+07   0
22   0.1821   -1.029   0.2733   0   -1.978e+08   4.378e+07   0
22.1   0.1821   -1.049   0.2777   0   -1.978e+08   4.378e+07   0
22.2   0.1821   -1.069   0.2821   0   -1.978e+08   4.378e+07   0
22.3   0.1821   -1.088   0.2864   0   -1.978e+08   4.378e+07   0
22.4   0.1822   -1.108   0.2908   0   -1.964e+08   4.977e+07   0
22.5   0.1829   -1.126   0.3005   0   -1.479e+08   1.388e+08   0
22.6   0.1837   -1.136   0.3175   0   -6.241e+07   1.933e+08   0
22.7   0.1844   -1.138   0.3376   0   3.879e+07   1.996e+08   0
22.8   0.1852   -1.129   0.3557   0   1.305e+08   1.563e+08   0
22.9   0.1859   -1.112   0.3675   0   1.899e+08   7.407e+07   0
23   0.1867   -1.092   0.3698   0   2.024e+08   -2.662e+07   0
23.1   0.1869   -1.073   0.3644   0   1.953e+08   -5.967e+07   0
23.2   0.1869   -1.053   0.3584   0   1.953e+08   -5.967e+07   0
23.3   0.1869   -1.034   0.3525   0   1.953e+08   -5.967e+07   0
23.4   0.1869   -1.014   0.3465   0   1.953e+08   -5.967e+07   0
23.5   0.1869   -0.9947   0.3405   0   1.953e+08   -5.967e+07   0
23.6   0.1869   -0.9751   0.3346   0   1.953e+08   -5.967e+07   0
23.7   0.1869   -0.9556   0.3286   0   1.953e+08   -5.967e+07   0
23.8   0.1869   -0.9361   0.3226   0   1.953e+08   -5.967e+07   0
23.9   0.1869   -0.9165   0.3167   0   1.953e+08   -5.967e+07   0
24   0.1869   -0.897   0.3107   0   1.953e+08   -5.967e+07   0
24.1   0.1869   -0.8775   0.3047   0   1.953e+08   -5.967e+07   0
24.2   0.1869   -0.858   0.2988   0   1.953e+08   -5.967e+07   0
24.3   0.1869   -0.8384   0.2928   0   1.953e+08   -5.967e+07   0
24.4   0.1869   -0.8189   0.2868   0   1.953e+08   -5.967e+07   0
24.5   0.1869   -0.7994   0.2809   0   1.953e+08   -5.967e+07   0
24.6   0.1869   -0.7798   0.2749   0   1.953e+08   -5.967e+07   0
24.7   0.1869   -0.7603   0.2689   0   1.953e+08   -5.967e+07   0
24.8   0.1869   -0.7408   0.263   0   1.953e+08   -5.967e+07   0
24.9   0.1869   -0.7213   0.257   0   1.953e+08   -5.967e+07   0
25   0.1853   -0.7017   0.251   0   1.948e+08   -5.947e+07   0
25.1   0.1809   -0.6823   0.2451   0   1.933e+08   -5.888e+07   0
25.2   0.1761   -0.6631   0.2392   0   1.918e+08   -5.825e+07   0
25.3   0.1712   -0.644   0.2335   0   1.901e+08   -5.756e+07   0
25.4   0.1661   -0.6251   0.2277   0   1.883e+08   -5.682e+07   0
25.5   0.1608   -0.6063   0.2221   0   1.864e+08   -5.602e+07   0
25.6   0.1553   -0.5878   0.2165   0   1.843e+08   -5.517e+07   0
25.7   0.1497   -0.5695   0.2111   0   1.821e+08   -5.425e+07   0
25.8   0.1441   -0.5514   0.2057   0   1.798e+08   -5.328e+07   0
25.9   0.1383   -0.5335   0.2004   0   1.774e+08   -5.225e+07   0
26   0.1325   -0.5159   0.1952   0   1.749e+08   -5.115e+07   0
26.1   0.1266   -0.4985   0.1902   0   1.722e+08   -5e+07   0
26.2   0.1208   -0.4815   0.1852   0   1.694e+08   -4.878e+07   0
26.3   0.115   -0.4647   0.1804   0   1.665e+08   -4.751e+07   0
26.4   0.1093   -0.4482   0.1757   0   1.635e+08   -4.619e+07   0
26.5   0.1037   -0.432   0.1712   0   1.605e+08   -4.481e+07   0
26.6   0.09819   -0.4161   0.1668   0   1.573e+08   -4.339e+07   0
26.7   0.09289   -0.4005   0.1625   0   1.542e+08   -4.193e+07   0
26.8   0.08779   -0.3853   0.1584   0   1.51e+08   -4.044e+07   0
26.9   0.08293   -0.3703   0.1544   0   1.477e+08   -3.894e+07   0
27   0.07833   -0.3557   0.1506   0   1.446e+08   -3.743e+07   0
27.1   0.07403   -0.3414   0.147   0   1.415e+08   -3.592e+07   0
27.2   0.07006   -0.3274   0.1434   0   1.385e+08   -3.445e+07   0
27.3   0.06643   -0.3137   0.1401   0   1.356e+08   -3.302e+07   0
27.4   0.06317   -0.3003   0.1368   0   1.33e+08   -3.167e+07   0
27.5   0.06031   -0.2871   0.1337   0   1.306e+08   -3.041e+07   0
27.6   0.05787   -0.2742   0.1307   0   1.284e+08   -2.927e+07   0
27.7   0.05587   -0.2614   0.1279   0   1.267e+08   -2.83e+07   0
27.8   0.05435   -0.2488   0.1251   0   1.253e+08   -2.751e+07   0
27.9   0.05332   -0.2363   0.1224   0   1.243e+08   -2.696e+07   0
28   0.05282   -0.2239   0.1197   0   1.239e+08   -2.668e+07   0
28.1   0.0529   -0.2115   0.117   0   1.239e+08   -2.673e+07   0
28.2   0.05362   -0.1991   0.1143   0   1.246e+08   -2.716e+07   0
28.3   0.05504   -0.1866   0.1116   0   1.259e+08   -2.803e+07   0
28.4   0.05725   -0.1739   0.1087   0   1.278e+08   -2.94e+07   0
28.5   0.06039   -0.161   0.1057   0   1.304e+08   -3.137e+07   0
28.6   0.06173   -0.1479   0.1025   0   1.315e+08   -3.221e+07   0
28.7   0.06173   -0.1347   0.09923   0   1.315e+08   -3.221e+07   0
28.8   0.06173   -0.1216   0.09601   0   1.315e+08   -3.221e+07   0
28.9   0.06173   -0.1084   0.09279   0   1.315e+08   -3.221e+07   0
29   0.06173   -0.09529   0.08957   0   1.315e+08   -3.221e+07   0
29.1   0.06173   -0.08214   0.08635   0   1.315e+08   -3.221e+07   0
29.2   0.06173   -0.06899   0.08313   0   1.315e+08   -3.221e+07   0
29.3   0.06173   -0.05584   0.07991   0   1.315e+08   -3.221e+07   0
29.4   0.06173   -0.04268   0.07669   0   1.315e+08   -3.221e+07   0
29.5   0.06173   -0.02953   0.07346   0   1.315e+08   -3.221e+07   0
29.6   0.06173   -0.01638   0.07024   0   1.315e+08   -3.221e+07   0
29.7   0.06173   -0.003233   0.06702   0   1.315e+08   -3.221e+07   0
29.8   0.06173   0.009917   0.0638   0   1.315e+08   -3.221e+07   0
29.9   0.06173   0.02307   0.06058   0   1.315e+08   -3.221e+07   0
30   0.06173   0.03622   0.05736   0   1.315e+08   -3.221e+07   0
30.1   0.06173   0.04937   0.05414   0   1.315e+08   -3.221e+07   0
30.2   0.06173   0.06252   0.05092   0   1.315e+08   -3.221e+07   0
30.3   0.06173   0.07567   0.04769   0   1.315e+08   -3.221e+07   0
30.4   0.06173   0.08882   0.04447   0   1.315e+08   -3.221e+07   0
30.5   0.06173   0.102   0.04125   0   1.315e+08   -3.221e+07   0
30.6   0.06173   0.1151   0.03803   0   1.315e+08   -3.221e+07   0
30.7   0.06173   0.1283   0.03481   0   1.315e+08   -3.221e+07   0
30.8   0.06173   0.1414   0.03159   0   1.315e+08   -3.221e+07   0
30.9   0.06173   0.1546   0.02837   0   1.315e+08   -3.221e+07   0
31   0.06173   0.1677   0.02515   0   1.315e+08   -3.221e+07   0
31.1   0.06173   0.1809   0.02192   0   1.315e+08   -3.221e+07   0
31.2   0.05651   0.1939   0.01868   0   1.261e+08   -3.319e+07   0
31.3   0.04775   0.206   0.01528   0   1.162e+08   -3.472e+07   0
31.4   0.04044   0.2171   0.01174   0   1.068e+08   -3.588e+07   0
31.5   0.03437   0.2274   0.00811   0   9.81e+07   -3.673e+07   0
31.6   0.02934   0.2368   0.004405   0   9.001e+07   -3.732e+07   0
31.7   0.02519   0.2454   0.0006531   0   8.261e+07   -3.769e+07   0
31.8   0.02178   0.2533   -0.003128   0   7.59e+07   -3.79e+07   0
31.9   0.019   0.2606   -0.006923   0   6.99e+07   -3.798e+07   0
32   0.01676   0.2673   -0.01072   0   6.463e+07   -3.795e+07   0
32.1   0.01498   0.2735   -0.01451   0   6.009e+07   -3.786e+07   0
32.2   0.01358   0.2793   -0.01829   0   5.629e+07   -3.773e+07   0
32.3   0.01251   0.2848   -0.02206   0   5.321e+07   -3.758e+07   0
32.4   0.01173   0.29   -0.02581   0   5.086e+07   -3.743e+07   0
32.5   0.0112   0.295   -0.02954   0   4.923e+07   -3.731e+07   0
32.6   0.01091   0.2999   -0.03327   0   4.829e+07   -3.723e+07   0
32.7   0.01083   0.3047   -0.03699   0   4.804e+07   -3.721e+07   0
32.8   0.01096   0.3095   -0.04071   0   4.844e+07   -3.725e+07   0
32.9   0.0113   0.3144   -0.04445   0   4.948e+07   -3.738e+07   0
33   0.01184   0.3194   -0.04819   0   5.112e+07   -3.758e+07   0
33.1   0.01261   0.3246   -0.05197   0   5.332e+07   -3.788e+07   0
33.2   0.01362   0.3301   -0.05577   0   5.605e+07   -3.828e+07   0
33.3   0.01488   0.3359   -0.05962   0   5.925e+07   -3.876e+07   0
33.4   0.0164   0.342   -0.06353   0   6.288e+07   -3.934e+07   0
33.5   0.0182   0.3485   -0.0675   0   6.689e+07   -4.001e+07   0
33.6   0.02029   0.3554   -0.07153   0   7.123e+07   -4.076e+07   0
33.7   0.02269   0.3627   -0.07565   0   7.583e+07   -4.159e+07   0
33.8   0.02539   0.3705   -0.07985   0   8.064e+07   -4.248e+07   0
33.9   0.0284   0.3788   -0.08415   0   8.561e+07   -4.343e+07   0
34   0.03172   0.3877   -0.08854   0   9.069e+07   -4.442e+07   0
34.1   0.03532   0.397   -0.09304   0   9.581e+07   -4.545e+07   0
34.2   0.0392   0.4068   -0.09764   0   1.009e+08   -4.651e+07   0
34.3   0.04335   0.4172   -0.1023   0   1.06e+08   -4.758e+07   0
34.4   0.04772   0.428   -0.1072   0   1.11e+08   -4.866e+07   0
34.5   0.0523   0.4394   -0.1121   0   1.159e+08   -4.973e+07   0
34.6   0.05705   0.4512   -0.1171   0   1.207e+08   -5.078e+07   0
34.7   0.06195   0.4635   -0.1222   0   1.253e+08   -5.182e+07   0
34.8   0.06695   0.4763   -0.1275   0   1.297e+08   -5.284e+07   0
34.9   0.07202   0.4895   -0.1328   0   1.339e+08   -5.382e+07   0
35   0.07713   0.5031   -0.1382   0   1.379e+08   -5.476e+07   0
35.1   0.08223   0.5171   -0.1437   0   1.417e+08   -5.567e+07   0
35.2   0.0873   0.5314   -0.1494   0   1.453e+08   -5.653e+07   0
35.3   0.0923   0.5461   -0.1551   0   1.487e+08   -5.736e+07   0
35.4   0.09721   0.5611   -0.1608   0   1.518e+08   -5.813e+07   0
35.5   0.102   0.5765   -0.1667   0   1.548e+08   -5.887e+07   0
35.6   0.1066   0.5921   -0.1726   0   1.575e+08   -5.955e+07   0
35.7   0.1111   0.608   -0.1786   0   1.6e+08   -6.019e+07   0
35.8   0.1153   0.6241   -0.1846   0   1.623e+08   -6.079e+07   0
35.9   0.1193   0.6404   -0.1907   0   1.645e+08   -6.134e+07   0
36   0.1231   0.657   -0.1969   0   1.664e+08   -6.185e+07   0
36.1   0.1267   0.6737   -0.2031   0   1.682e+08   -6.231e+07   0
36.2   0.1299   0.6906   -0.2094   0   1.697e+08   -6.273e+07   0
36.3   0.133   0.7077   -0.2157   0   1.712e+08   -6.311e+07   0
36.4   0.135   0.7248   -0.222   0   1.721e+08   -6.336e+07   0
36.5   0.135   0.742   -0.2283   0   1.721e+08   -6.336e+07   0
36.6   0.135   0.7593   -0.2347   0   1.721e+08   -6.336e+07   0
36.7   0.135   0.7765   -0.241   0   1.721e+08   -6.336e+07   0
36.8   0.135   0.7937   -0.2473   0   1.721e+08   -6.336e+07   0
36.9   0.135   0.8109   -0.2537   0   1.721e+08   -6.336e+07   0
37   0.135   0.8281   -0.26   0   1.721e+08   -6.336e+07   0
37.1   0.135   0.8453   -0.2663   0   1.721e+08   -6.336e+07   0
37.2   0.135   0.8625   -0.2727   0   1.721e+08   -6.336e+07   0
37.3   0.135   0.8797   -0.279   0   1.721e+08   -6.336e+07   0
37.4   0.135   0.8969   -0.2854   0   1.721e+08   -6.336e+07   0
37.5   0.135   0.9142   -0.2917   0   1.721e+08   -6.336e+07   0
37.6   0.135   0.9314   -0.298   0   1.721e+08   -6.336e+07   0
37.7   0.135   0.9486   -0.3044   0   1.721e+08   -6.336e+07   0
37.8   0.135   0.9658   -0.3107   0   1.721e+08   -6.336e+07   0
37.9   0.135   0.983   -0.317   0   1.721e+08   -6.336e+07   0
38   0.135   1   -0.3234   0   1.721e+08   -6.336e+07   0
38.1   0.135   1.017   -0.3297   0   1.721e+08   -6.336e+07   0
38.2   0.135   1.035   -0.336   0   1.721e+08   -6.336e+07   0
38.3   0.135   1.052   -0.3424   0   1.721e+08   -6.336e+07   0
38.4   0.135   1.069   -0.3487   0   1.721e+08   -6.336e+07   0
38.5   0.135   1.086   -0.3551   0   1.721e+08   -6.336e+07   0
38.6   0.135   1.103   -0.3614   0   1.721e+08   -6.336e+07   0
38.7   0.1361   1.117   -0.3733   0   8.409e+07   -1.636e+08   0
38.8   0.1372   1.119   -0.3912   0   -5e+07   -1.775e+08   0
38.9   0.1383   1.108   -0.4055   0   -1.579e+08   -9.638e+07   0
39   0.1394   1.09   -0.4086   0   -1.818e+08   3.661e+07   0
39.1   0.1399   1.073   -0.4007   0   -1.625e+08   8.976e+07   0
39.2   0.1399   1.057   -0.3917   0   -1.625e+08   8.976e+07   0
39.3   0.1399   1.041   -0.3827   0   -1.625e+08   8.976e+07   0
39.4   0.1399   1.024   -0.3737   0   -1.625e+08   8.976e+07   0
39.5   0.1399   1.008   -0.3648   0   -1.625e+08   8.976e+07   0
39.6   0.1399   0.9919   -0.3558   0   -1.625e+08   8.976e+07   0
39.7   0.1399   0.9756   -0.3468   0   -1.625e+08   8.976e+07   0
39.8   0.1399   0.9594   -0.3378   0   -1.625e+08   8.976e+07   0
39.9   0.1399   0.9431   -0.3289   0   -1.625e+08   8.976e+07   0
40   0.1399   0.9269   -0.3199   0   -1.625e+08   8.976e+07   0
40.1   0.1399   0.9106   -0.3109   0   -1.625e+08   8.976e+07   0
40.2   0.1399   0.8944   -0.3019   0   -1.625e+08   8.976e+07   0
40.3   0.1399   0.8781   -0.293   0   -1.625e+08   8.976e+07   0
40.4   0.1399   0.8618   -0.284   0   -1.625e+08   8.976e+07   0
40.5   0.1399   0.8456   -0.275   0   -1.625e+08   8.976e+07   0
40.6   0.1399   0.8293   -0.266   0   -1.625e+08   8.976e+07   0
40.7   0.1399   0.8131   -0.2571   0   -1.625e+08   8.976e+07   0
40.8   0.1399   0.7968   -0.2481   0   -1.625e+08   8.976e+07   0
40.9   0.1399   0.7806   -0.2391   0   -1.625e+08   8.976e+07   0
41   0.1399   0.7643   -0.2301   0   -1.625e+08   8.976e+07   0
41.1   0.1399   0.7481   -0.2211   0   -1.625e+08   8.976e+07   0
41.2   0.1399   0.7318   -0.2122   0   -1.625e+08   8.976e+07   0
41.3   0.1409   0.7155   -0.2032   0   -1.63e+08   8.983e+07   0
41.4   0.1427   0.6992   -0.1942   0   -1.639e+08   8.995e+07   0
41.5   0.1444   0.6828   -0.1852   0   -1.647e+08   9.006e+07   0
41.6   0.1458   0.6663   -0.1762   0   -1.654e+08   9.013e+07   0
41.7   0.1469   0.6497   -0.1672   0   -1.659e+08   9.019e+07   0
41.8   0.1477   0.6331   -0.1582   0   -1.663e+08   9.023e+07   0
41.9   0.1482   0.6165   -0.1491   0   -1.665e+08   9.025e+07   0
42   0.1483   0.5998   -0.1401   0   -1.666e+08   9.025e+07   0
42.1   0.1481   0.5831   -0.1311   0   -1.665e+08   9.025e+07   0
42.2   0.1475   0.5665   -0.1221   0   -1.662e+08   9.023e+07   0
42.3   0.1465   0.5499   -0.113   0   -1.657e+08   9.021e+07   0
42.4   0.1451   0.5334   -0.104   0   -1.65e+08   9.02e+07   0
42.5   0.1432   0.5169   -0.095   0   -1.64e+08   9.019e+07   0
42.6   0.1409   0.5006   -0.08598   0   -1.629e+08   9.019e+07   0
42.7   0.1382   0.4844   -0.07696   0   -1.614e+08   9.022e+07   0
42.8   0.135   0.4683   -0.06793   0   -1.597e+08   9.028e+07   0
42.9   0.1314   0.4524   -0.0589   0   -1.576e+08   9.038e+07   0
43   0.1274   0.4368   -0.04986   0   -1.552e+08   9.054e+07   0
43.1   0.1229   0.4214   -0.04079   0   -1.524e+08   9.076e+07   0
43.2   0.1181   0.4063   -0.0317   0   -1.492e+08   9.108e+07   0
43.3   0.1129   0.3916   -0.02257   0   -1.456e+08   9.151e+07   0
43.4   0.1073   0.3772   -0.01339   0   -1.415e+08   9.207e+07   0
43.5   0.1016   0.3633   -0.00415   0   -1.368e+08   9.28e+07   0
43.6   0.09569   0.3499   0.005174   0   -1.317e+08   9.371e+07   0
43.7   0.08972   0.337   0.0146   0   -1.259e+08   9.485e+07   0
43.8   0.08381   0.3247   0.02415   0   -1.195e+08   9.624e+07   0
43.9   0.07808   0.3131   0.03386   0   -1.125e+08   9.792e+07   0
44   0.07269   0.3023   0.04375   0   -1.049e+08   9.991e+07   0
44.1   0.06778   0.2922   0.05385   0   -9.677e+07   1.022e+08   0
44.2   0.06351   0.2829   0.06421   0   -8.812e+07   1.049e+08   0
44.3   0.06004   0.2746   0.07485   0   -7.906e+07   1.08e+08   0
44.4   0.05747   0.2671   0.08582   0   -6.972e+07   1.113e+08   0
44.5   0.0559   0.2606   0.09713   0   -6.027e+07   1.15e+08   0
44.6   0.05537   0.2551   0.1088   0   -5.085e+07   1.189e+08   0
44.7   0.05587   0.2505   0.1209   0   -4.165e+07   1.229e+08   0
44.8   0.05734   0.2468   0.1334   0   -3.282e+07   1.271e+08   0
44.9   0.05967   0.2439   0.1463   0   -2.449e+07   1.312e+08   0
45   0.06274   0.2419   0.1597   0   -1.677e+07   1.353e+08   0
