0   0.04   -0.753   0   0   1.121e+08   0   0
0.1   0.04   -0.753   0   0   1.121e+08   0   0
0.2   0.04   -0.753   0   0   1.121e+08   0   0
0.3   0.04   -0.753   0   0   1.121e+08   0   0
0.4   0.04   -0.753   0   0   1.121e+08   0   0
0.5   0.04   -0.753   0   0   1.121e+08   0   0
0.6   0.04   -0.753   0   0   1.121e+08   0   0
0.7   0.04   -0.753   0   0   1.121e+08   0   0
0.8   0.04   -0.753   0   0   1.121e+08   0   0
0.9   0.04   -0.753   0   0   1.121e+08   0   0
1   0.04   -0.753   0   0   1.121e+08   0   0
1.1   0.04   -0.753   0   0   1.121e+08   0   0
1.2   0.04   -0.753   0   0   1.121e+08   0   0
1.3   0.04   -0.753   0   0   1.121e+08   0   0
1.4   0.04   -0.753   0   0   1.121e+08   0   0
1.5   0.04   -0.753   0   0   1.121e+08   0   0
1.6   0.04   -0.753   0   0   1.121e+08   0   0
1.7   0.04099   -0.7481   0   0   1.134e+08   0   0
1.8   0.04347   -0.7366   0   0   1.164e+08   0   0
1.9   0.04615   -0.7248   0   0   1.195e+08   0   0
2   0.04901   -0.7127   0   0   1.227e+08   0   0
2.1   0.05207   -0.7003   0   0   1.259e+08   0   0
2.2   0.05533   -0.6875   0   0   1.292e+08   0   0
2.3   0.05877   -0.6745   0   0   1.326e+08   0   0
2.4   0.06239   -0.661   0   0   1.36e+08   0   0
2.5   0.06619   -0.6472   0   0   1.394e+08   0   0
2.6   0.07017   -0.6331   0   0   1.428e+08   0   0
2.7   0.0743   -0.6187   0   0   1.462e+08   0   0
2.8   0.07859   -0.6039   0   0   1.495e+08   0   0
2.9   0.08301   -0.5888   0   0   1.529e+08   0   0
3   0.08754   -0.5733   0   0   1.561e+08   0   0
3.1   0.09218   -0.5576   0   0   1.593e+08   0   0
3.2   0.0969   -0.5415   0   0   1.624e+08   0   0
3.3   0.1017   -0.5251   0   0   1.654e+08   0   0
3.4   0.1065   -0.5084   0   0   1.683e+08   0   0
3.5   0.1113   -0.4914   0   0   1.711e+08   0   0
3.6   0.116   -0.4742   0   0   1.737e+08   0   0
3.7   0.1207   -0.4567   0   0   1.763e+08   0   0
3.8   0.1253   -0.4389   0   0   1.787e+08   0   0
3.9   0.1298   -0.4209   0   0   1.809e+08   0   0
4   0.134   -0.4028   0   0   1.829e+08   0   0
4.1   0.138   -0.3844   0   0   1.848e+08   0   0
4.2   0.1417   -0.3658   0   0   1.865e+08   0   0
4.3   0.145   -0.3471   0   0   1.88e+08   0   0
4.4   0.1479   -0.3282   0   0   1.893e+08   0   0
4.5   0.1503   -0.3092   0   0   1.903e+08   0   0
4.6   0.1521   -0.2901   0   0   1.911e+08   0   0
4.7   0.1532   -0.271   0   0   1.915e+08   0   0
4.8   0.1534   -0.2519   0   0   1.916e+08   0   0
4.9   0.1528   -0.2327   0   0   1.913e+08   0   0
5   0.151   -0.2136   0   0   1.906e+08   0   0
5.1   0.148   -0.1946   0   0   1.893e+08   0   0
5.2   0.1466   -0.1757   0   0   1.887e+08   0   0
5.3   0.1466   -0.1569   0   0   1.887e+08   0   0
5.4   0.1466   -0.138   0   0   1.887e+08   0   0
5.5   0.1466   -0.1191   0   0   1.887e+08   0   0
5.6   0.1466   -0.1003   0   0   1.887e+08   0   0
5.7   0.1466   -0.08138   0   0   1.887e+08   0   0
5.8   0.1466   -0.06251   0   0   1.887e+08   0   0
5.9   0.1466   -0.04365   0   0   1.887e+08   0   0
6   0.1466   -0.02478   0   0   1.887e+08   0   0
6.1   0.1466   -0.005908   0   0   1.887e+08   0   0
6.2   0.1466   0.01296   0   0   1.887e+08   0   0
6.3   0.1466   0.03183   0   0   1.887e+08   0   0
6.4   0.1466   0.0507   0   0   1.887e+08   0   0
6.5   0.1466   0.06957   0   0   1.887e+08   0   0
6.6   0.1466   0.08844   0   0   1.887e+08   0   0
6.7   0.1466   0.1073   0   0   1.887e+08   0   0
6.8   0.1466   0.1262   0   0   1.887e+08   0   0
6.9   0.1466   0.145   0   0   1.887e+08   0   0
7   0.1466   0.1639   0   0   1.887e+08   0   0
7.1   0.1466   0.1828   0   0   1.887e+08   0   0
7.2   0.1592   0.2018   0   0   1.94e+08   0   0
7.3   0.176   0.2216   0   0   2.004e+08   0   0
7.4   0.1916   0.2419   0   0   2.058e+08   0   0
7.5   0.2061   0.2627   0   0   2.103e+08   0   0
7.6   0.2196   0.2839   0   0   2.143e+08   0   0
7.7   0.2319   0.3055   0   0   2.176e+08   0   0
7.8   0.2433   0.3274   0   0   2.205e+08   0   0
7.9   0.2537   0.3496   0   0   2.23e+08   0   0
8   0.2631   0.372   0   0   2.252e+08   0   0
8.1   0.2717   0.3947   0   0   2.271e+08   0   0
8.2   0.2794   0.4175   0   0   2.287e+08   0   0
8.3   0.2864   0.4404   0   0   2.301e+08   0   0
8.4   0.2925   0.4635   0   0   2.314e+08   0   0
8.5   0.298   0.4867   0   0   2.324e+08   0   0
8.6   0.3027   0.51   0   0   2.333e+08   0   0
8.7   0.3068   0.5333   0   0   2.341e+08   0   0
8.8   0.3103   0.5568   0   0   2.347e+08   0   0
8.9   0.3131   0.5803   0   0   2.352e+08   0   0
9   0.3154   0.6038   0   0   2.356e+08   0   0
9.1   0.3172   0.6274   0   0   2.359e+08   0   0
9.2   0.3185   0.651   0   0   2.361e+08   0   0
9.3   0.3192   0.6746   0   0   2.363e+08   0   0
9.4   0.3196   0.6982   0   0   2.363e+08   0   0
9.5   0.3195   0.7219   0   0   2.363e+08   0   0
9.6   0.3191   0.7455   0   0   2.362e+08   0   0
9.7   0.3188   0.7691   0   0   2.362e+08   0   0
9.8   0.3188   0.7927   0   0   2.362e+08   0   0
9.9   0.3188   0.8164   0   0   2.362e+08   0   0
10   0.3188   0.84   0   0   2.362e+08   0   0
10.1   0.3188   0.8636   0   0   2.362e+08   0   0
10.2   0.3188   0.8872   0   0   2.362e+08   0   0
10.3   0.3188   0.9109   0   0   2.362e+08   0   0
10.4   0.3188   0.9345   0   0   2.362e+08   0   0
10.5   0.3188   0.9581   0   0   2.362e+08   0   0
10.6   0.3188   0.9817   0   0   2.362e+08   0   0
10.7   0.3188   1.005   0   0   2.362e+08   0   0
10.8   0.3188   1.029   0   0   2.362e+08   0   0
10.9   0.3188   1.053   0   0   2.362e+08   0   0
11   0.3188   1.076   0   0   2.362e+08   0   0
11.1   0.3188   1.1   0   0   2.362e+08   0   0
11.2   0.3193   1.123   -0.001781   0   2.306e+08   -5.142e+07   0
11.3   0.32   1.145   -0.01056   0   2.026e+08   -1.219e+08   0
11.4   0.3207   1.163   -0.02581   0   1.536e+08   -1.799e+08   0
11.5   0.3214   1.175   -0.04596   0   8.89e+07   -2.193e+08   0
11.6   0.3222   1.18   -0.06895   0   1.503e+07   -2.363e+08   0
11.7   0.3229   1.178   -0.09242   0   -6.04e+07   -2.291e+08   0
11.8   0.3236   1.169   -0.114   0   -1.297e+08   -1.984e+08   0
11.9   0.3243   1.153   -0.1314   0   -1.857e+08   -1.475e+08   0
12   0.325   1.132   -0.1429   0   -2.228e+08   -8.154e+07   0
12.1   0.3257   1.109   -0.1473   0   -2.373e+08   -7.267e+06   0
12.2   0.3262   1.085   -0.1448   0   -2.343e+08   3.89e+07   0
12.3   0.3262   1.062   -0.1409   0   -2.343e+08   3.89e+07   0
12.4   0.3262   1.038   -0.1371   0   -2.343e+08   3.89e+07   0
12.5   0.3262   1.015   -0.1332   0   -2.343e+08   3.89e+07   0
12.6   0.3262   0.9915   -0.1293   0   -2.343e+08   3.89e+07   0
12.7   0.3262   0.9681   -0.1254   0   -2.343e+08   3.89e+07   0
12.8   0.3262   0.9447   -0.1215   0   -2.343e+08   3.89e+07   0
12.9   0.3262   0.9212   -0.1176   0   -2.343e+08   3.89e+07   0
13   0.3262   0.8978   -0.1137   0   -2.343e+08   3.89e+07   0
13.1   0.3262   0.8744   -0.1098   0   -2.343e+08   3.89e+07   0
13.2   0.3262   0.851   -0.1059   0   -2.343e+08   3.89e+07   0
13.3   0.3262   0.8275   -0.102   0   -2.343e+08   3.89e+07   0
13.4   0.3262   0.8041   -0.09815   0   -2.343e+08   3.89e+07   0
13.5   0.3262   0.7807   -0.09426   0   -2.343e+08   3.89e+07   0
13.6   0.3262   0.7573   -0.09037   0   -2.343e+08   3.89e+07   0
13.7   0.3271   0.7338   -0.08648   0   -2.344e+08   3.891e+07   0
13.8   0.3284   0.7104   -0.08259   0   -2.346e+08   3.892e+07   0
13.9   0.3294   0.6869   -0.0787   0   -2.348e+08   3.892e+07   0
14   0.3299   0.6634   -0.07481   0   -2.349e+08   3.892e+07   0
14.1   0.3301   0.6399   -0.07091   0   -2.349e+08   3.892e+07   0
14.2   0.3298   0.6164   -0.06702   0   -2.349e+08   3.892e+07   0
14.3   0.329   0.593   -0.06313   0   -2.347e+08   3.892e+07   0
14.4   0.3277   0.5695   -0.05924   0   -2.345e+08   3.892e+07   0
14.5   0.3258   0.5461   -0.05534   0   -2.342e+08   3.892e+07   0
14.6   0.3233   0.5227   -0.05145   0   -2.338e+08   3.893e+07   0
14.7   0.3202   0.4993   -0.04756   0   -2.332e+08   3.893e+07   0
14.8   0.3164   0.476   -0.04366   0   -2.326e+08   3.895e+07   0
14.9   0.3119   0.4528   -0.03977   0   -2.317e+08   3.898e+07   0
15   0.3067   0.4297   -0.03587   0   -2.308e+08   3.901e+07   0
15.1   0.3006   0.4067   -0.03197   0   -2.296e+08   3.907e+07   0
15.2   0.2936   0.3838   -0.02805   0   -2.282e+08   3.916e+07   0
15.3   0.2857   0.361   -0.02413   0   -2.266e+08   3.927e+07   0
15.4   0.2769   0.3384   -0.0202   0   -2.248e+08   3.944e+07   0
15.5   0.267   0.3161   -0.01624   0   -2.225e+08   3.966e+07   0
15.6   0.2559   0.294   -0.01226   0   -2.2e+08   3.996e+07   0
15.7   0.2437   0.2721   -0.008248   0   -2.169e+08   4.036e+07   0
15.8   0.2302   0.2506   -0.004185   0   -2.133e+08   4.092e+07   0
15.9   0.2154   0.2295   -5.694e-05   0   -2.09e+08   4.168e+07   0
16   0.1992   0.2088   0.004161   0   -2.038e+08   4.272e+07   0
16.1   0.1817   0.1888   0.008502   0   -1.975e+08   4.417e+07   0
16.2   0.1809   0.169   0.01293   0   -1.972e+08   4.424e+07   0
16.3   0.1809   0.1493   0.01735   0   -1.972e+08   4.424e+07   0
16.4   0.1809   0.1296   0.02178   0   -1.972e+08   4.424e+07   0
16.5   0.1809   0.1099   0.0262   0   -1.972e+08   4.424e+07   0
16.6   0.1809   0.09015   0.03062   0   -1.972e+08   4.424e+07   0
16.7   0.1809   0.07042   0.03505   0   -1.972e+08   4.424e+07   0
16.8   0.1809   0.0507   0.03947   0   -1.972e+08   4.424e+07   0
16.9   0.1809   0.03098   0.0439   0   -1.972e+08   4.424e+07   0
17   0.1809   0.01125   0.04832   0   -1.972e+08   4.424e+07   0
17.1   0.1809   -0.008472   0.05275   0   -1.972e+08   4.424e+07   0
17.2   0.1809   -0.0282   0.05717   0   -1.972e+08   4.424e+07   0
17.3   0.1809   -0.04792   0.06159   0   -1.972e+08   4.424e+07   0
17.4   0.1809   -0.06764   0.06602   0   -1.972e+08   4.424e+07   0
17.5   0.1809   -0.08737   0.07044   0   -1.972e+08   4.424e+07   0
17.6   0.1809   -0.1071   0.07487   0   -1.972e+08   4.424e+07   0
17.7   0.1809   -0.1268   0.07929   0   -1.972e+08   4.424e+07   0
17.8   0.1809   -0.1465   0.08372   0   -1.972e+08   4.424e+07   0
17.9   0.1809   -0.1663   0.08814   0   -1.972e+08   4.424e+07   0
18   0.19   -0.1861   0.09268   0   -1.999e+08   4.635e+07   0
18.1   0.1974   -0.2062   0.09739   0   -2.02e+08   4.792e+07   0
18.2   0.2034   -0.2265   0.1022   0   -2.037e+08   4.906e+07   0
18.3   0.2081   -0.2469   0.1072   0   -2.049e+08   4.988e+07   0
18.4   0.2115   -0.2675   0.1122   0   -2.059e+08   5.045e+07   0
18.5   0.2139   -0.2881   0.1173   0   -2.065e+08   5.083e+07   0
18.6   0.2154   -0.3088   0.1224   0   -2.069e+08   5.105e+07   0
18.7   0.2161   -0.3295   0.1275   0   -2.07e+08   5.114e+07   0
18.8   0.2159   -0.3502   0.1326   0   -2.07e+08   5.113e+07   0
18.9   0.2152   -0.3709   0.1377   0   -2.068e+08   5.102e+07   0
19   0.2138   -0.3915   0.1428   0   -2.064e+08   5.084e+07   0
19.1   0.2119   -0.4122   0.1479   0   -2.059e+08   5.06e+07   0
19.2   0.2096   -0.4327   0.1529   0   -2.053e+08   5.029e+07   0
19.3   0.2068   -0.4532   0.1579   0   -2.045e+08   4.994e+07   0
19.4   0.2037   -0.4736   0.1629   0   -2.037e+08   4.955e+07   0
19.5   0.2003   -0.4939   0.1678   0   -2.027e+08   4.912e+07   0
19.6   0.1966   -0.5142   0.1727   0   -2.016e+08   4.865e+07   0
19.7   0.1927   -0.5343   0.1776   0   -2.004e+08   4.815e+07   0
19.8   0.1886   -0.5542   0.1824   0   -1.991e+08   4.763e+07   0
19.9   0.1844   -0.5741   0.1871   0   -1.978e+08   4.708e+07   0
20   0.18   -0.5938   0.1918   0   -1.964e+08   4.651e+07   0
20.1   0.1756   -0.6133   0.1964   0   -1.949e+08   4.593e+07   0
20.2   0.1711   -0.6328   0.201   0   -1.933e+08   4.532e+07   0
20.3   0.1666   -0.652   0.2055   0   -1.917e+08   4.471e+07   0
20.4   0.1621   -0.6711   0.2099   0   -1.901e+08   4.409e+07   0
20.5   0.1576   -0.69   0.2143   0   -1.884e+08   4.345e+07   0
20.6   0.1531   -0.7088   0.2186   0   -1.866e+08   4.282e+07   0
20.7   0.1505   -0.7274   0.2228   0   -1.856e+08   4.243e+07   0
20.8   0.1505   -0.7459   0.2271   0   -1.856e+08   4.243e+07   0
20.9   0.1505   -0.7645   0.2313   0   -1.856e+08   4.243e+07   0
21   0.1505   -0.783   0.2356   0   -1.856e+08   4.243e+07   0
21.1   0.1505   -0.8016   0.2398   0   -1.856e+08   4.243e+07   0
21.2   0.1505   -0.8202   0.2441   0   -1.856e+08   4.243e+07   0
21.3   0.1505   -0.8387   0.2483   0   -1.856e+08   4.243e+07   0
21.4   0.1505   -0.8573   0.2525   0   -1.856e+08   4.243e+07   0
21.5   0.1505   -0.8758   0.2568   0   -1.856e+08   4.243e+07   0
21.6   0.1505   -0.8944   0.261   0   -1.856e+08   4.243e+07   0
21.7   0.1505   -0.9129   0.2653   0   -1.856e+08   4.243e+07   0
21.8   0.1505   -0.9315   0.2695   0   -1.856e+08   4.243e+07   0
21.9   0.1505   -0.9501   0.2738   0   -1.856e+08   4.243e+07   0
22   0.1505   -0.9686   0.278   0   -1.856e+08   4.243e+07   0
22.1   0.1505   -0.9872   0.2822   0   -1.856e+08   4.243e+07   0
22.2   0.1505   -1.006   0.2865   0   -1.856e+08   4.243e+07   0
22.3   0.1505   -1.024   0.2907   0   -1.856e+08   4.243e+07   0
22.4   0.1505   -1.043   0.295   0   -1.856e+08   4.243e+07   0
22.5   0.1505   -1.061   0.2992   0   -1.856e+08   4.243e+07   0
22.6   0.1505   -1.08   0.3035   0   -1.856e+08   4.243e+07   0
22.7   0.1505   -1.099   0.3077   0   -1.856e+08   4.243e+07   0
22.8   0.151   -1.116   0.315   0   -1.519e+08   1.151e+08   0
22.9   0.1516   -1.127   0.3299   0   -7.309e+07   1.763e+08   0
23   0.1522   -1.13   0.3487   0   2.586e+07   1.894e+08   0
23.1   0.1529   -1.122   0.3661   0   1.179e+08   1.507e+08   0
23.2   0.1535   -1.107   0.3774   0   1.78e+08   7.092e+07   0
23.3   0.1541   -1.088   0.3795   0   1.898e+08   -2.832e+07   0
23.4   0.1543   -1.07   0.3743   0   1.839e+08   -5.497e+07   0
23.5   0.1543   -1.051   0.3688   0   1.839e+08   -5.497e+07   0
23.6   0.1543   -1.033   0.3633   0   1.839e+08   -5.497e+07   0
23.7   0.1543   -1.015   0.3579   0   1.839e+08   -5.497e+07   0
23.8   0.1543   -0.9963   0.3524   0   1.839e+08   -5.497e+07   0
23.9   0.1543   -0.9779   0.3469   0   1.839e+08   -5.497e+07   0
24   0.1543   -0.9595   0.3414   0   1.839e+08   -5.497e+07   0
24.1   0.1543   -0.9411   0.3359   0   1.839e+08   -5.497e+07   0
24.2   0.1543   -0.9227   0.3304   0   1.839e+08   -5.497e+07   0
24.3   0.1543   -0.9043   0.3249   0   1.839e+08   -5.497e+07   0
24.4   0.1543   -0.8859   0.3194   0   1.839e+08   -5.497e+07   0
24.5   0.1543   -0.8675   0.3139   0   1.839e+08   -5.497e+07   0
24.6   0.1543   -0.8491   0.3084   0   1.839e+08   -5.497e+07   0
24.7   0.1543   -0.8307   0.3029   0   1.839e+08   -5.497e+07   0
24.8   0.1543   -0.8123   0.2974   0   1.839e+08   -5.497e+07   0
24.9   0.1543   -0.7939   0.2919   0   1.839e+08   -5.497e+07   0
25   0.1543   -0.7755   0.2864   0   1.839e+08   -5.497e+07   0
25.1   0.1543   -0.7572   0.2809   0   1.839e+08   -5.497e+07   0
25.2   0.1543   -0.7388   0.2754   0   1.839e+08   -5.497e+07   0
25.3   0.1543   -0.7204   0.2699   0   1.839e+08   -5.497e+07   0
25.4   0.1537   -0.702   0.2644   0   1.837e+08   -5.487e+07   0
25.5   0.1491   -0.6837   0.259   0   1.819e+08   -5.409e+07   0
25.6   0.1444   -0.6656   0.2536   0   1.8e+08   -5.327e+07   0
25.7   0.1397   -0.6477   0.2483   0   1.78e+08   -5.239e+07   0
25.8   0.1348   -0.63   0.2431   0   1.759e+08   -5.147e+07   0
25.9   0.1299   -0.6125   0.238   0   1.738e+08   -5.049e+07   0
26   0.125   -0.5952   0.233   0   1.715e+08   -4.947e+07   0
26.1   0.1201   -0.5782   0.2281   0   1.691e+08   -4.84e+07   0
26.2   0.1152   -0.5614   0.2233   0   1.667e+08   -4.729e+07   0
26.3   0.1103   -0.5449   0.2187   0   1.642e+08   -4.614e+07   0
26.4   0.1056   -0.5286   0.2141   0   1.616e+08   -4.495e+07   0
26.5   0.1009   -0.5126   0.2097   0   1.59e+08   -4.373e+07   0
26.6   0.09636   -0.4968   0.2054   0   1.564e+08   -4.249e+07   0
26.7   0.09199   -0.4813   0.2012   0   1.537e+08   -4.122e+07   0
26.8   0.0878   -0.4661   0.1971   0   1.511e+08   -3.995e+07   0
26.9   0.08381   -0.4511   0.1932   0   1.485e+08   -3.868e+07   0
27   0.08004   -0.4364   0.1894   0   1.459e+08   -3.741e+07   0
27.1   0.07653   -0.4219   0.1857   0   1.435e+08   -3.618e+07   0
27.2   0.07329   -0.4077   0.1822   0   1.411e+08   -3.498e+07   0
27.3   0.07034   -0.3937   0.1787   0   1.389e+08   -3.384e+07   0
27.4   0.06769   -0.3799   0.1754   0   1.368e+08   -3.276e+07   0
27.5   0.06538   -0.3663   0.1722   0   1.35e+08   -3.178e+07   0
27.6   0.0634   -0.3529   0.169   0   1.334e+08   -3.091e+07   0
27.7   0.06179   -0.3396   0.166   0   1.32e+08   -3.017e+07   0
27.8   0.06057   -0.3265   0.163   0   1.31e+08   -2.958e+07   0
27.9   0.05975   -0.3134   0.1601   0   1.303e+08   -2.917e+07   0
28   0.05935   -0.3004   0.1571   0   1.3e+08   -2.897e+07   0
28.1   0.05942   -0.2874   0.1543   0   1.3e+08   -2.901e+07   0
28.2   0.05997   -0.2744   0.1513   0   1.305e+08   -2.931e+07   0
28.3   0.06106   -0.2613   0.1484   0   1.314e+08   -2.99e+07   0
28.4   0.06274   -0.2481   0.1453   0   1.328e+08   -3.082e+07   0
28.5   0.06506   -0.2347   0.1422   0   1.346e+08   -3.212e+07   0
28.6   0.06811   -0.2211   0.1389   0   1.369e+08   -3.382e+07   0
28.7   0.07198   -0.2073   0.1354   0   1.397e+08   -3.597e+07   0
28.8   0.07679   -0.1932   0.1317   0   1.43e+08   -3.863e+07   0
28.9   0.0827   -0.1787   0.1277   0   1.468e+08   -4.186e+07   0
29   0.08989   -0.1638   0.1233   0   1.51e+08   -4.571e+07   0
29.1   0.0986   -0.1485   0.1185   0   1.555e+08   -5.029e+07   0
29.2   0.09977   -0.1329   0.1134   0   1.561e+08   -5.089e+07   0
29.3   0.09977   -0.1172   0.1083   0   1.561e+08   -5.089e+07   0
29.4   0.09977   -0.1016   0.1032   0   1.561e+08   -5.089e+07   0
29.5   0.09977   -0.08602   0.09815   0   1.561e+08   -5.089e+07   0
29.6   0.09977   -0.0704   0.09306   0   1.561e+08   -5.089e+07   0
29.7   0.09977   -0.05479   0.08797   0   1.561e+08   -5.089e+07   0
29.8   0.09977   -0.03918   0.08288   0   1.561e+08   -5.089e+07   0
29.9   0.09977   -0.02357   0.0778   0   1.561e+08   -5.089e+07   0
30   0.09977   -0.007956   0.07271   0   1.561e+08   -5.089e+07   0
30.1   0.09977   0.007657   0.06762   0   1.561e+08   -5.089e+07   0
30.2   0.09977   0.02327   0.06253   0   1.561e+08   -5.089e+07   0
30.3   0.09977   0.03888   0.05744   0   1.561e+08   -5.089e+07   0
30.4   0.09977   0.05449   0.05235   0   1.561e+08   -5.089e+07   0
30.5   0.09977   0.07011   0.04726   0   1.561e+08   -5.089e+07   0
30.6   0.09977   0.08572   0.04217   0   1.561e+08   -5.089e+07   0
30.7   0.09977   0.1013   0.03708   0   1.561e+08   -5.089e+07   0
30.8   0.09977   0.1169   0.032   0   1.561e+08   -5.089e+07   0
30.9   0.09977   0.1326   0.02691   0   1.561e+08   -5.089e+07   0
31   0.09977   0.1482   0.02182   0   1.561e+08   -5.089e+07   0
31.1   0.09977   0.1638   0.01673   0   1.561e+08   -5.089e+07   0
31.2   0.09977   0.1794   0.01164   0   1.561e+08   -5.089e+07   0
31.3   0.09463   0.1949   0.006537   0   1.524e+08   -5.152e+07   0
31.4   0.08428   0.2098   0.001325   0   1.445e+08   -5.263e+07   0
31.5   0.07555   0.2238   -0.003978   0   1.372e+08   -5.336e+07   0
31.6   0.06818   0.2372   -0.009338   0   1.305e+08   -5.38e+07   0
31.7   0.06197   0.2499   -0.01473   0   1.244e+08   -5.402e+07   0
31.8   0.05675   0.2621   -0.02014   0   1.189e+08   -5.407e+07   0
31.9   0.0524   0.2737   -0.02554   0   1.141e+08   -5.4e+07   0
32   0.0488   0.2849   -0.03093   0   1.099e+08   -5.385e+07   0
32.1   0.04587   0.2957   -0.03631   0   1.064e+08   -5.366e+07   0
32.2   0.04352   0.3062   -0.04166   0   1.034e+08   -5.344e+07   0
32.3   0.0417   0.3164   -0.047   0   1.011e+08   -5.324e+07   0
32.4   0.04035   0.3265   -0.05231   0   9.929e+07   -5.306e+07   0
32.5   0.03944   0.3363   -0.05761   0   9.807e+07   -5.291e+07   0
32.6   0.03893   0.3461   -0.0629   0   9.738e+07   -5.283e+07   0
32.7   0.03879   0.3558   -0.06818   0   9.72e+07   -5.28e+07   0
32.8   0.03901   0.3655   -0.07346   0   9.749e+07   -5.284e+07   0
32.9   0.03956   0.3753   -0.07875   0   9.822e+07   -5.296e+07   0
33   0.04044   0.3852   -0.08405   0   9.937e+07   -5.316e+07   0
33.1   0.04164   0.3952   -0.08938   0   1.009e+08   -5.343e+07   0
33.2   0.04314   0.4054   -0.09474   0   1.028e+08   -5.377e+07   0
33.3   0.04494   0.4158   -0.1001   0   1.049e+08   -5.419e+07   0
33.4   0.04703   0.4264   -0.1056   0   1.073e+08   -5.468e+07   0
33.5   0.04941   0.4373   -0.1111   0   1.1e+08   -5.523e+07   0
33.6   0.05205   0.4484   -0.1166   0   1.128e+08   -5.583e+07   0
33.7   0.05496   0.4598   -0.1222   0   1.158e+08   -5.649e+07   0
33.8   0.05812   0.4716   -0.1279   0   1.19e+08   -5.718e+07   0
33.9   0.06151   0.4836   -0.1337   0   1.222e+08   -5.791e+07   0
34   0.06512   0.496   -0.1395   0   1.254e+08   -5.867e+07   0
34.1   0.06893   0.5087   -0.1454   0   1.287e+08   -5.945e+07   0
34.2   0.07292   0.5218   -0.1514   0   1.32e+08   -6.024e+07   0
34.3   0.07707   0.5351   -0.1575   0   1.352e+08   -6.104e+07   0
34.4   0.08135   0.5488   -0.1636   0   1.384e+08   -6.184e+07   0
34.5   0.08575   0.5628   -0.1698   0   1.416e+08   -6.264e+07   0
34.6   0.09023   0.5771   -0.1761   0   1.447e+08   -6.342e+07   0
34.7   0.09477   0.5917   -0.1825   0   1.477e+08   -6.42e+07   0
34.8   0.09935   0.6066   -0.189   0   1.505e+08   -6.495e+07   0
34.9   0.1039   0.6218   -0.1955   0   1.533e+08   -6.568e+07   0
35   0.1085   0.6373   -0.2021   0   1.56e+08   -6.639e+07   0
35.1   0.1131   0.653   -0.2088   0   1.585e+08   -6.708e+07   0
35.2   0.1175   0.669   -0.2155   0   1.609e+08   -6.773e+07   0
35.3   0.1219   0.6852   -0.2223   0   1.632e+08   -6.836e+07   0
35.4   0.1262   0.7016   -0.2292   0   1.653e+08   -6.895e+07   0
35.5   0.1297   0.7183   -0.2361   0   1.67e+08   -6.942e+07   0
35.6   0.1297   0.735   -0.2431   0   1.67e+08   -6.942e+07   0
35.7   0.1297   0.7517   -0.25   0   1.67e+08   -6.942e+07   0
35.8   0.1297   0.7683   -0.257   0   1.67e+08   -6.942e+07   0
35.9   0.1297   0.785   -0.2639   0   1.67e+08   -6.942e+07   0
36   0.1297   0.8017   -0.2708   0   1.67e+08   -6.942e+07   0
36.1   0.1297   0.8184   -0.2778   0   1.67e+08   -6.942e+07   0
36.2   0.1297   0.8351   -0.2847   0   1.67e+08   -6.942e+07   0
36.3   0.1297   0.8518   -0.2917   0   1.67e+08   -6.942e+07   0
36.4   0.1297   0.8685   -0.2986   0   1.67e+08   -6.942e+07   0
36.5   0.1297   0.8852   -0.3055   0   1.67e+08   -6.942e+07   0
36.6   0.1297   0.9019   -0.3125   0   1.67e+08   -6.942e+07   0
36.7   0.1297   0.9186   -0.3194   0   1.67e+08   -6.942e+07   0
36.8   0.1297   0.9353   -0.3264   0   1.67e+08   -6.942e+07   0
36.9   0.1297   0.952   -0.3333   0   1.67e+08   -6.942e+07   0
37   0.1297   0.9687   -0.3403   0   1.67e+08   -6.942e+07   0
37.1   0.1297   0.9854   -0.3472   0   1.67e+08   -6.942e+07   0
37.2   0.1297   1.002   -0.3541   0   1.67e+08   -6.942e+07   0
37.3   0.1297   1.019   -0.3611   0   1.67e+08   -6.942e+07   0
37.4   0.1297   1.036   -0.368   0   1.67e+08   -6.942e+07   0
37.5   0.1297   1.052   -0.375   0   1.67e+08   -6.942e+07   0
37.6   0.1297   1.069   -0.3819   0   1.67e+08   -6.942e+07   0
37.7   0.1297   1.086   -0.3889   0   1.67e+08   -6.942e+07   0
37.8   0.1304   1.1   -0.3989   0   1.059e+08   -1.47e+08   0
37.9   0.1315   1.105   -0.4161   0   -2.39e+07   -1.801e+08   0
38   0.1326   1.096   -0.4316   0   -1.412e+08   -1.152e+08   0
38.1   0.1336   1.079   -0.4369   0   -1.823e+08   1.266e+07   0
38.2   0.1342   1.062   -0.4304   0   -1.633e+08   8.259e+07   0
38.3   0.1342   1.046   -0.4221   0   -1.633e+08   8.259e+07   0
38.4   0.1342   1.029   -0.4139   0   -1.633e+08   8.259e+07   0
38.5   0.1342   1.013   -0.4056   0   -1.633e+08   8.259e+07   0
38.6   0.1342   0.9965   -0.3974   0   -1.633e+08   8.259e+07   0
38.7   0.1342   0.9802   -0.3891   0   -1.633e+08   8.259e+07   0
38.8   0.1342   0.9639   -0.3809   0   -1.633e+08   8.259e+07   0
38.9   0.1342   0.9475   -0.3726   0   -1.633e+08   8.259e+07   0
39   0.1342   0.9312   -0.3643   0   -1.633e+08   8.259e+07   0
39.1   0.1342   0.9148   -0.3561   0   -1.633e+08   8.259e+07   0
39.2   0.1342   0.8985   -0.3478   0   -1.633e+08   8.259e+07   0
39.3   0.1342   0.8822   -0.3396   0   -1.633e+08   8.259e+07   0
39.4   0.1342   0.8658   -0.3313   0   -1.633e+08   8.259e+07   0
39.5   0.1342   0.8495   -0.323   0   -1.633e+08   8.259e+07   0
39.6   0.1342   0.8332   -0.3148   0   -1.633e+08   8.259e+07   0
39.7   0.1342   0.8168   -0.3065   0   -1.633e+08   8.259e+07   0
39.8   0.1342   0.8005   -0.2983   0   -1.633e+08   8.259e+07   0
39.9   0.1342   0.7842   -0.29   0   -1.633e+08   8.259e+07   0
40   0.1342   0.7678   -0.2817   0   -1.633e+08   8.259e+07   0
40.1   0.1342   0.7515   -0.2735   0   -1.633e+08   8.259e+07   0
40.2   0.1342   0.7352   -0.2652   0   -1.633e+08   8.259e+07   0
40.3   0.1342   0.7188   -0.257   0   -1.633e+08   8.259e+07   0
40.4   0.1359   0.7025   -0.2487   0   -1.641e+08   8.28e+07   0
40.5   0.1397   0.686   -0.2404   0   -1.659e+08   8.328e+07   0
40.6   0.1436   0.6693   -0.232   0   -1.676e+08   8.373e+07   0
40.7   0.1474   0.6525   -0.2236   0   -1.693e+08   8.415e+07   0
40.8   0.1511   0.6355   -0.2152   0   -1.709e+08   8.454e+07   0
40.9   0.1547   0.6183   -0.2067   0   -1.724e+08   8.491e+07   0
41   0.1582   0.601   -0.1982   0   -1.738e+08   8.523e+07   0
41.1   0.1615   0.5835   -0.1897   0   -1.751e+08   8.553e+07   0
41.2   0.1646   0.566   -0.1811   0   -1.763e+08   8.579e+07   0
41.3   0.1675   0.5483   -0.1725   0   -1.775e+08   8.602e+07   0
41.4   0.1701   0.5305   -0.1639   0   -1.785e+08   8.622e+07   0
41.5   0.1724   0.5126   -0.1553   0   -1.793e+08   8.638e+07   0
41.6   0.1744   0.4946   -0.1466   0   -1.801e+08   8.651e+07   0
41.7   0.176   0.4766   -0.138   0   -1.807e+08   8.661e+07   0
41.8   0.1772   0.4585   -0.1293   0   -1.811e+08   8.667e+07   0
41.9   0.1779   0.4404   -0.1207   0   -1.814e+08   8.671e+07   0
42   0.1781   0.4222   -0.112   0   -1.815e+08   8.672e+07   0
42.1   0.1778   0.4041   -0.1033   0   -1.814e+08   8.671e+07   0
42.2   0.1768   0.3859   -0.09465   0   -1.81e+08   8.667e+07   0
42.3   0.1752   0.3679   -0.08598   0   -1.804e+08   8.663e+07   0
42.4   0.1729   0.3499   -0.07732   0   -1.795e+08   8.657e+07   0
42.5   0.1699   0.332   -0.06867   0   -1.782e+08   8.653e+07   0
42.6   0.166   0.3142   -0.06002   0   -1.766e+08   8.649e+07   0
42.7   0.1613   0.2967   -0.05137   0   -1.745e+08   8.65e+07   0
42.8   0.1557   0.2794   -0.04271   0   -1.72e+08   8.657e+07   0
42.9   0.1491   0.2623   -0.03405   0   -1.688e+08   8.674e+07   0
43   0.1416   0.2456   -0.02536   0   -1.649e+08   8.706e+07   0
43.1   0.1332   0.2294   -0.01663   0   -1.601e+08   8.759e+07   0
43.2   0.1238   0.2136   -0.007831   0   -1.544e+08   8.843e+07   0
43.3   0.1138   0.1985   0.001072   0   -1.474e+08   8.97e+07   0
43.4   0.1061   0.1842   0.01012   0   -1.413e+08   9.099e+07   0
43.5   0.1061   0.1701   0.01922   0   -1.413e+08   9.099e+07   0
43.6   0.1061   0.1559   0.02832   0   -1.413e+08   9.099e+07   0
43.7   0.1061   0.1418   0.03742   0   -1.413e+08   9.099e+07   0
43.8   0.1061   0.1276   0.04652   0   -1.413e+08   9.099e+07   0
43.9   0.1061   0.1135   0.05562   0   -1.413e+08   9.099e+07   0
44   0.1061   0.09938   0.06472   0   -1.413e+08   9.099e+07   0
44.1   0.1061   0.08525   0.07382   0   -1.413e+08   9.099e+07   0
44.2   0.1061   0.07111   0.08291   0   -1.413e+08   9.099e+07   0
44.3   0.1061   0.05698   0.09201   0   -1.413e+08   9.099e+07   0
44.4   0.1061   0.04284   0.1011   0   -1.413e+08   9.099e+07   0
44.5   0.1061   0.02871   0.1102   0   -1.413e+08   9.099e+07   0
44.6   0.1061   0.01457   0.1193   0   -1.413e+08   9.099e+07   0
44.7   0.1061   0.0004366   0.1284   0   -1.413e+08   9.099e+07   0
44.8   0.1061   -0.0137   0.1375   0   -1.413e+08   9.099e+07   0
44.9   0.1061   -0.02783   0.1466   0   -1.413e+08   9.099e+07   0
45   0.1061   -0.04197   0.1557   0   -1.413e+08   9.099e+07   0
