0   0.04   -0.753   0   0   1.121e+08   0   0
0.1   0.04   -0.753   0   0   1.121e+08   0   0
0.2   0.04   -0.753   0   0   1.121e+08   0   0
0.3   0.04   -0.753   0   0   1.121e+08   0   0
0.4   0.04   -0.753   0   0   1.121e+08   0   0
0.5   0.04   -0.753   0   0   1.121e+08   0   0
0.6   0.04   -0.753   0   0   1.121e+08   0   0
0.7   0.04   -0.753   0   0   1.121e+08   0   0
0.8   0.04   -0.753   0   0   1.121e+08   0   0
0.9   0.04   -0.753   0   0   1.121e+08   0   0
1   0.04   -0.753   0   0   1.121e+08   0   0
1.1   0.04   -0.753   0   0   1.121e+08   0   0
1.2   0.04   -0.753   0   0   1.121e+08   0   0
1.3   0.04   -0.753   0   0   1.121e+08   0   0
1.4   0.04   -0.753   0   0   1.121e+08   0   0
1.5   0.04   -0.753   0   0   1.121e+08   0   0
1.6   0.04   -0.753   0   0   1.121e+08   0   0
1.7   0.04052   -0.7504   0   0   1.128e+08   0   0
1.8   0.04298   -0.739   0   0   1.158e+08   0   0
1.9   0.04563   -0.7272   0   0   1.189e+08   0   0
2   0.04848   -0.7152   0   0   1.221e+08   0   0
2.1   0.05151   -0.7028   0   0   1.253e+08   0   0
2.2   0.05474   -0.6901   0   0   1.286e+08   0   0
2.3   0.05815   -0.6771   0   0   1.32e+08   0   0
2.4   0.06175   -0.6637   0   0   1.354e+08   0   0
2.5   0.06552   -0.65   0   0   1.388e+08   0   0
2.6   0.06946   -0.6359   0   0   1.422e+08   0   0
2.7   0.07356   -0.6215   0   0   1.456e+08   0   0
2.8   0.0778   -0.6068   0   0   1.489e+08   0   0
2.9   0.08218   -0.5917   0   0   1.522e+08   0   0
3   0.08668   -0.5764   0   0   1.555e+08   0   0
3.1   0.09127   -0.5606   0   0   1.587e+08   0   0
3.2   0.09595   -0.5446   0   0   1.618e+08   0   0
3.3   0.1007   -0.5283   0   0   1.648e+08   0   0
3.4   0.1054   -0.5117   0   0   1.677e+08   0   0
3.5   0.1102   -0.4948   0   0   1.705e+08   0   0
3.6   0.1149   -0.4776   0   0   1.731e+08   0   0
3.7   0.1195   -0.4601   0   0   1.756e+08   0   0
3.8   0.1241   -0.4425   0   0   1.78e+08   0   0
3.9   0.1285   -0.4245   0   0   1.802e+08   0   0
4   0.1327   -0.4064   0   0   1.823e+08   0   0
4.1   0.1366   -0.3881   0   0   1.842e+08   0   0
4.2   0.1403   -0.3696   0   0   1.859e+08   0   0
4.3   0.1435   -0.3509   0   0   1.873e+08   0   0
4.4   0.1464   -0.3321   0   0   1.886e+08   0   0
4.5   0.1487   -0.3132   0   0   1.896e+08   0   0
4.6   0.1505   -0.2942   0   0   1.904e+08   0   0
4.7   0.1515   -0.2751   0   0   1.908e+08   0   0
4.8   0.1518   -0.2561   0   0   1.909e+08   0   0
4.9   0.1511   -0.237   0   0   1.907e+08   0   0
5   0.1494   -0.2179   0   0   1.899e+08   0   0
5.1   0.1464   -0.199   0   0   1.886e+08   0   0
5.2   0.1441   -0.1802   0   0   1.876e+08   0   0
5.3   0.1441   -0.1615   0   0   1.876e+08   0   0
5.4   0.1441   -0.1427   0   0   1.876e+08   0   0
5.5   0.1441   -0.1239   0   0   1.876e+08   0   0
5.6   0.1441   -0.1052   0   0   1.876e+08   0   0
5.7   0.1441   -0.08643   0   0   1.876e+08   0   0
5.8   0.1441   -0.06767   0   0   1.876e+08   0   0
5.9   0.1441   -0.04891   0   0   1.876e+08   0   0
6   0.1441   -0.03016   0   0   1.876e+08   0   0
6.1   0.1441   -0.0114   0   0   1.876e+08   0   0
6.2   0.1441   0.007359   0   0   1.876e+08   0   0
6.3   0.1441   0.02612   0   0   1.876e+08   0   0
6.4   0.1441   0.04487   0   0   1.876e+08   0   0
6.5   0.1441   0.06363   0   0   1.876e+08   0   0
6.6   0.1441   0.08239   0   0   1.876e+08   0   0
6.7   0.1441   0.1011   0   0   1.876e+08   0   0
6.8   0.1441   0.1199   0   0   1.876e+08   0   0
6.9   0.1441   0.1387   0   0   1.876e+08   0   0
7   0.1441   0.1574   0   0   1.876e+08   0   0
7.1   0.1441   0.1762   0   0   1.876e+08   0   0
7.2   0.1503   0.195   0   0   1.903e+08   0   0
7.3   0.1674   0.2144   0   0   1.972e+08   0   0
7.4   0.1833   0.2344   0   0   2.029e+08   0   0
7.5   0.1981   0.2549   0   0   2.078e+08   0   0
7.6   0.2117   0.2759   0   0   2.12e+08   0   0
7.7   0.2243   0.2973   0   0   2.156e+08   0   0
7.8   0.2359   0.319   0   0   2.186e+08   0   0
7.9   0.2465   0.341   0   0   2.213e+08   0   0
8   0.2561   0.3633   0   0   2.236e+08   0   0
8.1   0.2648   0.3858   0   0   2.256e+08   0   0
8.2   0.2727   0.4084   0   0   2.273e+08   0   0
8.3   0.2797   0.4312   0   0   2.288e+08   0   0
8.4   0.286   0.4541   0   0   2.301e+08   0   0
8.5   0.2915   0.4772   0   0   2.312e+08   0   0
8.6   0.2963   0.5004   0   0   2.321e+08   0   0
8.7   0.3004   0.5236   0   0   2.329e+08   0   0
8.8   0.3039   0.5469   0   0   2.335e+08   0   0
8.9   0.3068   0.5703   0   0   2.341e+08   0   0
9   0.3091   0.5938   0   0   2.345e+08   0   0
9.1   0.3109   0.6172   0   0   2.348e+08   0   0
9.2   0.3122   0.6407   0   0   2.35e+08   0   0
9.3   0.313   0.6642   0   0   2.352e+08   0   0
9.4   0.3134   0.6877   0   0   2.352e+08   0   0
9.5   0.3133   0.7113   0   0   2.352e+08   0   0
9.6   0.3128   0.7348   0   0   2.352e+08   0   0
9.7   0.3122   0.7583   0   0   2.35e+08   0   0
9.8   0.3122   0.7818   0   0   2.35e+08   0   0
9.9   0.3122   0.8053   0   0   2.35e+08   0   0
10   0.3122   0.8288   0   0   2.35e+08   0   0
10.1   0.3122   0.8523   0   0   2.35e+08   0   0
10.2   0.3122   0.8758   0   0   2.35e+08   0   0
10.3   0.3122   0.8993   0   0   2.35e+08   0   0
10.4   0.3122   0.9228   0   0   2.35e+08   0   0
10.5   0.3122   0.9463   0   0   2.35e+08   0   0
10.6   0.3122   0.9698   0   0   2.35e+08   0   0
10.7   0.3122   0.9933   0   0   2.35e+08   0   0
10.8   0.3122   1.017   0   0   2.35e+08   0   0
10.9   0.3122   1.04   0   0   2.35e+08   0   0
11   0.3122   1.064   0   0   2.35e+08   0   0
11.1   0.3122   1.087   0   0   2.35e+08   0   0
11.2   0.3123   1.111   -9.174e-05   0   2.348e+08   -1.146e+07   0
11.3   0.313   1.134   -0.005041   0   2.189e+08   -8.591e+07   0
11.4   0.3137   1.154   -0.01704   0   1.802e+08   -1.514e+08   0
11.5   0.3144   1.169   -0.03484   0   1.225e+08   -2.01e+08   0
11.6   0.3151   1.178   -0.05659   0   5.212e+07   -2.297e+08   0
11.7   0.3158   1.179   -0.08   0   -2.374e+07   -2.345e+08   0
11.8   0.3165   1.173   -0.1027   0   -9.716e+07   -2.149e+08   0
11.9   0.3172   1.16   -0.1222   0   -1.605e+08   -1.729e+08   0
12   0.3179   1.142   -0.1366   0   -2.072e+08   -1.131e+08   0
12.1   0.3186   1.119   -0.1444   0   -2.325e+08   -4.147e+07   0
12.2   0.3193   1.096   -0.1447   0   -2.338e+08   3.441e+07   0
12.3   0.3194   1.073   -0.1408   0   -2.331e+08   3.893e+07   0
12.4   0.3194   1.049   -0.1369   0   -2.331e+08   3.893e+07   0
12.5   0.3194   1.026   -0.133   0   -2.331e+08   3.893e+07   0
12.6   0.3194   1.003   -0.1291   0   -2.331e+08   3.893e+07   0
12.7   0.3194   0.9793   -0.1252   0   -2.331e+08   3.893e+07   0
12.8   0.3194   0.956   -0.1213   0   -2.331e+08   3.893e+07   0
12.9   0.3194   0.9327   -0.1174   0   -2.331e+08   3.893e+07   0
13   0.3194   0.9094   -0.1135   0   -2.331e+08   3.893e+07   0
13.1   0.3194   0.8861   -0.1096   0   -2.331e+08   3.893e+07   0
13.2   0.3194   0.8627   -0.1057   0   -2.331e+08   3.893e+07   0
13.3   0.3194   0.8394   -0.1019   0   -2.331e+08   3.893e+07   0
13.4   0.3194   0.8161   -0.09796   0   -2.331e+08   3.893e+07   0
13.5   0.3194   0.7928   -0.09407   0   -2.331e+08   3.893e+07   0
13.6   0.3194   0.7695   -0.09017   0   -2.331e+08   3.893e+07   0
13.7   0.3195   0.7462   -0.08628   0   -2.331e+08   3.893e+07   0
13.8   0.3208   0.7229   -0.08239   0   -2.333e+08   3.894e+07   0
13.9   0.3217   0.6995   -0.07849   0   -2.335e+08   3.894e+07   0
14   0.3222   0.6762   -0.0746   0   -2.336e+08   3.895e+07   0
14.1   0.3224   0.6528   -0.0707   0   -2.336e+08   3.895e+07   0
14.2   0.3221   0.6295   -0.06681   0   -2.335e+08   3.895e+07   0
14.3   0.3213   0.6061   -0.06291   0   -2.334e+08   3.895e+07   0
14.4   0.32   0.5828   -0.05902   0   -2.332e+08   3.895e+07   0
14.5   0.3182   0.5595   -0.05512   0   -2.329e+08   3.895e+07   0
14.6   0.3158   0.5362   -0.05123   0   -2.324e+08   3.895e+07   0
14.7   0.3128   0.513   -0.04733   0   -2.319e+08   3.897e+07   0
14.8   0.3091   0.4899   -0.04344   0   -2.312e+08   3.899e+07   0
14.9   0.3048   0.4668   -0.03954   0   -2.304e+08   3.902e+07   0
15   0.2997   0.4438   -0.03563   0   -2.294e+08   3.906e+07   0
15.1   0.2939   0.4209   -0.03172   0   -2.283e+08   3.913e+07   0
15.2   0.2872   0.3981   -0.02781   0   -2.269e+08   3.922e+07   0
15.3   0.2796   0.3755   -0.02388   0   -2.254e+08   3.934e+07   0
15.4   0.2712   0.3531   -0.01994   0   -2.235e+08   3.951e+07   0
15.5   0.2617   0.3308   -0.01597   0   -2.213e+08   3.973e+07   0
15.6   0.2513   0.3088   -0.01199   0   -2.188e+08   4.004e+07   0
15.7   0.2397   0.2871   -0.007963   0   -2.159e+08   4.044e+07   0
15.8   0.227   0.2657   -0.003892   0   -2.124e+08   4.098e+07   0
15.9   0.2132   0.2446   0.0002412   0   -2.083e+08   4.171e+07   0
16   0.1981   0.224   0.00446   0   -2.034e+08   4.27e+07   0
16.1   0.1818   0.204   0.008793   0   -1.976e+08   4.403e+07   0
16.2   0.1673   0.1845   0.01328   0   -1.918e+08   4.551e+07   0
16.3   0.1673   0.1654   0.01783   0   -1.918e+08   4.551e+07   0
16.4   0.1673   0.1462   0.02238   0   -1.918e+08   4.551e+07   0
16.5   0.1673   0.127   0.02693   0   -1.918e+08   4.551e+07   0
16.6   0.1673   0.1078   0.03149   0   -1.918e+08   4.551e+07   0
16.7   0.1673   0.08863   0.03604   0   -1.918e+08   4.551e+07   0
16.8   0.1673   0.06945   0.04059   0   -1.918e+08   4.551e+07   0
16.9   0.1673   0.05026   0.04514   0   -1.918e+08   4.551e+07   0
17   0.1673   0.03108   0.04969   0   -1.918e+08   4.551e+07   0
17.1   0.1673   0.01189   0.05424   0   -1.918e+08   4.551e+07   0
17.2   0.1673   -0.007289   0.05879   0   -1.918e+08   4.551e+07   0
17.3   0.1673   -0.02647   0.06334   0   -1.918e+08   4.551e+07   0
17.4   0.1673   -0.04566   0.0679   0   -1.918e+08   4.551e+07   0
17.5   0.1673   -0.06484   0.07245   0   -1.918e+08   4.551e+07   0
17.6   0.1673   -0.08402   0.077   0   -1.918e+08   4.551e+07   0
17.7   0.1673   -0.1032   0.08155   0   -1.918e+08   4.551e+07   0
17.8   0.1673   -0.1224   0.0861   0   -1.918e+08   4.551e+07   0
17.9   0.1673   -0.1416   0.09065   0   -1.918e+08   4.551e+07   0
18   0.1673   -0.1608   0.0952   0   -1.918e+08   4.551e+07   0
18.1   0.1745   -0.1801   0.09985   0   -1.941e+08   4.748e+07   0
18.2   0.1808   -0.1996   0.1047   0   -1.96e+08   4.904e+07   0
18.3   0.1857   -0.2192   0.1096   0   -1.975e+08   5.015e+07   0
18.4   0.1893   -0.2391   0.1147   0   -1.986e+08   5.092e+07   0
18.5   0.1918   -0.2589   0.1198   0   -1.993e+08   5.142e+07   0
18.6   0.1934   -0.2789   0.125   0   -1.998e+08   5.171e+07   0
18.7   0.1941   -0.2989   0.1302   0   -1.999e+08   5.183e+07   0
18.8   0.1939   -0.3189   0.1353   0   -1.999e+08   5.181e+07   0
18.9   0.1931   -0.3389   0.1405   0   -1.997e+08   5.168e+07   0
19   0.1917   -0.3588   0.1457   0   -1.993e+08   5.145e+07   0
19.1   0.1898   -0.3787   0.1508   0   -1.987e+08   5.113e+07   0
19.2   0.1873   -0.3985   0.1559   0   -1.979e+08   5.074e+07   0
19.3   0.1845   -0.4183   0.1609   0   -1.97e+08   5.029e+07   0
19.4   0.1813   -0.4379   0.166   0   -1.96e+08   4.979e+07   0
19.5   0.1778   -0.4575   0.1709   0   -1.949e+08   4.924e+07   0
19.6   0.174   -0.4769   0.1758   0   -1.936e+08   4.864e+07   0
19.7   0.17   -0.4962   0.1806   0   -1.923e+08   4.801e+07   0
19.8   0.1658   -0.5154   0.1854   0   -1.908e+08   4.735e+07   0
19.9   0.1615   -0.5344   0.1901   0   -1.892e+08   4.665e+07   0
20   0.1571   -0.5532   0.1947   0   -1.876e+08   4.593e+07   0
20.1   0.1526   -0.5719   0.1993   0   -1.858e+08   4.519e+07   0
20.2   0.148   -0.5904   0.2038   0   -1.84e+08   4.443e+07   0
20.3   0.1435   -0.6087   0.2082   0   -1.821e+08   4.365e+07   0
20.4   0.1389   -0.6268   0.2125   0   -1.802e+08   4.286e+07   0
20.5   0.1344   -0.6447   0.2167   0   -1.782e+08   4.207e+07   0
20.6   0.1299   -0.6624   0.2209   0   -1.762e+08   4.126e+07   0
20.7   0.1255   -0.6799   0.225   0   -1.741e+08   4.045e+07   0
20.8   0.1212   -0.6973   0.229   0   -1.72e+08   3.964e+07   0
20.9   0.117   -0.7143   0.2329   0   -1.699e+08   3.884e+07   0
21   0.1166   -0.7313   0.2368   0   -1.697e+08   3.876e+07   0
21.1   0.1166   -0.7483   0.2407   0   -1.697e+08   3.876e+07   0
21.2   0.1166   -0.7652   0.2445   0   -1.697e+08   3.876e+07   0
21.3   0.1166   -0.7822   0.2484   0   -1.697e+08   3.876e+07   0
21.4   0.1166   -0.7992   0.2523   0   -1.697e+08   3.876e+07   0
21.5   0.1166   -0.8161   0.2562   0   -1.697e+08   3.876e+07   0
21.6   0.1166   -0.8331   0.26   0   -1.697e+08   3.876e+07   0
21.7   0.1166   -0.8501   0.2639   0   -1.697e+08   3.876e+07   0
21.8   0.1166   -0.867   0.2678   0   -1.697e+08   3.876e+07   0
21.9   0.1166   -0.884   0.2717   0   -1.697e+08   3.876e+07   0
22   0.1166   -0.901   0.2756   0   -1.697e+08   3.876e+07   0
22.1   0.1166   -0.9179   0.2794   0   -1.697e+08   3.876e+07   0
22.2   0.1166   -0.9349   0.2833   0   -1.697e+08   3.876e+07   0
22.3   0.1166   -0.9519   0.2872   0   -1.697e+08   3.876e+07   0
22.4   0.1166   -0.9688   0.2911   0   -1.697e+08   3.876e+07   0
22.5   0.1166   -0.9858   0.2949   0   -1.697e+08   3.876e+07   0
22.6   0.1166   -1.003   0.2988   0   -1.697e+08   3.876e+07   0
22.7   0.1166   -1.02   0.3027   0   -1.697e+08   3.876e+07   0
22.8   0.1166   -1.037   0.3066   0   -1.697e+08   3.876e+07   0
22.9   0.1166   -1.054   0.3104   0   -1.697e+08   3.876e+07   0
23   0.1166   -1.071   0.3143   0   -1.697e+08   3.876e+07   0
23.1   0.1166   -1.088   0.3182   0   -1.697e+08   3.876e+07   0
23.2   0.1167   -1.104   0.3226   0   -1.598e+08   6.922e+07   0
23.3   0.1172   -1.118   0.3335   0   -9.901e+07   1.436e+08   0
23.4   0.1177   -1.123   0.3499   0   -8.042e+06   1.745e+08   0
23.5   0.1182   -1.119   0.3667   0   8.558e+07   1.526e+08   0
23.6   0.1187   -1.107   0.3788   0   1.535e+08   8.442e+07   0
23.7   0.1192   -1.09   0.3826   0   1.752e+08   -9.403e+06   0
23.8   0.1195   -1.073   0.3784   0   1.681e+08   -5.067e+07   0
23.9   0.1195   -1.056   0.3733   0   1.681e+08   -5.067e+07   0
24   0.1195   -1.039   0.3683   0   1.681e+08   -5.067e+07   0
24.1   0.1195   -1.022   0.3632   0   1.681e+08   -5.067e+07   0
24.2   0.1195   -1.006   0.3581   0   1.681e+08   -5.067e+07   0
24.3   0.1195   -0.9888   0.3531   0   1.681e+08   -5.067e+07   0
24.4   0.1195   -0.972   0.348   0   1.681e+08   -5.067e+07   0
24.5   0.1195   -0.9552   0.3429   0   1.681e+08   -5.067e+07   0
24.6   0.1195   -0.9384   0.3379   0   1.681e+08   -5.067e+07   0
24.7   0.1195   -0.9216   0.3328   0   1.681e+08   -5.067e+07   0
24.8   0.1195   -0.9048   0.3277   0   1.681e+08   -5.067e+07   0
24.9   0.1195   -0.888   0.3227   0   1.681e+08   -5.067e+07   0
25   0.1195   -0.8712   0.3176   0   1.681e+08   -5.067e+07   0
25.1   0.1195   -0.8543   0.3125   0   1.681e+08   -5.067e+07   0
25.2   0.1195   -0.8375   0.3075   0   1.681e+08   -5.067e+07   0
25.3   0.1195   -0.8207   0.3024   0   1.681e+08   -5.067e+07   0
25.4   0.1195   -0.8039   0.2973   0   1.681e+08   -5.067e+07   0
25.5   0.1195   -0.7871   0.2923   0   1.681e+08   -5.067e+07   0
25.6   0.1195   -0.7703   0.2872   0   1.681e+08   -5.067e+07   0
25.7   0.1195   -0.7535   0.2821   0   1.681e+08   -5.067e+07   0
25.8   0.1195   -0.7367   0.2771   0   1.681e+08   -5.067e+07   0
25.9   0.1195   -0.7198   0.272   0   1.681e+08   -5.067e+07   0
26   0.1193   -0.703   0.2669   0   1.68e+08   -5.063e+07   0
26.1   0.1151   -0.6863   0.2619   0   1.66e+08   -4.975e+07   0
26.2   0.1111   -0.6698   0.257   0   1.638e+08   -4.885e+07   0
26.3   0.107   -0.6536   0.2521   0   1.617e+08   -4.792e+07   0
26.4   0.1031   -0.6375   0.2474   0   1.595e+08   -4.698e+07   0
26.5   0.09921   -0.6217   0.2427   0   1.573e+08   -4.602e+07   0
26.6   0.09547   -0.6061   0.2382   0   1.55e+08   -4.506e+07   0
26.7   0.09186   -0.5907   0.2337   0   1.528e+08   -4.409e+07   0
26.8   0.0884   -0.5755   0.2294   0   1.506e+08   -4.313e+07   0
26.9   0.08512   -0.5605   0.2251   0   1.485e+08   -4.218e+07   0
27   0.08203   -0.5458   0.2209   0   1.464e+08   -4.125e+07   0
27.1   0.07915   -0.5313   0.2169   0   1.444e+08   -4.035e+07   0
27.2   0.07649   -0.5169   0.2129   0   1.425e+08   -3.949e+07   0
27.3   0.07407   -0.5027   0.209   0   1.408e+08   -3.868e+07   0
27.4   0.0719   -0.4887   0.2051   0   1.392e+08   -3.793e+07   0
27.5   0.07001   -0.4749   0.2014   0   1.377e+08   -3.725e+07   0
27.6   0.0684   -0.4612   0.1977   0   1.365e+08   -3.666e+07   0
27.7   0.06709   -0.4476   0.194   0   1.354e+08   -3.616e+07   0
27.8   0.06609   -0.4341   0.1904   0   1.346e+08   -3.577e+07   0
27.9   0.06542   -0.4207   0.1869   0   1.341e+08   -3.551e+07   0
28   0.0651   -0.4073   0.1833   0   1.338e+08   -3.538e+07   0
28.1   0.06515   -0.3939   0.1798   0   1.339e+08   -3.54e+07   0
28.2   0.0656   -0.3805   0.1763   0   1.342e+08   -3.559e+07   0
28.3   0.06646   -0.367   0.1727   0   1.349e+08   -3.595e+07   0
28.4   0.06777   -0.3535   0.1691   0   1.36e+08   -3.65e+07   0
28.5   0.06958   -0.3398   0.1654   0   1.373e+08   -3.726e+07   0
28.6   0.07191   -0.326   0.1616   0   1.391e+08   -3.823e+07   0
28.7   0.07482   -0.312   0.1577   0   1.412e+08   -3.945e+07   0
28.8   0.07837   -0.2978   0.1537   0   1.437e+08   -4.09e+07   0
28.9   0.08263   -0.2833   0.1495   0   1.465e+08   -4.263e+07   0
29   0.08768   -0.2684   0.1452   0   1.497e+08   -4.463e+07   0
29.1   0.09363   -0.2533   0.1406   0   1.532e+08   -4.694e+07   0
29.2   0.1006   -0.2378   0.1358   0   1.571e+08   -4.956e+07   0
29.3   0.1087   -0.2219   0.1307   0   1.613e+08   -5.253e+07   0
29.4   0.1182   -0.2055   0.1252   0   1.657e+08   -5.587e+07   0
29.5   0.1292   -0.1887   0.1195   0   1.705e+08   -5.962e+07   0
29.6   0.1421   -0.1714   0.1133   0   1.754e+08   -6.382e+07   0
29.7   0.1561   -0.1536   0.1067   0   1.803e+08   -6.824e+07   0
29.8   0.1561   -0.1356   0.09985   0   1.803e+08   -6.824e+07   0
29.9   0.1561   -0.1176   0.09303   0   1.803e+08   -6.824e+07   0
30   0.1561   -0.09954   0.08621   0   1.803e+08   -6.824e+07   0
30.1   0.1561   -0.08151   0.07938   0   1.803e+08   -6.824e+07   0
30.2   0.1561   -0.06349   0.07256   0   1.803e+08   -6.824e+07   0
30.3   0.1561   -0.04546   0.06573   0   1.803e+08   -6.824e+07   0
30.4   0.1561   -0.02743   0.05891   0   1.803e+08   -6.824e+07   0
30.5   0.1561   -0.00941   0.05209   0   1.803e+08   -6.824e+07   0
30.6   0.1561   0.008616   0.04526   0   1.803e+08   -6.824e+07   0
30.7   0.1561   0.02664   0.03844   0   1.803e+08   -6.824e+07   0
30.8   0.1561   0.04467   0.03161   0   1.803e+08   -6.824e+07   0
30.9   0.1561   0.06269   0.02479   0   1.803e+08   -6.824e+07   0
31   0.1561   0.08072   0.01796   0   1.803e+08   -6.824e+07   0
31.1   0.1561   0.09874   0.01114   0   1.803e+08   -6.824e+07   0
31.2   0.1561   0.1168   0.004317   0   1.803e+08   -6.824e+07   0
31.3   0.1561   0.1348   -0.002508   0   1.803e+08   -6.824e+07   0
31.4   0.1561   0.1528   -0.009332   0   1.803e+08   -6.824e+07   0
31.5   0.1561   0.1708   -0.01616   0   1.803e+08   -6.824e+07   0
31.6   0.1549   0.1889   -0.02298   0   1.797e+08   -6.826e+07   0
31.7   0.1441   0.2066   -0.02981   0   1.747e+08   -6.833e+07   0
31.8   0.1352   0.2238   -0.03664   0   1.704e+08   -6.823e+07   0
31.9   0.1279   0.2407   -0.04345   0   1.666e+08   -6.803e+07   0
32   0.122   0.2572   -0.05024   0   1.634e+08   -6.778e+07   0
32.1   0.1172   0.2734   -0.05701   0   1.608e+08   -6.751e+07   0
32.2   0.1134   0.2893   -0.06375   0   1.586e+08   -6.724e+07   0
32.3   0.1104   0.3051   -0.07046   0   1.569e+08   -6.701e+07   0
32.4   0.1083   0.3207   -0.07715   0   1.556e+08   -6.682e+07   0
32.5   0.1069   0.3362   -0.08382   0   1.548e+08   -6.667e+07   0
32.6   0.1061   0.3517   -0.09049   0   1.543e+08   -6.659e+07   0
32.7   0.1059   0.3671   -0.09714   0   1.542e+08   -6.657e+07   0
32.8   0.1062   0.3825   -0.1038   0   1.544e+08   -6.661e+07   0
32.9   0.107   0.398   -0.1105   0   1.549e+08   -6.671e+07   0
33   0.1083   0.4135   -0.1171   0   1.556e+08   -6.686e+07   0
33.1   0.11   0.4291   -0.1238   0   1.566e+08   -6.708e+07   0
33.2   0.112   0.4448   -0.1306   0   1.577e+08   -6.735e+07   0
33.3   0.1145   0.4607   -0.1373   0   1.591e+08   -6.767e+07   0
33.4   0.1172   0.4767   -0.1441   0   1.606e+08   -6.803e+07   0
33.5   0.1203   0.4928   -0.1509   0   1.622e+08   -6.842e+07   0
33.6   0.1236   0.5091   -0.1578   0   1.639e+08   -6.886e+07   0
33.7   0.1272   0.5256   -0.1647   0   1.657e+08   -6.931e+07   0
33.8   0.131   0.5422   -0.1716   0   1.675e+08   -6.979e+07   0
33.9   0.135   0.5591   -0.1787   0   1.694e+08   -7.029e+07   0
34   0.1392   0.5761   -0.1857   0   1.713e+08   -7.08e+07   0
34.1   0.1436   0.5934   -0.1928   0   1.733e+08   -7.132e+07   0
34.2   0.1481   0.6108   -0.2   0   1.752e+08   -7.184e+07   0
34.3   0.1526   0.6284   -0.2072   0   1.771e+08   -7.237e+07   0
34.4   0.1573   0.6462   -0.2144   0   1.789e+08   -7.289e+07   0
34.5   0.162   0.6642   -0.2218   0   1.808e+08   -7.34e+07   0
34.6   0.1667   0.6824   -0.2291   0   1.825e+08   -7.391e+07   0
34.7   0.1715   0.7007   -0.2365   0   1.843e+08   -7.441e+07   0
34.8   0.1747   0.7192   -0.244   0   1.854e+08   -7.474e+07   0
34.9   0.1747   0.7377   -0.2515   0   1.854e+08   -7.474e+07   0
35   0.1747   0.7563   -0.259   0   1.854e+08   -7.474e+07   0
35.1   0.1747   0.7748   -0.2664   0   1.854e+08   -7.474e+07   0
35.2   0.1747   0.7934   -0.2739   0   1.854e+08   -7.474e+07   0
35.3   0.1747   0.8119   -0.2814   0   1.854e+08   -7.474e+07   0
35.4   0.1747   0.8304   -0.2888   0   1.854e+08   -7.474e+07   0
35.5   0.1747   0.849   -0.2963   0   1.854e+08   -7.474e+07   0
35.6   0.1747   0.8675   -0.3038   0   1.854e+08   -7.474e+07   0
35.7   0.1747   0.8861   -0.3113   0   1.854e+08   -7.474e+07   0
35.8   0.1747   0.9046   -0.3187   0   1.854e+08   -7.474e+07   0
35.9   0.1747   0.9231   -0.3262   0   1.854e+08   -7.474e+07   0
36   0.1747   0.9417   -0.3337   0   1.854e+08   -7.474e+07   0
36.1   0.1747   0.9602   -0.3412   0   1.854e+08   -7.474e+07   0
36.2   0.1747   0.9788   -0.3486   0   1.854e+08   -7.474e+07   0
36.3   0.1747   0.9973   -0.3561   0   1.854e+08   -7.474e+07   0
36.4   0.1747   1.016   -0.3636   0   1.854e+08   -7.474e+07   0
36.5   0.1747   1.034   -0.3711   0   1.854e+08   -7.474e+07   0
36.6   0.1747   1.053   -0.3785   0   1.854e+08   -7.474e+07   0
36.7   0.1747   1.071   -0.386   0   1.854e+08   -7.474e+07   0
36.8   0.1748   1.09   -0.3935   0   1.821e+08   -8.255e+07   0
36.9   0.1762   1.104   -0.4073   0   8.504e+07   -1.815e+08   0
37   0.1775   1.105   -0.4269   0   -5.309e+07   -1.938e+08   0
37.1   0.1789   1.094   -0.4429   0   -1.663e+08   -1.136e+08   0
37.2   0.1804   1.075   -0.4477   0   -2.008e+08   2.086e+07   0
37.3   0.1811   1.056   -0.4403   0   -1.798e+08   9.253e+07   0
37.4   0.1811   1.038   -0.431   0   -1.798e+08   9.253e+07   0
37.5   0.1811   1.02   -0.4218   0   -1.798e+08   9.253e+07   0
37.6   0.1811   1.002   -0.4125   0   -1.798e+08   9.253e+07   0
37.7   0.1811   0.9843   -0.4033   0   -1.798e+08   9.253e+07   0
37.8   0.1811   0.9663   -0.394   0   -1.798e+08   9.253e+07   0
37.9   0.1811   0.9483   -0.3848   0   -1.798e+08   9.253e+07   0
38   0.1811   0.9303   -0.3755   0   -1.798e+08   9.253e+07   0
38.1   0.1811   0.9124   -0.3663   0   -1.798e+08   9.253e+07   0
38.2   0.1811   0.8944   -0.357   0   -1.798e+08   9.253e+07   0
38.3   0.1811   0.8764   -0.3477   0   -1.798e+08   9.253e+07   0
38.4   0.1811   0.8584   -0.3385   0   -1.798e+08   9.253e+07   0
38.5   0.1811   0.8404   -0.3292   0   -1.798e+08   9.253e+07   0
38.6   0.1811   0.8225   -0.32   0   -1.798e+08   9.253e+07   0
38.7   0.1811   0.8045   -0.3107   0   -1.798e+08   9.253e+07   0
38.8   0.1811   0.7865   -0.3015   0   -1.798e+08   9.253e+07   0
38.9   0.1811   0.7685   -0.2922   0   -1.798e+08   9.253e+07   0
39   0.1811   0.7506   -0.283   0   -1.798e+08   9.253e+07   0
39.1   0.1811   0.7326   -0.2737   0   -1.798e+08   9.253e+07   0
39.2   0.1811   0.7146   -0.2645   0   -1.798e+08   9.253e+07   0
39.3   0.1837   0.6966   -0.2552   0   -1.807e+08   9.276e+07   0
39.4   0.1886   0.6784   -0.2459   0   -1.823e+08   9.317e+07   0
39.5   0.1937   0.6601   -0.2366   0   -1.84e+08   9.358e+07   0
39.6   0.1991   0.6416   -0.2272   0   -1.857e+08   9.398e+07   0
39.7   0.2046   0.623   -0.2178   0   -1.875e+08   9.437e+07   0
39.8   0.2104   0.6041   -0.2083   0   -1.892e+08   9.475e+07   0
39.9   0.2165   0.5851   -0.1988   0   -1.91e+08   9.511e+07   0
40   0.2227   0.5659   -0.1893   0   -1.928e+08   9.545e+07   0
40.1   0.229   0.5466   -0.1797   0   -1.946e+08   9.576e+07   0
40.2   0.2356   0.527   -0.1702   0   -1.963e+08   9.606e+07   0
40.3   0.2422   0.5073   -0.1605   0   -1.981e+08   9.632e+07   0
40.4   0.249   0.4874   -0.1509   0   -1.998e+08   9.656e+07   0
40.5   0.2559   0.4673   -0.1412   0   -2.015e+08   9.676e+07   0
40.6   0.2628   0.4471   -0.1315   0   -2.032e+08   9.693e+07   0
40.7   0.2698   0.4267   -0.1218   0   -2.048e+08   9.707e+07   0
40.8   0.2767   0.4061   -0.1121   0   -2.064e+08   9.717e+07   0
40.9   0.2836   0.3854   -0.1024   0   -2.08e+08   9.723e+07   0
41   0.2905   0.3645   -0.09268   0   -2.095e+08   9.726e+07   0
41.1   0.2971   0.3435   -0.08296   0   -2.109e+08   9.724e+07   0
41.2   0.3036   0.3224   -0.07323   0   -2.123e+08   9.718e+07   0
41.3   0.3098   0.3011   -0.06352   0   -2.136e+08   9.708e+07   0
41.4   0.3157   0.2797   -0.05382   0   -2.148e+08   9.694e+07   0
41.5   0.3211   0.2581   -0.04413   0   -2.159e+08   9.677e+07   0
41.6   0.3259   0.2365   -0.03447   0   -2.169e+08   9.657e+07   0
41.7   0.33   0.2147   -0.02482   0   -2.177e+08   9.635e+07   0
41.8   0.3332   0.1929   -0.0152   0   -2.184e+08   9.613e+07   0
41.9   0.3339   0.1711   -0.005587   0   -2.186e+08   9.608e+07   0
42   0.3339   0.1492   0.004021   0   -2.186e+08   9.608e+07   0
42.1   0.3339   0.1274   0.01363   0   -2.186e+08   9.608e+07   0
42.2   0.3339   0.1055   0.02324   0   -2.186e+08   9.608e+07   0
42.3   0.3339   0.08365   0.03285   0   -2.186e+08   9.608e+07   0
42.4   0.3339   0.0618   0.04245   0   -2.186e+08   9.608e+07   0
42.5   0.3339   0.03994   0.05206   0   -2.186e+08   9.608e+07   0
42.6   0.3339   0.01809   0.06167   0   -2.186e+08   9.608e+07   0
42.7   0.3339   -0.003769   0.07128   0   -2.186e+08   9.608e+07   0
42.8   0.3339   -0.02562   0.08089   0   -2.186e+08   9.608e+07   0
42.9   0.3339   -0.04748   0.09049   0   -2.186e+08   9.608e+07   0
43   0.3339   -0.06933   0.1001   0   -2.186e+08   9.608e+07   0
43.1   0.3339   -0.09119   0.1097   0   -2.186e+08   9.608e+07   0
43.2   0.3339   -0.113   0.1193   0   -2.186e+08   9.608e+07   0
43.3   0.3339   -0.1349   0.1289   0   -2.186e+08   9.608e+07   0
43.4   0.349   -0.1568   0.1387   0   -2.198e+08   9.909e+07   0
43.5   0.3649   -0.1789   0.1487   0   -2.212e+08   1.019e+08   0
43.6   0.3802   -0.201   0.159   0   -2.224e+08   1.042e+08   0
43.7   0.3948   -0.2233   0.1696   0   -2.236e+08   1.062e+08   0
43.8   0.4088   -0.2458   0.1803   0   -2.247e+08   1.079e+08   0
43.9   0.4221   -0.2683   0.1911   0   -2.257e+08   1.095e+08   0
44   0.4349   -0.2909   0.2022   0   -2.267e+08   1.108e+08   0
44.1   0.447   -0.3136   0.2133   0   -2.275e+08   1.12e+08   0
44.2   0.4586   -0.3364   0.2245   0   -2.283e+08   1.13e+08   0
44.3   0.4695   -0.3593   0.2359   0   -2.291e+08   1.139e+08   0
44.4   0.4799   -0.3822   0.2473   0   -2.298e+08   1.148e+08   0
44.5   0.4898   -0.4052   0.2588   0   -2.304e+08   1.155e+08   0
44.6   0.4991   -0.4283   0.2704   0   -2.31e+08   1.162e+08   0
44.7   0.5078   -0.4514   0.2821   0   -2.316e+08   1.168e+08   0
44.8   0.516   -0.4746   0.2938   0   -2.321e+08   1.173e+08   0
44.9   0.5237   -0.4979   0.3055   0   -2.326e+08   1.178e+08   0
45   0.5309   -0.5211   0.3173   0   -2.33e+08   1.182e+08   0
