0   0.04   -0.753   0   0   1.121e+08   0   0
0.1   0.04   -0.753   0   0   1.121e+08   0   0
0.2   0.04   -0.753   0   0   1.121e+08   0   0
0.3   0.04   -0.753   0   0   1.121e+08   0   0
0.4   0.04   -0.753   0   0   1.121e+08   0   0
0.5   0.04   -0.753   0   0   1.121e+08   0   0
0.6   0.04   -0.753   0   0   1.121e+08   0   0
0.7   0.04   -0.753   0   0   1.121e+08   0   0
0.8   0.04   -0.753   0   0   1.121e+08   0   0
0.9   0.04   -0.753   0   0   1.121e+08   0   0
1   0.04   -0.753   0   0   1.121e+08   0   0
1.1   0.04   -0.753   0   0   1.121e+08   0   0
1.2   0.04   -0.753   0   0   1.121e+08   0   0
1.3   0.04   -0.753   0   0   1.121e+08   0   0
1.4   0.04   -0.753   0   0   1.121e+08   0   0
1.5   0.04   -0.753   0   0   1.121e+08   0   0
1.6   0.04   -0.753   0   0   1.121e+08   0   0
1.7   0.04005   -0.7526   0   0   1.122e+08   0   0
1.8   0.04249   -0.7413   0   0   1.152e+08   0   0
1.9   0.04512   -0.7296   0   0   1.183e+08   0   0
2   0.04794   -0.7176   0   0   1.215e+08   0   0
2.1   0.05095   -0.7053   0   0   1.247e+08   0   0
2.2   0.05415   -0.6926   0   0   1.281e+08   0   0
2.3   0.05754   -0.6797   0   0   1.314e+08   0   0
2.4   0.0611   -0.6664   0   0   1.348e+08   0   0
2.5   0.06484   -0.6527   0   0   1.382e+08   0   0
2.6   0.06875   -0.6387   0   0   1.416e+08   0   0
2.7   0.07281   -0.6244   0   0   1.45e+08   0   0
2.8   0.07702   -0.6097   0   0   1.483e+08   0   0
2.9   0.08136   -0.5947   0   0   1.516e+08   0   0
3   0.08582   -0.5794   0   0   1.549e+08   0   0
3.1   0.09037   -0.5637   0   0   1.581e+08   0   0
3.2   0.095   -0.5478   0   0   1.612e+08   0   0
3.3   0.09968   -0.5315   0   0   1.641e+08   0   0
3.4   0.1044   -0.5149   0   0   1.67e+08   0   0
3.5   0.1091   -0.4981   0   0   1.698e+08   0   0
3.6   0.1137   -0.481   0   0   1.725e+08   0   0
3.7   0.1183   -0.4636   0   0   1.75e+08   0   0
3.8   0.1228   -0.446   0   0   1.774e+08   0   0
3.9   0.1272   -0.4281   0   0   1.796e+08   0   0
4   0.1313   -0.4101   0   0   1.816e+08   0   0
4.1   0.1352   -0.3918   0   0   1.835e+08   0   0
4.2   0.1388   -0.3734   0   0   1.852e+08   0   0
4.3   0.142   -0.3548   0   0   1.867e+08   0   0
4.4   0.1449   -0.336   0   0   1.879e+08   0   0
4.5   0.1472   -0.3172   0   0   1.889e+08   0   0
4.6   0.1489   -0.2983   0   0   1.897e+08   0   0
4.7   0.1499   -0.2793   0   0   1.901e+08   0   0
4.8   0.1502   -0.2602   0   0   1.902e+08   0   0
4.9   0.1495   -0.2412   0   0   1.9e+08   0   0
5   0.1478   -0.2223   0   0   1.892e+08   0   0
5.1   0.1449   -0.2034   0   0   1.88e+08   0   0
5.2   0.1416   -0.1847   0   0   1.865e+08   0   0
5.3   0.1416   -0.1661   0   0   1.865e+08   0   0
5.4   0.1416   -0.1474   0   0   1.865e+08   0   0
5.5   0.1416   -0.1288   0   0   1.865e+08   0   0
5.6   0.1416   -0.1101   0   0   1.865e+08   0   0
5.7   0.1416   -0.09147   0   0   1.865e+08   0   0
5.8   0.1416   -0.07282   0   0   1.865e+08   0   0
5.9   0.1416   -0.05418   0   0   1.865e+08   0   0
6   0.1416   -0.03553   0   0   1.865e+08   0   0
6.1   0.1416   -0.01688   0   0   1.865e+08   0   0
6.2   0.1416   0.001762   0   0   1.865e+08   0   0
6.3   0.1416   0.02041   0   0   1.865e+08   0   0
6.4   0.1416   0.03905   0   0   1.865e+08   0   0
6.5   0.1416   0.0577   0   0   1.865e+08   0   0
6.6   0.1416   0.07635   0   0   1.865e+08   0   0
6.7   0.1416   0.09499   0   0   1.865e+08   0   0
6.8   0.1416   0.1136   0   0   1.865e+08   0   0
6.9   0.1416   0.1323   0   0   1.865e+08   0   0
7   0.1416   0.1509   0   0   1.865e+08   0   0
7.1   0.1416   0.1696   0   0   1.865e+08   0   0
7.2   0.1416   0.1882   0   0   1.865e+08   0   0
7.3   0.1587   0.2072   0   0   1.938e+08   0   0
7.4   0.1749   0.2269   0   0   2e+08   0   0
7.5   0.19   0.2472   0   0   2.052e+08   0   0
7.6   0.2039   0.268   0   0   2.097e+08   0   0
7.7   0.2167   0.2891   0   0   2.134e+08   0   0
7.8   0.2285   0.3106   0   0   2.167e+08   0   0
7.9   0.2392   0.3325   0   0   2.195e+08   0   0
8   0.249   0.3545   0   0   2.219e+08   0   0
8.1   0.2579   0.3768   0   0   2.24e+08   0   0
8.2   0.2659   0.3993   0   0   2.258e+08   0   0
8.3   0.273   0.422   0   0   2.274e+08   0   0
8.4   0.2794   0.4448   0   0   2.287e+08   0   0
8.5   0.285   0.4677   0   0   2.299e+08   0   0
8.6   0.2899   0.4908   0   0   2.308e+08   0   0
8.7   0.2941   0.5139   0   0   2.317e+08   0   0
8.8   0.2976   0.5371   0   0   2.323e+08   0   0
8.9   0.3005   0.5604   0   0   2.329e+08   0   0
9   0.3029   0.5837   0   0   2.333e+08   0   0
9.1   0.3047   0.607   0   0   2.337e+08   0   0
9.2   0.306   0.6304   0   0   2.339e+08   0   0
9.3   0.3068   0.6538   0   0   2.341e+08   0   0
9.4   0.3072   0.6772   0   0   2.341e+08   0   0
9.5   0.3071   0.7006   0   0   2.341e+08   0   0
9.6   0.3066   0.724   0   0   2.34e+08   0   0
9.7   0.3058   0.7474   0   0   2.339e+08   0   0
9.8   0.3055   0.7708   0   0   2.338e+08   0   0
9.9   0.3055   0.7942   0   0   2.338e+08   0   0
10   0.3055   0.8176   0   0   2.338e+08   0   0
10.1   0.3055   0.841   0   0   2.338e+08   0   0
10.2   0.3055   0.8643   0   0   2.338e+08   0   0
10.3   0.3055   0.8877   0   0   2.338e+08   0   0
10.4   0.3055   0.9111   0   0   2.338e+08   0   0
10.5   0.3055   0.9345   0   0   2.338e+08   0   0
10.6   0.3055   0.9579   0   0   2.338e+08   0   0
10.7   0.3055   0.9813   0   0   2.338e+08   0   0
10.8   0.3055   1.005   0   0   2.338e+08   0   0
10.9   0.3055   1.028   0   0   2.338e+08   0   0
11   0.3055   1.051   0   0   2.338e+08   0   0
11.1   0.3055   1.075   0   0   2.338e+08   0   0
11.2   0.3055   1.098   0   0   2.338e+08   0   0
11.3   0.3059   1.121   -0.001445   0   2.292e+08   -4.647e+07   0
11.4   0.3066   1.143   -0.009771   0   2.022e+08   -1.178e+08   0
11.5   0.3073   1.161   -0.02466   0   1.536e+08   -1.767e+08   0
11.6   0.308   1.173   -0.04453   0   8.877e+07   -2.168e+08   0
11.7   0.3087   1.179   -0.06728   0   1.447e+07   -2.34e+08   0
11.8   0.3094   1.176   -0.0905   0   -6.138e+07   -2.264e+08   0
11.9   0.3101   1.166   -0.1117   0   -1.308e+08   -1.948e+08   0
12   0.3108   1.15   -0.1287   0   -1.864e+08   -1.428e+08   0
12.1   0.3114   1.13   -0.1397   0   -2.224e+08   -7.566e+07   0
12.2   0.3121   1.107   -0.1435   0   -2.35e+08   -5.739e+05   0
12.3   0.3125   1.083   -0.1407   0   -2.32e+08   3.825e+07   0
12.4   0.3125   1.06   -0.1369   0   -2.32e+08   3.825e+07   0
12.5   0.3125   1.037   -0.133   0   -2.32e+08   3.825e+07   0
12.6   0.3125   1.014   -0.1292   0   -2.32e+08   3.825e+07   0
12.7   0.3125   0.9905   -0.1254   0   -2.32e+08   3.825e+07   0
12.8   0.3125   0.9673   -0.1215   0   -2.32e+08   3.825e+07   0
12.9   0.3125   0.9441   -0.1177   0   -2.32e+08   3.825e+07   0
13   0.3125   0.921   -0.1139   0   -2.32e+08   3.825e+07   0
13.1   0.3125   0.8978   -0.1101   0   -2.32e+08   3.825e+07   0
13.2   0.3125   0.8746   -0.1062   0   -2.32e+08   3.825e+07   0
13.3   0.3125   0.8514   -0.1024   0   -2.32e+08   3.825e+07   0
13.4   0.3125   0.8282   -0.0986   0   -2.32e+08   3.825e+07   0
13.5   0.3125   0.805   -0.09477   0   -2.32e+08   3.825e+07   0
13.6   0.3125   0.7818   -0.09095   0   -2.32e+08   3.825e+07   0
13.7   0.3125   0.7586   -0.08712   0   -2.32e+08   3.825e+07   0
13.8   0.3131   0.7354   -0.0833   0   -2.321e+08   3.826e+07   0
13.9   0.314   0.7122   -0.07947   0   -2.322e+08   3.826e+07   0
14   0.3146   0.6889   -0.07564   0   -2.323e+08   3.827e+07   0
14.1   0.3147   0.6657   -0.07182   0   -2.324e+08   3.827e+07   0
14.2   0.3144   0.6425   -0.06799   0   -2.323e+08   3.826e+07   0
14.3   0.3137   0.6192   -0.06416   0   -2.322e+08   3.826e+07   0
14.4   0.3124   0.596   -0.06034   0   -2.319e+08   3.826e+07   0
14.5   0.3107   0.5729   -0.05651   0   -2.316e+08   3.826e+07   0
14.6   0.3083   0.5497   -0.05269   0   -2.312e+08   3.827e+07   0
14.7   0.3054   0.5266   -0.04886   0   -2.307e+08   3.827e+07   0
14.8   0.3019   0.5036   -0.04503   0   -2.3e+08   3.829e+07   0
14.9   0.2977   0.4806   -0.0412   0   -2.292e+08   3.831e+07   0
15   0.2928   0.4578   -0.03737   0   -2.282e+08   3.835e+07   0
15.1   0.2871   0.435   -0.03353   0   -2.271e+08   3.84e+07   0
15.2   0.2807   0.4124   -0.02969   0   -2.257e+08   3.847e+07   0
15.3   0.2735   0.3899   -0.02583   0   -2.242e+08   3.858e+07   0
15.4   0.2654   0.3675   -0.02197   0   -2.224e+08   3.872e+07   0
15.5   0.2564   0.3454   -0.01809   0   -2.202e+08   3.891e+07   0
15.6   0.2464   0.3235   -0.01419   0   -2.178e+08   3.916e+07   0
15.7   0.2355   0.3019   -0.01025   0   -2.149e+08   3.95e+07   0
15.8   0.2235   0.2805   -0.006283   0   -2.116e+08   3.995e+07   0
15.9   0.2104   0.2596   -0.002259   0   -2.077e+08   4.055e+07   0
16   0.1962   0.239   0.001835   0   -2.031e+08   4.136e+07   0
16.1   0.1809   0.219   0.006024   0   -1.976e+08   4.245e+07   0
16.2   0.1645   0.1995   0.01034   0   -1.911e+08   4.392e+07   0
16.3   0.1537   0.1807   0.01481   0   -1.864e+08   4.511e+07   0
16.4   0.1537   0.1621   0.01932   0   -1.864e+08   4.511e+07   0
16.5   0.1537   0.1435   0.02383   0   -1.864e+08   4.511e+07   0
16.6   0.1537   0.1248   0.02835   0   -1.864e+08   4.511e+07   0
16.7   0.1537   0.1062   0.03286   0   -1.864e+08   4.511e+07   0
16.8   0.1537   0.08757   0.03737   0   -1.864e+08   4.511e+07   0
16.9   0.1537   0.06894   0.04188   0   -1.864e+08   4.511e+07   0
17   0.1537   0.0503   0.04639   0   -1.864e+08   4.511e+07   0
17.1   0.1537   0.03167   0.0509   0   -1.864e+08   4.511e+07   0
17.2   0.1537   0.01303   0.05541   0   -1.864e+08   4.511e+07   0
17.3   0.1537   -0.005605   0.05992   0   -1.864e+08   4.511e+07   0
17.4   0.1537   -0.02424   0.06444   0   -1.864e+08   4.511e+07   0
17.5   0.1537   -0.04288   0.06895   0   -1.864e+08   4.511e+07   0
17.6   0.1537   -0.06151   0.07346   0   -1.864e+08   4.511e+07   0
17.7   0.1537   -0.08015   0.07797   0   -1.864e+08   4.511e+07   0
17.8   0.1537   -0.09878   0.08248   0   -1.864e+08   4.511e+07   0
17.9   0.1537   -0.1174   0.08699   0   -1.864e+08   4.511e+07   0
18   0.1537   -0.1361   0.0915   0   -1.864e+08   4.511e+07   0
18.1   0.1537   -0.1547   0.09602   0   -1.864e+08   4.511e+07   0
18.2   0.158   -0.1734   0.1006   0   -1.878e+08   4.64e+07   0
18.3   0.1632   -0.1923   0.1053   0   -1.896e+08   4.786e+07   0
18.4   0.167   -0.2113   0.1101   0   -1.909e+08   4.886e+07   0
18.5   0.1697   -0.2304   0.1151   0   -1.918e+08   4.95e+07   0
18.6   0.1714   -0.2496   0.12   0   -1.923e+08   4.988e+07   0
18.7   0.1721   -0.2689   0.125   0   -1.925e+08   5.003e+07   0
18.8   0.172   -0.2881   0.13   0   -1.925e+08   5e+07   0
18.9   0.1711   -0.3074   0.135   0   -1.922e+08   4.984e+07   0
19   0.1696   -0.3266   0.14   0   -1.917e+08   4.955e+07   0
19.1   0.1676   -0.3457   0.1449   0   -1.91e+08   4.915e+07   0
19.2   0.165   -0.3648   0.1498   0   -1.902e+08   4.868e+07   0
19.3   0.1621   -0.3837   0.1547   0   -1.891e+08   4.812e+07   0
19.4   0.1588   -0.4026   0.1594   0   -1.879e+08   4.75e+07   0
19.5   0.1551   -0.4213   0.1642   0   -1.865e+08   4.683e+07   0
19.6   0.1512   -0.4399   0.1688   0   -1.85e+08   4.61e+07   0
19.7   0.1471   -0.4583   0.1734   0   -1.834e+08   4.533e+07   0
19.8   0.1429   -0.4766   0.1779   0   -1.817e+08   4.452e+07   0
19.9   0.1384   -0.4946   0.1823   0   -1.798e+08   4.367e+07   0
20   0.1339   -0.5125   0.1866   0   -1.778e+08   4.279e+07   0
20.1   0.1294   -0.5302   0.1908   0   -1.758e+08   4.189e+07   0
20.2   0.1248   -0.5477   0.195   0   -1.736e+08   4.096e+07   0
20.3   0.1202   -0.5649   0.199   0   -1.714e+08   4.002e+07   0
20.4   0.1156   -0.5819   0.203   0   -1.69e+08   3.906e+07   0
20.5   0.111   -0.5987   0.2068   0   -1.667e+08   3.809e+07   0
20.6   0.1066   -0.6152   0.2106   0   -1.642e+08   3.711e+07   0
20.7   0.1022   -0.6315   0.2142   0   -1.617e+08   3.613e+07   0
20.8   0.09791   -0.6476   0.2178   0   -1.592e+08   3.515e+07   0
20.9   0.09375   -0.6634   0.2213   0   -1.566e+08   3.417e+07   0
21   0.08973   -0.6789   0.2246   0   -1.541e+08   3.319e+07   0
21.1   0.08584   -0.6942   0.2279   0   -1.515e+08   3.223e+07   0
21.2   0.08211   -0.7092   0.2311   0   -1.489e+08   3.128e+07   0
21.3   0.08042   -0.724   0.2342   0   -1.477e+08   3.084e+07   0
21.4   0.08042   -0.7388   0.2373   0   -1.477e+08   3.084e+07   0
21.5   0.08042   -0.7536   0.2404   0   -1.477e+08   3.084e+07   0
21.6   0.08042   -0.7683   0.2434   0   -1.477e+08   3.084e+07   0
21.7   0.08042   -0.7831   0.2465   0   -1.477e+08   3.084e+07   0
21.8   0.08042   -0.7979   0.2496   0   -1.477e+08   3.084e+07   0
21.9   0.08042   -0.8127   0.2527   0   -1.477e+08   3.084e+07   0
22   0.08042   -0.8274   0.2558   0   -1.477e+08   3.084e+07   0
22.1   0.08042   -0.8422   0.2589   0   -1.477e+08   3.084e+07   0
22.2   0.08042   -0.857   0.2619   0   -1.477e+08   3.084e+07   0
22.3   0.08042   -0.8718   0.265   0   -1.477e+08   3.084e+07   0
22.4   0.08042   -0.8865   0.2681   0   -1.477e+08   3.084e+07   0
22.5   0.08042   -0.9013   0.2712   0   -1.477e+08   3.084e+07   0
22.6   0.08042   -0.9161   0.2743   0   -1.477e+08   3.084e+07   0
22.7   0.08042   -0.9309   0.2774   0   -1.477e+08   3.084e+07   0
22.8   0.08042   -0.9456   0.2805   0   -1.477e+08   3.084e+07   0
22.9   0.08042   -0.9604   0.2835   0   -1.477e+08   3.084e+07   0
23   0.08042   -0.9752   0.2866   0   -1.477e+08   3.084e+07   0
23.1   0.08042   -0.99   0.2897   0   -1.477e+08   3.084e+07   0
23.2   0.08042   -1.005   0.2928   0   -1.477e+08   3.084e+07   0
23.3   0.08042   -1.02   0.2959   0   -1.477e+08   3.084e+07   0
23.4   0.08042   -1.034   0.299   0   -1.477e+08   3.084e+07   0
23.5   0.08042   -1.049   0.302   0   -1.477e+08   3.084e+07   0
23.6   0.08042   -1.064   0.3051   0   -1.477e+08   3.084e+07   0
23.7   0.08042   -1.079   0.3082   0   -1.477e+08   3.084e+07   0
23.8   0.08042   -1.093   0.3113   0   -1.477e+08   3.084e+07   0
23.9   0.08059   -1.108   0.3154   0   -1.333e+08   7.113e+07   0
24   0.08094   -1.118   0.326   0   -7.098e+07   1.336e+08   0
24.1   0.0813   -1.121   0.3406   0   1.57e+07   1.508e+08   0
24.2   0.08165   -1.115   0.3544   0   9.728e+07   1.166e+08   0
24.3   0.08201   -1.103   0.3625   0   1.46e+08   4.265e+07   0
24.4   0.08237   -1.088   0.3623   0   1.453e+08   -4.601e+07   0
24.5   0.08237   -1.073   0.3576   0   1.45e+08   -4.686e+07   0
24.6   0.08237   -1.059   0.353   0   1.45e+08   -4.686e+07   0
24.7   0.08237   -1.044   0.3483   0   1.45e+08   -4.686e+07   0
24.8   0.08237   -1.03   0.3436   0   1.45e+08   -4.686e+07   0
24.9   0.08237   -1.015   0.3389   0   1.45e+08   -4.686e+07   0
25   0.08237   -1.001   0.3342   0   1.45e+08   -4.686e+07   0
25.1   0.08237   -0.9862   0.3295   0   1.45e+08   -4.686e+07   0
25.2   0.08237   -0.9717   0.3248   0   1.45e+08   -4.686e+07   0
25.3   0.08237   -0.9572   0.3202   0   1.45e+08   -4.686e+07   0
25.4   0.08237   -0.9427   0.3155   0   1.45e+08   -4.686e+07   0
25.5   0.08237   -0.9282   0.3108   0   1.45e+08   -4.686e+07   0
25.6   0.08237   -0.9137   0.3061   0   1.45e+08   -4.686e+07   0
25.7   0.08237   -0.8992   0.3014   0   1.45e+08   -4.686e+07   0
25.8   0.08237   -0.8847   0.2967   0   1.45e+08   -4.686e+07   0
25.9   0.08237   -0.8702   0.292   0   1.45e+08   -4.686e+07   0
26   0.08237   -0.8557   0.2874   0   1.45e+08   -4.686e+07   0
26.1   0.08237   -0.8412   0.2827   0   1.45e+08   -4.686e+07   0
26.2   0.08237   -0.8267   0.278   0   1.45e+08   -4.686e+07   0
26.3   0.08237   -0.8122   0.2733   0   1.45e+08   -4.686e+07   0
26.4   0.08237   -0.7977   0.2686   0   1.45e+08   -4.686e+07   0
26.5   0.08237   -0.7832   0.2639   0   1.45e+08   -4.686e+07   0
26.6   0.08237   -0.7687   0.2592   0   1.45e+08   -4.686e+07   0
26.7   0.08237   -0.7542   0.2545   0   1.45e+08   -4.686e+07   0
26.8   0.08237   -0.7397   0.2499   0   1.45e+08   -4.686e+07   0
26.9   0.08237   -0.7252   0.2452   0   1.45e+08   -4.686e+07   0
27   0.08197   -0.7107   0.2405   0   1.447e+08   -4.677e+07   0
27.1   0.0797   -0.6963   0.2358   0   1.431e+08   -4.621e+07   0
27.2   0.0776   -0.6821   0.2312   0   1.416e+08   -4.569e+07   0
27.3   0.0757   -0.668   0.2267   0   1.402e+08   -4.521e+07   0
27.4   0.07401   -0.6541   0.2222   0   1.389e+08   -4.477e+07   0
27.5   0.07253   -0.6402   0.2177   0   1.378e+08   -4.438e+07   0
27.6   0.07127   -0.6265   0.2133   0   1.368e+08   -4.404e+07   0
27.7   0.07025   -0.6129   0.2089   0   1.36e+08   -4.376e+07   0
27.8   0.06947   -0.5993   0.2046   0   1.354e+08   -4.355e+07   0
27.9   0.06896   -0.5858   0.2002   0   1.35e+08   -4.341e+07   0
28   0.06872   -0.5723   0.1959   0   1.348e+08   -4.334e+07   0
28.1   0.06876   -0.5588   0.1916   0   1.348e+08   -4.335e+07   0
28.2   0.06909   -0.5453   0.1872   0   1.351e+08   -4.344e+07   0
28.3   0.06974   -0.5318   0.1829   0   1.356e+08   -4.362e+07   0
28.4   0.07072   -0.5182   0.1785   0   1.364e+08   -4.389e+07   0
28.5   0.07204   -0.5045   0.1741   0   1.374e+08   -4.426e+07   0
28.6   0.07373   -0.4907   0.1696   0   1.387e+08   -4.471e+07   0
28.7   0.07581   -0.4768   0.1651   0   1.403e+08   -4.527e+07   0
28.8   0.07831   -0.4626   0.1606   0   1.421e+08   -4.592e+07   0
28.9   0.08126   -0.4483   0.1559   0   1.442e+08   -4.666e+07   0
29   0.08468   -0.4338   0.1512   0   1.466e+08   -4.751e+07   0
29.1   0.08861   -0.419   0.1464   0   1.492e+08   -4.844e+07   0
29.2   0.09309   -0.4039   0.1415   0   1.52e+08   -4.948e+07   0
29.3   0.09817   -0.3886   0.1365   0   1.552e+08   -5.06e+07   0
29.4   0.1039   -0.3729   0.1314   0   1.585e+08   -5.181e+07   0
29.5   0.1103   -0.3569   0.1262   0   1.621e+08   -5.311e+07   0
29.6   0.1175   -0.3405   0.1208   0   1.658e+08   -5.449e+07   0
29.7   0.1255   -0.3237   0.1153   0   1.698e+08   -5.596e+07   0
29.8   0.1345   -0.3065   0.1096   0   1.739e+08   -5.75e+07   0
29.9   0.1445   -0.2889   0.1038   0   1.782e+08   -5.911e+07   0
30   0.1556   -0.2709   0.09777   0   1.826e+08   -6.079e+07   0
30.1   0.1679   -0.2524   0.09161   0   1.872e+08   -6.254e+07   0
30.2   0.1818   -0.2334   0.08526   0   1.919e+08   -6.437e+07   0
30.3   0.1973   -0.214   0.07873   0   1.967e+08   -6.626e+07   0
30.4   0.2147   -0.1941   0.072   0   2.017e+08   -6.823e+07   0
30.5   0.2321   -0.1736   0.06508   0   2.061e+08   -7.004e+07   0
30.6   0.2321   -0.153   0.05807   0   2.061e+08   -7.004e+07   0
30.7   0.2321   -0.1324   0.05107   0   2.061e+08   -7.004e+07   0
30.8   0.2321   -0.1118   0.04407   0   2.061e+08   -7.004e+07   0
30.9   0.2321   -0.09121   0.03706   0   2.061e+08   -7.004e+07   0
31   0.2321   -0.0706   0.03006   0   2.061e+08   -7.004e+07   0
31.1   0.2321   -0.05   0.02305   0   2.061e+08   -7.004e+07   0
31.2   0.2321   -0.02939   0.01605   0   2.061e+08   -7.004e+07   0
31.3   0.2321   -0.008781   0.009045   0   2.061e+08   -7.004e+07   0
31.4   0.2321   0.01183   0.002041   0   2.061e+08   -7.004e+07   0
31.5   0.2321   0.03243   -0.004964   0   2.061e+08   -7.004e+07   0
31.6   0.2321   0.05304   -0.01197   0   2.061e+08   -7.004e+07   0
31.7   0.2321   0.07365   -0.01897   0   2.061e+08   -7.004e+07   0
31.8   0.2321   0.09425   -0.02598   0   2.061e+08   -7.004e+07   0
31.9   0.2321   0.1149   -0.03298   0   2.061e+08   -7.004e+07   0
32   0.2321   0.1355   -0.03998   0   2.061e+08   -7.004e+07   0
32.1   0.2321   0.1561   -0.04699   0   2.061e+08   -7.004e+07   0
32.2   0.2321   0.1767   -0.05399   0   2.061e+08   -7.004e+07   0
32.3   0.2273   0.1972   -0.06098   0   2.049e+08   -6.971e+07   0
32.4   0.2233   0.2177   -0.06794   0   2.038e+08   -6.941e+07   0
32.5   0.2206   0.238   -0.07487   0   2.031e+08   -6.921e+07   0
32.6   0.2193   0.2583   -0.08178   0   2.027e+08   -6.91e+07   0
32.7   0.2189   0.2786   -0.08869   0   2.026e+08   -6.908e+07   0
32.8   0.2194   0.2988   -0.0956   0   2.028e+08   -6.912e+07   0
32.9   0.2207   0.3191   -0.1025   0   2.031e+08   -6.922e+07   0
33   0.2227   0.3394   -0.1094   0   2.036e+08   -6.938e+07   0
33.1   0.2253   0.3598   -0.1164   0   2.043e+08   -6.959e+07   0
33.2   0.2283   0.3803   -0.1234   0   2.051e+08   -6.983e+07   0
33.3   0.2319   0.4009   -0.1304   0   2.06e+08   -7.011e+07   0
33.4   0.2358   0.4215   -0.1374   0   2.07e+08   -7.041e+07   0
33.5   0.2401   0.4423   -0.1444   0   2.08e+08   -7.074e+07   0
33.6   0.2447   0.4631   -0.1515   0   2.091e+08   -7.108e+07   0
33.7   0.2496   0.4841   -0.1587   0   2.102e+08   -7.143e+07   0
33.8   0.2547   0.5052   -0.1658   0   2.114e+08   -7.179e+07   0
33.9   0.2599   0.5264   -0.173   0   2.126e+08   -7.216e+07   0
34   0.2653   0.5477   -0.1803   0   2.137e+08   -7.252e+07   0
34.1   0.2709   0.5691   -0.1875   0   2.149e+08   -7.289e+07   0
34.2   0.2765   0.5907   -0.1948   0   2.16e+08   -7.325e+07   0
34.3   0.2822   0.6123   -0.2022   0   2.172e+08   -7.361e+07   0
34.4   0.2879   0.6341   -0.2096   0   2.183e+08   -7.396e+07   0
34.5   0.2936   0.656   -0.217   0   2.193e+08   -7.43e+07   0
34.6   0.2993   0.678   -0.2244   0   2.204e+08   -7.463e+07   0
34.7   0.3049   0.7   -0.2319   0   2.214e+08   -7.495e+07   0
34.8   0.3086   0.7222   -0.2394   0   2.22e+08   -7.516e+07   0
34.9   0.3086   0.7444   -0.2469   0   2.22e+08   -7.516e+07   0
35   0.3086   0.7666   -0.2544   0   2.22e+08   -7.516e+07   0
35.1   0.3086   0.7888   -0.262   0   2.22e+08   -7.516e+07   0
35.2   0.3086   0.811   -0.2695   0   2.22e+08   -7.516e+07   0
35.3   0.3086   0.8332   -0.277   0   2.22e+08   -7.516e+07   0
35.4   0.3086   0.8554   -0.2845   0   2.22e+08   -7.516e+07   0
35.5   0.3086   0.8776   -0.292   0   2.22e+08   -7.516e+07   0
35.6   0.3086   0.8998   -0.2995   0   2.22e+08   -7.516e+07   0
35.7   0.3086   0.922   -0.307   0   2.22e+08   -7.516e+07   0
35.8   0.3086   0.9442   -0.3146   0   2.22e+08   -7.516e+07   0
35.9   0.3086   0.9665   -0.3221   0   2.22e+08   -7.516e+07   0
36   0.3086   0.9887   -0.3296   0   2.22e+08   -7.516e+07   0
36.1   0.3086   1.011   -0.3371   0   2.22e+08   -7.516e+07   0
36.2   0.3086   1.033   -0.3446   0   2.22e+08   -7.516e+07   0
36.3   0.3086   1.055   -0.3521   0   2.22e+08   -7.516e+07   0
36.4   0.3086   1.077   -0.3597   0   2.22e+08   -7.516e+07   0
36.5   0.3086   1.1   -0.3672   0   2.22e+08   -7.516e+07   0
36.6   0.3108   1.119   -0.3802   0   1.481e+08   -1.822e+08   0
36.7   0.3131   1.127   -0.4016   0   2.18e+07   -2.342e+08   0
36.8   0.3154   1.123   -0.4244   0   -1.12e+08   -2.073e+08   0
36.9   0.3177   1.106   -0.4407   0   -2.083e+08   -1.109e+08   0
37   0.32   1.083   -0.4452   0   -2.353e+08   2.263e+07   0
37.1   0.3217   1.062   -0.4367   0   -2.045e+08   1.192e+08   0
37.2   0.3217   1.041   -0.4248   0   -2.045e+08   1.192e+08   0
37.3   0.3217   1.021   -0.4129   0   -2.045e+08   1.192e+08   0
37.4   0.3217   1   -0.4009   0   -2.045e+08   1.192e+08   0
37.5   0.3217   0.9797   -0.389   0   -2.045e+08   1.192e+08   0
37.6   0.3217   0.9593   -0.3771   0   -2.045e+08   1.192e+08   0
37.7   0.3217   0.9388   -0.3652   0   -2.045e+08   1.192e+08   0
37.8   0.3217   0.9184   -0.3533   0   -2.045e+08   1.192e+08   0
37.9   0.3217   0.8979   -0.3413   0   -2.045e+08   1.192e+08   0
38   0.3217   0.8775   -0.3294   0   -2.045e+08   1.192e+08   0
38.1   0.3217   0.857   -0.3175   0   -2.045e+08   1.192e+08   0
38.2   0.3217   0.8366   -0.3056   0   -2.045e+08   1.192e+08   0
38.3   0.3217   0.8161   -0.2937   0   -2.045e+08   1.192e+08   0
38.4   0.3217   0.7957   -0.2818   0   -2.045e+08   1.192e+08   0
38.5   0.3217   0.7752   -0.2698   0   -2.045e+08   1.192e+08   0
38.6   0.3217   0.7548   -0.2579   0   -2.045e+08   1.192e+08   0
38.7   0.3217   0.7343   -0.246   0   -2.045e+08   1.192e+08   0
38.8   0.322   0.7139   -0.2341   0   -2.046e+08   1.192e+08   0
38.9   0.3269   0.6934   -0.2222   0   -2.055e+08   1.192e+08   0
39   0.3321   0.6727   -0.2103   0   -2.065e+08   1.192e+08   0
39.1   0.3376   0.652   -0.1983   0   -2.076e+08   1.191e+08   0
39.2   0.3435   0.6312   -0.1864   0   -2.087e+08   1.191e+08   0
39.3   0.3498   0.6103   -0.1745   0   -2.099e+08   1.19e+08   0
39.4   0.3565   0.5892   -0.1626   0   -2.111e+08   1.189e+08   0
39.5   0.3635   0.5681   -0.1508   0   -2.124e+08   1.187e+08   0
39.6   0.3709   0.5468   -0.1389   0   -2.137e+08   1.185e+08   0
39.7   0.3786   0.5253   -0.1271   0   -2.15e+08   1.183e+08   0
39.8   0.3867   0.5038   -0.1152   0   -2.164e+08   1.18e+08   0
39.9   0.3952   0.4821   -0.1035   0   -2.178e+08   1.177e+08   0
40   0.4039   0.4602   -0.09172   0   -2.193e+08   1.173e+08   0
40.1   0.413   0.4382   -0.08001   0   -2.208e+08   1.168e+08   0
40.2   0.4224   0.416   -0.06836   0   -2.223e+08   1.163e+08   0
40.3   0.4321   0.3937   -0.05676   0   -2.238e+08   1.157e+08   0
40.4   0.4421   0.3713   -0.04522   0   -2.254e+08   1.15e+08   0
40.5   0.4523   0.3486   -0.03376   0   -2.27e+08   1.142e+08   0
40.6   0.4627   0.3259   -0.02239   0   -2.286e+08   1.133e+08   0
40.7   0.4733   0.3029   -0.0111   0   -2.303e+08   1.123e+08   0
40.8   0.4841   0.2798   7.276e-05   0   -2.32e+08   1.112e+08   0
40.9   0.4949   0.2565   0.01113   0   -2.337e+08   1.099e+08   0
41   0.5057   0.2331   0.02205   0   -2.354e+08   1.085e+08   0
41.1   0.5163   0.2094   0.03281   0   -2.371e+08   1.068e+08   0
41.2   0.5266   0.1856   0.0434   0   -2.389e+08   1.05e+08   0
41.3   0.5278   0.1617   0.05387   0   -2.391e+08   1.047e+08   0
41.4   0.5278   0.1378   0.06435   0   -2.391e+08   1.047e+08   0
41.5   0.5278   0.1139   0.07482   0   -2.391e+08   1.047e+08   0
41.6   0.5278   0.09   0.08529   0   -2.391e+08   1.047e+08   0
41.7   0.5278   0.06609   0.09576   0   -2.391e+08   1.047e+08   0
41.8   0.5278   0.04218   0.1062   0   -2.391e+08   1.047e+08   0
41.9   0.5278   0.01828   0.1167   0   -2.391e+08   1.047e+08   0
42   0.5278   -0.005633   0.1272   0   -2.391e+08   1.047e+08   0
42.1   0.5278   -0.02954   0.1377   0   -2.391e+08   1.047e+08   0
42.2   0.5278   -0.05345   0.1481   0   -2.391e+08   1.047e+08   0
42.3   0.5278   -0.07736   0.1586   0   -2.391e+08   1.047e+08   0
42.4   0.5299   -0.1013   0.1691   0   -2.39e+08   1.053e+08   0
42.5   0.5358   -0.1252   0.1797   0   -2.389e+08   1.066e+08   0
42.6   0.5424   -0.1491   0.1904   0   -2.389e+08   1.079e+08   0
42.7   0.5496   -0.1729   0.2013   0   -2.389e+08   1.092e+08   0
42.8   0.5573   -0.1968   0.2122   0   -2.39e+08   1.104e+08   0
42.9   0.5654   -0.2207   0.2233   0   -2.391e+08   1.116e+08   0
43   0.5737   -0.2447   0.2346   0   -2.392e+08   1.127e+08   0
43.1   0.5822   -0.2686   0.2459   0   -2.394e+08   1.137e+08   0
43.2   0.5908   -0.2925   0.2573   0   -2.396e+08   1.146e+08   0
43.3   0.5995   -0.3165   0.2688   0   -2.398e+08   1.155e+08   0
43.4   0.6082   -0.3405   0.2804   0   -2.4e+08   1.164e+08   0
43.5   0.6168   -0.3645   0.2921   0   -2.402e+08   1.171e+08   0
43.6   0.6254   -0.3886   0.3038   0   -2.404e+08   1.179e+08   0
43.7   0.6338   -0.4126   0.3156   0   -2.407e+08   1.185e+08   0
43.8   0.6421   -0.4367   0.3275   0   -2.409e+08   1.192e+08   0
43.9   0.6502   -0.4608   0.3395   0   -2.411e+08   1.197e+08   0
44   0.6582   -0.4849   0.3515   0   -2.413e+08   1.203e+08   0
44.1   0.6659   -0.5091   0.3635   0   -2.415e+08   1.208e+08   0
44.2   0.6734   -0.5332   0.3756   0   -2.418e+08   1.213e+08   0
44.3   0.6807   -0.5574   0.3878   0   -2.42e+08   1.217e+08   0
44.4   0.6877   -0.5816   0.4   0   -2.421e+08   1.221e+08   0
44.5   0.6944   -0.6058   0.4122   0   -2.423e+08   1.225e+08   0
44.6   0.6994   -0.6301   0.4245   0   -2.425e+08   1.227e+08   0
44.7   0.6994   -0.6543   0.4367   0   -2.425e+08   1.227e+08   0
44.8   0.6994   -0.6786   0.449   0   -2.425e+08   1.227e+08   0
44.9   0.6994   -0.7028   0.4613   0   -2.425e+08   1.227e+08   0
45   0.6994   -0.7271   0.4735   0   -2.425e+08   1.227e+08   0
