0   0.04   -0.753   0   0   1.121e+08   0   0
0.1   0.04   -0.753   0   0   1.121e+08   0   0
0.2   0.04   -0.753   0   0   1.121e+08   0   0
0.3   0.04   -0.753   0   0   1.121e+08   0   0
0.4   0.04   -0.753   0   0   1.121e+08   0   0
0.5   0.04   -0.753   0   0   1.121e+08   0   0
0.6   0.04   -0.753   0   0   1.121e+08   0   0
0.7   0.04   -0.753   0   0   1.121e+08   0   0
0.8   0.04   -0.753   0   0   1.121e+08   0   0
0.9   0.04   -0.753   0   0   1.121e+08   0   0
1   0.04   -0.753   0   0   1.121e+08   0   0
1.1   0.04   -0.753   0   0   1.121e+08   0   0
1.2   0.04   -0.753   0   0   1.121e+08   0   0
1.3   0.04   -0.753   0   0   1.121e+08   0   0
1.4   0.04   -0.753   0   0   1.121e+08   0   0
1.5   0.04   -0.753   0   0   1.121e+08   0   0
1.6   0.04   -0.753   0   0   1.121e+08   0   0
1.7   0.04   -0.753   0   0   1.121e+08   0   0
1.8   0.04198   -0.7437   0   0   1.146e+08   0   0
1.9   0.04459   -0.7321   0   0   1.177e+08   0   0
2   0.04738   -0.7201   0   0   1.209e+08   0   0
2.1   0.05037   -0.7079   0   0   1.241e+08   0   0
2.2   0.05354   -0.6953   0   0   1.274e+08   0   0
2.3   0.05689   -0.6824   0   0   1.308e+08   0   0
2.4   0.06042   -0.6691   0   0   1.342e+08   0   0
2.5   0.06413   -0.6556   0   0   1.376e+08   0   0
2.6   0.068   -0.6416   0   0   1.41e+08   0   0
2.7   0.07203   -0.6274   0   0   1.443e+08   0   0
2.8   0.0762   -0.6128   0   0   1.477e+08   0   0
2.9   0.0805   -0.5978   0   0   1.51e+08   0   0
3   0.08491   -0.5826   0   0   1.542e+08   0   0
3.1   0.08942   -0.567   0   0   1.574e+08   0   0
3.2   0.094   -0.5511   0   0   1.605e+08   0   0
3.3   0.09864   -0.5349   0   0   1.635e+08   0   0
3.4   0.1033   -0.5184   0   0   1.664e+08   0   0
3.5   0.1079   -0.5016   0   0   1.692e+08   0   0
3.6   0.1126   -0.4845   0   0   1.718e+08   0   0
3.7   0.1171   -0.4672   0   0   1.743e+08   0   0
3.8   0.1215   -0.4497   0   0   1.767e+08   0   0
3.9   0.1258   -0.4319   0   0   1.789e+08   0   0
4   0.1299   -0.4139   0   0   1.809e+08   0   0
4.1   0.1338   -0.3957   0   0   1.828e+08   0   0
4.2   0.1373   -0.3773   0   0   1.845e+08   0   0
4.3   0.1405   -0.3588   0   0   1.86e+08   0   0
4.4   0.1433   -0.3402   0   0   1.872e+08   0   0
4.5   0.1455   -0.3214   0   0   1.882e+08   0   0
4.6   0.1472   -0.3025   0   0   1.89e+08   0   0
4.7   0.1482   -0.2836   0   0   1.894e+08   0   0
4.8   0.1485   -0.2646   0   0   1.895e+08   0   0
4.9   0.1479   -0.2457   0   0   1.892e+08   0   0
5   0.1462   -0.2268   0   0   1.885e+08   0   0
5.1   0.1434   -0.208   0   0   1.873e+08   0   0
5.2   0.1392   -0.1894   0   0   1.854e+08   0   0
5.3   0.1388   -0.1709   0   0   1.852e+08   0   0
5.4   0.1388   -0.1523   0   0   1.852e+08   0   0
5.5   0.1388   -0.1338   0   0   1.852e+08   0   0
5.6   0.1388   -0.1153   0   0   1.852e+08   0   0
5.7   0.1388   -0.09678   0   0   1.852e+08   0   0
5.8   0.1388   -0.07826   0   0   1.852e+08   0   0
5.9   0.1388   -0.05974   0   0   1.852e+08   0   0
6   0.1388   -0.04122   0   0   1.852e+08   0   0
6.1   0.1388   -0.02269   0   0   1.852e+08   0   0
6.2   0.1388   -0.004173   0   0   1.852e+08   0   0
6.3   0.1388   0.01435   0   0   1.852e+08   0   0
6.4   0.1388   0.03287   0   0   1.852e+08   0   0
6.5   0.1388   0.05139   0   0   1.852e+08   0   0
6.6   0.1388   0.06991   0   0   1.852e+08   0   0
6.7   0.1388   0.08843   0   0   1.852e+08   0   0
6.8   0.1388   0.107   0   0   1.852e+08   0   0
6.9   0.1388   0.1255   0   0   1.852e+08   0   0
7   0.1388   0.144   0   0   1.852e+08   0   0
7.1   0.1388   0.1625   0   0   1.852e+08   0   0
7.2   0.1388   0.181   0   0   1.852e+08   0   0
7.3   0.1495   0.1997   0   0   1.899e+08   0   0
7.4   0.1659   0.219   0   0   1.966e+08   0   0
7.5   0.1813   0.239   0   0   2.023e+08   0   0
7.6   0.1955   0.2595   0   0   2.07e+08   0   0
7.7   0.2086   0.2804   0   0   2.111e+08   0   0
7.8   0.2206   0.3017   0   0   2.145e+08   0   0
7.9   0.2315   0.3233   0   0   2.175e+08   0   0
8   0.2415   0.3452   0   0   2.201e+08   0   0
8.1   0.2505   0.3673   0   0   2.223e+08   0   0
8.2   0.2586   0.3896   0   0   2.242e+08   0   0
8.3   0.2659   0.4121   0   0   2.258e+08   0   0
8.4   0.2724   0.4348   0   0   2.272e+08   0   0
8.5   0.2781   0.4576   0   0   2.284e+08   0   0
8.6   0.283   0.4805   0   0   2.295e+08   0   0
8.7   0.2873   0.5034   0   0   2.303e+08   0   0
8.8   0.2909   0.5265   0   0   2.31e+08   0   0
8.9   0.2939   0.5496   0   0   2.316e+08   0   0
9   0.2962   0.5728   0   0   2.321e+08   0   0
9.1   0.2981   0.5961   0   0   2.324e+08   0   0
9.2   0.2994   0.6193   0   0   2.327e+08   0   0
9.3   0.3002   0.6426   0   0   2.328e+08   0   0
9.4   0.3006   0.6659   0   0   2.329e+08   0   0
9.5   0.3005   0.6892   0   0   2.329e+08   0   0
9.6   0.3   0.7125   0   0   2.328e+08   0   0
9.7   0.2992   0.7357   0   0   2.326e+08   0   0
9.8   0.2983   0.759   0   0   2.325e+08   0   0
9.9   0.2983   0.7822   0   0   2.325e+08   0   0
10   0.2983   0.8055   0   0   2.325e+08   0   0
10.1   0.2983   0.8287   0   0   2.325e+08   0   0
10.2   0.2983   0.852   0   0   2.325e+08   0   0
10.3   0.2983   0.8752   0   0   2.325e+08   0   0
10.4   0.2983   0.8985   0   0   2.325e+08   0   0
10.5   0.2983   0.9217   0   0   2.325e+08   0   0
10.6   0.2983   0.945   0   0   2.325e+08   0   0
10.7   0.2983   0.9682   0   0   2.325e+08   0   0
10.8   0.2983   0.9915   0   0   2.325e+08   0   0
10.9   0.2983   1.015   0   0   2.325e+08   0   0
11   0.2983   1.038   0   0   2.325e+08   0   0
11.1   0.2983   1.061   0   0   2.325e+08   0   0
11.2   0.2983   1.084   0   0   2.325e+08   0   0
11.3   0.2983   1.108   -2.308e-06   0   2.325e+08   -1.539e+06   0
11.4   0.299   1.13   -0.004003   0   2.195e+08   -7.699e+07   0
11.5   0.2997   1.151   -0.01519   0   1.827e+08   -1.441e+08   0
11.6   0.3003   1.166   -0.03237   0   1.262e+08   -1.957e+08   0
11.7   0.301   1.175   -0.05367   0   5.601e+07   -2.262e+08   0
11.8   0.3017   1.177   -0.0768   0   -2.023e+07   -2.322e+08   0
11.9   0.3023   1.171   -0.09927   0   -9.431e+07   -2.133e+08   0
12   0.303   1.159   -0.1187   0   -1.583e+08   -1.715e+08   0
12.1   0.3037   1.14   -0.1329   0   -2.053e+08   -1.112e+08   0
12.2   0.3044   1.118   -0.1404   0   -2.303e+08   -3.906e+07   0
12.3   0.3051   1.095   -0.1405   0   -2.307e+08   3.731e+07   0
12.4   0.3051   1.072   -0.1367   0   -2.306e+08   3.807e+07   0
12.5   0.3051   1.049   -0.1329   0   -2.306e+08   3.807e+07   0
12.6   0.3051   1.026   -0.1291   0   -2.306e+08   3.807e+07   0
12.7   0.3051   1.003   -0.1253   0   -2.306e+08   3.807e+07   0
12.8   0.3051   0.9797   -0.1215   0   -2.306e+08   3.807e+07   0
12.9   0.3051   0.9567   -0.1177   0   -2.306e+08   3.807e+07   0
13   0.3051   0.9336   -0.1139   0   -2.306e+08   3.807e+07   0
13.1   0.3051   0.9105   -0.11   0   -2.306e+08   3.807e+07   0
13.2   0.3051   0.8875   -0.1062   0   -2.306e+08   3.807e+07   0
13.3   0.3051   0.8644   -0.1024   0   -2.306e+08   3.807e+07   0
13.4   0.3051   0.8414   -0.09863   0   -2.306e+08   3.807e+07   0
13.5   0.3051   0.8183   -0.09482   0   -2.306e+08   3.807e+07   0
13.6   0.3051   0.7952   -0.09101   0   -2.306e+08   3.807e+07   0
13.7   0.3051   0.7722   -0.08721   0   -2.306e+08   3.807e+07   0
13.8   0.3051   0.7491   -0.0834   0   -2.306e+08   3.807e+07   0
13.9   0.3059   0.726   -0.07959   0   -2.308e+08   3.807e+07   0
14   0.3064   0.703   -0.07579   0   -2.309e+08   3.807e+07   0
14.1   0.3066   0.6799   -0.07198   0   -2.309e+08   3.807e+07   0
14.2   0.3063   0.6568   -0.06817   0   -2.309e+08   3.807e+07   0
14.3   0.3056   0.6337   -0.06437   0   -2.307e+08   3.807e+07   0
14.4   0.3043   0.6106   -0.06056   0   -2.305e+08   3.807e+07   0
14.5   0.3026   0.5876   -0.05675   0   -2.302e+08   3.807e+07   0
14.6   0.3004   0.5646   -0.05294   0   -2.297e+08   3.808e+07   0
14.7   0.2976   0.5417   -0.04914   0   -2.292e+08   3.808e+07   0
14.8   0.2941   0.5188   -0.04533   0   -2.285e+08   3.81e+07   0
14.9   0.2901   0.496   -0.04152   0   -2.277e+08   3.812e+07   0
15   0.2854   0.4732   -0.0377   0   -2.267e+08   3.816e+07   0
15.1   0.28   0.4506   -0.03388   0   -2.256e+08   3.821e+07   0
15.2   0.2738   0.4281   -0.03006   0   -2.243e+08   3.829e+07   0
15.3   0.2669   0.4058   -0.02622   0   -2.228e+08   3.839e+07   0
15.4   0.2592   0.3836   -0.02238   0   -2.21e+08   3.853e+07   0
15.5   0.2506   0.3616   -0.01852   0   -2.189e+08   3.871e+07   0
15.6   0.2412   0.3398   -0.01463   0   -2.165e+08   3.896e+07   0
15.7   0.2308   0.3183   -0.01072   0   -2.137e+08   3.928e+07   0
15.8   0.2195   0.2971   -0.006775   0   -2.105e+08   3.97e+07   0
15.9   0.2073   0.2762   -0.002778   0   -2.068e+08   4.026e+07   0
16   0.194   0.2557   0.001283   0   -2.024e+08   4.099e+07   0
16.1   0.1798   0.2358   0.005429   0   -1.973e+08   4.196e+07   0
16.2   0.1646   0.2163   0.009688   0   -1.913e+08   4.326e+07   0
16.3   0.1486   0.1975   0.0141   0   -1.841e+08   4.499e+07   0
16.4   0.1393   0.1795   0.01868   0   -1.796e+08   4.621e+07   0
16.5   0.1393   0.1615   0.0233   0   -1.796e+08   4.621e+07   0
16.6   0.1393   0.1435   0.02792   0   -1.796e+08   4.621e+07   0
16.7   0.1393   0.1256   0.03255   0   -1.796e+08   4.621e+07   0
16.8   0.1393   0.1076   0.03717   0   -1.796e+08   4.621e+07   0
16.9   0.1393   0.08967   0.04179   0   -1.796e+08   4.621e+07   0
17   0.1393   0.07172   0.04641   0   -1.796e+08   4.621e+07   0
17.1   0.1393   0.05376   0.05103   0   -1.796e+08   4.621e+07   0
17.2   0.1393   0.0358   0.05565   0   -1.796e+08   4.621e+07   0
17.3   0.1393   0.01785   0.06027   0   -1.796e+08   4.621e+07   0
17.4   0.1393   -0.0001109   0.06489   0   -1.796e+08   4.621e+07   0
17.5   0.1393   -0.01807   0.06951   0   -1.796e+08   4.621e+07   0
17.6   0.1393   -0.03602   0.07413   0   -1.796e+08   4.621e+07   0
17.7   0.1393   -0.05398   0.07875   0   -1.796e+08   4.621e+07   0
17.8   0.1393   -0.07194   0.08337   0   -1.796e+08   4.621e+07   0
17.9   0.1393   -0.08989   0.088   0   -1.796e+08   4.621e+07   0
18   0.1393   -0.1079   0.09262   0   -1.796e+08   4.621e+07   0
18.1   0.1393   -0.1258   0.09724   0   -1.796e+08   4.621e+07   0
18.2   0.1393   -0.1438   0.1019   0   -1.796e+08   4.621e+07   0
18.3   0.1408   -0.1617   0.1065   0   -1.801e+08   4.675e+07   0
18.4   0.1449   -0.1798   0.1112   0   -1.817e+08   4.815e+07   0
18.5   0.1477   -0.198   0.1161   0   -1.827e+08   4.905e+07   0
18.6   0.1494   -0.2164   0.121   0   -1.833e+08   4.956e+07   0
18.7   0.1502   -0.2347   0.126   0   -1.836e+08   4.977e+07   0
18.8   0.1501   -0.2531   0.131   0   -1.836e+08   4.974e+07   0
18.9   0.1492   -0.2714   0.1359   0   -1.832e+08   4.951e+07   0
19   0.1476   -0.2897   0.1409   0   -1.827e+08   4.912e+07   0
19.1   0.1455   -0.3079   0.1458   0   -1.818e+08   4.86e+07   0
19.2   0.1428   -0.3261   0.1506   0   -1.808e+08   4.797e+07   0
19.3   0.1398   -0.3441   0.1554   0   -1.795e+08   4.723e+07   0
19.4   0.1363   -0.362   0.16   0   -1.781e+08   4.642e+07   0
19.5   0.1326   -0.3797   0.1646   0   -1.765e+08   4.552e+07   0
19.6   0.1286   -0.3972   0.1691   0   -1.747e+08   4.457e+07   0
19.7   0.1244   -0.4146   0.1735   0   -1.728e+08   4.356e+07   0
19.8   0.12   -0.4318   0.1778   0   -1.707e+08   4.249e+07   0
19.9   0.1155   -0.4487   0.182   0   -1.684e+08   4.139e+07   0
20   0.1109   -0.4655   0.1861   0   -1.661e+08   4.024e+07   0
20.1   0.1063   -0.482   0.1901   0   -1.636e+08   3.907e+07   0
20.2   0.1017   -0.4982   0.1939   0   -1.61e+08   3.786e+07   0
20.3   0.09706   -0.5142   0.1977   0   -1.583e+08   3.663e+07   0
20.4   0.09249   -0.5298   0.2013   0   -1.555e+08   3.539e+07   0
20.5   0.08798   -0.5452   0.2047   0   -1.526e+08   3.412e+07   0
20.6   0.08356   -0.5604   0.2081   0   -1.497e+08   3.285e+07   0
20.7   0.07925   -0.5752   0.2113   0   -1.467e+08   3.158e+07   0
20.8   0.07506   -0.5897   0.2144   0   -1.436e+08   3.03e+07   0
20.9   0.07101   -0.6039   0.2174   0   -1.405e+08   2.903e+07   0
21   0.06711   -0.6178   0.2202   0   -1.374e+08   2.777e+07   0
21.1   0.06337   -0.6314   0.2229   0   -1.343e+08   2.653e+07   0
21.2   0.05981   -0.6447   0.2255   0   -1.312e+08   2.53e+07   0
21.3   0.05641   -0.6576   0.228   0   -1.281e+08   2.41e+07   0
21.4   0.0532   -0.6703   0.2303   0   -1.25e+08   2.293e+07   0
21.5   0.05017   -0.6826   0.2326   0   -1.22e+08   2.178e+07   0
21.6   0.04733   -0.6947   0.2347   0   -1.19e+08   2.068e+07   0
21.7   0.04468   -0.7064   0.2367   0   -1.161e+08   1.962e+07   0
21.8   0.04295   -0.7179   0.2386   0   -1.142e+08   1.891e+07   0
21.9   0.04295   -0.7293   0.2405   0   -1.142e+08   1.891e+07   0
22   0.04295   -0.7407   0.2424   0   -1.142e+08   1.891e+07   0
22.1   0.04295   -0.7522   0.2443   0   -1.142e+08   1.891e+07   0
22.2   0.04295   -0.7636   0.2462   0   -1.142e+08   1.891e+07   0
22.3   0.04295   -0.775   0.2481   0   -1.142e+08   1.891e+07   0
22.4   0.04295   -0.7864   0.25   0   -1.142e+08   1.891e+07   0
22.5   0.04295   -0.7978   0.2519   0   -1.142e+08   1.891e+07   0
22.6   0.04295   -0.8093   0.2537   0   -1.142e+08   1.891e+07   0
22.7   0.04295   -0.8207   0.2556   0   -1.142e+08   1.891e+07   0
22.8   0.04295   -0.8321   0.2575   0   -1.142e+08   1.891e+07   0
22.9   0.04295   -0.8435   0.2594   0   -1.142e+08   1.891e+07   0
23   0.04295   -0.8549   0.2613   0   -1.142e+08   1.891e+07   0
23.1   0.04295   -0.8664   0.2632   0   -1.142e+08   1.891e+07   0
23.2   0.04295   -0.8778   0.2651   0   -1.142e+08   1.891e+07   0
23.3   0.04295   -0.8892   0.267   0   -1.142e+08   1.891e+07   0
23.4   0.04295   -0.9006   0.2689   0   -1.142e+08   1.891e+07   0
23.5   0.04295   -0.912   0.2708   0   -1.142e+08   1.891e+07   0
23.6   0.04295   -0.9234   0.2727   0   -1.142e+08   1.891e+07   0
23.7   0.04295   -0.9349   0.2745   0   -1.142e+08   1.891e+07   0
23.8   0.04295   -0.9463   0.2764   0   -1.142e+08   1.891e+07   0
23.9   0.04295   -0.9577   0.2783   0   -1.142e+08   1.891e+07   0
24   0.04295   -0.9691   0.2802   0   -1.142e+08   1.891e+07   0
24.1   0.04295   -0.9805   0.2821   0   -1.142e+08   1.891e+07   0
24.2   0.04295   -0.992   0.284   0   -1.142e+08   1.891e+07   0
24.3   0.04295   -1.003   0.2859   0   -1.142e+08   1.891e+07   0
24.4   0.04295   -1.015   0.2878   0   -1.142e+08   1.891e+07   0
24.5   0.04295   -1.026   0.2897   0   -1.142e+08   1.891e+07   0
24.6   0.04295   -1.038   0.2916   0   -1.142e+08   1.891e+07   0
24.7   0.04295   -1.049   0.2935   0   -1.142e+08   1.891e+07   0
24.8   0.04295   -1.06   0.2953   0   -1.142e+08   1.891e+07   0
24.9   0.04295   -1.072   0.2972   0   -1.142e+08   1.891e+07   0
25   0.04295   -1.083   0.2991   0   -1.142e+08   1.891e+07   0
25.1   0.04295   -1.095   0.301   0   -1.142e+08   1.891e+07   0
25.2   0.04299   -1.106   0.3031   0   -1.107e+08   3.388e+07   0
25.3   0.04319   -1.115   0.3097   0   -6.941e+07   9.298e+07   0
25.4   0.04338   -1.119   0.3205   0   -1.032e+06   1.163e+08   0
25.5   0.04358   -1.116   0.3314   0   6.8e+07   9.459e+07   0
25.6   0.04378   -1.106   0.3381   0   1.11e+08   3.623e+07   0
25.7   0.04398   -1.095   0.3381   0   1.112e+08   -3.636e+07   0
25.8   0.04399   -1.084   0.3341   0   1.1e+08   -3.985e+07   0
25.9   0.04399   -1.073   0.3301   0   1.1e+08   -3.985e+07   0
26   0.04399   -1.062   0.3261   0   1.1e+08   -3.985e+07   0
26.1   0.04399   -1.051   0.3222   0   1.1e+08   -3.985e+07   0
26.2   0.04399   -1.04   0.3182   0   1.1e+08   -3.985e+07   0
26.3   0.04399   -1.029   0.3142   0   1.1e+08   -3.985e+07   0
26.4   0.04399   -1.018   0.3102   0   1.1e+08   -3.985e+07   0
26.5   0.04399   -1.007   0.3062   0   1.1e+08   -3.985e+07   0
26.6   0.04399   -0.9958   0.3022   0   1.1e+08   -3.985e+07   0
26.7   0.04399   -0.9848   0.2983   0   1.1e+08   -3.985e+07   0
26.8   0.04399   -0.9738   0.2943   0   1.1e+08   -3.985e+07   0
26.9   0.04399   -0.9628   0.2903   0   1.1e+08   -3.985e+07   0
27   0.04399   -0.9518   0.2863   0   1.1e+08   -3.985e+07   0
27.1   0.04399   -0.9408   0.2823   0   1.1e+08   -3.985e+07   0
27.2   0.04399   -0.9298   0.2783   0   1.1e+08   -3.985e+07   0
27.3   0.04399   -0.9188   0.2743   0   1.1e+08   -3.985e+07   0
27.4   0.04399   -0.9078   0.2704   0   1.1e+08   -3.985e+07   0
27.5   0.04399   -0.8968   0.2664   0   1.1e+08   -3.985e+07   0
27.6   0.04399   -0.8858   0.2624   0   1.1e+08   -3.985e+07   0
27.7   0.04399   -0.8748   0.2584   0   1.1e+08   -3.985e+07   0
27.8   0.04399   -0.8638   0.2544   0   1.1e+08   -3.985e+07   0
27.9   0.04399   -0.8528   0.2504   0   1.1e+08   -3.985e+07   0
28   0.04399   -0.8418   0.2464   0   1.1e+08   -3.985e+07   0
28.1   0.04399   -0.8308   0.2425   0   1.1e+08   -3.985e+07   0
28.2   0.04399   -0.8198   0.2385   0   1.1e+08   -3.985e+07   0
28.3   0.04399   -0.8088   0.2345   0   1.1e+08   -3.985e+07   0
28.4   0.04399   -0.7978   0.2305   0   1.1e+08   -3.985e+07   0
28.5   0.04399   -0.7868   0.2265   0   1.1e+08   -3.985e+07   0
28.6   0.04399   -0.7758   0.2225   0   1.1e+08   -3.985e+07   0
28.7   0.04399   -0.7648   0.2185   0   1.1e+08   -3.985e+07   0
28.8   0.04399   -0.7539   0.2146   0   1.1e+08   -3.985e+07   0
28.9   0.04399   -0.7429   0.2106   0   1.1e+08   -3.985e+07   0
29   0.04399   -0.7319   0.2066   0   1.1e+08   -3.985e+07   0
29.1   0.04463   -0.7208   0.2026   0   1.107e+08   -4.004e+07   0
29.2   0.0466   -0.7097   0.1986   0   1.129e+08   -4.063e+07   0
29.3   0.04878   -0.6983   0.1945   0   1.152e+08   -4.125e+07   0
29.4   0.05118   -0.6866   0.1903   0   1.177e+08   -4.191e+07   0
29.5   0.05382   -0.6747   0.1861   0   1.204e+08   -4.26e+07   0
29.6   0.05668   -0.6625   0.1818   0   1.232e+08   -4.331e+07   0
29.7   0.05978   -0.6501   0.1774   0   1.261e+08   -4.406e+07   0
29.8   0.06312   -0.6373   0.173   0   1.291e+08   -4.482e+07   0
29.9   0.06671   -0.6242   0.1685   0   1.322e+08   -4.56e+07   0
30   0.07055   -0.6109   0.1639   0   1.354e+08   -4.639e+07   0
30.1   0.07463   -0.5972   0.1592   0   1.386e+08   -4.719e+07   0
30.2   0.07896   -0.5831   0.1544   0   1.419e+08   -4.799e+07   0
30.3   0.08353   -0.5688   0.1496   0   1.453e+08   -4.878e+07   0
30.4   0.08834   -0.5541   0.1447   0   1.486e+08   -4.958e+07   0
30.5   0.09339   -0.539   0.1397   0   1.52e+08   -5.036e+07   0
30.6   0.09866   -0.5237   0.1346   0   1.553e+08   -5.113e+07   0
30.7   0.1042   -0.508   0.1294   0   1.586e+08   -5.188e+07   0
30.8   0.1098   -0.4919   0.1242   0   1.619e+08   -5.26e+07   0
30.9   0.1157   -0.4756   0.1189   0   1.652e+08   -5.331e+07   0
31   0.1218   -0.4589   0.1136   0   1.684e+08   -5.399e+07   0
31.1   0.128   -0.4419   0.1081   0   1.715e+08   -5.463e+07   0
31.2   0.1343   -0.4246   0.1026   0   1.745e+08   -5.525e+07   0
31.3   0.1407   -0.407   0.09708   0   1.775e+08   -5.582e+07   0
31.4   0.1472   -0.3891   0.09147   0   1.804e+08   -5.637e+07   0
31.5   0.1537   -0.3709   0.08581   0   1.831e+08   -5.687e+07   0
31.6   0.1602   -0.3525   0.0801   0   1.857e+08   -5.733e+07   0
31.7   0.1667   -0.3338   0.07434   0   1.883e+08   -5.775e+07   0
31.8   0.1731   -0.3148   0.06855   0   1.906e+08   -5.812e+07   0
31.9   0.1793   -0.2957   0.06272   0   1.929e+08   -5.845e+07   0
32   0.1852   -0.2763   0.05686   0   1.95e+08   -5.873e+07   0
32.1   0.1909   -0.2567   0.05098   0   1.969e+08   -5.896e+07   0
32.2   0.1961   -0.2369   0.04507   0   1.986e+08   -5.914e+07   0
32.3   0.2008   -0.217   0.03915   0   2.001e+08   -5.928e+07   0
32.4   0.2049   -0.1969   0.03322   0   2.014e+08   -5.936e+07   0
32.5   0.2067   -0.1767   0.02728   0   2.02e+08   -5.939e+07   0
32.6   0.2067   -0.1565   0.02134   0   2.02e+08   -5.939e+07   0
32.7   0.2067   -0.1363   0.0154   0   2.02e+08   -5.939e+07   0
32.8   0.2067   -0.1161   0.009461   0   2.02e+08   -5.939e+07   0
32.9   0.2067   -0.09591   0.003522   0   2.02e+08   -5.939e+07   0
33   0.2067   -0.07571   -0.002417   0   2.02e+08   -5.939e+07   0
33.1   0.2067   -0.05552   -0.008356   0   2.02e+08   -5.939e+07   0
33.2   0.2067   -0.03532   -0.01429   0   2.02e+08   -5.939e+07   0
33.3   0.2067   -0.01512   -0.02023   0   2.02e+08   -5.939e+07   0
33.4   0.2067   0.005074   -0.02617   0   2.02e+08   -5.939e+07   0
33.5   0.2067   0.02527   -0.03211   0   2.02e+08   -5.939e+07   0
33.6   0.2067   0.04547   -0.03805   0   2.02e+08   -5.939e+07   0
33.7   0.2067   0.06566   -0.04399   0   2.02e+08   -5.939e+07   0
33.8   0.2067   0.08586   -0.04993   0   2.02e+08   -5.939e+07   0
33.9   0.2067   0.1061   -0.05587   0   2.02e+08   -5.939e+07   0
34   0.2067   0.1263   -0.06181   0   2.02e+08   -5.939e+07   0
34.1   0.2067   0.1464   -0.06775   0   2.02e+08   -5.939e+07   0
34.2   0.2067   0.1666   -0.07368   0   2.02e+08   -5.939e+07   0
34.3   0.2188   0.187   -0.07969   0   2.051e+08   -6.121e+07   0
34.4   0.2352   0.2077   -0.08593   0   2.091e+08   -6.342e+07   0
34.5   0.2509   0.2288   -0.09237   0   2.126e+08   -6.529e+07   0
34.6   0.2658   0.2502   -0.09898   0   2.156e+08   -6.691e+07   0
34.7   0.28   0.2719   -0.1057   0   2.184e+08   -6.83e+07   0
34.8   0.2934   0.2938   -0.1126   0   2.209e+08   -6.952e+07   0
34.9   0.3062   0.316   -0.1196   0   2.231e+08   -7.059e+07   0
35   0.3184   0.3385   -0.1267   0   2.25e+08   -7.153e+07   0
35.1   0.3298   0.361   -0.1339   0   2.268e+08   -7.236e+07   0
35.2   0.3407   0.3838   -0.1412   0   2.284e+08   -7.31e+07   0
35.3   0.3509   0.4067   -0.1486   0   2.299e+08   -7.376e+07   0
35.4   0.3604   0.4298   -0.156   0   2.312e+08   -7.434e+07   0
35.5   0.3694   0.453   -0.1634   0   2.324e+08   -7.487e+07   0
35.6   0.3778   0.4763   -0.1709   0   2.334e+08   -7.533e+07   0
35.7   0.3856   0.4996   -0.1785   0   2.344e+08   -7.575e+07   0
35.8   0.3928   0.5231   -0.1861   0   2.353e+08   -7.612e+07   0
35.9   0.3995   0.5467   -0.1937   0   2.36e+08   -7.645e+07   0
36   0.4056   0.5703   -0.2014   0   2.367e+08   -7.675e+07   0
36.1   0.4112   0.594   -0.2091   0   2.374e+08   -7.701e+07   0
36.2   0.4162   0.6178   -0.2168   0   2.379e+08   -7.724e+07   0
36.3   0.4208   0.6416   -0.2245   0   2.384e+08   -7.744e+07   0
36.4   0.4248   0.6655   -0.2323   0   2.389e+08   -7.762e+07   0
36.5   0.4284   0.6894   -0.24   0   2.392e+08   -7.777e+07   0
36.6   0.4313   0.7133   -0.2478   0   2.395e+08   -7.789e+07   0
36.7   0.4313   0.7373   -0.2556   0   2.395e+08   -7.789e+07   0
36.8   0.4313   0.7612   -0.2634   0   2.395e+08   -7.789e+07   0
36.9   0.4313   0.7852   -0.2712   0   2.395e+08   -7.789e+07   0
37   0.4313   0.8092   -0.279   0   2.395e+08   -7.789e+07   0
37.1   0.4313   0.8331   -0.2868   0   2.395e+08   -7.789e+07   0
37.2   0.4313   0.8571   -0.2946   0   2.395e+08   -7.789e+07   0
37.3   0.4313   0.881   -0.3023   0   2.395e+08   -7.789e+07   0
37.4   0.4313   0.905   -0.3101   0   2.395e+08   -7.789e+07   0
37.5   0.4313   0.9289   -0.3179   0   2.395e+08   -7.789e+07   0
37.6   0.4313   0.9529   -0.3257   0   2.395e+08   -7.789e+07   0
37.7   0.4313   0.9768   -0.3335   0   2.395e+08   -7.789e+07   0
37.8   0.4313   1.001   -0.3413   0   2.395e+08   -7.789e+07   0
37.9   0.4313   1.025   -0.3491   0   2.395e+08   -7.789e+07   0
38   0.4313   1.049   -0.3569   0   2.395e+08   -7.789e+07   0
38.1   0.4313   1.073   -0.3647   0   2.395e+08   -7.789e+07   0
38.2   0.4313   1.097   -0.3725   0   2.395e+08   -7.789e+07   0
38.3   0.4341   1.118   -0.3853   0   1.77e+08   -1.796e+08   0
38.4   0.4371   1.13   -0.4069   0   6.623e+07   -2.437e+08   0
38.5   0.4401   1.131   -0.4319   0   -6.15e+07   -2.453e+08   0
38.6   0.4432   1.118   -0.4539   0   -1.735e+08   -1.844e+08   0
38.7   0.4463   1.097   -0.4671   0   -2.416e+08   -7.681e+07   0
38.8   0.4494   1.072   -0.4685   0   -2.489e+08   5.001e+07   0
38.9   0.4515   1.049   -0.458   0   -2.184e+08   1.299e+08   0
39   0.4515   1.027   -0.4451   0   -2.184e+08   1.299e+08   0
39.1   0.4515   1.006   -0.4321   0   -2.184e+08   1.299e+08   0
39.2   0.4515   0.9837   -0.4191   0   -2.184e+08   1.299e+08   0
39.3   0.4515   0.9618   -0.4061   0   -2.184e+08   1.299e+08   0
39.4   0.4515   0.94   -0.3931   0   -2.184e+08   1.299e+08   0
39.5   0.4515   0.9182   -0.3801   0   -2.184e+08   1.299e+08   0
39.6   0.4515   0.8963   -0.3671   0   -2.184e+08   1.299e+08   0
39.7   0.4515   0.8745   -0.3542   0   -2.184e+08   1.299e+08   0
39.8   0.4515   0.8527   -0.3412   0   -2.184e+08   1.299e+08   0
39.9   0.4515   0.8308   -0.3282   0   -2.184e+08   1.299e+08   0
40   0.4515   0.809   -0.3152   0   -2.184e+08   1.299e+08   0
40.1   0.4515   0.7872   -0.3022   0   -2.184e+08   1.299e+08   0
40.2   0.4515   0.7653   -0.2892   0   -2.184e+08   1.299e+08   0
40.3   0.4515   0.7435   -0.2762   0   -2.184e+08   1.299e+08   0
40.4   0.4515   0.7216   -0.2632   0   -2.184e+08   1.299e+08   0
40.5   0.4535   0.6998   -0.2503   0   -2.186e+08   1.298e+08   0
40.6   0.4586   0.6779   -0.2373   0   -2.192e+08   1.298e+08   0
40.7   0.4636   0.656   -0.2243   0   -2.199e+08   1.297e+08   0
40.8   0.4685   0.6339   -0.2113   0   -2.205e+08   1.297e+08   0
40.9   0.4733   0.6119   -0.1984   0   -2.211e+08   1.296e+08   0
41   0.478   0.5897   -0.1854   0   -2.216e+08   1.295e+08   0
41.1   0.4824   0.5675   -0.1725   0   -2.222e+08   1.294e+08   0
41.2   0.4866   0.5453   -0.1595   0   -2.227e+08   1.293e+08   0
41.3   0.4905   0.523   -0.1466   0   -2.232e+08   1.291e+08   0
41.4   0.494   0.5007   -0.1337   0   -2.236e+08   1.29e+08   0
41.5   0.4972   0.4783   -0.1208   0   -2.24e+08   1.289e+08   0
41.6   0.4999   0.4559   -0.1079   0   -2.243e+08   1.288e+08   0
41.7   0.5022   0.4334   -0.09506   0   -2.246e+08   1.287e+08   0
41.8   0.5038   0.411   -0.0822   0   -2.248e+08   1.286e+08   0
41.9   0.5048   0.3885   -0.06934   0   -2.25e+08   1.285e+08   0
42   0.5052   0.366   -0.05649   0   -2.25e+08   1.285e+08   0
42.1   0.5047   0.3435   -0.04364   0   -2.249e+08   1.286e+08   0
42.2   0.5033   0.321   -0.03078   0   -2.247e+08   1.287e+08   0
42.3   0.5009   0.2985   -0.0179   0   -2.244e+08   1.289e+08   0
42.4   0.4974   0.2761   -0.004992   0   -2.238e+08   1.293e+08   0
42.5   0.4928   0.2538   0.007966   0   -2.23e+08   1.299e+08   0
42.6   0.4869   0.2315   0.021   0   -2.218e+08   1.308e+08   0
42.7   0.4798   0.2094   0.03415   0   -2.202e+08   1.322e+08   0
42.8   0.4716   0.1875   0.04745   0   -2.181e+08   1.341e+08   0
42.9   0.4689   0.1658   0.06092   0   -2.174e+08   1.348e+08   0
43   0.4689   0.144   0.0744   0   -2.174e+08   1.348e+08   0
43.1   0.4689   0.1223   0.08788   0   -2.174e+08   1.348e+08   0
43.2   0.4689   0.1005   0.1014   0   -2.174e+08   1.348e+08   0
43.3   0.4689   0.07879   0.1148   0   -2.174e+08   1.348e+08   0
43.4   0.4689   0.05705   0.1283   0   -2.174e+08   1.348e+08   0
43.5   0.4689   0.03531   0.1418   0   -2.174e+08   1.348e+08   0
43.6   0.4689   0.01357   0.1553   0   -2.174e+08   1.348e+08   0
43.7   0.4689   -0.008173   0.1688   0   -2.174e+08   1.348e+08   0
43.8   0.4689   -0.02991   0.1822   0   -2.174e+08   1.348e+08   0
43.9   0.4816   -0.0516   0.1959   0   -2.16e+08   1.392e+08   0
44   0.498   -0.07313   0.2101   0   -2.147e+08   1.44e+08   0
44.1   0.5142   -0.09454   0.2247   0   -2.137e+08   1.48e+08   0
44.2   0.5301   -0.1159   0.2397   0   -2.129e+08   1.513e+08   0
44.3   0.5452   -0.1371   0.2549   0   -2.124e+08   1.54e+08   0
44.4   0.5595   -0.1583   0.2705   0   -2.12e+08   1.564e+08   0
44.5   0.5731   -0.1795   0.2862   0   -2.117e+08   1.583e+08   0
44.6   0.5857   -0.2007   0.3021   0   -2.116e+08   1.6e+08   0
44.7   0.5976   -0.2219   0.3182   0   -2.114e+08   1.615e+08   0
44.8   0.6086   -0.243   0.3344   0   -2.114e+08   1.627e+08   0
44.9   0.6188   -0.2641   0.3507   0   -2.114e+08   1.638e+08   0
45   0.6282   -0.2853   0.3671   0   -2.113e+08   1.647e+08   0
