0   0.04   -0.753   0   0   1.121e+08   0   0
0.1   0.04   -0.753   0   0   1.121e+08   0   0
0.2   0.04   -0.753   0   0   1.121e+08   0   0
0.3   0.04   -0.753   0   0   1.121e+08   0   0
0.4   0.04   -0.753   0   0   1.121e+08   0   0
0.5   0.04   -0.753   0   0   1.121e+08   0   0
0.6   0.04   -0.753   0   0   1.121e+08   0   0
0.7   0.04   -0.753   0   0   1.121e+08   0   0
0.8   0.04   -0.753   0   0   1.121e+08   0   0
0.9   0.04   -0.753   0   0   1.121e+08   0   0
1   0.04   -0.753   0   0   1.121e+08   0   0
1.1   0.04   -0.753   0   0   1.121e+08   0   0
1.2   0.04   -0.753   0   0   1.121e+08   0   0
1.3   0.04   -0.753   0   0   1.121e+08   0   0
1.4   0.04   -0.753   0   0   1.121e+08   0   0
1.5   0.04   -0.753   0   0   1.121e+08   0   0
1.6   0.04   -0.753   0   0   1.121e+08   0   0
1.7   0.04   -0.753   0   0   1.121e+08   0   0
1.8   0.04149   -0.746   0   0   1.14e+08   0   0
1.9   0.04408   -0.7344   0   0   1.171e+08   0   0
2   0.04685   -0.7225   0   0   1.203e+08   0   0
2.1   0.04981   -0.7103   0   0   1.235e+08   0   0
2.2   0.05295   -0.6978   0   0   1.268e+08   0   0
2.3   0.05628   -0.685   0   0   1.302e+08   0   0
2.4   0.05978   -0.6718   0   0   1.336e+08   0   0
2.5   0.06346   -0.6583   0   0   1.37e+08   0   0
2.6   0.0673   -0.6444   0   0   1.404e+08   0   0
2.7   0.07129   -0.6302   0   0   1.437e+08   0   0
2.8   0.07542   -0.6156   0   0   1.471e+08   0   0
2.9   0.07968   -0.6008   0   0   1.504e+08   0   0
3   0.08406   -0.5856   0   0   1.536e+08   0   0
3.1   0.08852   -0.57   0   0   1.568e+08   0   0
3.2   0.09306   -0.5542   0   0   1.599e+08   0   0
3.3   0.09765   -0.5381   0   0   1.629e+08   0   0
3.4   0.1023   -0.5216   0   0   1.658e+08   0   0
3.5   0.1069   -0.5049   0   0   1.685e+08   0   0
3.6   0.1114   -0.4879   0   0   1.712e+08   0   0
3.7   0.1159   -0.4707   0   0   1.737e+08   0   0
3.8   0.1203   -0.4532   0   0   1.76e+08   0   0
3.9   0.1245   -0.4355   0   0   1.783e+08   0   0
4   0.1286   -0.4175   0   0   1.803e+08   0   0
4.1   0.1324   -0.3994   0   0   1.822e+08   0   0
4.2   0.1359   -0.3811   0   0   1.838e+08   0   0
4.3   0.139   -0.3627   0   0   1.853e+08   0   0
4.4   0.1418   -0.3441   0   0   1.865e+08   0   0
4.5   0.144   -0.3254   0   0   1.875e+08   0   0
4.6   0.1457   -0.3066   0   0   1.883e+08   0   0
4.7   0.1467   -0.2877   0   0   1.887e+08   0   0
4.8   0.1469   -0.2688   0   0   1.888e+08   0   0
4.9   0.1463   -0.25   0   0   1.886e+08   0   0
5   0.1447   -0.2311   0   0   1.878e+08   0   0
5.1   0.1419   -0.2124   0   0   1.866e+08   0   0
5.2   0.1378   -0.1938   0   0   1.847e+08   0   0
5.3   0.1363   -0.1754   0   0   1.84e+08   0   0
5.4   0.1363   -0.157   0   0   1.84e+08   0   0
5.5   0.1363   -0.1386   0   0   1.84e+08   0   0
5.6   0.1363   -0.1202   0   0   1.84e+08   0   0
5.7   0.1363   -0.1018   0   0   1.84e+08   0   0
5.8   0.1363   -0.08343   0   0   1.84e+08   0   0
5.9   0.1363   -0.06503   0   0   1.84e+08   0   0
6   0.1363   -0.04663   0   0   1.84e+08   0   0
6.1   0.1363   -0.02822   0   0   1.84e+08   0   0
6.2   0.1363   -0.009824   0   0   1.84e+08   0   0
6.3   0.1363   0.008577   0   0   1.84e+08   0   0
6.4   0.1363   0.02698   0   0   1.84e+08   0   0
6.5   0.1363   0.04538   0   0   1.84e+08   0   0
6.6   0.1363   0.06378   0   0   1.84e+08   0   0
6.7   0.1363   0.08218   0   0   1.84e+08   0   0
6.8   0.1363   0.1006   0   0   1.84e+08   0   0
6.9   0.1363   0.119   0   0   1.84e+08   0   0
7   0.1363   0.1374   0   0   1.84e+08   0   0
7.1   0.1363   0.1558   0   0   1.84e+08   0   0
7.2   0.1363   0.1742   0   0   1.84e+08   0   0
7.3   0.1403   0.1926   0   0   1.859e+08   0   0
7.4   0.157   0.2116   0   0   1.931e+08   0   0
7.5   0.1726   0.2312   0   0   1.991e+08   0   0
7.6   0.1871   0.2514   0   0   2.042e+08   0   0
7.7   0.2004   0.272   0   0   2.086e+08   0   0
7.8   0.2126   0.2931   0   0   2.123e+08   0   0
7.9   0.2238   0.3145   0   0   2.154e+08   0   0
8   0.2339   0.3361   0   0   2.181e+08   0   0
8.1   0.2431   0.3581   0   0   2.205e+08   0   0
8.2   0.2514   0.3802   0   0   2.225e+08   0   0
8.3   0.2588   0.4026   0   0   2.242e+08   0   0
8.4   0.2653   0.4251   0   0   2.257e+08   0   0
8.5   0.2711   0.4477   0   0   2.27e+08   0   0
8.6   0.2762   0.4705   0   0   2.28e+08   0   0
8.7   0.2805   0.4933   0   0   2.289e+08   0   0
8.8   0.2841   0.5162   0   0   2.297e+08   0   0
8.9   0.2871   0.5392   0   0   2.303e+08   0   0
9   0.2896   0.5623   0   0   2.308e+08   0   0
9.1   0.2914   0.5854   0   0   2.311e+08   0   0
9.2   0.2928   0.6085   0   0   2.314e+08   0   0
9.3   0.2936   0.6317   0   0   2.316e+08   0   0
9.4   0.2939   0.6548   0   0   2.316e+08   0   0
9.5   0.2939   0.678   0   0   2.316e+08   0   0
9.6   0.2934   0.7011   0   0   2.315e+08   0   0
9.7   0.2925   0.7243   0   0   2.314e+08   0   0
9.8   0.2913   0.7474   0   0   2.311e+08   0   0
9.9   0.291   0.7705   0   0   2.311e+08   0   0
10   0.291   0.7936   0   0   2.311e+08   0   0
10.1   0.291   0.8167   0   0   2.311e+08   0   0
10.2   0.291   0.8398   0   0   2.311e+08   0   0
10.3   0.291   0.8629   0   0   2.311e+08   0   0
10.4   0.291   0.886   0   0   2.311e+08   0   0
10.5   0.291   0.9092   0   0   2.311e+08   0   0
10.6   0.291   0.9323   0   0   2.311e+08   0   0
10.7   0.291   0.9554   0   0   2.311e+08   0   0
10.8   0.291   0.9785   0   0   2.311e+08   0   0
10.9   0.291   1.002   0   0   2.311e+08   0   0
11   0.291   1.025   0   0   2.311e+08   0   0
11.1   0.291   1.048   0   0   2.311e+08   0   0
11.2   0.291   1.071   0   0   2.311e+08   0   0
11.3   0.291   1.094   0   0   2.311e+08   0   0
11.4   0.2912   1.117   -0.0006956   0   2.288e+08   -3.23e+07   0
11.5   0.2919   1.139   -0.007688   0   2.058e+08   -1.055e+08   0
11.6   0.2926   1.157   -0.02148   0   1.6e+08   -1.671e+08   0
11.7   0.2932   1.17   -0.04055   0   9.658e+07   -2.104e+08   0
11.8   0.2939   1.176   -0.06282   0   2.255e+07   -2.305e+08   0
11.9   0.2945   1.175   -0.08582   0   -5.398e+07   -2.254e+08   0
12   0.2952   1.166   -0.107   0   -1.246e+08   -1.955e+08   0
12.1   0.2959   1.15   -0.1242   0   -1.817e+08   -1.443e+08   0
12.2   0.2965   1.13   -0.1353   0   -2.189e+08   -7.733e+07   0
12.3   0.2972   1.107   -0.1393   0   -2.323e+08   -1.883e+06   0
12.4   0.2975   1.084   -0.1365   0   -2.291e+08   3.873e+07   0
12.5   0.2975   1.061   -0.1326   0   -2.291e+08   3.873e+07   0
12.6   0.2975   1.038   -0.1287   0   -2.291e+08   3.873e+07   0
12.7   0.2975   1.015   -0.1248   0   -2.291e+08   3.873e+07   0
12.8   0.2975   0.9925   -0.121   0   -2.291e+08   3.873e+07   0
12.9   0.2975   0.9696   -0.1171   0   -2.291e+08   3.873e+07   0
13   0.2975   0.9467   -0.1132   0   -2.291e+08   3.873e+07   0
13.1   0.2975   0.9238   -0.1094   0   -2.291e+08   3.873e+07   0
13.2   0.2975   0.9009   -0.1055   0   -2.291e+08   3.873e+07   0
13.3   0.2975   0.878   -0.1016   0   -2.291e+08   3.873e+07   0
13.4   0.2975   0.8551   -0.09774   0   -2.291e+08   3.873e+07   0
13.5   0.2975   0.8322   -0.09387   0   -2.291e+08   3.873e+07   0
13.6   0.2975   0.8092   -0.08999   0   -2.291e+08   3.873e+07   0
13.7   0.2975   0.7863   -0.08612   0   -2.291e+08   3.873e+07   0
13.8   0.2975   0.7634   -0.08225   0   -2.291e+08   3.873e+07   0
13.9   0.2978   0.7405   -0.07837   0   -2.291e+08   3.873e+07   0
14   0.2983   0.7176   -0.0745   0   -2.292e+08   3.873e+07   0
14.1   0.2984   0.6947   -0.07063   0   -2.293e+08   3.873e+07   0
14.2   0.2982   0.6718   -0.06676   0   -2.292e+08   3.873e+07   0
14.3   0.2975   0.6488   -0.06288   0   -2.291e+08   3.873e+07   0
14.4   0.2963   0.6259   -0.05901   0   -2.288e+08   3.873e+07   0
14.5   0.2946   0.6031   -0.05514   0   -2.285e+08   3.874e+07   0
14.6   0.2924   0.5802   -0.05126   0   -2.281e+08   3.875e+07   0
14.7   0.2897   0.5575   -0.04739   0   -2.275e+08   3.877e+07   0
14.8   0.2864   0.5347   -0.04351   0   -2.269e+08   3.879e+07   0
14.9   0.2825   0.5121   -0.03963   0   -2.26e+08   3.883e+07   0
15   0.278   0.4895   -0.03574   0   -2.251e+08   3.888e+07   0
15.1   0.2728   0.4671   -0.03185   0   -2.24e+08   3.896e+07   0
15.2   0.2669   0.4448   -0.02795   0   -2.226e+08   3.905e+07   0
15.3   0.2603   0.4226   -0.02404   0   -2.211e+08   3.918e+07   0
15.4   0.253   0.4005   -0.02011   0   -2.194e+08   3.935e+07   0
15.5   0.2448   0.3787   -0.01617   0   -2.173e+08   3.957e+07   0
15.6   0.2359   0.3571   -0.0122   0   -2.15e+08   3.985e+07   0
15.7   0.2262   0.3357   -0.008193   0   -2.123e+08   4.022e+07   0
15.8   0.2156   0.3146   -0.004149   0   -2.092e+08   4.069e+07   0
15.9   0.2041   0.2939   -5.095e-05   0   -2.056e+08   4.129e+07   0
16   0.1918   0.2735   0.004116   0   -2.015e+08   4.207e+07   0
16.1   0.1786   0.2536   0.008372   0   -1.966e+08   4.308e+07   0
16.2   0.1646   0.2343   0.01274   0   -1.91e+08   4.44e+07   0
16.3   0.1499   0.2155   0.01727   0   -1.845e+08   4.611e+07   0
16.4   0.1347   0.1974   0.02199   0   -1.768e+08   4.835e+07   0
16.5   0.1248   0.1801   0.02694   0   -1.712e+08   5.011e+07   0
16.6   0.1248   0.163   0.03195   0   -1.712e+08   5.011e+07   0
16.7   0.1248   0.1459   0.03696   0   -1.712e+08   5.011e+07   0
16.8   0.1248   0.1287   0.04197   0   -1.712e+08   5.011e+07   0
16.9   0.1248   0.1116   0.04698   0   -1.712e+08   5.011e+07   0
17   0.1248   0.0945   0.05199   0   -1.712e+08   5.011e+07   0
17.1   0.1248   0.07737   0.057   0   -1.712e+08   5.011e+07   0
17.2   0.1248   0.06025   0.06201   0   -1.712e+08   5.011e+07   0
17.3   0.1248   0.04313   0.06702   0   -1.712e+08   5.011e+07   0
17.4   0.1248   0.02601   0.07204   0   -1.712e+08   5.011e+07   0
17.5   0.1248   0.008885   0.07705   0   -1.712e+08   5.011e+07   0
17.6   0.1248   -0.008237   0.08206   0   -1.712e+08   5.011e+07   0
17.7   0.1248   -0.02536   0.08707   0   -1.712e+08   5.011e+07   0
17.8   0.1248   -0.04248   0.09208   0   -1.712e+08   5.011e+07   0
17.9   0.1248   -0.0596   0.09709   0   -1.712e+08   5.011e+07   0
18   0.1248   -0.07673   0.1021   0   -1.712e+08   5.011e+07   0
18.1   0.1248   -0.09385   0.1071   0   -1.712e+08   5.011e+07   0
18.2   0.1248   -0.111   0.1121   0   -1.712e+08   5.011e+07   0
18.3   0.1248   -0.1281   0.1171   0   -1.712e+08   5.011e+07   0
18.4   0.1252   -0.1452   0.1221   0   -1.713e+08   5.026e+07   0
18.5   0.1281   -0.1624   0.1272   0   -1.725e+08   5.158e+07   0
18.6   0.1298   -0.1797   0.1324   0   -1.732e+08   5.233e+07   0
18.7   0.1306   -0.197   0.1377   0   -1.735e+08   5.264e+07   0
18.8   0.1305   -0.2144   0.143   0   -1.734e+08   5.259e+07   0
18.9   0.1296   -0.2317   0.1482   0   -1.731e+08   5.226e+07   0
19   0.1279   -0.249   0.1534   0   -1.724e+08   5.17e+07   0
19.1   0.1257   -0.2662   0.1585   0   -1.715e+08   5.096e+07   0
19.2   0.123   -0.2833   0.1636   0   -1.703e+08   5.005e+07   0
19.3   0.1199   -0.3002   0.1685   0   -1.688e+08   4.9e+07   0
19.4   0.1163   -0.317   0.1734   0   -1.672e+08   4.784e+07   0
19.5   0.1125   -0.3337   0.1781   0   -1.653e+08   4.658e+07   0
19.6   0.1084   -0.3501   0.1827   0   -1.633e+08   4.523e+07   0
19.7   0.1042   -0.3663   0.1871   0   -1.611e+08   4.38e+07   0
19.8   0.09974   -0.3823   0.1915   0   -1.586e+08   4.231e+07   0
19.9   0.09521   -0.398   0.1956   0   -1.561e+08   4.076e+07   0
20   0.09063   -0.4135   0.1996   0   -1.533e+08   3.915e+07   0
20.1   0.08601   -0.4287   0.2034   0   -1.504e+08   3.75e+07   0
20.2   0.08141   -0.4436   0.2071   0   -1.474e+08   3.581e+07   0
20.3   0.07685   -0.4581   0.2106   0   -1.442e+08   3.41e+07   0
20.4   0.07235   -0.4724   0.2139   0   -1.409e+08   3.235e+07   0
20.5   0.06794   -0.4863   0.2171   0   -1.376e+08   3.059e+07   0
20.6   0.06365   -0.4999   0.22   0   -1.341e+08   2.883e+07   0
20.7   0.05948   -0.5131   0.2228   0   -1.305e+08   2.705e+07   0
20.8   0.05547   -0.526   0.2254   0   -1.269e+08   2.528e+07   0
20.9   0.05162   -0.5385   0.2279   0   -1.232e+08   2.352e+07   0
21   0.04794   -0.5506   0.2301   0   -1.195e+08   2.177e+07   0
21.1   0.04444   -0.5624   0.2322   0   -1.158e+08   2.005e+07   0
21.2   0.04113   -0.5738   0.2341   0   -1.12e+08   1.835e+07   0
21.3   0.03801   -0.5848   0.2359   0   -1.083e+08   1.669e+07   0
21.4   0.03509   -0.5955   0.2375   0   -1.047e+08   1.507e+07   0
21.5   0.03237   -0.6057   0.2389   0   -1.01e+08   1.35e+07   0
21.6   0.02984   -0.6157   0.2402   0   -9.747e+07   1.199e+07   0
21.7   0.02751   -0.6252   0.2413   0   -9.4e+07   1.053e+07   0
21.8   0.02536   -0.6345   0.2423   0   -9.064e+07   9.132e+06   0
21.9   0.0234   -0.6434   0.2431   0   -8.739e+07   7.806e+06   0
22   0.02161   -0.6519   0.2439   0   -8.428e+07   6.553e+06   0
22.1   0.02   -0.6602   0.2445   0   -8.133e+07   5.377e+06   0
22.2   0.01855   -0.6682   0.2449   0   -7.854e+07   4.282e+06   0
22.3   0.01726   -0.6759   0.2453   0   -7.593e+07   3.271e+06   0
22.4   0.01611   -0.6834   0.2456   0   -7.351e+07   2.346e+06   0
22.5   0.0151   -0.6906   0.2458   0   -7.13e+07   1.508e+06   0
22.6   0.01423   -0.6977   0.2459   0   -6.93e+07   7.612e+05   0
22.7   0.01348   -0.7045   0.2459   0   -6.753e+07   1.047e+05   0
22.8   0.01285   -0.7112   0.2459   0   -6.598e+07   -4.604e+05   0
22.9   0.0128   -0.7178   0.2459   0   -6.587e+07   -5.016e+05   0
23   0.0128   -0.7244   0.2458   0   -6.587e+07   -5.016e+05   0
23.1   0.0128   -0.7309   0.2458   0   -6.587e+07   -5.016e+05   0
23.2   0.0128   -0.7375   0.2457   0   -6.587e+07   -5.016e+05   0
23.3   0.0128   -0.7441   0.2457   0   -6.587e+07   -5.016e+05   0
23.4   0.0128   -0.7507   0.2456   0   -6.587e+07   -5.016e+05   0
23.5   0.0128   -0.7573   0.2456   0   -6.587e+07   -5.016e+05   0
23.6   0.0128   -0.7639   0.2455   0   -6.587e+07   -5.016e+05   0
23.7   0.0128   -0.7705   0.2455   0   -6.587e+07   -5.016e+05   0
23.8   0.0128   -0.7771   0.2454   0   -6.587e+07   -5.016e+05   0
23.9   0.0128   -0.7836   0.2454   0   -6.587e+07   -5.016e+05   0
24   0.0128   -0.7902   0.2453   0   -6.587e+07   -5.016e+05   0
24.1   0.0128   -0.7968   0.2453   0   -6.587e+07   -5.016e+05   0
24.2   0.0128   -0.8034   0.2452   0   -6.587e+07   -5.016e+05   0
24.3   0.0128   -0.81   0.2452   0   -6.587e+07   -5.016e+05   0
24.4   0.0128   -0.8166   0.2451   0   -6.587e+07   -5.016e+05   0
24.5   0.0128   -0.8232   0.2451   0   -6.587e+07   -5.016e+05   0
24.6   0.0128   -0.8297   0.245   0   -6.587e+07   -5.016e+05   0
24.7   0.0128   -0.8363   0.245   0   -6.587e+07   -5.016e+05   0
24.8   0.0128   -0.8429   0.2449   0   -6.587e+07   -5.016e+05   0
24.9   0.0128   -0.8495   0.2449   0   -6.587e+07   -5.016e+05   0
25   0.0128   -0.8561   0.2448   0   -6.587e+07   -5.016e+05   0
25.1   0.0128   -0.8627   0.2448   0   -6.587e+07   -5.016e+05   0
25.2   0.0128   -0.8693   0.2447   0   -6.587e+07   -5.016e+05   0
25.3   0.0128   -0.8759   0.2447   0   -6.587e+07   -5.016e+05   0
25.4   0.0128   -0.8824   0.2446   0   -6.587e+07   -5.016e+05   0
25.5   0.0128   -0.889   0.2446   0   -6.587e+07   -5.016e+05   0
25.6   0.0128   -0.8956   0.2445   0   -6.587e+07   -5.016e+05   0
25.7   0.0128   -0.9022   0.2445   0   -6.587e+07   -5.016e+05   0
25.8   0.0128   -0.9088   0.2444   0   -6.587e+07   -5.016e+05   0
25.9   0.0128   -0.9154   0.2444   0   -6.587e+07   -5.016e+05   0
26   0.0128   -0.922   0.2443   0   -6.587e+07   -5.016e+05   0
26.1   0.0128   -0.9285   0.2443   0   -6.587e+07   -5.016e+05   0
26.2   0.0128   -0.9351   0.2442   0   -6.587e+07   -5.016e+05   0
26.3   0.0128   -0.9417   0.2442   0   -6.587e+07   -5.016e+05   0
26.4   0.0128   -0.9483   0.2441   0   -6.587e+07   -5.016e+05   0
26.5   0.0128   -0.9549   0.2441   0   -6.587e+07   -5.016e+05   0
26.6   0.0128   -0.9615   0.244   0   -6.587e+07   -5.016e+05   0
26.7   0.0128   -0.9681   0.244   0   -6.587e+07   -5.016e+05   0
26.8   0.0128   -0.9747   0.2439   0   -6.587e+07   -5.016e+05   0
26.9   0.0128   -0.9812   0.2439   0   -6.587e+07   -5.016e+05   0
27   0.0128   -0.9878   0.2438   0   -6.587e+07   -5.016e+05   0
27.1   0.0128   -0.9944   0.2438   0   -6.587e+07   -5.016e+05   0
27.2   0.0128   -1.001   0.2437   0   -6.587e+07   -5.016e+05   0
27.3   0.0128   -1.008   0.2437   0   -6.587e+07   -5.016e+05   0
27.4   0.0128   -1.014   0.2436   0   -6.587e+07   -5.016e+05   0
27.5   0.0128   -1.021   0.2436   0   -6.587e+07   -5.016e+05   0
27.6   0.0128   -1.027   0.2435   0   -6.587e+07   -5.016e+05   0
27.7   0.0128   -1.034   0.2435   0   -6.587e+07   -5.016e+05   0
27.8   0.0128   -1.041   0.2434   0   -6.587e+07   -5.016e+05   0
27.9   0.0128   -1.047   0.2434   0   -6.587e+07   -5.016e+05   0
28   0.0128   -1.054   0.2433   0   -6.587e+07   -5.016e+05   0
28.1   0.0128   -1.06   0.2433   0   -6.587e+07   -5.016e+05   0
28.2   0.0128   -1.067   0.2432   0   -6.587e+07   -5.016e+05   0
28.3   0.0128   -1.073   0.2432   0   -6.587e+07   -5.016e+05   0
28.4   0.0128   -1.08   0.2431   0   -6.587e+07   -5.016e+05   0
28.5   0.0128   -1.087   0.2431   0   -6.587e+07   -5.016e+05   0
28.6   0.0128   -1.093   0.243   0   -6.587e+07   -5.016e+05   0
28.7   0.0128   -1.1   0.243   0   -6.587e+07   -5.016e+05   0
28.8   0.0128   -1.106   0.2429   0   -6.587e+07   -5.016e+05   0
28.9   0.0128   -1.113   0.2429   0   -6.587e+07   -5.016e+05   0
29   0.0128   -1.12   0.2428   0   -6.587e+07   -5.016e+05   0
29.1   0.01286   -1.126   0.2448   0   -5.289e+07   3.95e+07   0
29.2   0.01292   -1.129   0.2502   0   -1.703e+07   6.393e+07   0
29.3   0.01298   -1.129   0.2567   0   2.635e+07   6.085e+07   0
29.4   0.01304   -1.124   0.2614   0   5.854e+07   3.147e+07   0
29.5   0.0131   -1.118   0.2624   0   6.558e+07   -1.164e+07   0
29.6   0.01313   -1.112   0.2597   0   5.776e+07   -3.333e+07   0
29.7   0.01313   -1.106   0.2563   0   5.776e+07   -3.333e+07   0
29.8   0.01313   -1.1   0.253   0   5.776e+07   -3.333e+07   0
29.9   0.01313   -1.095   0.2497   0   5.776e+07   -3.333e+07   0
30   0.01313   -1.089   0.2463   0   5.776e+07   -3.333e+07   0
30.1   0.01313   -1.083   0.243   0   5.776e+07   -3.333e+07   0
30.2   0.01313   -1.077   0.2397   0   5.776e+07   -3.333e+07   0
30.3   0.01313   -1.072   0.2363   0   5.776e+07   -3.333e+07   0
30.4   0.01313   -1.066   0.233   0   5.776e+07   -3.333e+07   0
30.5   0.01313   -1.06   0.2297   0   5.776e+07   -3.333e+07   0
30.6   0.01313   -1.054   0.2263   0   5.776e+07   -3.333e+07   0
30.7   0.01313   -1.048   0.223   0   5.776e+07   -3.333e+07   0
30.8   0.01313   -1.043   0.2197   0   5.776e+07   -3.333e+07   0
30.9   0.01313   -1.037   0.2163   0   5.776e+07   -3.333e+07   0
31   0.01313   -1.031   0.213   0   5.776e+07   -3.333e+07   0
31.1   0.01313   -1.025   0.2097   0   5.776e+07   -3.333e+07   0
31.2   0.01313   -1.02   0.2063   0   5.776e+07   -3.333e+07   0
31.3   0.01313   -1.014   0.203   0   5.776e+07   -3.333e+07   0
31.4   0.01313   -1.008   0.1997   0   5.776e+07   -3.333e+07   0
31.5   0.01313   -1.002   0.1963   0   5.776e+07   -3.333e+07   0
31.6   0.01313   -0.9964   0.193   0   5.776e+07   -3.333e+07   0
31.7   0.01313   -0.9907   0.1897   0   5.776e+07   -3.333e+07   0
31.8   0.01313   -0.9849   0.1863   0   5.776e+07   -3.333e+07   0
31.9   0.01313   -0.9791   0.183   0   5.776e+07   -3.333e+07   0
32   0.01313   -0.9733   0.1797   0   5.776e+07   -3.333e+07   0
32.1   0.01313   -0.9676   0.1763   0   5.776e+07   -3.333e+07   0
32.2   0.01313   -0.9618   0.173   0   5.776e+07   -3.333e+07   0
32.3   0.01313   -0.956   0.1697   0   5.776e+07   -3.333e+07   0
32.4   0.01313   -0.9502   0.1663   0   5.776e+07   -3.333e+07   0
32.5   0.01313   -0.9445   0.163   0   5.776e+07   -3.333e+07   0
32.6   0.01313   -0.9387   0.1597   0   5.776e+07   -3.333e+07   0
32.7   0.01313   -0.9329   0.1563   0   5.776e+07   -3.333e+07   0
32.8   0.01313   -0.9271   0.153   0   5.776e+07   -3.333e+07   0
32.9   0.01313   -0.9214   0.1497   0   5.776e+07   -3.333e+07   0
33   0.01313   -0.9156   0.1463   0   5.776e+07   -3.333e+07   0
33.1   0.01313   -0.9098   0.143   0   5.776e+07   -3.333e+07   0
33.2   0.01313   -0.904   0.1397   0   5.776e+07   -3.333e+07   0
33.3   0.01313   -0.8983   0.1363   0   5.776e+07   -3.333e+07   0
33.4   0.01313   -0.8925   0.133   0   5.776e+07   -3.333e+07   0
33.5   0.01313   -0.8867   0.1297   0   5.776e+07   -3.333e+07   0
33.6   0.01313   -0.8809   0.1263   0   5.776e+07   -3.333e+07   0
33.7   0.01313   -0.8751   0.123   0   5.776e+07   -3.333e+07   0
33.8   0.01313   -0.8694   0.1197   0   5.776e+07   -3.333e+07   0
33.9   0.01313   -0.8636   0.1163   0   5.776e+07   -3.333e+07   0
34   0.01313   -0.8578   0.113   0   5.776e+07   -3.333e+07   0
34.1   0.01313   -0.852   0.1097   0   5.776e+07   -3.333e+07   0
34.2   0.01313   -0.8463   0.1063   0   5.776e+07   -3.333e+07   0
34.3   0.01313   -0.8405   0.103   0   5.776e+07   -3.333e+07   0
34.4   0.01313   -0.8347   0.09967   0   5.776e+07   -3.333e+07   0
34.5   0.01313   -0.8289   0.09634   0   5.776e+07   -3.333e+07   0
34.6   0.01313   -0.8232   0.09301   0   5.776e+07   -3.333e+07   0
34.7   0.01313   -0.8174   0.08967   0   5.776e+07   -3.333e+07   0
34.8   0.01313   -0.8116   0.08634   0   5.776e+07   -3.333e+07   0
34.9   0.01313   -0.8058   0.08301   0   5.776e+07   -3.333e+07   0
35   0.01313   -0.8001   0.07967   0   5.776e+07   -3.333e+07   0
35.1   0.01313   -0.7943   0.07634   0   5.776e+07   -3.333e+07   0
35.2   0.01313   -0.7885   0.07301   0   5.776e+07   -3.333e+07   0
35.3   0.01313   -0.7827   0.06968   0   5.776e+07   -3.333e+07   0
35.4   0.01313   -0.777   0.06634   0   5.776e+07   -3.333e+07   0
35.5   0.01313   -0.7712   0.06301   0   5.776e+07   -3.333e+07   0
35.6   0.01313   -0.7654   0.05968   0   5.776e+07   -3.333e+07   0
35.7   0.01313   -0.7596   0.05634   0   5.776e+07   -3.333e+07   0
35.8   0.01313   -0.7539   0.05301   0   5.776e+07   -3.333e+07   0
35.9   0.01249   -0.7481   0.04968   0   5.597e+07   -3.324e+07   0
36   0.01139   -0.7427   0.04636   0   5.274e+07   -3.31e+07   0
36.1   0.0104   -0.7376   0.04306   0   4.963e+07   -3.297e+07   0
36.2   0.00952   -0.7328   0.03977   0   4.667e+07   -3.285e+07   0
36.3   0.008743   -0.7282   0.03649   0   4.388e+07   -3.275e+07   0
36.4   0.008064   -0.724   0.03322   0   4.128e+07   -3.267e+07   0
36.5   0.007478   -0.72   0.02996   0   3.888e+07   -3.26e+07   0
36.6   0.006979   -0.7162   0.0267   0   3.67e+07   -3.254e+07   0
36.7   0.006561   -0.7126   0.02345   0   3.476e+07   -3.25e+07   0
36.8   0.006218   -0.7092   0.0202   0   3.307e+07   -3.247e+07   0
36.9   0.005943   -0.706   0.01695   0   3.165e+07   -3.245e+07   0
37   0.005731   -0.7029   0.01371   0   3.051e+07   -3.243e+07   0
37.1   0.005578   -0.6999   0.01047   0   2.965e+07   -3.243e+07   0
37.2   0.00548   -0.697   0.007224   0   2.908e+07   -3.243e+07   0
37.3   0.005435   -0.6941   0.003981   0   2.881e+07   -3.243e+07   0
37.4   0.00544   -0.6912   0.0007386   0   2.885e+07   -3.243e+07   0
37.5   0.005497   -0.6883   -0.002504   0   2.918e+07   -3.242e+07   0
37.6   0.005607   -0.6854   -0.005746   0   2.983e+07   -3.241e+07   0
37.7   0.005772   -0.6823   -0.008986   0   3.078e+07   -3.239e+07   0
37.8   0.005996   -0.6792   -0.01222   0   3.203e+07   -3.236e+07   0
37.9   0.006286   -0.6759   -0.01546   0   3.358e+07   -3.231e+07   0
38   0.006648   -0.6725   -0.01868   0   3.542e+07   -3.224e+07   0
38.1   0.00709   -0.6688   -0.0219   0   3.755e+07   -3.214e+07   0
38.2   0.00762   -0.6649   -0.02511   0   3.995e+07   -3.203e+07   0
38.3   0.008248   -0.6608   -0.02831   0   4.262e+07   -3.188e+07   0
38.4   0.008985   -0.6564   -0.03149   0   4.555e+07   -3.17e+07   0
38.5   0.00984   -0.6517   -0.03465   0   4.871e+07   -3.148e+07   0
38.6   0.01083   -0.6466   -0.03778   0   5.211e+07   -3.123e+07   0
38.7   0.01195   -0.6413   -0.04089   0   5.572e+07   -3.093e+07   0
38.8   0.01323   -0.6355   -0.04397   0   5.952e+07   -3.059e+07   0
38.9   0.01466   -0.6293   -0.04701   0   6.35e+07   -3.021e+07   0
39   0.01627   -0.6228   -0.05001   0   6.763e+07   -2.979e+07   0
39.1   0.01806   -0.6158   -0.05296   0   7.191e+07   -2.931e+07   0
39.2   0.02003   -0.6084   -0.05587   0   7.63e+07   -2.879e+07   0
39.3   0.02219   -0.6005   -0.05872   0   8.079e+07   -2.822e+07   0
39.4   0.02454   -0.5922   -0.06151   0   8.536e+07   -2.76e+07   0
39.5   0.02709   -0.5835   -0.06423   0   8.998e+07   -2.693e+07   0
39.6   0.02983   -0.5742   -0.06689   0   9.463e+07   -2.621e+07   0
39.7   0.03277   -0.5645   -0.06947   0   9.929e+07   -2.545e+07   0
39.8   0.03589   -0.5544   -0.07198   0   1.039e+08   -2.465e+07   0
39.9   0.0392   -0.5437   -0.0744   0   1.085e+08   -2.38e+07   0
40   0.04267   -0.5327   -0.07674   0   1.131e+08   -2.292e+07   0
40.1   0.0463   -0.5211   -0.07898   0   1.176e+08   -2.2e+07   0
40.2   0.05008   -0.5091   -0.08113   0   1.22e+08   -2.104e+07   0
40.3   0.05398   -0.4967   -0.08319   0   1.263e+08   -2.006e+07   0
40.4   0.05799   -0.4839   -0.08514   0   1.305e+08   -1.905e+07   0
40.5   0.06207   -0.4706   -0.087   0   1.345e+08   -1.802e+07   0
40.6   0.06621   -0.457   -0.08875   0   1.384e+08   -1.697e+07   0
40.7   0.07037   -0.4429   -0.09039   0   1.421e+08   -1.592e+07   0
40.8   0.07452   -0.4286   -0.09193   0   1.456e+08   -1.485e+07   0
40.9   0.07862   -0.4138   -0.09336   0   1.489e+08   -1.38e+07   0
41   0.08264   -0.3988   -0.09469   0   1.52e+08   -1.275e+07   0
41.1   0.08653   -0.3834   -0.09591   0   1.549e+08   -1.172e+07   0
41.2   0.09025   -0.3678   -0.09703   0   1.576e+08   -1.072e+07   0
41.3   0.09375   -0.3519   -0.09805   0   1.6e+08   -9.751e+06   0
41.4   0.09697   -0.3358   -0.09898   0   1.622e+08   -8.838e+06   0
41.5   0.09986   -0.3195   -0.09982   0   1.641e+08   -7.993e+06   0
41.6   0.1024   -0.303   -0.1006   0   1.657e+08   -7.235e+06   0
41.7   0.1044   -0.2864   -0.1013   0   1.669e+08   -6.587e+06   0
41.8   0.1059   -0.2696   -0.1019   0   1.679e+08   -6.08e+06   0
41.9   0.1069   -0.2528   -0.1025   0   1.684e+08   -5.75e+06   0
42   0.1072   -0.2359   -0.1031   0   1.686e+08   -5.646e+06   0
42.1   0.1067   -0.2191   -0.1036   0   1.683e+08   -5.829e+06   0
42.2   0.1055   -0.2023   -0.1042   0   1.676e+08   -6.379e+06   0
42.3   0.1034   -0.1856   -0.1049   0   1.663e+08   -7.399e+06   0
42.4   0.1005   -0.169   -0.1057   0   1.644e+08   -9.022e+06   0
42.5   0.09735   -0.1527   -0.1068   0   1.623e+08   -1.103e+07   0
42.6   0.09735   -0.1365   -0.1079   0   1.623e+08   -1.103e+07   0
42.7   0.09735   -0.1203   -0.109   0   1.623e+08   -1.103e+07   0
42.8   0.09735   -0.104   -0.1101   0   1.623e+08   -1.103e+07   0
42.9   0.09735   -0.08781   -0.1112   0   1.623e+08   -1.103e+07   0
43   0.09735   -0.07158   -0.1123   0   1.623e+08   -1.103e+07   0
43.1   0.09735   -0.05535   -0.1134   0   1.623e+08   -1.103e+07   0
43.2   0.09735   -0.03912   -0.1145   0   1.623e+08   -1.103e+07   0
43.3   0.09735   -0.02289   -0.1156   0   1.623e+08   -1.103e+07   0
43.4   0.09735   -0.006658   -0.1167   0   1.623e+08   -1.103e+07   0
43.5   0.09735   0.009572   -0.1178   0   1.623e+08   -1.103e+07   0
43.6   0.09735   0.0258   -0.1189   0   1.623e+08   -1.103e+07   0
43.7   0.09735   0.04203   -0.12   0   1.623e+08   -1.103e+07   0
43.8   0.09735   0.05826   -0.1211   0   1.623e+08   -1.103e+07   0
43.9   0.09735   0.07449   -0.1222   0   1.623e+08   -1.103e+07   0
44   0.09735   0.09072   -0.1233   0   1.623e+08   -1.103e+07   0
44.1   0.09735   0.1069   -0.1244   0   1.623e+08   -1.103e+07   0
44.2   0.09735   0.1232   -0.1255   0   1.623e+08   -1.103e+07   0
44.3   0.09735   0.1394   -0.1266   0   1.623e+08   -1.103e+07   0
44.4   0.1099   0.156   -0.1282   0   1.692e+08   -1.958e+07   0
44.5   0.1228   0.1732   -0.1305   0   1.753e+08   -2.673e+07   0
44.6   0.1356   0.191   -0.1335   0   1.808e+08   -3.268e+07   0
44.7   0.1482   0.2094   -0.137   0   1.856e+08   -3.763e+07   0
44.8   0.1602   0.2281   -0.141   0   1.898e+08   -4.176e+07   0
44.9   0.1715   0.2473   -0.1453   0   1.935e+08   -4.521e+07   0
45   0.1822   0.2668   -0.15   0   1.968e+08   -4.81e+07   0
