0   0.04   -0.753   0   0   1.121e+08   0   0
0.1   0.04   -0.753   0   0   1.121e+08   0   0
0.2   0.04   -0.753   0   0   1.121e+08   0   0
0.3   0.04   -0.753   0   0   1.121e+08   0   0
0.4   0.04   -0.753   0   0   1.121e+08   0   0
0.5   0.04   -0.753   0   0   1.121e+08   0   0
0.6   0.04   -0.753   0   0   1.121e+08   0   0
0.7   0.04   -0.753   0   0   1.121e+08   0   0
0.8   0.04   -0.753   0   0   1.121e+08   0   0
0.9   0.04   -0.753   0   0   1.121e+08   0   0
1   0.04   -0.753   0   0   1.121e+08   0   0
1.1   0.04   -0.753   0   0   1.121e+08   0   0
1.2   0.04   -0.753   0   0   1.121e+08   0   0
1.3   0.04   -0.753   0   0   1.121e+08   0   0
1.4   0.04   -0.753   0   0   1.121e+08   0   0
1.5   0.04   -0.753   0   0   1.121e+08   0   0
1.6   0.04   -0.753   0   0   1.121e+08   0   0
1.7   0.04   -0.753   0   0   1.121e+08   0   0
1.8   0.041   -0.7482   0   0   1.134e+08   0   0
1.9   0.04357   -0.7367   0   0   1.165e+08   0   0
2   0.04632   -0.7249   0   0   1.197e+08   0   0
2.1   0.04925   -0.7128   0   0   1.229e+08   0   0
2.2   0.05237   -0.7003   0   0   1.262e+08   0   0
2.3   0.05567   -0.6876   0   0   1.296e+08   0   0
2.4   0.05914   -0.6744   0   0   1.33e+08   0   0
2.5   0.06279   -0.661   0   0   1.364e+08   0   0
2.6   0.06659   -0.6471   0   0   1.397e+08   0   0
2.7   0.07055   -0.633   0   0   1.431e+08   0   0
2.8   0.07465   -0.6185   0   0   1.465e+08   0   0
2.9   0.07887   -0.6037   0   0   1.498e+08   0   0
3   0.08321   -0.5886   0   0   1.53e+08   0   0
3.1   0.08763   -0.5731   0   0   1.562e+08   0   0
3.2   0.09213   -0.5573   0   0   1.592e+08   0   0
3.3   0.09667   -0.5413   0   0   1.622e+08   0   0
3.4   0.1012   -0.5249   0   0   1.651e+08   0   0
3.5   0.1058   -0.5082   0   0   1.679e+08   0   0
3.6   0.1103   -0.4913   0   0   1.705e+08   0   0
3.7   0.1148   -0.4741   0   0   1.73e+08   0   0
3.8   0.1191   -0.4567   0   0   1.754e+08   0   0
3.9   0.1233   -0.4391   0   0   1.776e+08   0   0
4   0.1273   -0.4212   0   0   1.796e+08   0   0
4.1   0.131   -0.4031   0   0   1.815e+08   0   0
4.2   0.1345   -0.3849   0   0   1.832e+08   0   0
4.3   0.1376   -0.3665   0   0   1.846e+08   0   0
4.4   0.1403   -0.348   0   0   1.859e+08   0   0
4.5   0.1425   -0.3293   0   0   1.869e+08   0   0
4.6   0.1441   -0.3106   0   0   1.876e+08   0   0
4.7   0.1451   -0.2918   0   0   1.88e+08   0   0
4.8   0.1453   -0.273   0   0   1.881e+08   0   0
4.9   0.1447   -0.2542   0   0   1.879e+08   0   0
5   0.1431   -0.2355   0   0   1.872e+08   0   0
5.1   0.1404   -0.2168   0   0   1.859e+08   0   0
5.2   0.1365   -0.1983   0   0   1.841e+08   0   0
5.3   0.1337   -0.18   0   0   1.828e+08   0   0
5.4   0.1337   -0.1617   0   0   1.828e+08   0   0
5.5   0.1337   -0.1434   0   0   1.828e+08   0   0
5.6   0.1337   -0.1251   0   0   1.828e+08   0   0
5.7   0.1337   -0.1069   0   0   1.828e+08   0   0
5.8   0.1337   -0.0886   0   0   1.828e+08   0   0
5.9   0.1337   -0.07032   0   0   1.828e+08   0   0
6   0.1337   -0.05204   0   0   1.828e+08   0   0
6.1   0.1337   -0.03376   0   0   1.828e+08   0   0
6.2   0.1337   -0.01549   0   0   1.828e+08   0   0
6.3   0.1337   0.00279   0   0   1.828e+08   0   0
6.4   0.1337   0.02107   0   0   1.828e+08   0   0
6.5   0.1337   0.03934   0   0   1.828e+08   0   0
6.6   0.1337   0.05762   0   0   1.828e+08   0   0
6.7   0.1337   0.0759   0   0   1.828e+08   0   0
6.8   0.1337   0.09417   0   0   1.828e+08   0   0
6.9   0.1337   0.1125   0   0   1.828e+08   0   0
7   0.1337   0.1307   0   0   1.828e+08   0   0
7.1   0.1337   0.149   0   0   1.828e+08   0   0
7.2   0.1337   0.1673   0   0   1.828e+08   0   0
7.3   0.1337   0.1856   0   0   1.828e+08   0   0
7.4   0.148   0.2041   0   0   1.893e+08   0   0
7.5   0.1639   0.2234   0   0   1.958e+08   0   0
7.6   0.1786   0.2433   0   0   2.013e+08   0   0
7.7   0.1922   0.2636   0   0   2.06e+08   0   0
7.8   0.2047   0.2844   0   0   2.099e+08   0   0
7.9   0.216   0.3056   0   0   2.133e+08   0   0
8   0.2264   0.3271   0   0   2.161e+08   0   0
8.1   0.2357   0.3488   0   0   2.186e+08   0   0
8.2   0.2441   0.3708   0   0   2.207e+08   0   0
8.3   0.2517   0.393   0   0   2.225e+08   0   0
8.4   0.2583   0.4153   0   0   2.241e+08   0   0
8.5   0.2642   0.4378   0   0   2.254e+08   0   0
8.6   0.2693   0.4604   0   0   2.266e+08   0   0
8.7   0.2737   0.4831   0   0   2.275e+08   0   0
8.8   0.2774   0.5059   0   0   2.283e+08   0   0
8.9   0.2805   0.5287   0   0   2.289e+08   0   0
9   0.2829   0.5516   0   0   2.294e+08   0   0
9.1   0.2848   0.5746   0   0   2.298e+08   0   0
9.2   0.2861   0.5976   0   0   2.301e+08   0   0
9.3   0.287   0.6206   0   0   2.303e+08   0   0
9.4   0.2873   0.6437   0   0   2.303e+08   0   0
9.5   0.2873   0.6667   0   0   2.303e+08   0   0
9.6   0.2868   0.6897   0   0   2.302e+08   0   0
9.7   0.2859   0.7127   0   0   2.3e+08   0   0
9.8   0.2847   0.7357   0   0   2.298e+08   0   0
9.9   0.2835   0.7587   0   0   2.296e+08   0   0
10   0.2835   0.7816   0   0   2.296e+08   0   0
10.1   0.2835   0.8046   0   0   2.296e+08   0   0
10.2   0.2835   0.8276   0   0   2.296e+08   0   0
10.3   0.2835   0.8505   0   0   2.296e+08   0   0
10.4   0.2835   0.8735   0   0   2.296e+08   0   0
10.5   0.2835   0.8964   0   0   2.296e+08   0   0
10.6   0.2835   0.9194   0   0   2.296e+08   0   0
10.7   0.2835   0.9423   0   0   2.296e+08   0   0
10.8   0.2835   0.9653   0   0   2.296e+08   0   0
10.9   0.2835   0.9883   0   0   2.296e+08   0   0
11   0.2835   1.011   0   0   2.296e+08   0   0
11.1   0.2835   1.034   0   0   2.296e+08   0   0
11.2   0.2835   1.057   0   0   2.296e+08   0   0
11.3   0.2835   1.08   0   0   2.296e+08   0   0
11.4   0.2835   1.103   0   0   2.296e+08   0   0
11.5   0.2841   1.126   -0.002554   0   2.212e+08   -6.191e+07   0
11.6   0.2847   1.146   -0.01235   0   1.884e+08   -1.316e+08   0
11.7   0.2853   1.163   -0.02844   0   1.345e+08   -1.865e+08   0
11.8   0.286   1.173   -0.049   0   6.548e+07   -2.205e+08   0
11.9   0.2866   1.175   -0.07174   0   -1.087e+07   -2.299e+08   0
12   0.2873   1.171   -0.09412   0   -8.604e+07   -2.136e+08   0
12.1   0.2879   1.159   -0.1136   0   -1.516e+08   -1.735e+08   0
12.2   0.2886   1.141   -0.1281   0   -2.004e+08   -1.141e+08   0
12.3   0.2892   1.119   -0.136   0   -2.269e+08   -4.193e+07   0
12.4   0.2899   1.096   -0.1363   0   -2.282e+08   3.49e+07   0
12.5   0.2899   1.073   -0.1325   0   -2.277e+08   3.795e+07   0
12.6   0.2899   1.051   -0.1287   0   -2.277e+08   3.795e+07   0
12.7   0.2899   1.028   -0.1249   0   -2.277e+08   3.795e+07   0
12.8   0.2899   1.005   -0.1211   0   -2.277e+08   3.795e+07   0
12.9   0.2899   0.9823   -0.1173   0   -2.277e+08   3.795e+07   0
13   0.2899   0.9596   -0.1135   0   -2.277e+08   3.795e+07   0
13.1   0.2899   0.9368   -0.1097   0   -2.277e+08   3.795e+07   0
13.2   0.2899   0.914   -0.1059   0   -2.277e+08   3.795e+07   0
13.3   0.2899   0.8912   -0.1021   0   -2.277e+08   3.795e+07   0
13.4   0.2899   0.8685   -0.09834   0   -2.277e+08   3.795e+07   0
13.5   0.2899   0.8457   -0.09455   0   -2.277e+08   3.795e+07   0
13.6   0.2899   0.8229   -0.09075   0   -2.277e+08   3.795e+07   0
13.7   0.2899   0.8002   -0.08696   0   -2.277e+08   3.795e+07   0
13.8   0.2899   0.7774   -0.08316   0   -2.277e+08   3.795e+07   0
13.9   0.2899   0.7546   -0.07937   0   -2.277e+08   3.795e+07   0
14   0.2902   0.7319   -0.07557   0   -2.278e+08   3.795e+07   0
14.1   0.2904   0.7091   -0.07178   0   -2.278e+08   3.795e+07   0
14.2   0.2901   0.6863   -0.06798   0   -2.277e+08   3.795e+07   0
14.3   0.2894   0.6635   -0.06419   0   -2.276e+08   3.795e+07   0
14.4   0.2883   0.6408   -0.06039   0   -2.274e+08   3.795e+07   0
14.5   0.2867   0.6181   -0.0566   0   -2.27e+08   3.796e+07   0
14.6   0.2845   0.5954   -0.0528   0   -2.266e+08   3.796e+07   0
14.7   0.2819   0.5727   -0.049   0   -2.261e+08   3.798e+07   0
14.8   0.2787   0.5502   -0.04521   0   -2.254e+08   3.8e+07   0
14.9   0.275   0.5277   -0.04141   0   -2.246e+08   3.803e+07   0
15   0.2706   0.5053   -0.0376   0   -2.236e+08   3.807e+07   0
15.1   0.2656   0.4829   -0.03379   0   -2.225e+08   3.813e+07   0
15.2   0.26   0.4608   -0.02997   0   -2.212e+08   3.821e+07   0
15.3   0.2536   0.4387   -0.02615   0   -2.197e+08   3.832e+07   0
15.4   0.2466   0.4168   -0.02231   0   -2.18e+08   3.846e+07   0
15.5   0.2389   0.3951   -0.01845   0   -2.16e+08   3.865e+07   0
15.6   0.2304   0.3736   -0.01458   0   -2.137e+08   3.888e+07   0
15.7   0.2211   0.3524   -0.01067   0   -2.111e+08   3.919e+07   0
15.8   0.2111   0.3314   -0.006736   0   -2.081e+08   3.959e+07   0
15.9   0.2002   0.3108   -0.002753   0   -2.046e+08   4.009e+07   0
16   0.1886   0.2905   0.001287   0   -2.007e+08   4.074e+07   0
16.1   0.1763   0.2707   0.005401   0   -1.961e+08   4.157e+07   0
16.2   0.1632   0.2513   0.00961   0   -1.908e+08   4.264e+07   0
16.3   0.1494   0.2326   0.01394   0   -1.847e+08   4.402e+07   0
16.4   0.1351   0.2144   0.01843   0   -1.777e+08   4.581e+07   0
16.5   0.1204   0.1971   0.02312   0   -1.694e+08   4.812e+07   0
16.6   0.1108   0.1805   0.02806   0   -1.634e+08   4.999e+07   0
16.7   0.1108   0.1642   0.03306   0   -1.634e+08   4.999e+07   0
16.8   0.1108   0.1479   0.03806   0   -1.634e+08   4.999e+07   0
16.9   0.1108   0.1315   0.04306   0   -1.634e+08   4.999e+07   0
17   0.1108   0.1152   0.04805   0   -1.634e+08   4.999e+07   0
17.1   0.1108   0.09887   0.05305   0   -1.634e+08   4.999e+07   0
17.2   0.1108   0.08253   0.05805   0   -1.634e+08   4.999e+07   0
17.3   0.1108   0.0662   0.06305   0   -1.634e+08   4.999e+07   0
17.4   0.1108   0.04986   0.06805   0   -1.634e+08   4.999e+07   0
17.5   0.1108   0.03353   0.07305   0   -1.634e+08   4.999e+07   0
17.6   0.1108   0.01719   0.07805   0   -1.634e+08   4.999e+07   0
17.7   0.1108   0.0008549   0.08304   0   -1.634e+08   4.999e+07   0
17.8   0.1108   -0.01548   0.08804   0   -1.634e+08   4.999e+07   0
17.9   0.1108   -0.03182   0.09304   0   -1.634e+08   4.999e+07   0
18   0.1108   -0.04815   0.09804   0   -1.634e+08   4.999e+07   0
18.1   0.1108   -0.06449   0.103   0   -1.634e+08   4.999e+07   0
18.2   0.1108   -0.08082   0.108   0   -1.634e+08   4.999e+07   0
18.3   0.1108   -0.09716   0.113   0   -1.634e+08   4.999e+07   0
18.4   0.1108   -0.1135   0.118   0   -1.634e+08   4.999e+07   0
18.5   0.1108   -0.1298   0.123   0   -1.634e+08   4.999e+07   0
18.6   0.1114   -0.1462   0.128   0   -1.636e+08   5.031e+07   0
18.7   0.1122   -0.1626   0.1331   0   -1.64e+08   5.072e+07   0
18.8   0.1121   -0.1789   0.1382   0   -1.639e+08   5.066e+07   0
18.9   0.1111   -0.1953   0.1432   0   -1.635e+08   5.022e+07   0
19   0.1094   -0.2116   0.1482   0   -1.627e+08   4.947e+07   0
19.1   0.1071   -0.2278   0.1531   0   -1.616e+08   4.848e+07   0
19.2   0.1043   -0.2439   0.1579   0   -1.602e+08   4.728e+07   0
19.3   0.101   -0.2599   0.1625   0   -1.585e+08   4.591e+07   0
19.4   0.09733   -0.2756   0.1671   0   -1.565e+08   4.439e+07   0
19.5   0.09337   -0.2911   0.1714   0   -1.543e+08   4.274e+07   0
19.6   0.08917   -0.3065   0.1756   0   -1.518e+08   4.098e+07   0
19.7   0.0848   -0.3215   0.1796   0   -1.491e+08   3.912e+07   0
19.8   0.0803   -0.3363   0.1834   0   -1.462e+08   3.718e+07   0
19.9   0.07572   -0.3507   0.187   0   -1.431e+08   3.517e+07   0
20   0.07111   -0.3649   0.1905   0   -1.397e+08   3.309e+07   0
20.1   0.06651   -0.3787   0.1937   0   -1.362e+08   3.096e+07   0
20.2   0.06196   -0.3921   0.1966   0   -1.325e+08   2.879e+07   0
20.3   0.05748   -0.4052   0.1994   0   -1.286e+08   2.658e+07   0
20.4   0.0531   -0.4178   0.202   0   -1.246e+08   2.434e+07   0
20.5   0.04885   -0.4301   0.2043   0   -1.205e+08   2.208e+07   0
20.6   0.04476   -0.4419   0.2064   0   -1.162e+08   1.981e+07   0
20.7   0.04084   -0.4533   0.2082   0   -1.118e+08   1.754e+07   0
20.8   0.03711   -0.4643   0.2099   0   -1.073e+08   1.527e+07   0
20.9   0.03357   -0.4748   0.2113   0   -1.028e+08   1.302e+07   0
21   0.03025   -0.4848   0.2125   0   -9.823e+07   1.08e+07   0
21.1   0.02714   -0.4944   0.2134   0   -9.361e+07   8.608e+06   0
21.2   0.02425   -0.5035   0.2142   0   -8.899e+07   6.457e+06   0
21.3   0.02159   -0.5122   0.2147   0   -8.438e+07   4.355e+06   0
21.4   0.01915   -0.5204   0.2151   0   -7.981e+07   2.311e+06   0
21.5   0.01692   -0.5282   0.2152   0   -7.53e+07   3.31e+05   0
21.6   0.01491   -0.5355   0.2151   0   -7.087e+07   -1.577e+06   0
21.7   0.01311   -0.5423   0.2149   0   -6.654e+07   -3.406e+06   0
21.8   0.0115   -0.5488   0.2145   0   -6.234e+07   -5.151e+06   0
21.9   0.01008   -0.5548   0.2139   0   -5.828e+07   -6.805e+06   0
22   0.008834   -0.5604   0.2131   0   -5.44e+07   -8.364e+06   0
22.1   0.007752   -0.5657   0.2122   0   -5.069e+07   -9.824e+06   0
22.2   0.00682   -0.5706   0.2111   0   -4.719e+07   -1.118e+07   0
22.3   0.006026   -0.5751   0.21   0   -4.391e+07   -1.243e+07   0
22.4   0.005355   -0.5794   0.2086   0   -4.087e+07   -1.357e+07   0
22.5   0.004794   -0.5833   0.2072   0   -3.808e+07   -1.46e+07   0
22.6   0.004332   -0.587   0.2057   0   -3.555e+07   -1.552e+07   0
22.7   0.003955   -0.5904   0.2041   0   -3.33e+07   -1.632e+07   0
22.8   0.003653   -0.5936   0.2025   0   -3.133e+07   -1.701e+07   0
22.9   0.003415   -0.5967   0.2007   0   -2.967e+07   -1.759e+07   0
23   0.003234   -0.5996   0.199   0   -2.83e+07   -1.806e+07   0
23.1   0.003101   -0.6024   0.1971   0   -2.724e+07   -1.841e+07   0
23.2   0.003012   -0.605   0.1953   0   -2.65e+07   -1.866e+07   0
23.3   0.002962   -0.6077   0.1934   0   -2.607e+07   -1.88e+07   0
23.4   0.002949   -0.6103   0.1915   0   -2.595e+07   -1.884e+07   0
23.5   0.002973   -0.6129   0.1896   0   -2.616e+07   -1.877e+07   0
23.6   0.003034   -0.6155   0.1878   0   -2.668e+07   -1.861e+07   0
23.7   0.003137   -0.6182   0.1859   0   -2.75e+07   -1.835e+07   0
23.8   0.003284   -0.621   0.1841   0   -2.864e+07   -1.801e+07   0
23.9   0.003483   -0.624   0.1823   0   -3.007e+07   -1.758e+07   0
24   0.00374   -0.627   0.1806   0   -3.178e+07   -1.707e+07   0
24.1   0.004063   -0.6303   0.1789   0   -3.377e+07   -1.648e+07   0
24.2   0.004459   -0.6338   0.1773   0   -3.603e+07   -1.582e+07   0
24.3   0.004939   -0.6375   0.1758   0   -3.853e+07   -1.511e+07   0
24.4   0.005511   -0.6415   0.1743   0   -4.126e+07   -1.433e+07   0
24.5   0.006183   -0.6458   0.1729   0   -4.42e+07   -1.35e+07   0
24.6   0.006962   -0.6504   0.1716   0   -4.733e+07   -1.263e+07   0
24.7   0.007857   -0.6553   0.1704   0   -5.063e+07   -1.173e+07   0
24.8   0.008871   -0.6605   0.1692   0   -5.408e+07   -1.079e+07   0
24.9   0.01001   -0.6661   0.1682   0   -5.765e+07   -9.826e+06   0
25   0.01127   -0.6721   0.1673   0   -6.132e+07   -8.848e+06   0
25.1   0.01266   -0.6784   0.1664   0   -6.506e+07   -7.86e+06   0
25.2   0.01418   -0.6851   0.1657   0   -6.885e+07   -6.868e+06   0
25.3   0.01581   -0.6921   0.1651   0   -7.267e+07   -5.879e+06   0
25.4   0.01756   -0.6996   0.1645   0   -7.648e+07   -4.899e+06   0
25.5   0.01942   -0.7074   0.1641   0   -8.028e+07   -3.932e+06   0
25.6   0.02137   -0.7157   0.1637   0   -8.403e+07   -2.986e+06   0
25.7   0.0234   -0.7243   0.1635   0   -8.772e+07   -2.063e+06   0
25.8   0.02551   -0.7332   0.1633   0   -9.133e+07   -1.168e+06   0
25.9   0.02596   -0.7424   0.1632   0   -9.208e+07   -9.841e+05   0
26   0.02596   -0.7516   0.1631   0   -9.208e+07   -9.841e+05   0
26.1   0.02596   -0.7608   0.163   0   -9.208e+07   -9.841e+05   0
26.2   0.02596   -0.77   0.1629   0   -9.208e+07   -9.841e+05   0
26.3   0.02596   -0.7792   0.1628   0   -9.208e+07   -9.841e+05   0
26.4   0.02596   -0.7884   0.1627   0   -9.208e+07   -9.841e+05   0
26.5   0.02596   -0.7977   0.1626   0   -9.208e+07   -9.841e+05   0
26.6   0.02596   -0.8069   0.1625   0   -9.208e+07   -9.841e+05   0
26.7   0.02596   -0.8161   0.1624   0   -9.208e+07   -9.841e+05   0
26.8   0.02596   -0.8253   0.1623   0   -9.208e+07   -9.841e+05   0
26.9   0.02596   -0.8345   0.1622   0   -9.208e+07   -9.841e+05   0
27   0.02596   -0.8437   0.1621   0   -9.208e+07   -9.841e+05   0
27.1   0.02596   -0.8529   0.162   0   -9.208e+07   -9.841e+05   0
27.2   0.02596   -0.8621   0.1619   0   -9.208e+07   -9.841e+05   0
27.3   0.02596   -0.8713   0.1619   0   -9.208e+07   -9.841e+05   0
27.4   0.02596   -0.8805   0.1618   0   -9.208e+07   -9.841e+05   0
27.5   0.02596   -0.8897   0.1617   0   -9.208e+07   -9.841e+05   0
27.6   0.02596   -0.8989   0.1616   0   -9.208e+07   -9.841e+05   0
27.7   0.02596   -0.9081   0.1615   0   -9.208e+07   -9.841e+05   0
27.8   0.02596   -0.9174   0.1614   0   -9.208e+07   -9.841e+05   0
27.9   0.02596   -0.9266   0.1613   0   -9.208e+07   -9.841e+05   0
28   0.02596   -0.9358   0.1612   0   -9.208e+07   -9.841e+05   0
28.1   0.02596   -0.945   0.1611   0   -9.208e+07   -9.841e+05   0
28.2   0.02596   -0.9542   0.161   0   -9.208e+07   -9.841e+05   0
28.3   0.02596   -0.9634   0.1609   0   -9.208e+07   -9.841e+05   0
28.4   0.02596   -0.9726   0.1608   0   -9.208e+07   -9.841e+05   0
28.5   0.02596   -0.9818   0.1607   0   -9.208e+07   -9.841e+05   0
28.6   0.02596   -0.991   0.1606   0   -9.208e+07   -9.841e+05   0
28.7   0.02596   -1   0.1605   0   -9.208e+07   -9.841e+05   0
28.8   0.02596   -1.009   0.1604   0   -9.208e+07   -9.841e+05   0
28.9   0.02596   -1.019   0.1603   0   -9.208e+07   -9.841e+05   0
29   0.02596   -1.028   0.1602   0   -9.208e+07   -9.841e+05   0
29.1   0.02596   -1.037   0.1601   0   -9.208e+07   -9.841e+05   0
29.2   0.02596   -1.046   0.16   0   -9.208e+07   -9.841e+05   0
29.3   0.02596   -1.055   0.1599   0   -9.208e+07   -9.841e+05   0
29.4   0.02596   -1.065   0.1598   0   -9.208e+07   -9.841e+05   0
29.5   0.02596   -1.074   0.1597   0   -9.208e+07   -9.841e+05   0
29.6   0.02596   -1.083   0.1596   0   -9.208e+07   -9.841e+05   0
29.7   0.02596   -1.092   0.1595   0   -9.208e+07   -9.841e+05   0
29.8   0.02596   -1.102   0.1594   0   -9.208e+07   -9.841e+05   0
29.9   0.02596   -1.111   0.1593   0   -9.208e+07   -9.841e+05   0
30   0.02596   -1.12   0.1592   0   -9.208e+07   -9.841e+05   0
30.1   0.02596   -1.129   0.1591   0   -9.208e+07   -9.841e+05   0
30.2   0.02596   -1.138   0.159   0   -9.208e+07   -9.841e+05   0
30.3   0.02603   -1.147   0.1599   0   -8.603e+07   3.316e+07   0
30.4   0.02615   -1.154   0.1657   0   -4.831e+07   7.875e+07   0
30.5   0.02627   -1.156   0.1746   0   9.445e+06   9.211e+07   0
30.6   0.02639   -1.153   0.1829   0   6.355e+07   6.761e+07   0
30.7   0.02651   -1.144   0.1871   0   9.174e+07   1.519e+07   0
30.8   0.02663   -1.135   0.1856   0   8.231e+07   -4.368e+07   0
30.9   0.02664   -1.127   0.181   0   8.085e+07   -4.635e+07   0
31   0.02664   -1.119   0.1764   0   8.085e+07   -4.635e+07   0
31.1   0.02664   -1.111   0.1717   0   8.085e+07   -4.635e+07   0
31.2   0.02664   -1.103   0.1671   0   8.085e+07   -4.635e+07   0
31.3   0.02664   -1.095   0.1625   0   8.085e+07   -4.635e+07   0
31.4   0.02664   -1.087   0.1578   0   8.085e+07   -4.635e+07   0
31.5   0.02664   -1.079   0.1532   0   8.085e+07   -4.635e+07   0
31.6   0.02664   -1.071   0.1486   0   8.085e+07   -4.635e+07   0
31.7   0.02664   -1.063   0.1439   0   8.085e+07   -4.635e+07   0
31.8   0.02664   -1.055   0.1393   0   8.085e+07   -4.635e+07   0
31.9   0.02664   -1.047   0.1347   0   8.085e+07   -4.635e+07   0
32   0.02664   -1.038   0.13   0   8.085e+07   -4.635e+07   0
32.1   0.02664   -1.03   0.1254   0   8.085e+07   -4.635e+07   0
32.2   0.02664   -1.022   0.1208   0   8.085e+07   -4.635e+07   0
32.3   0.02664   -1.014   0.1161   0   8.085e+07   -4.635e+07   0
32.4   0.02664   -1.006   0.1115   0   8.085e+07   -4.635e+07   0
32.5   0.02664   -0.998   0.1069   0   8.085e+07   -4.635e+07   0
32.6   0.02664   -0.9899   0.1022   0   8.085e+07   -4.635e+07   0
32.7   0.02664   -0.9819   0.09759   0   8.085e+07   -4.635e+07   0
32.8   0.02664   -0.9738   0.09295   0   8.085e+07   -4.635e+07   0
32.9   0.02664   -0.9657   0.08832   0   8.085e+07   -4.635e+07   0
33   0.02664   -0.9576   0.08368   0   8.085e+07   -4.635e+07   0
33.1   0.02664   -0.9495   0.07905   0   8.085e+07   -4.635e+07   0
33.2   0.02664   -0.9414   0.07441   0   8.085e+07   -4.635e+07   0
33.3   0.02664   -0.9333   0.06978   0   8.085e+07   -4.635e+07   0
33.4   0.02664   -0.9253   0.06514   0   8.085e+07   -4.635e+07   0
33.5   0.02664   -0.9172   0.06051   0   8.085e+07   -4.635e+07   0
33.6   0.02664   -0.9091   0.05587   0   8.085e+07   -4.635e+07   0
33.7   0.02664   -0.901   0.05124   0   8.085e+07   -4.635e+07   0
33.8   0.02664   -0.8929   0.0466   0   8.085e+07   -4.635e+07   0
33.9   0.02664   -0.8848   0.04197   0   8.085e+07   -4.635e+07   0
34   0.02664   -0.8768   0.03734   0   8.085e+07   -4.635e+07   0
34.1   0.02664   -0.8687   0.0327   0   8.085e+07   -4.635e+07   0
34.2   0.02664   -0.8606   0.02807   0   8.085e+07   -4.635e+07   0
34.3   0.02664   -0.8525   0.02343   0   8.085e+07   -4.635e+07   0
34.4   0.02664   -0.8444   0.0188   0   8.085e+07   -4.635e+07   0
34.5   0.02664   -0.8363   0.01416   0   8.085e+07   -4.635e+07   0
34.6   0.02664   -0.8282   0.009527   0   8.085e+07   -4.635e+07   0
34.7   0.02664   -0.8202   0.004892   0   8.085e+07   -4.635e+07   0
34.8   0.02664   -0.8121   0.0002575   0   8.085e+07   -4.635e+07   0
34.9   0.02664   -0.804   -0.004377   0   8.085e+07   -4.635e+07   0
35   0.02664   -0.7959   -0.009012   0   8.085e+07   -4.635e+07   0
35.1   0.02664   -0.7878   -0.01365   0   8.085e+07   -4.635e+07   0
35.2   0.02664   -0.7797   -0.01828   0   8.085e+07   -4.635e+07   0
35.3   0.02664   -0.7716   -0.02292   0   8.085e+07   -4.635e+07   0
35.4   0.02664   -0.7636   -0.02755   0   8.085e+07   -4.635e+07   0
35.5   0.02664   -0.7555   -0.03219   0   8.085e+07   -4.635e+07   0
35.6   0.02561   -0.7475   -0.03683   0   7.879e+07   -4.654e+07   0
35.7   0.02397   -0.7397   -0.0415   0   7.534e+07   -4.688e+07   0
35.8   0.02245   -0.7324   -0.0462   0   7.193e+07   -4.723e+07   0
35.9   0.02105   -0.7254   -0.05094   0   6.86e+07   -4.759e+07   0
36   0.01977   -0.7187   -0.05572   0   6.537e+07   -4.795e+07   0
36.1   0.01862   -0.7123   -0.06053   0   6.225e+07   -4.832e+07   0
36.2   0.0176   -0.7062   -0.06538   0   5.928e+07   -4.869e+07   0
36.3   0.01669   -0.7004   -0.07027   0   5.647e+07   -4.905e+07   0
36.4   0.0159   -0.6949   -0.07519   0   5.385e+07   -4.941e+07   0
36.5   0.01521   -0.6897   -0.08015   0   5.144e+07   -4.975e+07   0
36.6   0.01463   -0.6846   -0.08514   0   4.924e+07   -5.008e+07   0
36.7   0.01414   -0.6798   -0.09017   0   4.729e+07   -5.038e+07   0
36.8   0.01374   -0.6752   -0.09522   0   4.559e+07   -5.066e+07   0
36.9   0.01342   -0.6707   -0.1003   0   4.415e+07   -5.09e+07   0
37   0.01317   -0.6663   -0.1054   0   4.3e+07   -5.11e+07   0
37.1   0.013   -0.6621   -0.1105   0   4.213e+07   -5.126e+07   0
37.2   0.01288   -0.6579   -0.1156   0   4.156e+07   -5.137e+07   0
37.3   0.01283   -0.6537   -0.1208   0   4.129e+07   -5.143e+07   0
37.4   0.01284   -0.6496   -0.1259   0   4.132e+07   -5.142e+07   0
37.5   0.0129   -0.6455   -0.1311   0   4.166e+07   -5.135e+07   0
37.6   0.01302   -0.6413   -0.1362   0   4.231e+07   -5.12e+07   0
37.7   0.0132   -0.637   -0.1413   0   4.326e+07   -5.097e+07   0
37.8   0.01344   -0.6326   -0.1464   0   4.451e+07   -5.066e+07   0
37.9   0.01375   -0.6281   -0.1514   0   4.606e+07   -5.026e+07   0
38   0.01412   -0.6234   -0.1564   0   4.789e+07   -4.976e+07   0
38.1   0.01458   -0.6185   -0.1614   0   5.001e+07   -4.917e+07   0
38.2   0.01513   -0.6134   -0.1663   0   5.239e+07   -4.847e+07   0
38.3   0.01577   -0.608   -0.1711   0   5.504e+07   -4.766e+07   0
38.4   0.01652   -0.6024   -0.1758   0   5.792e+07   -4.674e+07   0
38.5   0.01738   -0.5964   -0.1804   0   6.104e+07   -4.571e+07   0
38.6   0.01837   -0.5901   -0.1849   0   6.438e+07   -4.456e+07   0
38.7   0.0195   -0.5835   -0.1893   0   6.79e+07   -4.33e+07   0
38.8   0.02078   -0.5766   -0.1936   0   7.161e+07   -4.192e+07   0
38.9   0.02221   -0.5692   -0.1977   0   7.548e+07   -4.042e+07   0
39   0.02381   -0.5614   -0.2017   0   7.948e+07   -3.881e+07   0
39.1   0.02558   -0.5533   -0.2055   0   8.36e+07   -3.708e+07   0
39.2   0.02753   -0.5447   -0.2091   0   8.782e+07   -3.524e+07   0
39.3   0.02967   -0.5357   -0.2125   0   9.211e+07   -3.329e+07   0
39.4   0.03199   -0.5263   -0.2157   0   9.645e+07   -3.124e+07   0
39.5   0.03451   -0.5164   -0.2187   0   1.008e+08   -2.909e+07   0
39.6   0.03721   -0.5061   -0.2215   0   1.052e+08   -2.685e+07   0
39.7   0.0401   -0.4954   -0.2241   0   1.096e+08   -2.452e+07   0
39.8   0.04317   -0.4842   -0.2264   0   1.139e+08   -2.212e+07   0
39.9   0.04641   -0.4726   -0.2285   0   1.181e+08   -1.965e+07   0
40   0.04981   -0.4606   -0.2304   0   1.223e+08   -1.712e+07   0
40.1   0.05336   -0.4481   -0.2319   0   1.264e+08   -1.453e+07   0
40.2   0.05705   -0.4353   -0.2333   0   1.304e+08   -1.192e+07   0
40.3   0.06084   -0.4221   -0.2343   0   1.342e+08   -9.267e+06   0
40.4   0.06472   -0.4084   -0.2351   0   1.379e+08   -6.602e+06   0
40.5   0.06867   -0.3945   -0.2356   0   1.415e+08   -3.932e+06   0
40.6   0.07265   -0.3802   -0.2359   0   1.448e+08   -1.269e+06   0
40.7   0.07664   -0.3655   -0.2359   0   1.48e+08   1.373e+06   0
40.8   0.0806   -0.3506   -0.2356   0   1.51e+08   3.979e+06   0
40.9   0.08448   -0.3353   -0.2351   0   1.538e+08   6.535e+06   0
41   0.08827   -0.3198   -0.2343   0   1.563e+08   9.024e+06   0
41.1   0.0919   -0.304   -0.2333   0   1.587e+08   1.143e+07   0
41.2   0.09534   -0.2881   -0.232   0   1.608e+08   1.372e+07   0
41.3   0.09854   -0.2719   -0.2306   0   1.627e+08   1.589e+07   0
41.4   0.1014   -0.2555   -0.2289   0   1.643e+08   1.79e+07   0
41.5   0.104   -0.239   -0.227   0   1.657e+08   1.972e+07   0
41.6   0.1062   -0.2224   -0.2249   0   1.668e+08   2.132e+07   0
41.7   0.1079   -0.2057   -0.2227   0   1.676e+08   2.265e+07   0
41.8   0.1092   -0.1889   -0.2204   0   1.682e+08   2.366e+07   0
41.9   0.11   -0.1721   -0.218   0   1.686e+08   2.43e+07   0
42   0.1102   -0.1552   -0.2156   0   1.687e+08   2.45e+07   0
42.1   0.1099   -0.1383   -0.2131   0   1.685e+08   2.417e+07   0
42.2   0.109   -0.1215   -0.2107   0   1.682e+08   2.323e+07   0
42.3   0.1077   -0.1047   -0.2085   0   1.676e+08   2.159e+07   0
42.4   0.106   -0.08797   -0.2065   0   1.669e+08   1.913e+07   0
42.5   0.1041   -0.07132   -0.2047   0   1.661e+08   1.578e+07   0
42.6   0.1022   -0.05475   -0.2033   0   1.653e+08   1.145e+07   0
42.7   0.1005   -0.03826   -0.2024   0   1.645e+08   6.12e+06   0
42.8   0.09931   -0.02183   -0.2021   0   1.639e+08   -1.854e+05   0
42.9   0.09895   -0.005465   -0.2025   0   1.635e+08   -7.37e+06   0
43   0.09968   0.01088   -0.2037   0   1.634e+08   -1.526e+07   0
43.1   0.1017   0.02723   -0.2056   0   1.637e+08   -2.364e+07   0
43.2   0.105   0.04363   -0.2084   0   1.643e+08   -3.224e+07   0
43.3   0.1097   0.06011   -0.2121   0   1.652e+08   -4.082e+07   0
43.4   0.1157   0.07669   -0.2166   0   1.664e+08   -4.916e+07   0
43.5   0.1227   0.0934   -0.2219   0   1.679e+08   -5.709e+07   0
43.6   0.1307   0.1103   -0.228   0   1.695e+08   -6.45e+07   0
43.7   0.1393   0.1273   -0.2348   0   1.712e+08   -7.134e+07   0
43.8   0.1485   0.1445   -0.2422   0   1.729e+08   -7.759e+07   0
43.9   0.158   0.1619   -0.2503   0   1.747e+08   -8.325e+07   0
44   0.1676   0.1794   -0.2589   0   1.764e+08   -8.836e+07   0
44.1   0.1774   0.1972   -0.2679   0   1.781e+08   -9.295e+07   0
44.2   0.187   0.215   -0.2774   0   1.797e+08   -9.707e+07   0
44.3   0.1965   0.2331   -0.2873   0   1.812e+08   -1.007e+08   0
44.4   0.2058   0.2513   -0.2976   0   1.827e+08   -1.04e+08   0
44.5   0.2148   0.2696   -0.3081   0   1.841e+08   -1.07e+08   0
44.6   0.2235   0.2881   -0.319   0   1.853e+08   -1.096e+08   0
44.7   0.2318   0.3067   -0.3301   0   1.865e+08   -1.12e+08   0
44.8   0.2397   0.3254   -0.3414   0   1.877e+08   -1.141e+08   0
44.9   0.2471   0.3442   -0.3529   0   1.887e+08   -1.159e+08   0
45   0.2542   0.3631   -0.3645   0   1.897e+08   -1.176e+08   0
