0   0.04   -0.753   0   0   1.121e+08   0   0
0.1   0.04   -0.753   0   0   1.121e+08   0   0
0.2   0.04   -0.753   0   0   1.121e+08   0   0
0.3   0.04   -0.753   0   0   1.121e+08   0   0
0.4   0.04   -0.753   0   0   1.121e+08   0   0
0.5   0.04   -0.753   0   0   1.121e+08   0   0
0.6   0.04   -0.753   0   0   1.121e+08   0   0
0.7   0.04   -0.753   0   0   1.121e+08   0   0
0.8   0.04   -0.753   0   0   1.121e+08   0   0
0.9   0.04   -0.753   0   0   1.121e+08   0   0
1   0.04   -0.753   0   0   1.121e+08   0   0
1.1   0.04   -0.753   0   0   1.121e+08   0   0
1.2   0.04   -0.753   0   0   1.121e+08   0   0
1.3   0.04   -0.753   0   0   1.121e+08   0   0
1.4   0.04   -0.753   0   0   1.121e+08   0   0
1.5   0.04   -0.753   0   0   1.121e+08   0   0
1.6   0.04   -0.753   0   0   1.121e+08   0   0
1.7   0.04   -0.753   0   0   1.121e+08   0   0
1.8   0.04051   -0.7505   0   0   1.128e+08   0   0
1.9   0.04306   -0.7391   0   0   1.159e+08   0   0
2   0.04578   -0.7273   0   0   1.191e+08   0   0
2.1   0.04869   -0.7152   0   0   1.223e+08   0   0
2.2   0.05179   -0.7028   0   0   1.256e+08   0   0
2.3   0.05506   -0.6901   0   0   1.29e+08   0   0
2.4   0.0585   -0.677   0   0   1.323e+08   0   0
2.5   0.06211   -0.6636   0   0   1.357e+08   0   0
2.6   0.06589   -0.6499   0   0   1.391e+08   0   0
2.7   0.06981   -0.6358   0   0   1.425e+08   0   0
2.8   0.07387   -0.6214   0   0   1.458e+08   0   0
2.9   0.07806   -0.6066   0   0   1.491e+08   0   0
3   0.08236   -0.5916   0   0   1.524e+08   0   0
3.1   0.08674   -0.5762   0   0   1.555e+08   0   0
3.2   0.09119   -0.5605   0   0   1.586e+08   0   0
3.3   0.09569   -0.5444   0   0   1.616e+08   0   0
3.4   0.1002   -0.5281   0   0   1.645e+08   0   0
3.5   0.1047   -0.5115   0   0   1.673e+08   0   0
3.6   0.1092   -0.4947   0   0   1.699e+08   0   0
3.7   0.1136   -0.4776   0   0   1.724e+08   0   0
3.8   0.1179   -0.4602   0   0   1.747e+08   0   0
3.9   0.122   -0.4426   0   0   1.769e+08   0   0
4   0.126   -0.4248   0   0   1.79e+08   0   0
4.1   0.1297   -0.4068   0   0   1.808e+08   0   0
4.2   0.1331   -0.3887   0   0   1.825e+08   0   0
4.3   0.1361   -0.3703   0   0   1.839e+08   0   0
4.4   0.1388   -0.3519   0   0   1.852e+08   0   0
4.5   0.141   -0.3333   0   0   1.862e+08   0   0
4.6   0.1426   -0.3147   0   0   1.869e+08   0   0
4.7   0.1435   -0.2959   0   0   1.873e+08   0   0
4.8   0.1438   -0.2772   0   0   1.874e+08   0   0
4.9   0.1432   -0.2585   0   0   1.872e+08   0   0
5   0.1416   -0.2398   0   0   1.865e+08   0   0
5.1   0.139   -0.2212   0   0   1.853e+08   0   0
5.2   0.1351   -0.2027   0   0   1.835e+08   0   0
5.3   0.131   -0.1845   0   0   1.815e+08   0   0
5.4   0.131   -0.1664   0   0   1.815e+08   0   0
5.5   0.131   -0.1482   0   0   1.815e+08   0   0
5.6   0.131   -0.1301   0   0   1.815e+08   0   0
5.7   0.131   -0.1119   0   0   1.815e+08   0   0
5.8   0.131   -0.09378   0   0   1.815e+08   0   0
5.9   0.131   -0.07563   0   0   1.815e+08   0   0
6   0.131   -0.05748   0   0   1.815e+08   0   0
6.1   0.131   -0.03933   0   0   1.815e+08   0   0
6.2   0.131   -0.02119   0   0   1.815e+08   0   0
6.3   0.131   -0.003039   0   0   1.815e+08   0   0
6.4   0.131   0.01511   0   0   1.815e+08   0   0
6.5   0.131   0.03326   0   0   1.815e+08   0   0
6.6   0.131   0.0514   0   0   1.815e+08   0   0
6.7   0.131   0.06955   0   0   1.815e+08   0   0
6.8   0.131   0.0877   0   0   1.815e+08   0   0
6.9   0.131   0.1058   0   0   1.815e+08   0   0
7   0.131   0.124   0   0   1.815e+08   0   0
7.1   0.131   0.1421   0   0   1.815e+08   0   0
7.2   0.131   0.1603   0   0   1.815e+08   0   0
7.3   0.131   0.1784   0   0   1.815e+08   0   0
7.4   0.1386   0.1967   0   0   1.851e+08   0   0
7.5   0.1547   0.2155   0   0   1.922e+08   0   0
7.6   0.1697   0.2351   0   0   1.981e+08   0   0
7.7   0.1835   0.2551   0   0   2.03e+08   0   0
7.8   0.1962   0.2757   0   0   2.073e+08   0   0
7.9   0.2078   0.2966   0   0   2.108e+08   0   0
8   0.2183   0.3178   0   0   2.139e+08   0   0
8.1   0.2279   0.3393   0   0   2.165e+08   0   0
8.2   0.2364   0.3611   0   0   2.188e+08   0   0
8.3   0.2441   0.3831   0   0   2.207e+08   0   0
8.4   0.2509   0.4052   0   0   2.224e+08   0   0
8.5   0.2568   0.4275   0   0   2.238e+08   0   0
8.6   0.262   0.45   0   0   2.249e+08   0   0
8.7   0.2665   0.4725   0   0   2.259e+08   0   0
8.8   0.2702   0.4952   0   0   2.268e+08   0   0
8.9   0.2733   0.5179   0   0   2.274e+08   0   0
9   0.2758   0.5407   0   0   2.28e+08   0   0
9.1   0.2777   0.5635   0   0   2.284e+08   0   0
9.2   0.2791   0.5863   0   0   2.287e+08   0   0
9.3   0.2799   0.6092   0   0   2.288e+08   0   0
9.4   0.2803   0.6321   0   0   2.289e+08   0   0
9.5   0.2802   0.655   0   0   2.289e+08   0   0
9.6   0.2797   0.6779   0   0   2.288e+08   0   0
9.7   0.2789   0.7007   0   0   2.286e+08   0   0
9.8   0.2776   0.7236   0   0   2.283e+08   0   0
9.9   0.2761   0.7464   0   0   2.28e+08   0   0
10   0.2756   0.7692   0   0   2.279e+08   0   0
10.1   0.2756   0.792   0   0   2.279e+08   0   0
10.2   0.2756   0.8148   0   0   2.279e+08   0   0
10.3   0.2756   0.8376   0   0   2.279e+08   0   0
10.4   0.2756   0.8604   0   0   2.279e+08   0   0
10.5   0.2756   0.8831   0   0   2.279e+08   0   0
10.6   0.2756   0.9059   0   0   2.279e+08   0   0
10.7   0.2756   0.9287   0   0   2.279e+08   0   0
10.8   0.2756   0.9515   0   0   2.279e+08   0   0
10.9   0.2756   0.9743   0   0   2.279e+08   0   0
11   0.2756   0.9971   0   0   2.279e+08   0   0
11.1   0.2756   1.02   0   0   2.279e+08   0   0
11.2   0.2756   1.043   0   0   2.279e+08   0   0
11.3   0.2756   1.065   0   0   2.279e+08   0   0
11.4   0.2756   1.088   0   0   2.279e+08   0   0
11.5   0.2757   1.111   -0.0001055   0   2.276e+08   -1.241e+07   0
11.6   0.2763   1.133   -0.005198   0   2.105e+08   -8.771e+07   0
11.7   0.2769   1.152   -0.01738   0   1.693e+08   -1.53e+08   0
11.8   0.2775   1.166   -0.03527   0   1.087e+08   -2.008e+08   0
11.9   0.2782   1.174   -0.05681   0   3.568e+07   -2.257e+08   0
12   0.2788   1.173   -0.07955   0   -4.146e+07   -2.248e+08   0
12.1   0.2794   1.165   -0.1009   0   -1.139e+08   -1.983e+08   0
12.2   0.2801   1.151   -0.1184   0   -1.734e+08   -1.493e+08   0
12.3   0.2807   1.131   -0.1301   0   -2.133e+08   -8.332e+07   0
12.4   0.2813   1.109   -0.1347   0   -2.29e+08   -7.854e+06   0
12.5   0.2817   1.086   -0.1322   0   -2.259e+08   3.843e+07   0
12.6   0.2817   1.064   -0.1284   0   -2.259e+08   3.843e+07   0
12.7   0.2817   1.041   -0.1245   0   -2.259e+08   3.843e+07   0
12.8   0.2817   1.018   -0.1207   0   -2.259e+08   3.843e+07   0
12.9   0.2817   0.9958   -0.1168   0   -2.259e+08   3.843e+07   0
13   0.2817   0.9732   -0.113   0   -2.259e+08   3.843e+07   0
13.1   0.2817   0.9507   -0.1092   0   -2.259e+08   3.843e+07   0
13.2   0.2817   0.9281   -0.1053   0   -2.259e+08   3.843e+07   0
13.3   0.2817   0.9055   -0.1015   0   -2.259e+08   3.843e+07   0
13.4   0.2817   0.8829   -0.09763   0   -2.259e+08   3.843e+07   0
13.5   0.2817   0.8603   -0.09379   0   -2.259e+08   3.843e+07   0
13.6   0.2817   0.8377   -0.08995   0   -2.259e+08   3.843e+07   0
13.7   0.2817   0.8151   -0.08611   0   -2.259e+08   3.843e+07   0
13.8   0.2817   0.7925   -0.08226   0   -2.259e+08   3.843e+07   0
13.9   0.2817   0.7699   -0.07842   0   -2.259e+08   3.843e+07   0
14   0.2817   0.7473   -0.07458   0   -2.26e+08   3.843e+07   0
14.1   0.2819   0.7247   -0.07074   0   -2.26e+08   3.843e+07   0
14.2   0.2816   0.7021   -0.06689   0   -2.259e+08   3.843e+07   0
14.3   0.2809   0.6795   -0.06305   0   -2.258e+08   3.843e+07   0
14.4   0.2798   0.657   -0.05921   0   -2.256e+08   3.843e+07   0
14.5   0.2783   0.6344   -0.05536   0   -2.252e+08   3.844e+07   0
14.6   0.2762   0.6119   -0.05152   0   -2.248e+08   3.845e+07   0
14.7   0.2737   0.5895   -0.04767   0   -2.242e+08   3.847e+07   0
14.8   0.2706   0.5671   -0.04383   0   -2.236e+08   3.85e+07   0
14.9   0.267   0.5448   -0.03997   0   -2.228e+08   3.854e+07   0
15   0.2628   0.5225   -0.03612   0   -2.218e+08   3.859e+07   0
15.1   0.258   0.5004   -0.03226   0   -2.207e+08   3.867e+07   0
15.2   0.2526   0.4784   -0.02838   0   -2.194e+08   3.876e+07   0
15.3   0.2466   0.4565   -0.0245   0   -2.179e+08   3.889e+07   0
15.4   0.2399   0.4348   -0.02061   0   -2.162e+08   3.905e+07   0
15.5   0.2326   0.4133   -0.01669   0   -2.142e+08   3.926e+07   0
15.6   0.2245   0.392   -0.01275   0   -2.12e+08   3.952e+07   0
15.7   0.2158   0.3709   -0.008784   0   -2.094e+08   3.985e+07   0
15.8   0.2063   0.3501   -0.004779   0   -2.065e+08   4.027e+07   0
15.9   0.1962   0.3296   -0.0007265   0   -2.032e+08   4.079e+07   0
16   0.1854   0.3095   0.003385   0   -1.994e+08   4.146e+07   0
16.1   0.1739   0.2898   0.007572   0   -1.951e+08   4.23e+07   0
16.2   0.1618   0.2705   0.01185   0   -1.901e+08   4.335e+07   0
16.3   0.1491   0.2518   0.01625   0   -1.844e+08   4.469e+07   0
16.4   0.1359   0.2337   0.0208   0   -1.779e+08   4.638e+07   0
16.5   0.1225   0.2162   0.02555   0   -1.704e+08   4.853e+07   0
16.6   0.1089   0.1996   0.03053   0   -1.618e+08   5.125e+07   0
16.7   0.09639   0.1839   0.03582   0   -1.526e+08   5.447e+07   0
16.8   0.09639   0.1687   0.04127   0   -1.526e+08   5.447e+07   0
16.9   0.09639   0.1534   0.04672   0   -1.526e+08   5.447e+07   0
17   0.09639   0.1381   0.05216   0   -1.526e+08   5.447e+07   0
17.1   0.09639   0.1229   0.05761   0   -1.526e+08   5.447e+07   0
17.2   0.09639   0.1076   0.06306   0   -1.526e+08   5.447e+07   0
17.3   0.09639   0.09236   0.0685   0   -1.526e+08   5.447e+07   0
17.4   0.09639   0.0771   0.07395   0   -1.526e+08   5.447e+07   0
17.5   0.09639   0.06183   0.0794   0   -1.526e+08   5.447e+07   0
17.6   0.09639   0.04657   0.08484   0   -1.526e+08   5.447e+07   0
17.7   0.09639   0.03131   0.09029   0   -1.526e+08   5.447e+07   0
17.8   0.09639   0.01605   0.09574   0   -1.526e+08   5.447e+07   0
17.9   0.09639   0.0007826   0.1012   0   -1.526e+08   5.447e+07   0
18   0.09639   -0.01448   0.1066   0   -1.526e+08   5.447e+07   0
18.1   0.09639   -0.02974   0.1121   0   -1.526e+08   5.447e+07   0
18.2   0.09639   -0.04501   0.1175   0   -1.526e+08   5.447e+07   0
18.3   0.09639   -0.06027   0.123   0   -1.526e+08   5.447e+07   0
18.4   0.09639   -0.07553   0.1284   0   -1.526e+08   5.447e+07   0
18.5   0.09639   -0.09079   0.1339   0   -1.526e+08   5.447e+07   0
18.6   0.09639   -0.1061   0.1393   0   -1.526e+08   5.447e+07   0
18.7   0.0964   -0.1213   0.1448   0   -1.526e+08   5.448e+07   0
18.8   0.09627   -0.1366   0.1502   0   -1.526e+08   5.439e+07   0
18.9   0.0953   -0.1518   0.1556   0   -1.521e+08   5.375e+07   0
19   0.09361   -0.167   0.1609   0   -1.513e+08   5.269e+07   0
19.1   0.09129   -0.1821   0.1661   0   -1.502e+08   5.126e+07   0
19.2   0.08843   -0.197   0.1712   0   -1.487e+08   4.954e+07   0
19.3   0.08512   -0.2118   0.176   0   -1.469e+08   4.757e+07   0
19.4   0.08144   -0.2264   0.1807   0   -1.447e+08   4.539e+07   0
19.5   0.07747   -0.2407   0.1851   0   -1.423e+08   4.304e+07   0
19.6   0.07328   -0.2548   0.1893   0   -1.396e+08   4.052e+07   0
19.7   0.06893   -0.2686   0.1932   0   -1.366e+08   3.787e+07   0
19.8   0.06448   -0.2821   0.1969   0   -1.333e+08   3.51e+07   0
19.9   0.05998   -0.2953   0.2002   0   -1.298e+08   3.223e+07   0
20   0.05548   -0.3081   0.2033   0   -1.26e+08   2.927e+07   0
20.1   0.05103   -0.3205   0.2061   0   -1.22e+08   2.624e+07   0
20.2   0.04666   -0.3325   0.2085   0   -1.178e+08   2.315e+07   0
20.3   0.04241   -0.344   0.2107   0   -1.133e+08   2.001e+07   0
20.4   0.03831   -0.3551   0.2125   0   -1.087e+08   1.684e+07   0
20.5   0.03439   -0.3658   0.2141   0   -1.039e+08   1.364e+07   0
20.6   0.03067   -0.3759   0.2153   0   -9.889e+07   1.044e+07   0
20.7   0.02717   -0.3855   0.2161   0   -9.377e+07   7.234e+06   0
20.8   0.0239   -0.3947   0.2167   0   -8.852e+07   4.049e+06   0
20.9   0.02088   -0.4032   0.217   0   -8.318e+07   8.93e+05   0
21   0.01812   -0.4113   0.2169   0   -7.776e+07   -2.22e+06   0
21.1   0.01562   -0.4188   0.2165   0   -7.229e+07   -5.279e+06   0
21.2   0.01339   -0.4257   0.2158   0   -6.68e+07   -8.271e+06   0
21.3   0.01141   -0.4321   0.2149   0   -6.131e+07   -1.118e+07   0
21.4   0.009696   -0.438   0.2136   0   -5.585e+07   -1.401e+07   0
21.5   0.008228   -0.4433   0.2121   0   -5.046e+07   -1.673e+07   0
21.6   0.006999   -0.4481   0.2102   0   -4.514e+07   -1.934e+07   0
21.7   0.005996   -0.4523   0.2082   0   -3.994e+07   -2.184e+07   0
21.8   0.005204   -0.4561   0.2059   0   -3.488e+07   -2.421e+07   0
21.9   0.004606   -0.4593   0.2033   0   -2.999e+07   -2.644e+07   0
22   0.004183   -0.4621   0.2006   0   -2.528e+07   -2.854e+07   0
22.1   0.003916   -0.4644   0.1976   0   -2.078e+07   -3.049e+07   0
22.2   0.003784   -0.4662   0.1945   0   -1.652e+07   -3.23e+07   0
22.3   0.003765   -0.4677   0.1912   0   -1.252e+07   -3.396e+07   0
22.4   0.003837   -0.4687   0.1877   0   -8.792e+06   -3.546e+07   0
22.5   0.003979   -0.4694   0.1841   0   -5.359e+06   -3.681e+07   0
22.6   0.004171   -0.4698   0.1804   0   -2.237e+06   -3.801e+07   0
22.7   0.004392   -0.4699   0.1765   0   5.567e+05   -3.905e+07   0
22.8   0.004624   -0.4697   0.1725   0   3.008e+06   -3.994e+07   0
22.9   0.004849   -0.4693   0.1685   0   5.102e+06   -4.069e+07   0
23   0.005052   -0.4687   0.1644   0   6.827e+06   -4.129e+07   0
23.1   0.005222   -0.4679   0.1603   0   8.172e+06   -4.174e+07   0
23.2   0.005347   -0.4671   0.1561   0   9.126e+06   -4.205e+07   0
23.3   0.005421   -0.4661   0.1519   0   9.68e+06   -4.223e+07   0
23.4   0.005441   -0.4652   0.1476   0   9.826e+06   -4.228e+07   0
23.5   0.005406   -0.4642   0.1434   0   9.558e+06   -4.22e+07   0
23.6   0.005319   -0.4633   0.1392   0   8.872e+06   -4.199e+07   0
23.7   0.005187   -0.4624   0.135   0   7.763e+06   -4.168e+07   0
23.8   0.00502   -0.4617   0.1309   0   6.233e+06   -4.125e+07   0
23.9   0.004833   -0.4612   0.1268   0   4.282e+06   -4.072e+07   0
24   0.004642   -0.4609   0.1227   0   1.915e+06   -4.009e+07   0
24.1   0.004468   -0.4608   0.1187   0   -8.604e+05   -3.938e+07   0
24.2   0.004333   -0.4611   0.1148   0   -4.032e+06   -3.859e+07   0
24.3   0.004261   -0.4616   0.111   0   -7.586e+06   -3.772e+07   0
24.4   0.004278   -0.4626   0.1073   0   -1.15e+07   -3.679e+07   0
24.5   0.004409   -0.464   0.1037   0   -1.576e+07   -3.582e+07   0
24.6   0.00468   -0.4658   0.1001   0   -2.033e+07   -3.479e+07   0
24.7   0.005113   -0.468   0.09672   0   -2.517e+07   -3.374e+07   0
24.8   0.005732   -0.4708   0.0934   0   -3.027e+07   -3.266e+07   0
24.9   0.006553   -0.4741   0.09019   0   -3.557e+07   -3.157e+07   0
25   0.007592   -0.4779   0.08709   0   -4.103e+07   -3.048e+07   0
25.1   0.008859   -0.4823   0.0841   0   -4.662e+07   -2.939e+07   0
25.2   0.01036   -0.4873   0.08121   0   -5.229e+07   -2.831e+07   0
25.3   0.01209   -0.4928   0.07843   0   -5.799e+07   -2.726e+07   0
25.4   0.01405   -0.4989   0.07576   0   -6.368e+07   -2.624e+07   0
25.5   0.01622   -0.5055   0.07318   0   -6.933e+07   -2.526e+07   0
25.6   0.01859   -0.5127   0.07071   0   -7.489e+07   -2.431e+07   0
25.7   0.02115   -0.5205   0.06832   0   -8.033e+07   -2.342e+07   0
25.8   0.02386   -0.5288   0.06602   0   -8.561e+07   -2.257e+07   0
25.9   0.0267   -0.5376   0.06381   0   -9.072e+07   -2.177e+07   0
26   0.02964   -0.547   0.06167   0   -9.562e+07   -2.103e+07   0
26.1   0.03266   -0.5568   0.0596   0   -1.003e+08   -2.034e+07   0
26.2   0.03572   -0.567   0.0576   0   -1.047e+08   -1.971e+07   0
26.3   0.03878   -0.5777   0.05566   0   -1.089e+08   -1.912e+07   0
26.4   0.04183   -0.5888   0.05377   0   -1.129e+08   -1.859e+07   0
26.5   0.04482   -0.6003   0.05194   0   -1.165e+08   -1.811e+07   0
26.6   0.04774   -0.6121   0.05015   0   -1.2e+08   -1.768e+07   0
26.7   0.05055   -0.6243   0.0484   0   -1.231e+08   -1.729e+07   0
26.8   0.05323   -0.6367   0.04669   0   -1.26e+08   -1.695e+07   0
26.9   0.05577   -0.6494   0.04501   0   -1.286e+08   -1.664e+07   0
27   0.05813   -0.6624   0.04336   0   -1.31e+08   -1.638e+07   0
27.1   0.06031   -0.6756   0.04173   0   -1.331e+08   -1.615e+07   0
27.2   0.06229   -0.689   0.04013   0   -1.35e+08   -1.595e+07   0
27.3   0.06406   -0.7026   0.03854   0   -1.366e+08   -1.579e+07   0
27.4   0.06561   -0.7164   0.03697   0   -1.38e+08   -1.565e+07   0
27.5   0.06694   -0.7302   0.03541   0   -1.392e+08   -1.554e+07   0
27.6   0.06803   -0.7442   0.03386   0   -1.401e+08   -1.545e+07   0
27.7   0.06856   -0.7582   0.03232   0   -1.406e+08   -1.541e+07   0
27.8   0.06856   -0.7723   0.03078   0   -1.406e+08   -1.541e+07   0
27.9   0.06856   -0.7864   0.02923   0   -1.406e+08   -1.541e+07   0
28   0.06856   -0.8004   0.02769   0   -1.406e+08   -1.541e+07   0
28.1   0.06856   -0.8145   0.02615   0   -1.406e+08   -1.541e+07   0
28.2   0.06856   -0.8285   0.02461   0   -1.406e+08   -1.541e+07   0
28.3   0.06856   -0.8426   0.02307   0   -1.406e+08   -1.541e+07   0
28.4   0.06856   -0.8567   0.02153   0   -1.406e+08   -1.541e+07   0
28.5   0.06856   -0.8707   0.01999   0   -1.406e+08   -1.541e+07   0
28.6   0.06856   -0.8848   0.01845   0   -1.406e+08   -1.541e+07   0
28.7   0.06856   -0.8988   0.0169   0   -1.406e+08   -1.541e+07   0
28.8   0.06856   -0.9129   0.01536   0   -1.406e+08   -1.541e+07   0
28.9   0.06856   -0.927   0.01382   0   -1.406e+08   -1.541e+07   0
29   0.06856   -0.941   0.01228   0   -1.406e+08   -1.541e+07   0
29.1   0.06856   -0.9551   0.01074   0   -1.406e+08   -1.541e+07   0
29.2   0.06856   -0.9691   0.009197   0   -1.406e+08   -1.541e+07   0
29.3   0.06856   -0.9832   0.007656   0   -1.406e+08   -1.541e+07   0
29.4   0.06856   -0.9973   0.006114   0   -1.406e+08   -1.541e+07   0
29.5   0.06856   -1.011   0.004573   0   -1.406e+08   -1.541e+07   0
29.6   0.06856   -1.025   0.003031   0   -1.406e+08   -1.541e+07   0
29.7   0.06856   -1.039   0.00149   0   -1.406e+08   -1.541e+07   0
29.8   0.06856   -1.054   -5.143e-05   0   -1.406e+08   -1.541e+07   0
29.9   0.06856   -1.068   -0.001593   0   -1.406e+08   -1.541e+07   0
30   0.06856   -1.082   -0.003134   0   -1.406e+08   -1.541e+07   0
30.1   0.06856   -1.096   -0.004676   0   -1.406e+08   -1.541e+07   0
30.2   0.06856   -1.11   -0.006217   0   -1.406e+08   -1.541e+07   0
30.3   0.06856   -1.124   -0.007758   0   -1.406e+08   -1.541e+07   0
30.4   0.06856   -1.138   -0.0093   0   -1.406e+08   -1.541e+07   0
30.5   0.06856   -1.152   -0.01084   0   -1.406e+08   -1.541e+07   0
30.6   0.06856   -1.166   -0.01238   0   -1.406e+08   -1.541e+07   0
30.7   0.06856   -1.18   -0.01392   0   -1.406e+08   -1.541e+07   0
30.8   0.06856   -1.194   -0.01547   0   -1.406e+08   -1.541e+07   0
30.9   0.06856   -1.208   -0.01701   0   -1.406e+08   -1.541e+07   0
31   0.06856   -1.222   -0.01855   0   -1.406e+08   -1.541e+07   0
31.1   0.06856   -1.236   -0.02009   0   -1.406e+08   -1.541e+07   0
31.2   0.06856   -1.25   -0.02163   0   -1.406e+08   -1.541e+07   0
31.3   0.06856   -1.264   -0.02317   0   -1.406e+08   -1.541e+07   0
31.4   0.06856   -1.278   -0.02471   0   -1.406e+08   -1.541e+07   0
31.5   0.06856   -1.293   -0.02626   0   -1.406e+08   -1.541e+07   0
31.6   0.06856   -1.307   -0.0278   0   -1.406e+08   -1.541e+07   0
31.7   0.06856   -1.321   -0.02934   0   -1.406e+08   -1.541e+07   0
31.8   0.06856   -1.335   -0.03088   0   -1.406e+08   -1.541e+07   0
31.9   0.06856   -1.349   -0.03242   0   -1.406e+08   -1.541e+07   0
32   0.06856   -1.363   -0.03396   0   -1.406e+08   -1.541e+07   0
32.1   0.06856   -1.377   -0.0355   0   -1.406e+08   -1.541e+07   0
32.2   0.06856   -1.391   -0.03704   0   -1.406e+08   -1.541e+07   0
32.3   0.06856   -1.405   -0.03859   0   -1.406e+08   -1.541e+07   0
32.4   0.06856   -1.419   -0.04013   0   -1.406e+08   -1.541e+07   0
32.5   0.06856   -1.433   -0.04167   0   -1.406e+08   -1.541e+07   0
32.6   0.06856   -1.447   -0.04321   0   -1.406e+08   -1.541e+07   0
32.7   0.06856   -1.461   -0.04475   0   -1.406e+08   -1.541e+07   0
32.8   0.06856   -1.475   -0.04629   0   -1.406e+08   -1.541e+07   0
32.9   0.06856   -1.489   -0.04783   0   -1.406e+08   -1.541e+07   0
33   0.06856   -1.503   -0.04938   0   -1.406e+08   -1.541e+07   0
33.1   0.06856   -1.517   -0.05092   0   -1.406e+08   -1.541e+07   0
33.2   0.06856   -1.532   -0.05246   0   -1.406e+08   -1.541e+07   0
33.3   0.06856   -1.546   -0.054   0   -1.406e+08   -1.541e+07   0
33.4   0.06856   -1.56   -0.05554   0   -1.406e+08   -1.541e+07   0
33.5   0.06856   -1.574   -0.05708   0   -1.406e+08   -1.541e+07   0
33.6   0.06856   -1.588   -0.05862   0   -1.406e+08   -1.541e+07   0
33.7   0.06856   -1.602   -0.06017   0   -1.406e+08   -1.541e+07   0
33.8   0.06856   -1.616   -0.06171   0   -1.406e+08   -1.541e+07   0
33.9   0.06856   -1.63   -0.06325   0   -1.406e+08   -1.541e+07   0
34   0.06856   -1.644   -0.06479   0   -1.406e+08   -1.541e+07   0
34.1   0.06856   -1.658   -0.06633   0   -1.406e+08   -1.541e+07   0
34.2   0.06856   -1.672   -0.06787   0   -1.406e+08   -1.541e+07   0
34.3   0.06856   -1.686   -0.06941   0   -1.406e+08   -1.541e+07   0
34.4   0.06856   -1.7   -0.07096   0   -1.406e+08   -1.541e+07   0
34.5   0.06856   -1.714   -0.0725   0   -1.406e+08   -1.541e+07   0
34.6   0.06856   -1.728   -0.07404   0   -1.406e+08   -1.541e+07   0
34.7   0.06856   -1.742   -0.07558   0   -1.406e+08   -1.541e+07   0
34.8   0.06856   -1.757   -0.07712   0   -1.406e+08   -1.541e+07   0
34.9   0.06856   -1.771   -0.07866   0   -1.406e+08   -1.541e+07   0
35   0.06856   -1.785   -0.0802   0   -1.406e+08   -1.541e+07   0
35.1   0.06856   -1.799   -0.08175   0   -1.406e+08   -1.541e+07   0
35.2   0.06856   -1.813   -0.08329   0   -1.406e+08   -1.541e+07   0
35.3   0.06856   -1.827   -0.08483   0   -1.406e+08   -1.541e+07   0
35.4   0.06856   -1.841   -0.08637   0   -1.406e+08   -1.541e+07   0
35.5   0.06856   -1.855   -0.08791   0   -1.406e+08   -1.541e+07   0
35.6   0.06856   -1.869   -0.08945   0   -1.406e+08   -1.541e+07   0
35.7   0.06856   -1.883   -0.09099   0   -1.406e+08   -1.541e+07   0
35.8   0.06856   -1.897   -0.09253   0   -1.406e+08   -1.541e+07   0
35.9   0.06856   -1.911   -0.09408   0   -1.406e+08   -1.541e+07   0
36   0.06856   -1.925   -0.09562   0   -1.406e+08   -1.541e+07   0
36.1   0.06856   -1.939   -0.09716   0   -1.406e+08   -1.541e+07   0
36.2   0.06856   -1.953   -0.0987   0   -1.406e+08   -1.541e+07   0
36.3   0.06856   -1.967   -0.1002   0   -1.406e+08   -1.541e+07   0
36.4   0.06856   -1.981   -0.1018   0   -1.406e+08   -1.541e+07   0
36.5   0.06856   -1.996   -0.1033   0   -1.406e+08   -1.541e+07   0
36.6   0.06856   -2.01   -0.1049   0   -1.406e+08   -1.541e+07   0
36.7   0.06856   -2.024   -0.1064   0   -1.406e+08   -1.541e+07   0
36.8   0.06856   -2.038   -0.1079   0   -1.406e+08   -1.541e+07   0
36.9   0.06856   -2.052   -0.1095   0   -1.406e+08   -1.541e+07   0
37   0.06856   -2.066   -0.111   0   -1.406e+08   -1.541e+07   0
37.1   0.06856   -2.08   -0.1126   0   -1.406e+08   -1.541e+07   0
37.2   0.06856   -2.094   -0.1141   0   -1.406e+08   -1.541e+07   0
37.3   0.06856   -2.108   -0.1157   0   -1.406e+08   -1.541e+07   0
37.4   0.06856   -2.122   -0.1172   0   -1.406e+08   -1.541e+07   0
37.5   0.06856   -2.136   -0.1187   0   -1.406e+08   -1.541e+07   0
37.6   0.06856   -2.15   -0.1203   0   -1.406e+08   -1.541e+07   0
37.7   0.06856   -2.164   -0.1218   0   -1.406e+08   -1.541e+07   0
37.8   0.06856   -2.178   -0.1234   0   -1.406e+08   -1.541e+07   0
37.9   0.06856   -2.192   -0.1249   0   -1.406e+08   -1.541e+07   0
38   0.06856   -2.206   -0.1264   0   -1.406e+08   -1.541e+07   0
38.1   0.06856   -2.221   -0.128   0   -1.406e+08   -1.541e+07   0
38.2   0.06856   -2.235   -0.1295   0   -1.406e+08   -1.541e+07   0
38.3   0.06856   -2.249   -0.1311   0   -1.406e+08   -1.541e+07   0
38.4   0.06856   -2.263   -0.1326   0   -1.406e+08   -1.541e+07   0
38.5   0.06856   -2.277   -0.1342   0   -1.406e+08   -1.541e+07   0
38.6   0.06856   -2.291   -0.1357   0   -1.406e+08   -1.541e+07   0
38.7   0.06856   -2.305   -0.1372   0   -1.406e+08   -1.541e+07   0
38.8   0.06856   -2.319   -0.1388   0   -1.406e+08   -1.541e+07   0
38.9   0.06856   -2.333   -0.1403   0   -1.406e+08   -1.541e+07   0
39   0.06856   -2.347   -0.1419   0   -1.406e+08   -1.541e+07   0
39.1   0.06856   -2.361   -0.1434   0   -1.406e+08   -1.541e+07   0
39.2   0.06856   -2.375   -0.1449   0   -1.406e+08   -1.541e+07   0
39.3   0.06856   -2.389   -0.1465   0   -1.406e+08   -1.541e+07   0
39.4   0.06856   -2.403   -0.148   0   -1.406e+08   -1.541e+07   0
39.5   0.06856   -2.417   -0.1496   0   -1.406e+08   -1.541e+07   0
39.6   0.06856   -2.431   -0.1511   0   -1.406e+08   -1.541e+07   0
39.7   0.06856   -2.445   -0.1526   0   -1.406e+08   -1.541e+07   0
39.8   0.06856   -2.46   -0.1542   0   -1.406e+08   -1.541e+07   0
39.9   0.06856   -2.474   -0.1557   0   -1.406e+08   -1.541e+07   0
40   0.06856   -2.488   -0.1573   0   -1.406e+08   -1.541e+07   0
40.1   0.06856   -2.502   -0.1588   0   -1.406e+08   -1.541e+07   0
40.2   0.06856   -2.516   -0.1604   0   -1.406e+08   -1.541e+07   0
40.3   0.06856   -2.53   -0.1619   0   -1.406e+08   -1.541e+07   0
40.4   0.06856   -2.544   -0.1634   0   -1.406e+08   -1.541e+07   0
40.5   0.06856   -2.558   -0.165   0   -1.406e+08   -1.541e+07   0
40.6   0.06856   -2.572   -0.1665   0   -1.406e+08   -1.541e+07   0
40.7   0.06856   -2.586   -0.1681   0   -1.406e+08   -1.541e+07   0
40.8   0.06856   -2.6   -0.1696   0   -1.406e+08   -1.541e+07   0
40.9   0.06856   -2.614   -0.1711   0   -1.406e+08   -1.541e+07   0
41   0.06856   -2.628   -0.1727   0   -1.406e+08   -1.541e+07   0
41.1   0.06856   -2.642   -0.1742   0   -1.406e+08   -1.541e+07   0
41.2   0.06856   -2.656   -0.1758   0   -1.406e+08   -1.541e+07   0
41.3   0.06856   -2.67   -0.1773   0   -1.406e+08   -1.541e+07   0
41.4   0.06856   -2.685   -0.1789   0   -1.406e+08   -1.541e+07   0
41.5   0.06856   -2.699   -0.1804   0   -1.406e+08   -1.541e+07   0
41.6   0.06856   -2.713   -0.1819   0   -1.406e+08   -1.541e+07   0
41.7   0.06856   -2.727   -0.1835   0   -1.406e+08   -1.541e+07   0
41.8   0.06856   -2.741   -0.185   0   -1.406e+08   -1.541e+07   0
41.9   0.06856   -2.755   -0.1866   0   -1.406e+08   -1.541e+07   0
42   0.06856   -2.769   -0.1881   0   -1.406e+08   -1.541e+07   0
42.1   0.06856   -2.783   -0.1896   0   -1.406e+08   -1.541e+07   0
42.2   0.06856   -2.797   -0.1912   0   -1.406e+08   -1.541e+07   0
42.3   0.06856   -2.811   -0.1927   0   -1.406e+08   -1.541e+07   0
42.4   0.06856   -2.825   -0.1943   0   -1.406e+08   -1.541e+07   0
42.5   0.06856   -2.839   -0.1958   0   -1.406e+08   -1.541e+07   0
42.6   0.06856   -2.853   -0.1973   0   -1.406e+08   -1.541e+07   0
42.7   0.06856   -2.867   -0.1989   0   -1.406e+08   -1.541e+07   0
42.8   0.06856   -2.881   -0.2004   0   -1.406e+08   -1.541e+07   0
42.9   0.06856   -2.895   -0.202   0   -1.406e+08   -1.541e+07   0
43   0.06856   -2.909   -0.2035   0   -1.406e+08   -1.541e+07   0
43.1   0.06856   -2.924   -0.2051   0   -1.406e+08   -1.541e+07   0
43.2   0.06856   -2.938   -0.2066   0   -1.406e+08   -1.541e+07   0
43.3   0.06856   -2.952   -0.2081   0   -1.406e+08   -1.541e+07   0
43.4   0.06856   -2.966   -0.2097   0   -1.406e+08   -1.541e+07   0
43.5   0.06856   -2.98   -0.2112   0   -1.406e+08   -1.541e+07   0
43.6   0.06856   -2.994   -0.2128   0   -1.406e+08   -1.541e+07   0
43.7   0.06856   -3.008   -0.2143   0   -1.406e+08   -1.541e+07   0
43.8   0.06856   -3.022   -0.2158   0   -1.406e+08   -1.541e+07   0
43.9   0.06856   -3.036   -0.2174   0   -1.406e+08   -1.541e+07   0
44   0.06856   -3.05   -0.2189   0   -1.406e+08   -1.541e+07   0
44.1   0.06856   -3.064   -0.2205   0   -1.406e+08   -1.541e+07   0
44.2   0.06856   -3.078   -0.222   0   -1.406e+08   -1.541e+07   0
44.3   0.06856   -3.092   -0.2236   0   -1.406e+08   -1.541e+07   0
44.4   0.06856   -3.106   -0.2251   0   -1.406e+08   -1.541e+07   0
44.5   0.06856   -3.12   -0.2266   0   -1.406e+08   -1.541e+07   0
44.6   0.06856   -3.134   -0.2282   0   -1.406e+08   -1.541e+07   0
44.7   0.06856   -3.149   -0.2297   0   -1.406e+08   -1.541e+07   0
44.8   0.06856   -3.163   -0.2313   0   -1.406e+08   -1.541e+07   0
44.9   0.06856   -3.177   -0.2328   0   -1.406e+08   -1.541e+07   0
45   0.06856   -3.191   -0.2343   0   -1.406e+08   -1.541e+07   0
