0   0.04   -0.753   0   0   1.121e+08   0   0
0.1   0.04   -0.753   0   0   1.121e+08   0   0
0.2   0.04003   -0.7487   0   0   1.122e+08   0   0
0.3   0.04026   -0.7375   0   0   1.125e+08   0   0
0.4   0.04067   -0.7262   0   0   1.13e+08   0   0
0.5   0.04128   -0.7149   0   0   1.137e+08   0   0
0.6   0.0421   -0.7035   0   0   1.147e+08   0   0
0.7   0.04312   -0.6919   0   0   1.16e+08   0   0
0.8   0.04437   -0.6803   0   0   1.174e+08   0   0
0.9   0.04586   -0.6684   0   0   1.191e+08   0   0
1   0.04758   -0.6564   0   0   1.211e+08   0   0
1.1   0.04956   -0.6442   0   0   1.232e+08   0   0
1.2   0.0518   -0.6318   0   0   1.256e+08   0   0
1.3   0.05432   -0.6191   0   0   1.282e+08   0   0
1.4   0.05712   -0.6061   0   0   1.31e+08   0   0
1.5   0.06023   -0.5929   0   0   1.34e+08   0   0
1.6   0.06365   -0.5793   0   0   1.371e+08   0   0
1.7   0.0674   -0.5654   0   0   1.404e+08   0   0
1.8   0.07149   -0.5512   0   0   1.439e+08   0   0
1.9   0.07593   -0.5366   0   0   1.475e+08   0   0
2   0.08074   -0.5217   0   0   1.512e+08   0   0
2.1   0.08592   -0.5064   0   0   1.55e+08   0   0
2.2   0.09148   -0.4907   0   0   1.588e+08   0   0
2.3   0.09744   -0.4746   0   0   1.627e+08   0   0
2.4   0.1038   -0.4581   0   0   1.667e+08   0   0
2.5   0.1106   -0.4413   0   0   1.707e+08   0   0
2.6   0.1178   -0.424   0   0   1.747e+08   0   0
2.7   0.1254   -0.4063   0   0   1.787e+08   0   0
2.8   0.1335   -0.3883   0   0   1.827e+08   0   0
2.9   0.142   -0.3698   0   0   1.866e+08   0   0
3   0.1509   -0.3509   0   0   1.905e+08   0   0
3.1   0.1603   -0.3317   0   0   1.944e+08   0   0
3.2   0.1701   -0.3121   0   0   1.982e+08   0   0
3.3   0.1804   -0.292   0   0   2.019e+08   0   0
3.4   0.1911   -0.2717   0   0   2.056e+08   0   0
3.5   0.2024   -0.2509   0   0   2.092e+08   0   0
3.6   0.2141   -0.2298   0   0   2.127e+08   0   0
3.7   0.2263   -0.2084   0   0   2.161e+08   0   0
3.8   0.2382   -0.1866   0   0   2.192e+08   0   0
3.9   0.2382   -0.1647   0   0   2.192e+08   0   0
4   0.2382   -0.1428   0   0   2.192e+08   0   0
4.1   0.2382   -0.1208   0   0   2.192e+08   0   0
4.2   0.2382   -0.09891   0   0   2.192e+08   0   0
4.3   0.2382   -0.07699   0   0   2.192e+08   0   0
4.4   0.2382   -0.05507   0   0   2.192e+08   0   0
4.5   0.2382   -0.03314   0   0   2.192e+08   0   0
4.6   0.2382   -0.01122   0   0   2.192e+08   0   0
4.7   0.2382   0.0107   0   0   2.192e+08   0   0
4.8   0.2382   0.03262   0   0   2.192e+08   0   0
4.9   0.2382   0.05455   0   0   2.192e+08   0   0
5   0.2382   0.07647   0   0   2.192e+08   0   0
5.1   0.2382   0.09839   0   0   2.192e+08   0   0
5.2   0.2382   0.1203   0   0   2.192e+08   0   0
5.3   0.2382   0.1422   0   0   2.192e+08   0   0
5.4   0.2382   0.1642   0   0   2.192e+08   0   0
5.5   0.2382   0.1861   0   0   2.192e+08   0   0
5.6   0.2472   0.2081   0   0   2.215e+08   0   0
5.7   0.2574   0.2304   0   0   2.239e+08   0   0
5.8   0.2676   0.2529   0   0   2.262e+08   0   0
5.9   0.2779   0.2756   0   0   2.284e+08   0   0
6   0.2882   0.2986   0   0   2.305e+08   0   0
6.1   0.2984   0.3217   0   0   2.325e+08   0   0
6.2   0.3085   0.3451   0   0   2.344e+08   0   0
6.3   0.3185   0.3686   0   0   2.361e+08   0   0
6.4   0.3283   0.3923   0   0   2.378e+08   0   0
6.5   0.3379   0.4161   0   0   2.394e+08   0   0
6.6   0.3474   0.4402   0   0   2.409e+08   0   0
6.7   0.3566   0.4643   0   0   2.423e+08   0   0
6.8   0.3655   0.4886   0   0   2.436e+08   0   0
6.9   0.3742   0.513   0   0   2.448e+08   0   0
7   0.3826   0.5376   0   0   2.459e+08   0   0
7.1   0.3907   0.5622   0   0   2.47e+08   0   0
7.2   0.3985   0.587   0   0   2.48e+08   0   0
7.3   0.4059   0.6118   0   0   2.489e+08   0   0
7.4   0.413   0.6368   0   0   2.498e+08   0   0
7.5   0.4198   0.6618   0   0   2.506e+08   0   0
7.6   0.4263   0.6869   0   0   2.513e+08   0   0
7.7   0.4323   0.712   0   0   2.52e+08   0   0
7.8   0.438   0.7373   0   0   2.526e+08   0   0
7.9   0.4414   0.7626   0   0   2.53e+08   0   0
8   0.4414   0.7879   0   0   2.53e+08   0   0
8.1   0.4414   0.8132   0   0   2.53e+08   0   0
8.2   0.4414   0.8385   0   0   2.53e+08   0   0
8.3   0.4414   0.8638   0   0   2.53e+08   0   0
8.4   0.4414   0.8891   0   0   2.53e+08   0   0
8.5   0.4414   0.9144   0   0   2.53e+08   0   0
8.6   0.4414   0.9397   0   0   2.53e+08   0   0
8.7   0.4414   0.9649   0   0   2.53e+08   0   0
8.8   0.4414   0.9902   0   0   2.53e+08   0   0
8.9   0.4414   1.016   0   0   2.53e+08   0   0
9   0.4414   1.041   0   0   2.53e+08   0   0
9.1   0.4414   1.066   0   0   2.53e+08   0   0
9.2   0.4414   1.091   0   0   2.53e+08   0   0
9.3   0.4418   1.117   -0.0004996   0   2.517e+08   -2.627e+07   0
9.4   0.4427   1.141   -0.00664   0   2.346e+08   -9.505e+07   0
9.5   0.4437   1.163   -0.01933   0   1.992e+08   -1.564e+08   0
9.6   0.4446   1.18   -0.03756   0   1.482e+08   -2.055e+08   0
9.7   0.4455   1.192   -0.05992   0   8.564e+07   -2.385e+08   0
9.8   0.4465   1.197   -0.08467   0   1.644e+07   -2.53e+08   0
9.9   0.4474   1.195   -0.1099   0   -5.403e+07   -2.478e+08   0
10   0.4483   1.187   -0.1336   0   -1.203e+08   -2.234e+08   0
10.1   0.4493   1.172   -0.1539   0   -1.772e+08   -1.817e+08   0
10.2   0.4502   1.152   -0.1694   0   -2.205e+08   -1.26e+08   0
10.3   0.4512   1.128   -0.1787   0   -2.467e+08   -6.054e+07   0
10.4   0.4521   1.103   -0.1813   0   -2.539e+08   9.54e+06   0
10.5   0.4526   1.078   -0.1778   0   -2.507e+08   4.185e+07   0
10.6   0.4526   1.053   -0.1736   0   -2.507e+08   4.185e+07   0
10.7   0.4526   1.028   -0.1694   0   -2.507e+08   4.185e+07   0
10.8   0.4526   1.002   -0.1653   0   -2.507e+08   4.185e+07   0
10.9   0.4526   0.9774   -0.1611   0   -2.507e+08   4.185e+07   0
11   0.4526   0.9523   -0.1569   0   -2.507e+08   4.185e+07   0
11.1   0.4526   0.9272   -0.1527   0   -2.507e+08   4.185e+07   0
11.2   0.4526   0.9022   -0.1485   0   -2.507e+08   4.185e+07   0
11.3   0.4526   0.8771   -0.1443   0   -2.507e+08   4.185e+07   0
11.4   0.4526   0.852   -0.1402   0   -2.507e+08   4.185e+07   0
11.5   0.4526   0.827   -0.136   0   -2.507e+08   4.185e+07   0
11.6   0.4526   0.8019   -0.1318   0   -2.507e+08   4.185e+07   0
11.7   0.4526   0.7768   -0.1276   0   -2.507e+08   4.185e+07   0
11.8   0.4526   0.7517   -0.1234   0   -2.507e+08   4.185e+07   0
11.9   0.4566   0.7267   -0.1192   0   -2.511e+08   4.192e+07   0
12   0.4629   0.7015   -0.115   0   -2.517e+08   4.201e+07   0
12.1   0.4694   0.6763   -0.1108   0   -2.524e+08   4.211e+07   0
12.2   0.476   0.6511   -0.1066   0   -2.53e+08   4.221e+07   0
12.3   0.4828   0.6257   -0.1024   0   -2.536e+08   4.231e+07   0
12.4   0.4897   0.6003   -0.09814   0   -2.542e+08   4.241e+07   0
12.5   0.4967   0.5749   -0.0939   0   -2.549e+08   4.25e+07   0
12.6   0.5037   0.5494   -0.08964   0   -2.555e+08   4.259e+07   0
12.7   0.5108   0.5238   -0.08538   0   -2.561e+08   4.269e+07   0
12.8   0.5179   0.4981   -0.0811   0   -2.567e+08   4.278e+07   0
12.9   0.525   0.4724   -0.07682   0   -2.572e+08   4.286e+07   0
13   0.532   0.4467   -0.07253   0   -2.578e+08   4.295e+07   0
13.1   0.5389   0.4209   -0.06823   0   -2.583e+08   4.302e+07   0
13.2   0.5457   0.395   -0.06393   0   -2.588e+08   4.31e+07   0
13.3   0.5522   0.3691   -0.05961   0   -2.593e+08   4.317e+07   0
13.4   0.5585   0.3432   -0.05529   0   -2.598e+08   4.324e+07   0
13.5   0.5644   0.3172   -0.05097   0   -2.602e+08   4.33e+07   0
13.6   0.5699   0.2911   -0.04663   0   -2.606e+08   4.335e+07   0
13.7   0.5747   0.265   -0.0423   0   -2.609e+08   4.34e+07   0
13.8   0.5789   0.2389   -0.03795   0   -2.612e+08   4.344e+07   0
13.9   0.5822   0.2128   -0.03361   0   -2.614e+08   4.346e+07   0
14   0.5843   0.1866   -0.02926   0   -2.616e+08   4.348e+07   0
14.1   0.5843   0.1605   -0.02491   0   -2.616e+08   4.348e+07   0
14.2   0.5843   0.1343   -0.02057   0   -2.616e+08   4.348e+07   0
14.3   0.5843   0.1082   -0.01622   0   -2.616e+08   4.348e+07   0
14.4   0.5843   0.08202   -0.01187   0   -2.616e+08   4.348e+07   0
14.5   0.5843   0.05586   -0.007521   0   -2.616e+08   4.348e+07   0
14.6   0.5843   0.0297   -0.003173   0   -2.616e+08   4.348e+07   0
14.7   0.5843   0.003541   0.001176   0   -2.616e+08   4.348e+07   0
14.8   0.5843   -0.02262   0.005524   0   -2.616e+08   4.348e+07   0
14.9   0.5843   -0.04877   0.009872   0   -2.616e+08   4.348e+07   0
15   0.5843   -0.07493   0.01422   0   -2.616e+08   4.348e+07   0
15.1   0.5843   -0.1011   0.01857   0   -2.616e+08   4.348e+07   0
15.2   0.5843   -0.1272   0.02292   0   -2.616e+08   4.348e+07   0
15.3   0.5843   -0.1534   0.02726   0   -2.616e+08   4.348e+07   0
15.4   0.5843   -0.1796   0.03161   0   -2.616e+08   4.348e+07   0
15.5   0.5993   -0.2058   0.03597   0   -2.625e+08   4.368e+07   0
15.6   0.6175   -0.2321   0.04035   0   -2.637e+08   4.391e+07   0
15.7   0.6344   -0.2585   0.04475   0   -2.647e+08   4.411e+07   0
15.8   0.6503   -0.285   0.04917   0   -2.655e+08   4.429e+07   0
15.9   0.6653   -0.3116   0.05361   0   -2.663e+08   4.444e+07   0
16   0.6794   -0.3383   0.05806   0   -2.671e+08   4.458e+07   0
16.1   0.6928   -0.365   0.06252   0   -2.677e+08   4.471e+07   0
16.2   0.7054   -0.3918   0.067   0   -2.683e+08   4.483e+07   0
16.3   0.7173   -0.4187   0.07149   0   -2.689e+08   4.493e+07   0
16.4   0.7285   -0.4456   0.07599   0   -2.694e+08   4.503e+07   0
16.5   0.7391   -0.4726   0.08049   0   -2.699e+08   4.511e+07   0
16.6   0.7491   -0.4996   0.08501   0   -2.703e+08   4.519e+07   0
16.7   0.7585   -0.5266   0.08953   0   -2.707e+08   4.526e+07   0
16.8   0.7674   -0.5537   0.09406   0   -2.71e+08   4.533e+07   0
16.9   0.7756   -0.5808   0.0986   0   -2.714e+08   4.539e+07   0
17   0.7833   -0.608   0.1031   0   -2.717e+08   4.544e+07   0
17.1   0.7905   -0.6351   0.1077   0   -2.719e+08   4.549e+07   0
17.2   0.7972   -0.6624   0.1122   0   -2.722e+08   4.554e+07   0
17.3   0.8033   -0.6896   0.1168   0   -2.724e+08   4.558e+07   0
17.4   0.8089   -0.7168   0.1214   0   -2.726e+08   4.562e+07   0
17.5   0.8138   -0.7441   0.1259   0   -2.728e+08   4.565e+07   0
17.6   0.8138   -0.7714   0.1305   0   -2.728e+08   4.565e+07   0
17.7   0.8138   -0.7987   0.135   0   -2.728e+08   4.565e+07   0
17.8   0.8138   -0.826   0.1396   0   -2.728e+08   4.565e+07   0
17.9   0.8138   -0.8532   0.1442   0   -2.728e+08   4.565e+07   0
18   0.8138   -0.8805   0.1487   0   -2.728e+08   4.565e+07   0
18.1   0.8138   -0.9078   0.1533   0   -2.728e+08   4.565e+07   0
18.2   0.8138   -0.9351   0.1579   0   -2.728e+08   4.565e+07   0
18.3   0.8138   -0.9624   0.1624   0   -2.728e+08   4.565e+07   0
18.4   0.8138   -0.9896   0.167   0   -2.728e+08   4.565e+07   0
18.5   0.8138   -1.017   0.1716   0   -2.728e+08   4.565e+07   0
18.6   0.8138   -1.044   0.1761   0   -2.728e+08   4.565e+07   0
18.7   0.8138   -1.071   0.1807   0   -2.728e+08   4.565e+07   0
18.8   0.8138   -1.099   0.1853   0   -2.728e+08   4.565e+07   0
18.9   0.8138   -1.126   0.1898   0   -2.728e+08   4.565e+07   0
19   0.8157   -1.153   0.1963   0   -2.593e+08   9.647e+07   0
19.1   0.8183   -1.177   0.2092   0   -2.252e+08   1.608e+08   0
19.2   0.821   -1.197   0.2281   0   -1.756e+08   2.14e+08   0
19.3   0.8237   -1.212   0.2516   0   -1.14e+08   2.524e+08   0
19.4   0.8264   -1.22   0.278   0   -4.469e+07   2.734e+08   0
19.5   0.8291   -1.221   0.3057   0   2.761e+07   2.758e+08   0
19.6   0.8318   -1.214   0.3326   0   9.795e+07   2.594e+08   0
19.7   0.8345   -1.201   0.3569   0   1.616e+08   2.254e+08   0
19.8   0.8372   -1.182   0.3771   0   2.142e+08   1.763e+08   0
19.9   0.8399   -1.159   0.3917   0   2.524e+08   1.154e+08   0
20   0.8426   -1.132   0.3999   0   2.736e+08   4.689e+07   0
20.1   0.8454   -1.105   0.4009   0   2.766e+08   -2.467e+07   0
20.2   0.848   -1.078   0.3949   0   2.622e+08   -9.18e+07   0
20.3   0.848   -1.051   0.3857   0   2.622e+08   -9.18e+07   0
20.4   0.848   -1.025   0.3766   0   2.622e+08   -9.18e+07   0
20.5   0.848   -0.999   0.3674   0   2.622e+08   -9.18e+07   0
20.6   0.848   -0.9728   0.3582   0   2.622e+08   -9.18e+07   0
20.7   0.848   -0.9466   0.349   0   2.622e+08   -9.18e+07   0
20.8   0.848   -0.9204   0.3398   0   2.622e+08   -9.18e+07   0
20.9   0.848   -0.8941   0.3307   0   2.622e+08   -9.18e+07   0
21   0.848   -0.8679   0.3215   0   2.622e+08   -9.18e+07   0
21.1   0.848   -0.8417   0.3123   0   2.622e+08   -9.18e+07   0
21.2   0.848   -0.8155   0.3031   0   2.622e+08   -9.18e+07   0
21.3   0.848   -0.7893   0.2939   0   2.622e+08   -9.18e+07   0
21.4   0.848   -0.763   0.2848   0   2.622e+08   -9.18e+07   0
21.5   0.848   -0.7368   0.2756   0   2.622e+08   -9.18e+07   0
21.6   0.848   -0.7106   0.2664   0   2.622e+08   -9.18e+07   0
21.7   0.8528   -0.6844   0.2572   0   2.623e+08   -9.188e+07   0
21.8   0.8591   -0.6581   0.248   0   2.625e+08   -9.198e+07   0
21.9   0.8654   -0.6319   0.2388   0   2.627e+08   -9.208e+07   0
22   0.8716   -0.6056   0.2296   0   2.629e+08   -9.218e+07   0
22.1   0.8779   -0.5793   0.2204   0   2.63e+08   -9.228e+07   0
22.2   0.884   -0.553   0.2111   0   2.632e+08   -9.238e+07   0
22.3   0.8901   -0.5267   0.2019   0   2.634e+08   -9.248e+07   0
22.4   0.896   -0.5003   0.1926   0   2.635e+08   -9.258e+07   0
22.5   0.9017   -0.474   0.1834   0   2.637e+08   -9.267e+07   0
22.6   0.9071   -0.4476   0.1741   0   2.638e+08   -9.276e+07   0
22.7   0.9123   -0.4212   0.1648   0   2.639e+08   -9.285e+07   0
22.8   0.9171   -0.3948   0.1555   0   2.641e+08   -9.293e+07   0
22.9   0.9215   -0.3684   0.1462   0   2.642e+08   -9.301e+07   0
23   0.9253   -0.342   0.1369   0   2.643e+08   -9.308e+07   0
23.1   0.9285   -0.3155   0.1276   0   2.643e+08   -9.314e+07   0
23.2   0.9309   -0.2891   0.1183   0   2.644e+08   -9.319e+07   0
23.3   0.9325   -0.2627   0.109   0   2.644e+08   -9.322e+07   0
23.4   0.9329   -0.2362   0.09967   0   2.644e+08   -9.323e+07   0
23.5   0.932   -0.2098   0.09034   0   2.644e+08   -9.32e+07   0
23.6   0.9294   -0.1833   0.08103   0   2.644e+08   -9.314e+07   0
23.7   0.9275   -0.1569   0.07172   0   2.643e+08   -9.309e+07   0
23.8   0.9275   -0.1305   0.06241   0   2.643e+08   -9.309e+07   0
23.9   0.9275   -0.104   0.0531   0   2.643e+08   -9.309e+07   0
24   0.9275   -0.0776   0.04379   0   2.643e+08   -9.309e+07   0
24.1   0.9275   -0.05116   0.03448   0   2.643e+08   -9.309e+07   0
24.2   0.9275   -0.02473   0.02517   0   2.643e+08   -9.309e+07   0
24.3   0.9275   0.001701   0.01586   0   2.643e+08   -9.309e+07   0
24.4   0.9275   0.02813   0.006552   0   2.643e+08   -9.309e+07   0
24.5   0.9275   0.05457   -0.002758   0   2.643e+08   -9.309e+07   0
24.6   0.9275   0.081   -0.01207   0   2.643e+08   -9.309e+07   0
24.7   0.9275   0.1074   -0.02138   0   2.643e+08   -9.309e+07   0
24.8   0.9275   0.1339   -0.03069   0   2.643e+08   -9.309e+07   0
24.9   0.9275   0.1603   -0.03999   0   2.643e+08   -9.309e+07   0
25   0.9315   0.1867   -0.0493   0   2.645e+08   -9.306e+07   0
25.1   0.9536   0.2132   -0.0586   0   2.651e+08   -9.292e+07   0
25.2   0.9737   0.2398   -0.06789   0   2.657e+08   -9.283e+07   0
25.3   0.9921   0.2664   -0.07717   0   2.662e+08   -9.277e+07   0
25.4   1.009   0.293   -0.08644   0   2.667e+08   -9.273e+07   0
25.5   1.025   0.3197   -0.09571   0   2.671e+08   -9.271e+07   0
25.6   1.039   0.3464   -0.105   0   2.674e+08   -9.27e+07   0
25.7   1.053   0.3732   -0.1143   0   2.677e+08   -9.27e+07   0
25.8   1.066   0.4   -0.1235   0   2.68e+08   -9.27e+07   0
25.9   1.077   0.4268   -0.1328   0   2.683e+08   -9.271e+07   0
26   1.088   0.4536   -0.1421   0   2.685e+08   -9.272e+07   0
26.1   1.099   0.4805   -0.1513   0   2.687e+08   -9.274e+07   0
26.2   1.108   0.5074   -0.1606   0   2.689e+08   -9.275e+07   0
26.3   1.117   0.5343   -0.1699   0   2.691e+08   -9.277e+07   0
26.4   1.125   0.5612   -0.1792   0   2.693e+08   -9.278e+07   0
26.5   1.133   0.5881   -0.1884   0   2.694e+08   -9.28e+07   0
26.6   1.139   0.6151   -0.1977   0   2.695e+08   -9.281e+07   0
26.7   1.146   0.642   -0.207   0   2.696e+08   -9.283e+07   0
26.8   1.151   0.669   -0.2163   0   2.697e+08   -9.284e+07   0
26.9   1.157   0.696   -0.2256   0   2.698e+08   -9.285e+07   0
27   1.16   0.723   -0.2349   0   2.699e+08   -9.286e+07   0
27.1   1.16   0.75   -0.2442   0   2.699e+08   -9.286e+07   0
27.2   1.16   0.7769   -0.2534   0   2.699e+08   -9.286e+07   0
27.3   1.16   0.8039   -0.2627   0   2.699e+08   -9.286e+07   0
27.4   1.16   0.8309   -0.272   0   2.699e+08   -9.286e+07   0
27.5   1.16   0.8579   -0.2813   0   2.699e+08   -9.286e+07   0
27.6   1.16   0.8849   -0.2906   0   2.699e+08   -9.286e+07   0
27.7   1.16   0.9119   -0.2999   0   2.699e+08   -9.286e+07   0
27.8   1.16   0.9389   -0.3092   0   2.699e+08   -9.286e+07   0
27.9   1.16   0.9659   -0.3184   0   2.699e+08   -9.286e+07   0
28   1.16   0.9929   -0.3277   0   2.699e+08   -9.286e+07   0
28.1   1.16   1.02   -0.337   0   2.699e+08   -9.286e+07   0
28.2   1.16   1.047   -0.3463   0   2.699e+08   -9.286e+07   0
28.3   1.16   1.074   -0.3556   0   2.699e+08   -9.286e+07   0
28.4   1.16   1.101   -0.3649   0   2.699e+08   -9.286e+07   0
28.5   1.167   1.126   -0.3777   0   2.341e+08   -1.635e+08   0
28.6   1.174   1.147   -0.3972   0   1.779e+08   -2.235e+08   0
28.7   1.18   1.161   -0.4218   0   1.073e+08   -2.649e+08   0
28.8   1.187   1.168   -0.4495   0   2.815e+07   -2.845e+08   0
28.9   1.194   1.167   -0.4779   0   -5.305e+07   -2.811e+08   0
29   1.201   1.158   -0.5049   0   -1.297e+08   -2.55e+08   0
29.1   1.208   1.141   -0.5282   0   -1.958e+08   -2.088e+08   0
29.2   1.216   1.119   -0.5461   0   -2.462e+08   -1.462e+08   0
29.3   1.223   1.092   -0.557   0   -2.772e+08   -7.232e+07   0
29.4   1.23   1.064   -0.5603   0   -2.865e+08   6.926e+06   0
29.5   1.237   1.036   -0.5556   0   -2.737e+08   8.538e+07   0
29.6   1.242   1.01   -0.5436   0   -2.51e+08   1.387e+08   0
29.7   1.242   0.9848   -0.5297   0   -2.51e+08   1.387e+08   0
29.8   1.242   0.9597   -0.5159   0   -2.51e+08   1.387e+08   0
29.9   1.242   0.9346   -0.502   0   -2.51e+08   1.387e+08   0
30   1.242   0.9095   -0.4881   0   -2.51e+08   1.387e+08   0
30.1   1.242   0.8844   -0.4743   0   -2.51e+08   1.387e+08   0
30.2   1.242   0.8593   -0.4604   0   -2.51e+08   1.387e+08   0
30.3   1.242   0.8342   -0.4465   0   -2.51e+08   1.387e+08   0
30.4   1.242   0.8091   -0.4326   0   -2.51e+08   1.387e+08   0
30.5   1.242   0.784   -0.4188   0   -2.51e+08   1.387e+08   0
30.6   1.242   0.7589   -0.4049   0   -2.51e+08   1.387e+08   0
30.7   1.242   0.7338   -0.391   0   -2.51e+08   1.387e+08   0
30.8   1.242   0.7087   -0.3772   0   -2.51e+08   1.387e+08   0
30.9   1.242   0.6836   -0.3633   0   -2.51e+08   1.387e+08   0
31   1.244   0.6585   -0.3494   0   -2.51e+08   1.387e+08   0
31.1   1.25   0.6334   -0.3356   0   -2.511e+08   1.387e+08   0
31.2   1.257   0.6083   -0.3217   0   -2.512e+08   1.388e+08   0
31.3   1.263   0.5831   -0.3078   0   -2.513e+08   1.388e+08   0
31.4   1.269   0.558   -0.2939   0   -2.514e+08   1.388e+08   0
31.5   1.276   0.5329   -0.2801   0   -2.515e+08   1.388e+08   0
31.6   1.282   0.5077   -0.2662   0   -2.516e+08   1.388e+08   0
31.7   1.288   0.4825   -0.2523   0   -2.517e+08   1.389e+08   0
31.8   1.293   0.4574   -0.2384   0   -2.517e+08   1.389e+08   0
31.9   1.299   0.4322   -0.2245   0   -2.518e+08   1.389e+08   0
32   1.304   0.407   -0.2106   0   -2.519e+08   1.389e+08   0
32.1   1.309   0.3818   -0.1967   0   -2.52e+08   1.389e+08   0
32.2   1.314   0.3566   -0.1828   0   -2.52e+08   1.389e+08   0
32.3   1.318   0.3314   -0.1689   0   -2.521e+08   1.389e+08   0
32.4   1.321   0.3062   -0.155   0   -2.521e+08   1.39e+08   0
32.5   1.323   0.281   -0.1411   0   -2.522e+08   1.39e+08   0
32.6   1.325   0.2558   -0.1273   0   -2.522e+08   1.39e+08   0
32.7   1.325   0.2305   -0.1134   0   -2.522e+08   1.39e+08   0
32.8   1.325   0.2053   -0.09946   0   -2.522e+08   1.39e+08   0
32.9   1.322   0.1801   -0.08556   0   -2.521e+08   1.39e+08   0
33   1.32   0.1549   -0.07167   0   -2.521e+08   1.39e+08   0
33.1   1.32   0.1297   -0.05777   0   -2.521e+08   1.39e+08   0
33.2   1.32   0.1045   -0.04387   0   -2.521e+08   1.39e+08   0
33.3   1.32   0.07926   -0.02998   0   -2.521e+08   1.39e+08   0
33.4   1.32   0.05405   -0.01608   0   -2.521e+08   1.39e+08   0
33.5   1.32   0.02883   -0.002183   0   -2.521e+08   1.39e+08   0
33.6   1.32   0.003623   0.01171   0   -2.521e+08   1.39e+08   0
33.7   1.32   -0.02159   0.02561   0   -2.521e+08   1.39e+08   0
33.8   1.32   -0.0468   0.03951   0   -2.521e+08   1.39e+08   0
33.9   1.32   -0.07201   0.0534   0   -2.521e+08   1.39e+08   0
34   1.32   -0.09723   0.0673   0   -2.521e+08   1.39e+08   0
34.1   1.32   -0.1224   0.0812   0   -2.521e+08   1.39e+08   0
34.2   1.32   -0.1476   0.0951   0   -2.521e+08   1.39e+08   0
34.3   1.333   -0.1729   0.109   0   -2.522e+08   1.392e+08   0
34.4   1.355   -0.1981   0.1229   0   -2.524e+08   1.395e+08   0
34.5   1.374   -0.2233   0.1369   0   -2.525e+08   1.397e+08   0
34.6   1.392   -0.2486   0.1509   0   -2.526e+08   1.399e+08   0
34.7   1.409   -0.2739   0.1649   0   -2.527e+08   1.401e+08   0
34.8   1.424   -0.2991   0.1789   0   -2.528e+08   1.403e+08   0
34.9   1.439   -0.3244   0.1929   0   -2.529e+08   1.404e+08   0
35   1.452   -0.3497   0.207   0   -2.53e+08   1.405e+08   0
35.1   1.464   -0.375   0.221   0   -2.531e+08   1.407e+08   0
35.2   1.476   -0.4004   0.2351   0   -2.532e+08   1.407e+08   0
35.3   1.487   -0.4257   0.2492   0   -2.533e+08   1.408e+08   0
35.4   1.497   -0.451   0.2633   0   -2.534e+08   1.409e+08   0
35.5   1.506   -0.4764   0.2774   0   -2.534e+08   1.41e+08   0
35.6   1.515   -0.5017   0.2915   0   -2.535e+08   1.41e+08   0
35.7   1.523   -0.5271   0.3056   0   -2.536e+08   1.411e+08   0
35.8   1.53   -0.5524   0.3197   0   -2.536e+08   1.412e+08   0
35.9   1.537   -0.5778   0.3338   0   -2.537e+08   1.412e+08   0
36   1.543   -0.6031   0.3479   0   -2.537e+08   1.412e+08   0
36.1   1.549   -0.6285   0.3621   0   -2.537e+08   1.413e+08   0
36.2   1.554   -0.6539   0.3762   0   -2.538e+08   1.413e+08   0
36.3   1.554   -0.6793   0.3903   0   -2.538e+08   1.413e+08   0
36.4   1.554   -0.7046   0.4045   0   -2.538e+08   1.413e+08   0
36.5   1.554   -0.73   0.4186   0   -2.538e+08   1.413e+08   0
36.6   1.554   -0.7554   0.4327   0   -2.538e+08   1.413e+08   0
36.7   1.554   -0.7808   0.4468   0   -2.538e+08   1.413e+08   0
36.8   1.554   -0.8062   0.461   0   -2.538e+08   1.413e+08   0
36.9   1.554   -0.8315   0.4751   0   -2.538e+08   1.413e+08   0
37   1.554   -0.8569   0.4892   0   -2.538e+08   1.413e+08   0
37.1   1.554   -0.8823   0.5034   0   -2.538e+08   1.413e+08   0
37.2   1.554   -0.9077   0.5175   0   -2.538e+08   1.413e+08   0
37.3   1.554   -0.933   0.5316   0   -2.538e+08   1.413e+08   0
37.4   1.554   -0.9584   0.5458   0   -2.538e+08   1.413e+08   0
37.5   1.554   -0.9838   0.5599   0   -2.538e+08   1.413e+08   0
37.6   1.554   -1.009   0.574   0   -2.538e+08   1.413e+08   0
37.7   1.554   -1.035   0.5882   0   -2.538e+08   1.413e+08   0
37.8   1.554   -1.06   0.6023   0   -2.538e+08   1.413e+08   0
37.9   1.554   -1.085   0.6164   0   -2.538e+08   1.413e+08   0
38   1.554   -1.111   0.6306   0   -2.538e+08   1.413e+08   0
38.1   1.554   -1.136   0.6447   0   -2.538e+08   1.413e+08   0
38.2   1.554   -1.161   0.6588   0   -2.538e+08   1.413e+08   0
38.3   1.554   -1.187   0.6729   0   -2.538e+08   1.413e+08   0
38.4   1.554   -1.212   0.6871   0   -2.538e+08   1.413e+08   0
38.5   1.554   -1.238   0.7012   0   -2.538e+08   1.413e+08   0
38.6   1.554   -1.263   0.7153   0   -2.538e+08   1.413e+08   0
38.7   1.554   -1.288   0.7295   0   -2.538e+08   1.413e+08   0
38.8   1.554   -1.314   0.7436   0   -2.538e+08   1.413e+08   0
38.9   1.554   -1.339   0.7577   0   -2.538e+08   1.413e+08   0
39   1.554   -1.364   0.7719   0   -2.538e+08   1.413e+08   0
39.1   1.554   -1.39   0.786   0   -2.538e+08   1.413e+08   0
39.2   1.554   -1.415   0.8001   0   -2.538e+08   1.413e+08   0
39.3   1.554   -1.441   0.8143   0   -2.538e+08   1.413e+08   0
39.4   1.554   -1.466   0.8284   0   -2.538e+08   1.413e+08   0
39.5   1.554   -1.491   0.8425   0   -2.538e+08   1.413e+08   0
39.6   1.554   -1.517   0.8566   0   -2.538e+08   1.413e+08   0
39.7   1.554   -1.542   0.8708   0   -2.538e+08   1.413e+08   0
39.8   1.554   -1.567   0.8849   0   -2.538e+08   1.413e+08   0
39.9   1.554   -1.593   0.899   0   -2.538e+08   1.413e+08   0
40   1.554   -1.618   0.9132   0   -2.538e+08   1.413e+08   0
40.1   1.554   -1.644   0.9273   0   -2.538e+08   1.413e+08   0
40.2   1.554   -1.669   0.9414   0   -2.538e+08   1.413e+08   0
40.3   1.554   -1.694   0.9556   0   -2.538e+08   1.413e+08   0
40.4   1.554   -1.72   0.9697   0   -2.538e+08   1.413e+08   0
40.5   1.554   -1.745   0.9838   0   -2.538e+08   1.413e+08   0
40.6   1.554   -1.77   0.998   0   -2.538e+08   1.413e+08   0
40.7   1.554   -1.796   1.012   0   -2.538e+08   1.413e+08   0
40.8   1.554   -1.821   1.026   0   -2.538e+08   1.413e+08   0
40.9   1.554   -1.847   1.04   0   -2.538e+08   1.413e+08   0
41   1.554   -1.872   1.054   0   -2.538e+08   1.413e+08   0
41.1   1.554   -1.897   1.069   0   -2.538e+08   1.413e+08   0
41.2   1.554   -1.923   1.083   0   -2.538e+08   1.413e+08   0
41.3   1.554   -1.948   1.097   0   -2.538e+08   1.413e+08   0
41.4   1.554   -1.974   1.111   0   -2.538e+08   1.413e+08   0
41.5   1.554   -1.999   1.125   0   -2.538e+08   1.413e+08   0
41.6   1.554   -2.024   1.139   0   -2.538e+08   1.413e+08   0
41.7   1.554   -2.05   1.153   0   -2.538e+08   1.413e+08   0
41.8   1.554   -2.075   1.168   0   -2.538e+08   1.413e+08   0
41.9   1.554   -2.1   1.182   0   -2.538e+08   1.413e+08   0
42   1.554   -2.126   1.196   0   -2.538e+08   1.413e+08   0
42.1   1.554   -2.151   1.21   0   -2.538e+08   1.413e+08   0
42.2   1.554   -2.177   1.224   0   -2.538e+08   1.413e+08   0
42.3   1.554   -2.202   1.238   0   -2.538e+08   1.413e+08   0
42.4   1.554   -2.227   1.252   0   -2.538e+08   1.413e+08   0
42.5   1.554   -2.253   1.266   0   -2.538e+08   1.413e+08   0
42.6   1.554   -2.278   1.281   0   -2.538e+08   1.413e+08   0
42.7   1.554   -2.303   1.295   0   -2.538e+08   1.413e+08   0
42.8   1.554   -2.329   1.309   0   -2.538e+08   1.413e+08   0
42.9   1.554   -2.354   1.323   0   -2.538e+08   1.413e+08   0
43   1.554   -2.38   1.337   0   -2.538e+08   1.413e+08   0
43.1   1.554   -2.405   1.351   0   -2.538e+08   1.413e+08   0
43.2   1.554   -2.43   1.365   0   -2.538e+08   1.413e+08   0
43.3   1.554   -2.456   1.379   0   -2.538e+08   1.413e+08   0
43.4   1.554   -2.481   1.394   0   -2.538e+08   1.413e+08   0
43.5   1.554   -2.506   1.408   0   -2.538e+08   1.413e+08   0
43.6   1.554   -2.532   1.422   0   -2.538e+08   1.413e+08   0
43.7   1.554   -2.557   1.436   0   -2.538e+08   1.413e+08   0
43.8   1.554   -2.583   1.45   0   -2.538e+08   1.413e+08   0
43.9   1.554   -2.608   1.464   0   -2.538e+08   1.413e+08   0
44   1.554   -2.633   1.478   0   -2.538e+08   1.413e+08   0
44.1   1.554   -2.659   1.493   0   -2.538e+08   1.413e+08   0
44.2   1.554   -2.684   1.507   0   -2.538e+08   1.413e+08   0
44.3   1.554   -2.709   1.521   0   -2.538e+08   1.413e+08   0
44.4   1.554   -2.735   1.535   0   -2.538e+08   1.413e+08   0
44.5   1.554   -2.76   1.549   0   -2.538e+08   1.413e+08   0
44.6   1.554   -2.786   1.563   0   -2.538e+08   1.413e+08   0
44.7   1.554   -2.811   1.577   0   -2.538e+08   1.413e+08   0
44.8   1.554   -2.836   1.591   0   -2.538e+08   1.413e+08   0
44.9   1.554   -2.862   1.606   0   -2.538e+08   1.413e+08   0
45   1.554   -2.887   1.62   0   -2.538e+08   1.413e+08   0
