0   0.04   -0.753   0   0   1.121e+08   0   0
0.1   0.04   -0.753   0   0   1.121e+08   0   0
0.2   0.04   -0.753   0   0   1.121e+08   0   0
0.3   0.04   -0.753   0   0   1.121e+08   0   0
0.4   0.04   -0.753   0   0   1.121e+08   0   0
0.5   0.04   -0.753   0   0   1.121e+08   0   0
0.6   0.04   -0.753   0   0   1.121e+08   0   0
0.7   0.04   -0.753   0   0   1.121e+08   0   0
0.8   0.04   -0.753   0   0   1.121e+08   0   0
0.9   0.04   -0.753   0   0   1.121e+08   0   0
1   0.04   -0.753   0   0   1.121e+08   0   0
1.1   0.04   -0.753   0   0   1.121e+08   0   0
1.2   0.04   -0.753   0   0   1.121e+08   0   0
1.3   0.04   -0.753   0   0   1.121e+08   0   0
1.4   0.04   -0.753   0   0   1.121e+08   0   0
1.5   0.04   -0.753   0   0   1.121e+08   0   0
1.6   0.04   -0.753   0   0   1.121e+08   0   0
1.7   0.04   -0.753   0   0   1.121e+08   0   0
1.8   0.04002   -0.7527   0   0   1.122e+08   0   0
1.9   0.04255   -0.7414   0   0   1.153e+08   0   0
2   0.04525   -0.7297   0   0   1.184e+08   0   0
2.1   0.04814   -0.7177   0   0   1.217e+08   0   0
2.2   0.05121   -0.7053   0   0   1.25e+08   0   0
2.3   0.05445   -0.6927   0   0   1.284e+08   0   0
2.4   0.05786   -0.6797   0   0   1.317e+08   0   0
2.5   0.06145   -0.6663   0   0   1.351e+08   0   0
2.6   0.06519   -0.6526   0   0   1.385e+08   0   0
2.7   0.06908   -0.6386   0   0   1.419e+08   0   0
2.8   0.0731   -0.6243   0   0   1.452e+08   0   0
2.9   0.07725   -0.6096   0   0   1.485e+08   0   0
3   0.08151   -0.5946   0   0   1.517e+08   0   0
3.1   0.08585   -0.5792   0   0   1.549e+08   0   0
3.2   0.09026   -0.5636   0   0   1.58e+08   0   0
3.3   0.09472   -0.5476   0   0   1.61e+08   0   0
3.4   0.0992   -0.5314   0   0   1.638e+08   0   0
3.5   0.1037   -0.5149   0   0   1.666e+08   0   0
3.6   0.1081   -0.4981   0   0   1.692e+08   0   0
3.7   0.1124   -0.481   0   0   1.717e+08   0   0
3.8   0.1167   -0.4637   0   0   1.741e+08   0   0
3.9   0.1208   -0.4462   0   0   1.763e+08   0   0
4   0.1247   -0.4285   0   0   1.783e+08   0   0
4.1   0.1283   -0.4105   0   0   1.802e+08   0   0
4.2   0.1317   -0.3924   0   0   1.818e+08   0   0
4.3   0.1347   -0.3742   0   0   1.833e+08   0   0
4.4   0.1373   -0.3558   0   0   1.845e+08   0   0
4.5   0.1395   -0.3373   0   0   1.855e+08   0   0
4.6   0.141   -0.3187   0   0   1.862e+08   0   0
4.7   0.142   -0.3   0   0   1.866e+08   0   0
4.8   0.1422   -0.2814   0   0   1.868e+08   0   0
4.9   0.1416   -0.2627   0   0   1.865e+08   0   0
5   0.1401   -0.2441   0   0   1.858e+08   0   0
5.1   0.1375   -0.2256   0   0   1.846e+08   0   0
5.2   0.1338   -0.2072   0   0   1.828e+08   0   0
5.3   0.1286   -0.189   0   0   1.803e+08   0   0
5.4   0.1283   -0.171   0   0   1.801e+08   0   0
5.5   0.1283   -0.153   0   0   1.801e+08   0   0
5.6   0.1283   -0.135   0   0   1.801e+08   0   0
5.7   0.1283   -0.117   0   0   1.801e+08   0   0
5.8   0.1283   -0.09896   0   0   1.801e+08   0   0
5.9   0.1283   -0.08094   0   0   1.801e+08   0   0
6   0.1283   -0.06293   0   0   1.801e+08   0   0
6.1   0.1283   -0.04491   0   0   1.801e+08   0   0
6.2   0.1283   -0.0269   0   0   1.801e+08   0   0
6.3   0.1283   -0.008883   0   0   1.801e+08   0   0
6.4   0.1283   0.009132   0   0   1.801e+08   0   0
6.5   0.1283   0.02715   0   0   1.801e+08   0   0
6.6   0.1283   0.04516   0   0   1.801e+08   0   0
6.7   0.1283   0.06318   0   0   1.801e+08   0   0
6.8   0.1283   0.08119   0   0   1.801e+08   0   0
6.9   0.1283   0.0992   0   0   1.801e+08   0   0
7   0.1283   0.1172   0   0   1.801e+08   0   0
7.1   0.1283   0.1352   0   0   1.801e+08   0   0
7.2   0.1283   0.1532   0   0   1.801e+08   0   0
7.3   0.1283   0.1713   0   0   1.801e+08   0   0
7.4   0.1291   0.1893   0   0   1.806e+08   0   0
7.5   0.1455   0.2077   0   0   1.882e+08   0   0
7.6   0.1607   0.2269   0   0   1.946e+08   0   0
7.7   0.1748   0.2466   0   0   1.999e+08   0   0
7.8   0.1877   0.2669   0   0   2.045e+08   0   0
7.9   0.1996   0.2875   0   0   2.083e+08   0   0
8   0.2103   0.3085   0   0   2.116e+08   0   0
8.1   0.22   0.3298   0   0   2.144e+08   0   0
8.2   0.2287   0.3514   0   0   2.168e+08   0   0
8.3   0.2365   0.3731   0   0   2.188e+08   0   0
8.4   0.2434   0.3951   0   0   2.205e+08   0   0
8.5   0.2495   0.4172   0   0   2.22e+08   0   0
8.6   0.2548   0.4395   0   0   2.233e+08   0   0
8.7   0.2593   0.4619   0   0   2.243e+08   0   0
8.8   0.2631   0.4844   0   0   2.252e+08   0   0
8.9   0.2662   0.5069   0   0   2.259e+08   0   0
9   0.2688   0.5295   0   0   2.264e+08   0   0
9.1   0.2707   0.5522   0   0   2.269e+08   0   0
9.2   0.2721   0.5749   0   0   2.272e+08   0   0
9.3   0.2729   0.5976   0   0   2.274e+08   0   0
9.4   0.2733   0.6204   0   0   2.274e+08   0   0
9.5   0.2732   0.6431   0   0   2.274e+08   0   0
9.6   0.2727   0.6659   0   0   2.273e+08   0   0
9.7   0.2719   0.6886   0   0   2.271e+08   0   0
9.8   0.2706   0.7113   0   0   2.268e+08   0   0
9.9   0.269   0.734   0   0   2.265e+08   0   0
10   0.2675   0.7566   0   0   2.262e+08   0   0
10.1   0.2675   0.7792   0   0   2.262e+08   0   0
10.2   0.2675   0.8018   0   0   2.262e+08   0   0
10.3   0.2675   0.8244   0   0   2.262e+08   0   0
10.4   0.2675   0.8471   0   0   2.262e+08   0   0
10.5   0.2675   0.8697   0   0   2.262e+08   0   0
10.6   0.2675   0.8923   0   0   2.262e+08   0   0
10.7   0.2675   0.9149   0   0   2.262e+08   0   0
10.8   0.2675   0.9375   0   0   2.262e+08   0   0
10.9   0.2675   0.9601   0   0   2.262e+08   0   0
11   0.2675   0.9828   0   0   2.262e+08   0   0
11.1   0.2675   1.005   0   0   2.262e+08   0   0
11.2   0.2675   1.028   0   0   2.262e+08   0   0
11.3   0.2675   1.051   0   0   2.262e+08   0   0
11.4   0.2675   1.073   0   0   2.262e+08   0   0
11.5   0.2675   1.096   0   0   2.262e+08   0   0
11.6   0.2678   1.118   -0.0009508   0   2.23e+08   -3.795e+07   0
11.7   0.2684   1.14   -0.008506   0   1.973e+08   -1.11e+08   0
11.8   0.269   1.157   -0.02277   0   1.485e+08   -1.71e+08   0
11.9   0.2696   1.169   -0.04209   0   8.235e+07   -2.111e+08   0
12   0.2702   1.173   -0.06421   0   6.561e+06   -2.267e+08   0
12.1   0.2708   1.17   -0.08655   0   -7.002e+07   -2.158e+08   0
12.2   0.2714   1.159   -0.1065   0   -1.385e+08   -1.799e+08   0
12.3   0.2721   1.143   -0.1218   0   -1.909e+08   -1.231e+08   0
12.4   0.2727   1.122   -0.1306   0   -2.213e+08   -5.198e+07   0
12.5   0.2733   1.099   -0.1319   0   -2.26e+08   2.516e+07   0
12.6   0.2734   1.077   -0.1282   0   -2.243e+08   3.747e+07   0
12.7   0.2734   1.054   -0.1245   0   -2.243e+08   3.747e+07   0
12.8   0.2734   1.032   -0.1207   0   -2.243e+08   3.747e+07   0
12.9   0.2734   1.009   -0.117   0   -2.243e+08   3.747e+07   0
13   0.2734   0.9871   -0.1133   0   -2.243e+08   3.747e+07   0
13.1   0.2734   0.9646   -0.1095   0   -2.243e+08   3.747e+07   0
13.2   0.2734   0.9422   -0.1058   0   -2.243e+08   3.747e+07   0
13.3   0.2734   0.9198   -0.102   0   -2.243e+08   3.747e+07   0
13.4   0.2734   0.8973   -0.09827   0   -2.243e+08   3.747e+07   0
13.5   0.2734   0.8749   -0.09452   0   -2.243e+08   3.747e+07   0
13.6   0.2734   0.8525   -0.09077   0   -2.243e+08   3.747e+07   0
13.7   0.2734   0.83   -0.08703   0   -2.243e+08   3.747e+07   0
13.8   0.2734   0.8076   -0.08328   0   -2.243e+08   3.747e+07   0
13.9   0.2734   0.7852   -0.07953   0   -2.243e+08   3.747e+07   0
14   0.2734   0.7627   -0.07578   0   -2.243e+08   3.747e+07   0
14.1   0.2734   0.7403   -0.07204   0   -2.243e+08   3.747e+07   0
14.2   0.2732   0.7179   -0.06829   0   -2.243e+08   3.747e+07   0
14.3   0.2725   0.6954   -0.06454   0   -2.241e+08   3.747e+07   0
14.4   0.2714   0.673   -0.0608   0   -2.239e+08   3.747e+07   0
14.5   0.2699   0.6506   -0.05705   0   -2.236e+08   3.748e+07   0
14.6   0.268   0.6283   -0.0533   0   -2.231e+08   3.749e+07   0
14.7   0.2655   0.606   -0.04955   0   -2.226e+08   3.75e+07   0
14.8   0.2625   0.5838   -0.0458   0   -2.219e+08   3.752e+07   0
14.9   0.2591   0.5616   -0.04205   0   -2.211e+08   3.755e+07   0
15   0.255   0.5396   -0.03829   0   -2.202e+08   3.759e+07   0
15.1   0.2504   0.5176   -0.03453   0   -2.19e+08   3.765e+07   0
15.2   0.2453   0.4958   -0.03076   0   -2.178e+08   3.773e+07   0
15.3   0.2395   0.4741   -0.02698   0   -2.163e+08   3.783e+07   0
15.4   0.2331   0.4525   -0.02319   0   -2.146e+08   3.797e+07   0
15.5   0.2261   0.4312   -0.01939   0   -2.127e+08   3.814e+07   0
15.6   0.2184   0.41   -0.01556   0   -2.105e+08   3.835e+07   0
15.7   0.2102   0.3891   -0.01171   0   -2.08e+08   3.863e+07   0
15.8   0.2012   0.3684   -0.007833   0   -2.052e+08   3.897e+07   0
15.9   0.1916   0.3481   -0.003915   0   -2.02e+08   3.94e+07   0
16   0.1814   0.3281   5.212e-05   0   -1.983e+08   3.995e+07   0
16.1   0.1706   0.3084   0.00408   0   -1.942e+08   4.063e+07   0
16.2   0.1593   0.2892   0.008184   0   -1.895e+08   4.148e+07   0
16.3   0.1474   0.2705   0.01238   0   -1.842e+08   4.255e+07   0
16.4   0.1351   0.2524   0.01671   0   -1.781e+08   4.39e+07   0
16.5   0.1225   0.235   0.02118   0   -1.712e+08   4.559e+07   0
16.6   0.1097   0.2182   0.02584   0   -1.634e+08   4.77e+07   0
16.7   0.09704   0.2023   0.03074   0   -1.545e+08   5.036e+07   0
16.8   0.08471   0.1874   0.03593   0   -1.444e+08   5.367e+07   0
16.9   0.08231   0.1731   0.04137   0   -1.423e+08   5.442e+07   0
17   0.08231   0.1589   0.04681   0   -1.423e+08   5.442e+07   0
17.1   0.08231   0.1447   0.05225   0   -1.423e+08   5.442e+07   0
17.2   0.08231   0.1304   0.05769   0   -1.423e+08   5.442e+07   0
17.3   0.08231   0.1162   0.06314   0   -1.423e+08   5.442e+07   0
17.4   0.08231   0.102   0.06858   0   -1.423e+08   5.442e+07   0
17.5   0.08231   0.08775   0.07402   0   -1.423e+08   5.442e+07   0
17.6   0.08231   0.07352   0.07946   0   -1.423e+08   5.442e+07   0
17.7   0.08231   0.0593   0.0849   0   -1.423e+08   5.442e+07   0
17.8   0.08231   0.04507   0.09035   0   -1.423e+08   5.442e+07   0
17.9   0.08231   0.03084   0.09579   0   -1.423e+08   5.442e+07   0
18   0.08231   0.01661   0.1012   0   -1.423e+08   5.442e+07   0
18.1   0.08231   0.002379   0.1067   0   -1.423e+08   5.442e+07   0
18.2   0.08231   -0.01185   0.1121   0   -1.423e+08   5.442e+07   0
18.3   0.08231   -0.02608   0.1176   0   -1.423e+08   5.442e+07   0
18.4   0.08231   -0.04031   0.123   0   -1.423e+08   5.442e+07   0
18.5   0.08231   -0.05454   0.1284   0   -1.423e+08   5.442e+07   0
18.6   0.08231   -0.06877   0.1339   0   -1.423e+08   5.442e+07   0
18.7   0.08231   -0.083   0.1393   0   -1.423e+08   5.442e+07   0
18.8   0.08231   -0.09722   0.1448   0   -1.423e+08   5.442e+07   0
18.9   0.08231   -0.1115   0.1502   0   -1.423e+08   5.442e+07   0
19   0.0807   -0.1256   0.1556   0   -1.415e+08   5.308e+07   0
19.1   0.07829   -0.1397   0.1608   0   -1.403e+08   5.114e+07   0
19.2   0.07532   -0.1537   0.1658   0   -1.387e+08   4.88e+07   0
19.3   0.07189   -0.1675   0.1705   0   -1.367e+08   4.613e+07   0
19.4   0.0681   -0.181   0.175   0   -1.343e+08   4.318e+07   0
19.5   0.06402   -0.1943   0.1792   0   -1.315e+08   4e+07   0
19.6   0.05975   -0.2073   0.183   0   -1.284e+08   3.661e+07   0
19.7   0.05535   -0.22   0.1865   0   -1.25e+08   3.304e+07   0
19.8   0.05089   -0.2323   0.1896   0   -1.212e+08   2.933e+07   0
19.9   0.04644   -0.2442   0.1923   0   -1.171e+08   2.548e+07   0
20   0.04204   -0.2557   0.1947   0   -1.126e+08   2.152e+07   0
20.1   0.03775   -0.2667   0.1966   0   -1.079e+08   1.747e+07   0
20.2   0.0336   -0.2772   0.1982   0   -1.028e+08   1.334e+07   0
20.3   0.02965   -0.2872   0.1993   0   -9.749e+07   9.161e+06   0
20.4   0.02593   -0.2967   0.2   0   -9.191e+07   4.943e+06   0
20.5   0.02247   -0.3056   0.2003   0   -8.608e+07   7.054e+05   0
20.6   0.01929   -0.3139   0.2001   0   -8.004e+07   -3.532e+06   0
20.7   0.01641   -0.3216   0.1996   0   -7.38e+07   -7.752e+06   0
20.8   0.01386   -0.3287   0.1986   0   -6.739e+07   -1.193e+07   0
20.9   0.01164   -0.3351   0.1972   0   -6.084e+07   -1.606e+07   0
21   0.009768   -0.3408   0.1954   0   -5.418e+07   -2.012e+07   0
21.1   0.008241   -0.3459   0.1932   0   -4.744e+07   -2.408e+07   0
21.2   0.007061   -0.3503   0.1906   0   -4.066e+07   -2.793e+07   0
21.3   0.006221   -0.354   0.1876   0   -3.386e+07   -3.166e+07   0
21.4   0.005713   -0.3571   0.1842   0   -2.709e+07   -3.525e+07   0
21.5   0.005524   -0.3594   0.1805   0   -2.037e+07   -3.869e+07   0
21.6   0.005635   -0.3611   0.1765   0   -1.374e+07   -4.197e+07   0
21.7   0.006027   -0.3622   0.1721   0   -7.238e+06   -4.506e+07   0
21.8   0.006675   -0.3626   0.1675   0   -8.895e+05   -4.798e+07   0
21.9   0.007552   -0.3624   0.1625   0   5.272e+06   -5.07e+07   0
22   0.008627   -0.3615   0.1573   0   1.122e+07   -5.323e+07   0
22.1   0.009867   -0.3601   0.1519   0   1.692e+07   -5.556e+07   0
22.2   0.01124   -0.3582   0.1462   0   2.234e+07   -5.768e+07   0
22.3   0.0127   -0.3557   0.1404   0   2.747e+07   -5.961e+07   0
22.4   0.01423   -0.3527   0.1343   0   3.228e+07   -6.133e+07   0
22.5   0.01577   -0.3492   0.1281   0   3.673e+07   -6.285e+07   0
22.6   0.01729   -0.3453   0.1218   0   4.082e+07   -6.418e+07   0
22.7   0.01874   -0.3411   0.1153   0   4.451e+07   -6.532e+07   0
22.8   0.0201   -0.3364   0.1087   0   4.778e+07   -6.627e+07   0
22.9   0.02132   -0.3315   0.102   0   5.061e+07   -6.705e+07   0
23   0.02238   -0.3263   0.09529   0   5.297e+07   -6.765e+07   0
23.1   0.02322   -0.3209   0.0885   0   5.483e+07   -6.81e+07   0
23.2   0.02384   -0.3154   0.08168   0   5.618e+07   -6.84e+07   0
23.3   0.02421   -0.3097   0.07483   0   5.698e+07   -6.856e+07   0
23.4   0.02431   -0.304   0.06797   0   5.719e+07   -6.86e+07   0
23.5   0.02413   -0.2983   0.06111   0   5.679e+07   -6.854e+07   0
23.6   0.02367   -0.2927   0.05426   0   5.574e+07   -6.838e+07   0
23.7   0.02295   -0.2872   0.04744   0   5.4e+07   -6.816e+07   0
23.8   0.022   -0.2819   0.04063   0   5.155e+07   -6.789e+07   0
23.9   0.02084   -0.2769   0.03386   0   4.835e+07   -6.759e+07   0
24   0.01954   -0.2723   0.02712   0   4.437e+07   -6.73e+07   0
24.1   0.01816   -0.268   0.0204   0   3.959e+07   -6.705e+07   0
24.2   0.01679   -0.2644   0.0137   0   3.401e+07   -6.686e+07   0
24.3   0.01552   -0.2613   0.007024   0   2.763e+07   -6.677e+07   0
24.4   0.01447   -0.2589   0.0003465   0   2.048e+07   -6.68e+07   0
24.5   0.01374   -0.2572   -0.006342   0   1.261e+07   -6.699e+07   0
24.6   0.01345   -0.2564   -0.01306   0   4.091e+06   -6.735e+07   0
24.7   0.01371   -0.2564   -0.01982   0   -4.976e+06   -6.789e+07   0
24.8   0.01459   -0.2574   -0.02664   0   -1.447e+07   -6.864e+07   0
24.9   0.01617   -0.2593   -0.03355   0   -2.426e+07   -6.958e+07   0
25   0.01849   -0.2623   -0.04057   0   -3.419e+07   -7.07e+07   0
25.1   0.02156   -0.2662   -0.0477   0   -4.413e+07   -7.198e+07   0
25.2   0.02535   -0.2711   -0.05497   0   -5.392e+07   -7.341e+07   0
25.3   0.02983   -0.277   -0.06239   0   -6.345e+07   -7.493e+07   0
25.4   0.03492   -0.2838   -0.06996   0   -7.262e+07   -7.654e+07   0
25.5   0.04055   -0.2915   -0.0777   0   -8.134e+07   -7.818e+07   0
25.6   0.0466   -0.3   -0.0856   0   -8.956e+07   -7.984e+07   0
25.7   0.05299   -0.3094   -0.09367   0   -9.724e+07   -8.15e+07   0
25.8   0.05962   -0.3195   -0.1019   0   -1.044e+08   -8.312e+07   0
25.9   0.06638   -0.3303   -0.1103   0   -1.109e+08   -8.469e+07   0
26   0.07319   -0.3417   -0.1188   0   -1.17e+08   -8.619e+07   0
26.1   0.07996   -0.3536   -0.1275   0   -1.225e+08   -8.763e+07   0
26.2   0.08663   -0.3661   -0.1364   0   -1.275e+08   -8.899e+07   0
26.3   0.09312   -0.3791   -0.1453   0   -1.32e+08   -9.026e+07   0
26.4   0.09938   -0.3925   -0.1544   0   -1.361e+08   -9.145e+07   0
26.5   0.1054   -0.4063   -0.1636   0   -1.398e+08   -9.255e+07   0
26.6   0.111   -0.4205   -0.1729   0   -1.431e+08   -9.357e+07   0
26.7   0.1164   -0.4349   -0.1823   0   -1.46e+08   -9.45e+07   0
26.8   0.1213   -0.4497   -0.1918   0   -1.486e+08   -9.535e+07   0
26.9   0.1259   -0.4646   -0.2014   0   -1.509e+08   -9.612e+07   0
27   0.1301   -0.4798   -0.211   0   -1.53e+08   -9.681e+07   0
27.1   0.1339   -0.4952   -0.2208   0   -1.548e+08   -9.743e+07   0
27.2   0.1372   -0.5108   -0.2305   0   -1.563e+08   -9.797e+07   0
27.3   0.1402   -0.5265   -0.2403   0   -1.576e+08   -9.844e+07   0
27.4   0.1427   -0.5423   -0.2502   0   -1.587e+08   -9.885e+07   0
27.5   0.1449   -0.5582   -0.2601   0   -1.596e+08   -9.919e+07   0
27.6   0.1466   -0.5742   -0.27   0   -1.604e+08   -9.947e+07   0
27.7   0.148   -0.5903   -0.28   0   -1.609e+08   -9.969e+07   0
27.8   0.149   -0.6064   -0.29   0   -1.613e+08   -9.984e+07   0
27.9   0.1496   -0.6226   -0.3   0   -1.616e+08   -9.994e+07   0
28   0.1499   -0.6387   -0.31   0   -1.617e+08   -9.999e+07   0
28.1   0.1498   -0.6549   -0.32   0   -1.617e+08   -9.998e+07   0
28.2   0.1495   -0.6711   -0.33   0   -1.615e+08   -9.993e+07   0
28.3   0.1493   -0.6872   -0.34   0   -1.615e+08   -9.99e+07   0
28.4   0.1493   -0.7034   -0.3499   0   -1.615e+08   -9.99e+07   0
28.5   0.1493   -0.7195   -0.3599   0   -1.615e+08   -9.99e+07   0
28.6   0.1493   -0.7356   -0.3699   0   -1.615e+08   -9.99e+07   0
28.7   0.1493   -0.7518   -0.3799   0   -1.615e+08   -9.99e+07   0
28.8   0.1493   -0.7679   -0.3899   0   -1.615e+08   -9.99e+07   0
28.9   0.1493   -0.7841   -0.3999   0   -1.615e+08   -9.99e+07   0
29   0.1493   -0.8002   -0.4099   0   -1.615e+08   -9.99e+07   0
29.1   0.1493   -0.8164   -0.4199   0   -1.615e+08   -9.99e+07   0
29.2   0.1493   -0.8325   -0.4299   0   -1.615e+08   -9.99e+07   0
29.3   0.1493   -0.8487   -0.4399   0   -1.615e+08   -9.99e+07   0
29.4   0.1493   -0.8648   -0.4498   0   -1.615e+08   -9.99e+07   0
29.5   0.1493   -0.881   -0.4598   0   -1.615e+08   -9.99e+07   0
29.6   0.1493   -0.8971   -0.4698   0   -1.615e+08   -9.99e+07   0
29.7   0.1493   -0.9133   -0.4798   0   -1.615e+08   -9.99e+07   0
29.8   0.1493   -0.9294   -0.4898   0   -1.615e+08   -9.99e+07   0
29.9   0.1493   -0.9456   -0.4998   0   -1.615e+08   -9.99e+07   0
30   0.1493   -0.9617   -0.5098   0   -1.615e+08   -9.99e+07   0
30.1   0.1493   -0.9779   -0.5198   0   -1.615e+08   -9.99e+07   0
30.2   0.1493   -0.994   -0.5298   0   -1.615e+08   -9.99e+07   0
30.3   0.1493   -1.01   -0.5398   0   -1.615e+08   -9.99e+07   0
30.4   0.1493   -1.026   -0.5497   0   -1.615e+08   -9.99e+07   0
30.5   0.1493   -1.042   -0.5597   0   -1.615e+08   -9.99e+07   0
30.6   0.1493   -1.059   -0.5697   0   -1.615e+08   -9.99e+07   0
30.7   0.1493   -1.075   -0.5797   0   -1.615e+08   -9.99e+07   0
30.8   0.1493   -1.091   -0.5897   0   -1.615e+08   -9.99e+07   0
30.9   0.1493   -1.107   -0.5997   0   -1.615e+08   -9.99e+07   0
31   0.1493   -1.123   -0.6097   0   -1.615e+08   -9.99e+07   0
31.1   0.1493   -1.139   -0.6197   0   -1.615e+08   -9.99e+07   0
31.2   0.1493   -1.155   -0.6297   0   -1.615e+08   -9.99e+07   0
31.3   0.1493   -1.172   -0.6397   0   -1.615e+08   -9.99e+07   0
31.4   0.1493   -1.188   -0.6496   0   -1.615e+08   -9.99e+07   0
31.5   0.1493   -1.204   -0.6596   0   -1.615e+08   -9.99e+07   0
31.6   0.1493   -1.22   -0.6696   0   -1.615e+08   -9.99e+07   0
31.7   0.1493   -1.236   -0.6796   0   -1.615e+08   -9.99e+07   0
31.8   0.1493   -1.252   -0.6896   0   -1.615e+08   -9.99e+07   0
31.9   0.1493   -1.269   -0.6996   0   -1.615e+08   -9.99e+07   0
32   0.1493   -1.285   -0.7096   0   -1.615e+08   -9.99e+07   0
32.1   0.1493   -1.301   -0.7196   0   -1.615e+08   -9.99e+07   0
32.2   0.1493   -1.317   -0.7296   0   -1.615e+08   -9.99e+07   0
32.3   0.1493   -1.333   -0.7396   0   -1.615e+08   -9.99e+07   0
32.4   0.1493   -1.349   -0.7495   0   -1.615e+08   -9.99e+07   0
32.5   0.1493   -1.365   -0.7595   0   -1.615e+08   -9.99e+07   0
32.6   0.1493   -1.382   -0.7695   0   -1.615e+08   -9.99e+07   0
32.7   0.1493   -1.398   -0.7795   0   -1.615e+08   -9.99e+07   0
32.8   0.1493   -1.414   -0.7895   0   -1.615e+08   -9.99e+07   0
32.9   0.1493   -1.43   -0.7995   0   -1.615e+08   -9.99e+07   0
33   0.1493   -1.446   -0.8095   0   -1.615e+08   -9.99e+07   0
33.1   0.1493   -1.462   -0.8195   0   -1.615e+08   -9.99e+07   0
33.2   0.1493   -1.478   -0.8295   0   -1.615e+08   -9.99e+07   0
33.3   0.1493   -1.495   -0.8395   0   -1.615e+08   -9.99e+07   0
33.4   0.1493   -1.511   -0.8494   0   -1.615e+08   -9.99e+07   0
33.5   0.1493   -1.527   -0.8594   0   -1.615e+08   -9.99e+07   0
33.6   0.1493   -1.543   -0.8694   0   -1.615e+08   -9.99e+07   0
33.7   0.1493   -1.559   -0.8794   0   -1.615e+08   -9.99e+07   0
33.8   0.1493   -1.575   -0.8894   0   -1.615e+08   -9.99e+07   0
33.9   0.1493   -1.591   -0.8994   0   -1.615e+08   -9.99e+07   0
34   0.1493   -1.608   -0.9094   0   -1.615e+08   -9.99e+07   0
34.1   0.1493   -1.624   -0.9194   0   -1.615e+08   -9.99e+07   0
34.2   0.1493   -1.64   -0.9294   0   -1.615e+08   -9.99e+07   0
34.3   0.1493   -1.656   -0.9394   0   -1.615e+08   -9.99e+07   0
34.4   0.1493   -1.672   -0.9493   0   -1.615e+08   -9.99e+07   0
34.5   0.1493   -1.688   -0.9593   0   -1.615e+08   -9.99e+07   0
34.6   0.1493   -1.705   -0.9693   0   -1.615e+08   -9.99e+07   0
34.7   0.1493   -1.721   -0.9793   0   -1.615e+08   -9.99e+07   0
34.8   0.1493   -1.737   -0.9893   0   -1.615e+08   -9.99e+07   0
34.9   0.1493   -1.753   -0.9993   0   -1.615e+08   -9.99e+07   0
35   0.1493   -1.769   -1.009   0   -1.615e+08   -9.99e+07   0
35.1   0.1493   -1.785   -1.019   0   -1.615e+08   -9.99e+07   0
35.2   0.1493   -1.801   -1.029   0   -1.615e+08   -9.99e+07   0
35.3   0.1493   -1.818   -1.039   0   -1.615e+08   -9.99e+07   0
35.4   0.1493   -1.834   -1.049   0   -1.615e+08   -9.99e+07   0
35.5   0.1493   -1.85   -1.059   0   -1.615e+08   -9.99e+07   0
35.6   0.1493   -1.866   -1.069   0   -1.615e+08   -9.99e+07   0
35.7   0.1493   -1.882   -1.079   0   -1.615e+08   -9.99e+07   0
35.8   0.1493   -1.898   -1.089   0   -1.615e+08   -9.99e+07   0
35.9   0.1493   -1.914   -1.099   0   -1.615e+08   -9.99e+07   0
36   0.1493   -1.931   -1.109   0   -1.615e+08   -9.99e+07   0
36.1   0.1493   -1.947   -1.119   0   -1.615e+08   -9.99e+07   0
36.2   0.1493   -1.963   -1.129   0   -1.615e+08   -9.99e+07   0
36.3   0.1493   -1.979   -1.139   0   -1.615e+08   -9.99e+07   0
36.4   0.1493   -1.995   -1.149   0   -1.615e+08   -9.99e+07   0
36.5   0.1493   -2.011   -1.159   0   -1.615e+08   -9.99e+07   0
36.6   0.1493   -2.027   -1.169   0   -1.615e+08   -9.99e+07   0
36.7   0.1493   -2.044   -1.179   0   -1.615e+08   -9.99e+07   0
36.8   0.1493   -2.06   -1.189   0   -1.615e+08   -9.99e+07   0
36.9   0.1493   -2.076   -1.199   0   -1.615e+08   -9.99e+07   0
37   0.1493   -2.092   -1.209   0   -1.615e+08   -9.99e+07   0
37.1   0.1493   -2.108   -1.219   0   -1.615e+08   -9.99e+07   0
37.2   0.1493   -2.124   -1.229   0   -1.615e+08   -9.99e+07   0
37.3   0.1493   -2.14   -1.239   0   -1.615e+08   -9.99e+07   0
37.4   0.1493   -2.157   -1.249   0   -1.615e+08   -9.99e+07   0
37.5   0.1493   -2.173   -1.259   0   -1.615e+08   -9.99e+07   0
37.6   0.1493   -2.189   -1.269   0   -1.615e+08   -9.99e+07   0
37.7   0.1493   -2.205   -1.279   0   -1.615e+08   -9.99e+07   0
37.8   0.1493   -2.221   -1.289   0   -1.615e+08   -9.99e+07   0
37.9   0.1493   -2.237   -1.299   0   -1.615e+08   -9.99e+07   0
38   0.1493   -2.254   -1.309   0   -1.615e+08   -9.99e+07   0
38.1   0.1493   -2.27   -1.319   0   -1.615e+08   -9.99e+07   0
38.2   0.1493   -2.286   -1.329   0   -1.615e+08   -9.99e+07   0
38.3   0.1493   -2.302   -1.339   0   -1.615e+08   -9.99e+07   0
38.4   0.1493   -2.318   -1.349   0   -1.615e+08   -9.99e+07   0
38.5   0.1493   -2.334   -1.359   0   -1.615e+08   -9.99e+07   0
38.6   0.1493   -2.35   -1.369   0   -1.615e+08   -9.99e+07   0
38.7   0.1493   -2.367   -1.379   0   -1.615e+08   -9.99e+07   0
38.8   0.1493   -2.383   -1.389   0   -1.615e+08   -9.99e+07   0
38.9   0.1493   -2.399   -1.399   0   -1.615e+08   -9.99e+07   0
39   0.1493   -2.415   -1.409   0   -1.615e+08   -9.99e+07   0
39.1   0.1493   -2.431   -1.419   0   -1.615e+08   -9.99e+07   0
39.2   0.1493   -2.447   -1.429   0   -1.615e+08   -9.99e+07   0
39.3   0.1493   -2.463   -1.439   0   -1.615e+08   -9.99e+07   0
39.4   0.1493   -2.48   -1.449   0   -1.615e+08   -9.99e+07   0
39.5   0.1493   -2.496   -1.459   0   -1.615e+08   -9.99e+07   0
39.6   0.1493   -2.512   -1.469   0   -1.615e+08   -9.99e+07   0
39.7   0.1493   -2.528   -1.479   0   -1.615e+08   -9.99e+07   0
39.8   0.1493   -2.544   -1.489   0   -1.615e+08   -9.99e+07   0
39.9   0.1493   -2.56   -1.499   0   -1.615e+08   -9.99e+07   0
40   0.1493   -2.576   -1.509   0   -1.615e+08   -9.99e+07   0
40.1   0.1493   -2.593   -1.519   0   -1.615e+08   -9.99e+07   0
40.2   0.1493   -2.609   -1.529   0   -1.615e+08   -9.99e+07   0
40.3   0.1493   -2.625   -1.539   0   -1.615e+08   -9.99e+07   0
40.4   0.1493   -2.641   -1.549   0   -1.615e+08   -9.99e+07   0
40.5   0.1493   -2.657   -1.559   0   -1.615e+08   -9.99e+07   0
40.6   0.1493   -2.673   -1.569   0   -1.615e+08   -9.99e+07   0
40.7   0.1493   -2.69   -1.579   0   -1.615e+08   -9.99e+07   0
40.8   0.1493   -2.706   -1.589   0   -1.615e+08   -9.99e+07   0
40.9   0.1493   -2.722   -1.599   0   -1.615e+08   -9.99e+07   0
41   0.1493   -2.738   -1.609   0   -1.615e+08   -9.99e+07   0
41.1   0.1493   -2.754   -1.619   0   -1.615e+08   -9.99e+07   0
41.2   0.1493   -2.77   -1.629   0   -1.615e+08   -9.99e+07   0
41.3   0.1493   -2.786   -1.639   0   -1.615e+08   -9.99e+07   0
41.4   0.1493   -2.803   -1.649   0   -1.615e+08   -9.99e+07   0
41.5   0.1493   -2.819   -1.659   0   -1.615e+08   -9.99e+07   0
41.6   0.1493   -2.835   -1.669   0   -1.615e+08   -9.99e+07   0
41.7   0.1493   -2.851   -1.679   0   -1.615e+08   -9.99e+07   0
41.8   0.1493   -2.867   -1.689   0   -1.615e+08   -9.99e+07   0
41.9   0.1493   -2.883   -1.699   0   -1.615e+08   -9.99e+07   0
42   0.1493   -2.899   -1.709   0   -1.615e+08   -9.99e+07   0
42.1   0.1493   -2.916   -1.719   0   -1.615e+08   -9.99e+07   0
42.2   0.1493   -2.932   -1.729   0   -1.615e+08   -9.99e+07   0
42.3   0.1493   -2.948   -1.739   0   -1.615e+08   -9.99e+07   0
42.4   0.1493   -2.964   -1.749   0   -1.615e+08   -9.99e+07   0
42.5   0.1493   -2.98   -1.759   0   -1.615e+08   -9.99e+07   0
42.6   0.1493   -2.996   -1.769   0   -1.615e+08   -9.99e+07   0
42.7   0.1493   -3.012   -1.779   0   -1.615e+08   -9.99e+07   0
42.8   0.1493   -3.029   -1.789   0   -1.615e+08   -9.99e+07   0
42.9   0.1493   -3.045   -1.798   0   -1.615e+08   -9.99e+07   0
43   0.1493   -3.061   -1.808   0   -1.615e+08   -9.99e+07   0
43.1   0.1493   -3.077   -1.818   0   -1.615e+08   -9.99e+07   0
43.2   0.1493   -3.093   -1.828   0   -1.615e+08   -9.99e+07   0
43.3   0.1493   -3.109   -1.838   0   -1.615e+08   -9.99e+07   0
43.4   0.1493   -3.126   -1.848   0   -1.615e+08   -9.99e+07   0
43.5   0.1493   -3.142   -1.858   0   -1.615e+08   -9.99e+07   0
43.6   0.1493   -3.158   -1.868   0   -1.615e+08   -9.99e+07   0
43.7   0.1493   -3.174   -1.878   0   -1.615e+08   -9.99e+07   0
43.8   0.1493   -3.19   -1.888   0   -1.615e+08   -9.99e+07   0
43.9   0.1493   -3.206   -1.898   0   -1.615e+08   -9.99e+07   0
44   0.1493   -3.222   -1.908   0   -1.615e+08   -9.99e+07   0
44.1   0.1493   -3.239   -1.918   0   -1.615e+08   -9.99e+07   0
44.2   0.1493   -3.255   -1.928   0   -1.615e+08   -9.99e+07   0
44.3   0.1493   -3.271   -1.938   0   -1.615e+08   -9.99e+07   0
44.4   0.1493   -3.287   -1.948   0   -1.615e+08   -9.99e+07   0
44.5   0.1493   -3.303   -1.958   0   -1.615e+08   -9.99e+07   0
44.6   0.1493   -3.319   -1.968   0   -1.615e+08   -9.99e+07   0
44.7   0.1493   -3.335   -1.978   0   -1.615e+08   -9.99e+07   0
44.8   0.1493   -3.352   -1.988   0   -1.615e+08   -9.99e+07   0
44.9   0.1493   -3.368   -1.998   0   -1.615e+08   -9.99e+07   0
45   0.1493   -3.384   -2.008   0   -1.615e+08   -9.99e+07   0
