0   0.04   -0.753   0   0   1.121e+08   0   0
0.1   0.04   -0.753   0   0   1.121e+08   0   0
0.2   0.04   -0.753   0   0   1.121e+08   0   0
0.3   0.04   -0.753   0   0   1.121e+08   0   0
0.4   0.04   -0.753   0   0   1.121e+08   0   0
0.5   0.04   -0.753   0   0   1.121e+08   0   0
0.6   0.04   -0.753   0   0   1.121e+08   0   0
0.7   0.04   -0.753   0   0   1.121e+08   0   0
0.8   0.04   -0.753   0   0   1.121e+08   0   0
0.9   0.04   -0.753   0   0   1.121e+08   0   0
1   0.04   -0.753   0   0   1.121e+08   0   0
1.1   0.04   -0.753   0   0   1.121e+08   0   0
1.2   0.04   -0.753   0   0   1.121e+08   0   0
1.3   0.04   -0.753   0   0   1.121e+08   0   0
1.4   0.04   -0.753   0   0   1.121e+08   0   0
1.5   0.04   -0.753   0   0   1.121e+08   0   0
1.6   0.04   -0.753   0   0   1.121e+08   0   0
1.7   0.04   -0.753   0   0   1.121e+08   0   0
1.8   0.04   -0.753   0   0   1.121e+08   0   0
1.9   0.04202   -0.7438   0   0   1.146e+08   0   0
2   0.0447   -0.7322   0   0   1.178e+08   0   0
2.1   0.04756   -0.7202   0   0   1.21e+08   0   0
2.2   0.0506   -0.7079   0   0   1.244e+08   0   0
2.3   0.05381   -0.6953   0   0   1.277e+08   0   0
2.4   0.0572   -0.6824   0   0   1.311e+08   0   0
2.5   0.06075   -0.6691   0   0   1.345e+08   0   0
2.6   0.06445   -0.6555   0   0   1.379e+08   0   0
2.7   0.06831   -0.6415   0   0   1.412e+08   0   0
2.8   0.0723   -0.6273   0   0   1.446e+08   0   0
2.9   0.07641   -0.6126   0   0   1.479e+08   0   0
3   0.08062   -0.5977   0   0   1.511e+08   0   0
3.1   0.08493   -0.5824   0   0   1.542e+08   0   0
3.2   0.08929   -0.5668   0   0   1.573e+08   0   0
3.3   0.09371   -0.5509   0   0   1.603e+08   0   0
3.4   0.09813   -0.5348   0   0   1.632e+08   0   0
3.5   0.1026   -0.5183   0   0   1.659e+08   0   0
3.6   0.1069   -0.5016   0   0   1.686e+08   0   0
3.7   0.1112   -0.4846   0   0   1.711e+08   0   0
3.8   0.1154   -0.4674   0   0   1.734e+08   0   0
3.9   0.1195   -0.4499   0   0   1.756e+08   0   0
4   0.1233   -0.4323   0   0   1.776e+08   0   0
4.1   0.1269   -0.4144   0   0   1.795e+08   0   0
4.2   0.1302   -0.3964   0   0   1.811e+08   0   0
4.3   0.1332   -0.3782   0   0   1.826e+08   0   0
4.4   0.1358   -0.3599   0   0   1.838e+08   0   0
4.5   0.1379   -0.3414   0   0   1.848e+08   0   0
4.6   0.1395   -0.3229   0   0   1.855e+08   0   0
4.7   0.1404   -0.3044   0   0   1.859e+08   0   0
4.8   0.1406   -0.2858   0   0   1.86e+08   0   0
4.9   0.1401   -0.2672   0   0   1.858e+08   0   0
5   0.1386   -0.2486   0   0   1.851e+08   0   0
5.1   0.136   -0.2302   0   0   1.839e+08   0   0
5.2   0.1323   -0.2119   0   0   1.821e+08   0   0
5.3   0.1273   -0.1938   0   0   1.797e+08   0   0
5.4   0.1255   -0.1759   0   0   1.787e+08   0   0
5.5   0.1255   -0.158   0   0   1.787e+08   0   0
5.6   0.1255   -0.1401   0   0   1.787e+08   0   0
5.7   0.1255   -0.1223   0   0   1.787e+08   0   0
5.8   0.1255   -0.1044   0   0   1.787e+08   0   0
5.9   0.1255   -0.08651   0   0   1.787e+08   0   0
6   0.1255   -0.06864   0   0   1.787e+08   0   0
6.1   0.1255   -0.05077   0   0   1.787e+08   0   0
6.2   0.1255   -0.0329   0   0   1.787e+08   0   0
6.3   0.1255   -0.01502   0   0   1.787e+08   0   0
6.4   0.1255   0.002848   0   0   1.787e+08   0   0
6.5   0.1255   0.02072   0   0   1.787e+08   0   0
6.6   0.1255   0.03859   0   0   1.787e+08   0   0
6.7   0.1255   0.05646   0   0   1.787e+08   0   0
6.8   0.1255   0.07434   0   0   1.787e+08   0   0
6.9   0.1255   0.09221   0   0   1.787e+08   0   0
7   0.1255   0.1101   0   0   1.787e+08   0   0
7.1   0.1255   0.128   0   0   1.787e+08   0   0
7.2   0.1255   0.1458   0   0   1.787e+08   0   0
7.3   0.1255   0.1637   0   0   1.787e+08   0   0
7.4   0.1255   0.1816   0   0   1.787e+08   0   0
7.5   0.1356   0.1996   0   0   1.837e+08   0   0
7.6   0.1511   0.2183   0   0   1.906e+08   0   0
7.7   0.1655   0.2377   0   0   1.964e+08   0   0
7.8   0.1786   0.2576   0   0   2.013e+08   0   0
7.9   0.1907   0.2779   0   0   2.055e+08   0   0
8   0.2016   0.2987   0   0   2.09e+08   0   0
8.1   0.2115   0.3197   0   0   2.12e+08   0   0
8.2   0.2204   0.341   0   0   2.145e+08   0   0
8.3   0.2284   0.3626   0   0   2.167e+08   0   0
8.4   0.2354   0.3844   0   0   2.185e+08   0   0
8.5   0.2416   0.4063   0   0   2.201e+08   0   0
8.6   0.247   0.4284   0   0   2.214e+08   0   0
8.7   0.2516   0.4506   0   0   2.225e+08   0   0
8.8   0.2554   0.4729   0   0   2.234e+08   0   0
8.9   0.2586   0.4953   0   0   2.242e+08   0   0
9   0.2612   0.5177   0   0   2.248e+08   0   0
9.1   0.2632   0.5402   0   0   2.252e+08   0   0
9.2   0.2646   0.5628   0   0   2.255e+08   0   0
9.3   0.2654   0.5853   0   0   2.257e+08   0   0
9.4   0.2658   0.6079   0   0   2.258e+08   0   0
9.5   0.2657   0.6305   0   0   2.258e+08   0   0
9.6   0.2652   0.653   0   0   2.257e+08   0   0
9.7   0.2643   0.6756   0   0   2.255e+08   0   0
9.8   0.2631   0.6981   0   0   2.252e+08   0   0
9.9   0.2615   0.7206   0   0   2.248e+08   0   0
10   0.2596   0.7431   0   0   2.244e+08   0   0
10.1   0.2587   0.7655   0   0   2.242e+08   0   0
10.2   0.2587   0.7879   0   0   2.242e+08   0   0
10.3   0.2587   0.8104   0   0   2.242e+08   0   0
10.4   0.2587   0.8328   0   0   2.242e+08   0   0
10.5   0.2587   0.8552   0   0   2.242e+08   0   0
10.6   0.2587   0.8776   0   0   2.242e+08   0   0
10.7   0.2587   0.9   0   0   2.242e+08   0   0
10.8   0.2587   0.9225   0   0   2.242e+08   0   0
10.9   0.2587   0.9449   0   0   2.242e+08   0   0
11   0.2587   0.9673   0   0   2.242e+08   0   0
11.1   0.2587   0.9897   0   0   2.242e+08   0   0
11.2   0.2587   1.012   0   0   2.242e+08   0   0
11.3   0.2587   1.035   0   0   2.242e+08   0   0
11.4   0.2587   1.057   0   0   2.242e+08   0   0
11.5   0.2587   1.079   0   0   2.242e+08   0   0
11.6   0.2587   1.102   0   0   2.242e+08   0   0
11.7   0.2591   1.124   -0.002211   0   2.167e+08   -5.785e+07   0
11.8   0.2597   1.144   -0.01165   0   1.841e+08   -1.283e+08   0
11.9   0.2603   1.16   -0.02742   0   1.296e+08   -1.834e+08   0
12   0.2609   1.17   -0.04764   0   5.948e+07   -2.167e+08   0
12.1   0.2615   1.172   -0.06991   0   -1.772e+07   -2.241e+08   0
12.2   0.2621   1.166   -0.09157   0   -9.285e+07   -2.049e+08   0
12.3   0.2627   1.153   -0.11   0   -1.57e+08   -1.613e+08   0
12.4   0.2633   1.135   -0.1231   0   -2.025e+08   -9.859e+07   0
12.5   0.2639   1.114   -0.1293   0   -2.241e+08   -2.415e+07   0
12.6   0.2644   1.091   -0.128   0   -2.224e+08   3.716e+07   0
12.7   0.2644   1.069   -0.1243   0   -2.224e+08   3.716e+07   0
12.8   0.2644   1.047   -0.1205   0   -2.224e+08   3.716e+07   0
12.9   0.2644   1.025   -0.1168   0   -2.224e+08   3.716e+07   0
13   0.2644   1.002   -0.1131   0   -2.224e+08   3.716e+07   0
13.1   0.2644   0.98   -0.1094   0   -2.224e+08   3.716e+07   0
13.2   0.2644   0.9578   -0.1057   0   -2.224e+08   3.716e+07   0
13.3   0.2644   0.9356   -0.102   0   -2.224e+08   3.716e+07   0
13.4   0.2644   0.9133   -0.09824   0   -2.224e+08   3.716e+07   0
13.5   0.2644   0.8911   -0.09453   0   -2.224e+08   3.716e+07   0
13.6   0.2644   0.8689   -0.09081   0   -2.224e+08   3.716e+07   0
13.7   0.2644   0.8466   -0.08709   0   -2.224e+08   3.716e+07   0
13.8   0.2644   0.8244   -0.08338   0   -2.224e+08   3.716e+07   0
13.9   0.2644   0.8021   -0.07966   0   -2.224e+08   3.716e+07   0
14   0.2644   0.7799   -0.07594   0   -2.224e+08   3.716e+07   0
14.1   0.2644   0.7577   -0.07223   0   -2.224e+08   3.716e+07   0
14.2   0.2642   0.7354   -0.06851   0   -2.223e+08   3.716e+07   0
14.3   0.2635   0.7132   -0.06479   0   -2.222e+08   3.717e+07   0
14.4   0.2625   0.691   -0.06108   0   -2.22e+08   3.717e+07   0
14.5   0.261   0.6688   -0.05736   0   -2.216e+08   3.717e+07   0
14.6   0.2591   0.6467   -0.05364   0   -2.212e+08   3.718e+07   0
14.7   0.2568   0.6246   -0.04992   0   -2.206e+08   3.719e+07   0
14.8   0.2539   0.6025   -0.0462   0   -2.2e+08   3.722e+07   0
14.9   0.2506   0.5806   -0.04248   0   -2.191e+08   3.725e+07   0
15   0.2467   0.5587   -0.03875   0   -2.182e+08   3.729e+07   0
15.1   0.2423   0.5369   -0.03502   0   -2.171e+08   3.735e+07   0
15.2   0.2374   0.5153   -0.03129   0   -2.158e+08   3.742e+07   0
15.3   0.2319   0.4938   -0.02754   0   -2.143e+08   3.752e+07   0
15.4   0.2258   0.4724   -0.02378   0   -2.127e+08   3.765e+07   0
15.5   0.2192   0.4513   -0.02001   0   -2.108e+08   3.781e+07   0
15.6   0.2119   0.4303   -0.01622   0   -2.086e+08   3.801e+07   0
15.7   0.2041   0.4096   -0.0124   0   -2.062e+08   3.827e+07   0
15.8   0.1957   0.3891   -0.008561   0   -2.035e+08   3.859e+07   0
15.9   0.1868   0.3689   -0.004683   0   -2.004e+08   3.898e+07   0
16   0.1772   0.349   -0.0007612   0   -1.969e+08   3.948e+07   0
16.1   0.1671   0.3295   0.003216   0   -1.93e+08   4.009e+07   0
16.2   0.1566   0.3104   0.007262   0   -1.885e+08   4.084e+07   0
16.3   0.1456   0.2918   0.01139   0   -1.835e+08   4.178e+07   0
16.4   0.1342   0.2738   0.01563   0   -1.779e+08   4.294e+07   0
16.5   0.1225   0.2563   0.01999   0   -1.716e+08   4.438e+07   0
16.6   0.1107   0.2395   0.02452   0   -1.644e+08   4.616e+07   0
16.7   0.09895   0.2234   0.02924   0   -1.564e+08   4.835e+07   0
16.8   0.08742   0.2082   0.03421   0   -1.474e+08   5.105e+07   0
16.9   0.07638   0.194   0.03947   0   -1.375e+08   5.434e+07   0
17   0.06782   0.1808   0.04509   0   -1.285e+08   5.759e+07   0
17.1   0.06782   0.1679   0.05085   0   -1.285e+08   5.759e+07   0
17.2   0.06782   0.1551   0.05661   0   -1.285e+08   5.759e+07   0
17.3   0.06782   0.1422   0.06237   0   -1.285e+08   5.759e+07   0
17.4   0.06782   0.1294   0.06813   0   -1.285e+08   5.759e+07   0
17.5   0.06782   0.1165   0.07389   0   -1.285e+08   5.759e+07   0
17.6   0.06782   0.1037   0.07965   0   -1.285e+08   5.759e+07   0
17.7   0.06782   0.09082   0.0854   0   -1.285e+08   5.759e+07   0
17.8   0.06782   0.07797   0.09116   0   -1.285e+08   5.759e+07   0
17.9   0.06782   0.06512   0.09692   0   -1.285e+08   5.759e+07   0
18   0.06782   0.05227   0.1027   0   -1.285e+08   5.759e+07   0
18.1   0.06782   0.03942   0.1084   0   -1.285e+08   5.759e+07   0
18.2   0.06782   0.02657   0.1142   0   -1.285e+08   5.759e+07   0
18.3   0.06782   0.01372   0.12   0   -1.285e+08   5.759e+07   0
18.4   0.06782   0.0008682   0.1257   0   -1.285e+08   5.759e+07   0
18.5   0.06782   -0.01198   0.1315   0   -1.285e+08   5.759e+07   0
18.6   0.06782   -0.02483   0.1372   0   -1.285e+08   5.759e+07   0
18.7   0.06782   -0.03768   0.143   0   -1.285e+08   5.759e+07   0
18.8   0.06782   -0.05053   0.1487   0   -1.285e+08   5.759e+07   0
18.9   0.06782   -0.06338   0.1545   0   -1.285e+08   5.759e+07   0
19   0.06782   -0.07623   0.1603   0   -1.285e+08   5.759e+07   0
19.1   0.06779   -0.08908   0.166   0   -1.285e+08   5.756e+07   0
19.2   0.06491   -0.1019   0.1716   0   -1.271e+08   5.434e+07   0
19.3   0.06157   -0.1145   0.1769   0   -1.254e+08   5.065e+07   0
19.4   0.05787   -0.1269   0.1817   0   -1.232e+08   4.656e+07   0
19.5   0.0539   -0.1391   0.1862   0   -1.207e+08   4.212e+07   0
19.6   0.04975   -0.151   0.1901   0   -1.177e+08   3.738e+07   0
19.7   0.04551   -0.1626   0.1936   0   -1.142e+08   3.238e+07   0
19.8   0.04125   -0.1739   0.1966   0   -1.104e+08   2.716e+07   0
19.9   0.03705   -0.1847   0.1991   0   -1.061e+08   2.174e+07   0
20   0.03296   -0.1951   0.2009   0   -1.015e+08   1.616e+07   0
20.1   0.02905   -0.205   0.2023   0   -9.644e+07   1.044e+07   0
20.2   0.02538   -0.2144   0.203   0   -9.101e+07   4.62e+06   0
20.3   0.02198   -0.2232   0.2032   0   -8.52e+07   -1.281e+06   0
20.4   0.01891   -0.2314   0.2028   0   -7.904e+07   -7.231e+06   0
20.5   0.0162   -0.239   0.2017   0   -7.255e+07   -1.32e+07   0
20.6   0.01388   -0.2459   0.2001   0   -6.576e+07   -1.916e+07   0
20.7   0.01198   -0.2521   0.1979   0   -5.868e+07   -2.508e+07   0
20.8   0.01053   -0.2576   0.1951   0   -5.135e+07   -3.093e+07   0
20.9   0.009539   -0.2623   0.1917   0   -4.38e+07   -3.668e+07   0
21   0.009018   -0.2663   0.1878   0   -3.607e+07   -4.229e+07   0
21.1   0.008974   -0.2695   0.1833   0   -2.82e+07   -4.775e+07   0
21.2   0.009408   -0.272   0.1782   0   -2.022e+07   -5.302e+07   0
21.3   0.01032   -0.2736   0.1727   0   -1.218e+07   -5.808e+07   0
21.4   0.01169   -0.2744   0.1666   0   -4.11e+06   -6.291e+07   0
21.5   0.0135   -0.2744   0.1601   0   3.945e+06   -6.748e+07   0
21.6   0.01575   -0.2736   0.1531   0   1.195e+07   -7.177e+07   0
21.7   0.01839   -0.272   0.1457   0   1.986e+07   -7.578e+07   0
21.8   0.02141   -0.2696   0.138   0   2.764e+07   -7.948e+07   0
21.9   0.02475   -0.2665   0.1298   0   3.525e+07   -8.288e+07   0
22   0.02838   -0.2626   0.1214   0   4.267e+07   -8.596e+07   0
22.1   0.03226   -0.2579   0.1127   0   4.986e+07   -8.872e+07   0
22.2   0.03632   -0.2526   0.1037   0   5.679e+07   -9.115e+07   0
22.3   0.04052   -0.2466   0.09443   0   6.342e+07   -9.326e+07   0
22.4   0.04478   -0.2399   0.08501   0   6.974e+07   -9.506e+07   0
22.5   0.04904   -0.2326   0.07543   0   7.57e+07   -9.654e+07   0
22.6   0.05322   -0.2248   0.06571   0   8.128e+07   -9.772e+07   0
22.7   0.05725   -0.2164   0.05589   0   8.644e+07   -9.861e+07   0
22.8   0.06102   -0.2075   0.046   0   9.114e+07   -9.923e+07   0
22.9   0.06445   -0.1982   0.03605   0   9.532e+07   -9.959e+07   0
23   0.06744   -0.1885   0.02608   0   9.893e+07   -9.974e+07   0
23.1   0.06795   -0.1785   0.01611   0   9.954e+07   -9.975e+07   0
23.2   0.06795   -0.1686   0.006135   0   9.954e+07   -9.975e+07   0
23.3   0.06795   -0.1586   -0.00384   0   9.954e+07   -9.975e+07   0
23.4   0.06795   -0.1487   -0.01381   0   9.954e+07   -9.975e+07   0
23.5   0.06795   -0.1387   -0.02379   0   9.954e+07   -9.975e+07   0
23.6   0.06795   -0.1287   -0.03376   0   9.954e+07   -9.975e+07   0
23.7   0.06795   -0.1188   -0.04374   0   9.954e+07   -9.975e+07   0
23.8   0.06795   -0.1088   -0.05371   0   9.954e+07   -9.975e+07   0
23.9   0.06795   -0.09888   -0.06369   0   9.954e+07   -9.975e+07   0
24   0.06795   -0.08893   -0.07366   0   9.954e+07   -9.975e+07   0
24.1   0.06795   -0.07897   -0.08364   0   9.954e+07   -9.975e+07   0
24.2   0.06795   -0.06902   -0.09361   0   9.954e+07   -9.975e+07   0
24.3   0.06795   -0.05906   -0.1036   0   9.954e+07   -9.975e+07   0
24.4   0.06795   -0.04911   -0.1136   0   9.954e+07   -9.975e+07   0
24.5   0.06795   -0.03916   -0.1235   0   9.954e+07   -9.975e+07   0
24.6   0.06795   -0.0292   -0.1335   0   9.954e+07   -9.975e+07   0
24.7   0.06795   -0.01925   -0.1435   0   9.954e+07   -9.975e+07   0
24.8   0.06795   -0.009294   -0.1535   0   9.954e+07   -9.975e+07   0
24.9   0.06795   0.0006602   -0.1634   0   9.954e+07   -9.975e+07   0
25   0.06795   0.01061   -0.1734   0   9.954e+07   -9.975e+07   0
25.1   0.06795   0.02057   -0.1834   0   9.954e+07   -9.975e+07   0
25.2   0.07471   0.03053   -0.1936   0   9.965e+07   -1.074e+08   0
25.3   0.08564   0.04051   -0.2049   0   1.001e+08   -1.181e+08   0
25.4   0.09712   0.05055   -0.2172   0   1.007e+08   -1.276e+08   0
25.5   0.1089   0.06066   -0.2304   0   1.015e+08   -1.36e+08   0
25.6   0.1207   0.07085   -0.2444   0   1.024e+08   -1.435e+08   0
25.7   0.1324   0.08113   -0.2591   0   1.033e+08   -1.501e+08   0
25.8   0.1438   0.0915   -0.2744   0   1.042e+08   -1.559e+08   0
25.9   0.1549   0.102   -0.2902   0   1.051e+08   -1.61e+08   0
26   0.1656   0.1125   -0.3066   0   1.06e+08   -1.655e+08   0
26.1   0.1758   0.1232   -0.3233   0   1.068e+08   -1.694e+08   0
26.2   0.1854   0.1339   -0.3404   0   1.076e+08   -1.729e+08   0
26.3   0.1945   0.1447   -0.3579   0   1.083e+08   -1.76e+08   0
26.4   0.203   0.1555   -0.3756   0   1.09e+08   -1.788e+08   0
26.5   0.2109   0.1665   -0.3936   0   1.096e+08   -1.812e+08   0
26.6   0.2183   0.1775   -0.4119   0   1.102e+08   -1.833e+08   0
26.7   0.225   0.1885   -0.4303   0   1.108e+08   -1.852e+08   0
26.8   0.2312   0.1996   -0.4489   0   1.112e+08   -1.868e+08   0
26.9   0.2368   0.2108   -0.4676   0   1.117e+08   -1.883e+08   0
27   0.2419   0.222   -0.4865   0   1.121e+08   -1.895e+08   0
27.1   0.2464   0.2332   -0.5055   0   1.124e+08   -1.906e+08   0
27.2   0.2503   0.2444   -0.5246   0   1.127e+08   -1.915e+08   0
27.3   0.2538   0.2557   -0.5438   0   1.13e+08   -1.923e+08   0
27.4   0.2567   0.267   -0.5631   0   1.132e+08   -1.93e+08   0
27.5   0.2592   0.2784   -0.5824   0   1.134e+08   -1.935e+08   0
27.6   0.2611   0.2897   -0.6018   0   1.136e+08   -1.94e+08   0
27.7   0.2627   0.3011   -0.6212   0   1.137e+08   -1.943e+08   0
27.8   0.2638   0.3124   -0.6407   0   1.138e+08   -1.945e+08   0
27.9   0.2645   0.3238   -0.6601   0   1.138e+08   -1.947e+08   0
28   0.2648   0.3352   -0.6796   0   1.138e+08   -1.947e+08   0
28.1   0.2648   0.3466   -0.6991   0   1.138e+08   -1.947e+08   0
28.2   0.2648   0.358   -0.7185   0   1.138e+08   -1.947e+08   0
28.3   0.2648   0.3694   -0.738   0   1.138e+08   -1.947e+08   0
28.4   0.2648   0.3807   -0.7575   0   1.138e+08   -1.947e+08   0
28.5   0.2648   0.3921   -0.777   0   1.138e+08   -1.947e+08   0
28.6   0.2648   0.4035   -0.7964   0   1.138e+08   -1.947e+08   0
28.7   0.2648   0.4149   -0.8159   0   1.138e+08   -1.947e+08   0
28.8   0.2648   0.4263   -0.8354   0   1.138e+08   -1.947e+08   0
28.9   0.2648   0.4377   -0.8549   0   1.138e+08   -1.947e+08   0
29   0.2648   0.4491   -0.8743   0   1.138e+08   -1.947e+08   0
29.1   0.2648   0.4604   -0.8938   0   1.138e+08   -1.947e+08   0
29.2   0.2648   0.4718   -0.9133   0   1.138e+08   -1.947e+08   0
29.3   0.2648   0.4832   -0.9327   0   1.138e+08   -1.947e+08   0
29.4   0.2648   0.4946   -0.9522   0   1.138e+08   -1.947e+08   0
29.5   0.2648   0.506   -0.9717   0   1.138e+08   -1.947e+08   0
29.6   0.2648   0.5174   -0.9912   0   1.138e+08   -1.947e+08   0
29.7   0.2648   0.5287   -1.011   0   1.138e+08   -1.947e+08   0
29.8   0.2648   0.5401   -1.03   0   1.138e+08   -1.947e+08   0
29.9   0.2648   0.5515   -1.05   0   1.138e+08   -1.947e+08   0
30   0.2648   0.5629   -1.069   0   1.138e+08   -1.947e+08   0
30.1   0.2648   0.5743   -1.089   0   1.138e+08   -1.947e+08   0
30.2   0.2648   0.5857   -1.108   0   1.138e+08   -1.947e+08   0
30.3   0.2648   0.5971   -1.127   0   1.138e+08   -1.947e+08   0
30.4   0.2648   0.6084   -1.147   0   1.138e+08   -1.947e+08   0
30.5   0.2648   0.6198   -1.166   0   1.138e+08   -1.947e+08   0
30.6   0.2648   0.6312   -1.186   0   1.138e+08   -1.947e+08   0
30.7   0.2648   0.6426   -1.205   0   1.138e+08   -1.947e+08   0
30.8   0.2648   0.654   -1.225   0   1.138e+08   -1.947e+08   0
30.9   0.2648   0.6654   -1.244   0   1.138e+08   -1.947e+08   0
31   0.2648   0.6767   -1.264   0   1.138e+08   -1.947e+08   0
31.1   0.2648   0.6881   -1.283   0   1.138e+08   -1.947e+08   0
31.2   0.2648   0.6995   -1.303   0   1.138e+08   -1.947e+08   0
31.3   0.2648   0.7109   -1.322   0   1.138e+08   -1.947e+08   0
31.4   0.2648   0.7223   -1.342   0   1.138e+08   -1.947e+08   0
31.5   0.2648   0.7337   -1.361   0   1.138e+08   -1.947e+08   0
31.6   0.2648   0.7451   -1.381   0   1.138e+08   -1.947e+08   0
31.7   0.2648   0.7564   -1.4   0   1.138e+08   -1.947e+08   0
31.8   0.2648   0.7678   -1.42   0   1.138e+08   -1.947e+08   0
31.9   0.2648   0.7792   -1.439   0   1.138e+08   -1.947e+08   0
32   0.2648   0.7906   -1.459   0   1.138e+08   -1.947e+08   0
32.1   0.2648   0.802   -1.478   0   1.138e+08   -1.947e+08   0
32.2   0.2648   0.8134   -1.497   0   1.138e+08   -1.947e+08   0
32.3   0.2648   0.8247   -1.517   0   1.138e+08   -1.947e+08   0
32.4   0.2648   0.8361   -1.536   0   1.138e+08   -1.947e+08   0
32.5   0.2648   0.8475   -1.556   0   1.138e+08   -1.947e+08   0
32.6   0.2648   0.8589   -1.575   0   1.138e+08   -1.947e+08   0
32.7   0.2648   0.8703   -1.595   0   1.138e+08   -1.947e+08   0
32.8   0.2648   0.8817   -1.614   0   1.138e+08   -1.947e+08   0
32.9   0.2648   0.8931   -1.634   0   1.138e+08   -1.947e+08   0
33   0.2648   0.9044   -1.653   0   1.138e+08   -1.947e+08   0
33.1   0.2648   0.9158   -1.673   0   1.138e+08   -1.947e+08   0
33.2   0.2648   0.9272   -1.692   0   1.138e+08   -1.947e+08   0
33.3   0.2648   0.9386   -1.712   0   1.138e+08   -1.947e+08   0
33.4   0.2648   0.95   -1.731   0   1.138e+08   -1.947e+08   0
33.5   0.2648   0.9614   -1.751   0   1.138e+08   -1.947e+08   0
33.6   0.2648   0.9727   -1.77   0   1.138e+08   -1.947e+08   0
33.7   0.2648   0.9841   -1.79   0   1.138e+08   -1.947e+08   0
33.8   0.2648   0.9955   -1.809   0   1.138e+08   -1.947e+08   0
33.9   0.2648   1.007   -1.829   0   1.138e+08   -1.947e+08   0
34   0.2648   1.018   -1.848   0   1.138e+08   -1.947e+08   0
34.1   0.2648   1.03   -1.867   0   1.138e+08   -1.947e+08   0
34.2   0.2648   1.041   -1.887   0   1.138e+08   -1.947e+08   0
34.3   0.2648   1.052   -1.906   0   1.138e+08   -1.947e+08   0
34.4   0.2648   1.064   -1.926   0   1.138e+08   -1.947e+08   0
34.5   0.2648   1.075   -1.945   0   1.138e+08   -1.947e+08   0
34.6   0.2648   1.087   -1.965   0   1.138e+08   -1.947e+08   0
34.7   0.2648   1.098   -1.984   0   1.138e+08   -1.947e+08   0
34.8   0.2648   1.109   -2.004   0   1.138e+08   -1.947e+08   0
34.9   0.2648   1.121   -2.023   0   1.138e+08   -1.947e+08   0
35   0.2648   1.132   -2.043   0   1.138e+08   -1.947e+08   0
35.1   0.2648   1.144   -2.062   0   1.138e+08   -1.947e+08   0
35.2   0.2648   1.155   -2.082   0   1.138e+08   -1.947e+08   0
35.3   0.2648   1.166   -2.101   0   1.138e+08   -1.947e+08   0
35.4   0.2648   1.178   -2.121   0   1.138e+08   -1.947e+08   0
35.5   0.2648   1.189   -2.14   0   1.138e+08   -1.947e+08   0
35.6   0.2648   1.2   -2.16   0   1.138e+08   -1.947e+08   0
35.7   0.2648   1.212   -2.179   0   1.138e+08   -1.947e+08   0
35.8   0.2648   1.223   -2.199   0   1.138e+08   -1.947e+08   0
35.9   0.2648   1.235   -2.218   0   1.138e+08   -1.947e+08   0
36   0.2648   1.246   -2.237   0   1.138e+08   -1.947e+08   0
36.1   0.2648   1.257   -2.257   0   1.138e+08   -1.947e+08   0
36.2   0.2648   1.269   -2.276   0   1.138e+08   -1.947e+08   0
36.3   0.2648   1.28   -2.296   0   1.138e+08   -1.947e+08   0
36.4   0.2648   1.292   -2.315   0   1.138e+08   -1.947e+08   0
36.5   0.2648   1.303   -2.335   0   1.138e+08   -1.947e+08   0
36.6   0.2648   1.314   -2.354   0   1.138e+08   -1.947e+08   0
36.7   0.2648   1.326   -2.374   0   1.138e+08   -1.947e+08   0
36.8   0.2648   1.337   -2.393   0   1.138e+08   -1.947e+08   0
36.9   0.2648   1.348   -2.413   0   1.138e+08   -1.947e+08   0
37   0.2648   1.36   -2.432   0   1.138e+08   -1.947e+08   0
37.1   0.2648   1.371   -2.452   0   1.138e+08   -1.947e+08   0
37.2   0.2648   1.383   -2.471   0   1.138e+08   -1.947e+08   0
37.3   0.2648   1.394   -2.491   0   1.138e+08   -1.947e+08   0
37.4   0.2648   1.405   -2.51   0   1.138e+08   -1.947e+08   0
37.5   0.2648   1.417   -2.53   0   1.138e+08   -1.947e+08   0
37.6   0.2648   1.428   -2.549   0   1.138e+08   -1.947e+08   0
37.7   0.2648   1.44   -2.569   0   1.138e+08   -1.947e+08   0
37.8   0.2648   1.451   -2.588   0   1.138e+08   -1.947e+08   0
37.9   0.2648   1.462   -2.607   0   1.138e+08   -1.947e+08   0
38   0.2648   1.474   -2.627   0   1.138e+08   -1.947e+08   0
38.1   0.2648   1.485   -2.646   0   1.138e+08   -1.947e+08   0
38.2   0.2648   1.496   -2.666   0   1.138e+08   -1.947e+08   0
38.3   0.2648   1.508   -2.685   0   1.138e+08   -1.947e+08   0
38.4   0.2648   1.519   -2.705   0   1.138e+08   -1.947e+08   0
38.5   0.2648   1.531   -2.724   0   1.138e+08   -1.947e+08   0
38.6   0.2648   1.542   -2.744   0   1.138e+08   -1.947e+08   0
38.7   0.2648   1.553   -2.763   0   1.138e+08   -1.947e+08   0
38.8   0.2648   1.565   -2.783   0   1.138e+08   -1.947e+08   0
38.9   0.2648   1.576   -2.802   0   1.138e+08   -1.947e+08   0
39   0.2648   1.588   -2.822   0   1.138e+08   -1.947e+08   0
39.1   0.2648   1.599   -2.841   0   1.138e+08   -1.947e+08   0
39.2   0.2648   1.61   -2.861   0   1.138e+08   -1.947e+08   0
39.3   0.2648   1.622   -2.88   0   1.138e+08   -1.947e+08   0
39.4   0.2648   1.633   -2.9   0   1.138e+08   -1.947e+08   0
39.5   0.2648   1.644   -2.919   0   1.138e+08   -1.947e+08   0
39.6   0.2648   1.656   -2.939   0   1.138e+08   -1.947e+08   0
39.7   0.2648   1.667   -2.958   0   1.138e+08   -1.947e+08   0
39.8   0.2648   1.679   -2.977   0   1.138e+08   -1.947e+08   0
39.9   0.2648   1.69   -2.997   0   1.138e+08   -1.947e+08   0
40   0.2648   1.701   -3.016   0   1.138e+08   -1.947e+08   0
40.1   0.2648   1.713   -3.036   0   1.138e+08   -1.947e+08   0
40.2   0.2648   1.724   -3.055   0   1.138e+08   -1.947e+08   0
40.3   0.2648   1.736   -3.075   0   1.138e+08   -1.947e+08   0
40.4   0.2648   1.747   -3.094   0   1.138e+08   -1.947e+08   0
40.5   0.2648   1.758   -3.114   0   1.138e+08   -1.947e+08   0
40.6   0.2648   1.77   -3.133   0   1.138e+08   -1.947e+08   0
40.7   0.2648   1.781   -3.153   0   1.138e+08   -1.947e+08   0
40.8   0.2648   1.792   -3.172   0   1.138e+08   -1.947e+08   0
40.9   0.2648   1.804   -3.192   0   1.138e+08   -1.947e+08   0
41   0.2648   1.815   -3.211   0   1.138e+08   -1.947e+08   0
41.1   0.2648   1.827   -3.231   0   1.138e+08   -1.947e+08   0
41.2   0.2648   1.838   -3.25   0   1.138e+08   -1.947e+08   0
41.3   0.2648   1.849   -3.27   0   1.138e+08   -1.947e+08   0
41.4   0.2648   1.861   -3.289   0   1.138e+08   -1.947e+08   0
41.5   0.2648   1.872   -3.308   0   1.138e+08   -1.947e+08   0
41.6   0.2648   1.884   -3.328   0   1.138e+08   -1.947e+08   0
41.7   0.2648   1.895   -3.347   0   1.138e+08   -1.947e+08   0
41.8   0.2648   1.906   -3.367   0   1.138e+08   -1.947e+08   0
41.9   0.2648   1.918   -3.386   0   1.138e+08   -1.947e+08   0
42   0.2648   1.929   -3.406   0   1.138e+08   -1.947e+08   0
42.1   0.2648   1.94   -3.425   0   1.138e+08   -1.947e+08   0
42.2   0.2648   1.952   -3.445   0   1.138e+08   -1.947e+08   0
42.3   0.2648   1.963   -3.464   0   1.138e+08   -1.947e+08   0
42.4   0.2648   1.975   -3.484   0   1.138e+08   -1.947e+08   0
42.5   0.2648   1.986   -3.503   0   1.138e+08   -1.947e+08   0
42.6   0.2648   1.997   -3.523   0   1.138e+08   -1.947e+08   0
42.7   0.2648   2.009   -3.542   0   1.138e+08   -1.947e+08   0
42.8   0.2648   2.02   -3.562   0   1.138e+08   -1.947e+08   0
42.9   0.2648   2.032   -3.581   0   1.138e+08   -1.947e+08   0
43   0.2648   2.043   -3.601   0   1.138e+08   -1.947e+08   0
43.1   0.2648   2.054   -3.62   0   1.138e+08   -1.947e+08   0
43.2   0.2648   2.066   -3.64   0   1.138e+08   -1.947e+08   0
43.3   0.2648   2.077   -3.659   0   1.138e+08   -1.947e+08   0
43.4   0.2648   2.088   -3.678   0   1.138e+08   -1.947e+08   0
43.5   0.2648   2.1   -3.698   0   1.138e+08   -1.947e+08   0
43.6   0.2648   2.111   -3.717   0   1.138e+08   -1.947e+08   0
43.7   0.2648   2.123   -3.737   0   1.138e+08   -1.947e+08   0
43.8   0.2648   2.134   -3.756   0   1.138e+08   -1.947e+08   0
43.9   0.2648   2.145   -3.776   0   1.138e+08   -1.947e+08   0
44   0.2648   2.157   -3.795   0   1.138e+08   -1.947e+08   0
44.1   0.2648   2.168   -3.815   0   1.138e+08   -1.947e+08   0
44.2   0.2648   2.18   -3.834   0   1.138e+08   -1.947e+08   0
44.3   0.2648   2.191   -3.854   0   1.138e+08   -1.947e+08   0
44.4   0.2648   2.202   -3.873   0   1.138e+08   -1.947e+08   0
44.5   0.2648   2.214   -3.893   0   1.138e+08   -1.947e+08   0
44.6   0.2648   2.225   -3.912   0   1.138e+08   -1.947e+08   0
44.7   0.2648   2.236   -3.932   0   1.138e+08   -1.947e+08   0
44.8   0.2648   2.248   -3.951   0   1.138e+08   -1.947e+08   0
44.9   0.2648   2.259   -3.971   0   1.138e+08   -1.947e+08   0
45   0.2648   2.271   -3.99   0   1.138e+08   -1.947e+08   0
