0   0.04   -0.753   0   0   1.121e+08   0   0
0.1   0.04   -0.753   0   0   1.121e+08   0   0
0.2   0.04   -0.753   0   0   1.121e+08   0   0
0.3   0.04   -0.753   0   0   1.121e+08   0   0
0.4   0.04   -0.753   0   0   1.121e+08   0   0
0.5   0.04   -0.753   0   0   1.121e+08   0   0
0.6   0.04   -0.753   0   0   1.121e+08   0   0
0.7   0.04   -0.753   0   0   1.121e+08   0   0
0.8   0.04   -0.753   0   0   1.121e+08   0   0
0.9   0.04   -0.753   0   0   1.121e+08   0   0
1   0.04   -0.753   0   0   1.121e+08   0   0
1.1   0.04   -0.753   0   0   1.121e+08   0   0
1.2   0.04   -0.753   0   0   1.121e+08   0   0
1.3   0.04   -0.753   0   0   1.121e+08   0   0
1.4   0.04   -0.753   0   0   1.121e+08   0   0
1.5   0.04   -0.753   0   0   1.121e+08   0   0
1.6   0.04   -0.753   0   0   1.121e+08   0   0
1.7   0.04   -0.753   0   0   1.121e+08   0   0
1.8   0.04   -0.753   0   0   1.121e+08   0   0
1.9   0.04151   -0.7461   0   0   1.14e+08   0   0
2   0.04417   -0.7345   0   0   1.172e+08   0   0
2.1   0.047   -0.7226   0   0   1.204e+08   0   0
2.2   0.05002   -0.7104   0   0   1.237e+08   0   0
2.3   0.05321   -0.6979   0   0   1.271e+08   0   0
2.4   0.05656   -0.685   0   0   1.305e+08   0   0
2.5   0.06008   -0.6718   0   0   1.339e+08   0   0
2.6   0.06376   -0.6582   0   0   1.372e+08   0   0
2.7   0.06758   -0.6443   0   0   1.406e+08   0   0
2.8   0.07153   -0.6301   0   0   1.439e+08   0   0
2.9   0.07561   -0.6155   0   0   1.472e+08   0   0
3   0.07978   -0.6007   0   0   1.505e+08   0   0
3.1   0.08405   -0.5854   0   0   1.536e+08   0   0
3.2   0.08837   -0.5699   0   0   1.567e+08   0   0
3.3   0.09274   -0.5541   0   0   1.597e+08   0   0
3.4   0.09713   -0.538   0   0   1.625e+08   0   0
3.5   0.1015   -0.5216   0   0   1.653e+08   0   0
3.6   0.1058   -0.5049   0   0   1.679e+08   0   0
3.7   0.1101   -0.488   0   0   1.704e+08   0   0
3.8   0.1142   -0.4709   0   0   1.727e+08   0   0
3.9   0.1182   -0.4535   0   0   1.749e+08   0   0
4   0.122   -0.4359   0   0   1.77e+08   0   0
4.1   0.1256   -0.4181   0   0   1.788e+08   0   0
4.2   0.1289   -0.4001   0   0   1.804e+08   0   0
4.3   0.1318   -0.382   0   0   1.819e+08   0   0
4.4   0.1344   -0.3638   0   0   1.831e+08   0   0
4.5   0.1364   -0.3454   0   0   1.841e+08   0   0
4.6   0.138   -0.3269   0   0   1.848e+08   0   0
4.7   0.1389   -0.3084   0   0   1.852e+08   0   0
4.8   0.1391   -0.2899   0   0   1.853e+08   0   0
4.9   0.1386   -0.2714   0   0   1.851e+08   0   0
5   0.1371   -0.2529   0   0   1.844e+08   0   0
5.1   0.1346   -0.2345   0   0   1.832e+08   0   0
5.2   0.131   -0.2163   0   0   1.815e+08   0   0
5.3   0.1261   -0.1983   0   0   1.79e+08   0   0
5.4   0.1227   -0.1805   0   0   1.773e+08   0   0
5.5   0.1227   -0.1627   0   0   1.773e+08   0   0
5.6   0.1227   -0.145   0   0   1.773e+08   0   0
5.7   0.1227   -0.1273   0   0   1.773e+08   0   0
5.8   0.1227   -0.1096   0   0   1.773e+08   0   0
5.9   0.1227   -0.09183   0   0   1.773e+08   0   0
6   0.1227   -0.07411   0   0   1.773e+08   0   0
6.1   0.1227   -0.05638   0   0   1.773e+08   0   0
6.2   0.1227   -0.03865   0   0   1.773e+08   0   0
6.3   0.1227   -0.02092   0   0   1.773e+08   0   0
6.4   0.1227   -0.003193   0   0   1.773e+08   0   0
6.5   0.1227   0.01454   0   0   1.773e+08   0   0
6.6   0.1227   0.03226   0   0   1.773e+08   0   0
6.7   0.1227   0.04999   0   0   1.773e+08   0   0
6.8   0.1227   0.06772   0   0   1.773e+08   0   0
6.9   0.1227   0.08545   0   0   1.773e+08   0   0
7   0.1227   0.1032   0   0   1.773e+08   0   0
7.1   0.1227   0.1209   0   0   1.773e+08   0   0
7.2   0.1227   0.1386   0   0   1.773e+08   0   0
7.3   0.1227   0.1564   0   0   1.773e+08   0   0
7.4   0.1227   0.1741   0   0   1.773e+08   0   0
7.5   0.1259   0.1918   0   0   1.79e+08   0   0
7.6   0.1417   0.2101   0   0   1.865e+08   0   0
7.7   0.1563   0.2291   0   0   1.928e+08   0   0
7.8   0.1697   0.2487   0   0   1.981e+08   0   0
7.9   0.182   0.2687   0   0   2.025e+08   0   0
8   0.1931   0.2891   0   0   2.063e+08   0   0
8.1   0.2032   0.3099   0   0   2.095e+08   0   0
8.2   0.2123   0.331   0   0   2.122e+08   0   0
8.3   0.2204   0.3524   0   0   2.145e+08   0   0
8.4   0.2276   0.3739   0   0   2.165e+08   0   0
8.5   0.2338   0.3956   0   0   2.181e+08   0   0
8.6   0.2393   0.4175   0   0   2.195e+08   0   0
8.7   0.244   0.4395   0   0   2.207e+08   0   0
8.8   0.2479   0.4617   0   0   2.217e+08   0   0
8.9   0.2512   0.4839   0   0   2.224e+08   0   0
9   0.2538   0.5061   0   0   2.231e+08   0   0
9.1   0.2558   0.5285   0   0   2.235e+08   0   0
9.2   0.2572   0.5508   0   0   2.238e+08   0   0
9.3   0.2581   0.5732   0   0   2.241e+08   0   0
9.4   0.2585   0.5956   0   0   2.241e+08   0   0
9.5   0.2584   0.6181   0   0   2.241e+08   0   0
9.6   0.2579   0.6405   0   0   2.24e+08   0   0
9.7   0.257   0.6629   0   0   2.238e+08   0   0
9.8   0.2557   0.6852   0   0   2.235e+08   0   0
9.9   0.2541   0.7076   0   0   2.231e+08   0   0
10   0.2522   0.7298   0   0   2.227e+08   0   0
10.1   0.25   0.7521   0   0   2.221e+08   0   0
10.2   0.2499   0.7743   0   0   2.221e+08   0   0
10.3   0.2499   0.7965   0   0   2.221e+08   0   0
10.4   0.2499   0.8187   0   0   2.221e+08   0   0
10.5   0.2499   0.8409   0   0   2.221e+08   0   0
10.6   0.2499   0.8631   0   0   2.221e+08   0   0
10.7   0.2499   0.8854   0   0   2.221e+08   0   0
10.8   0.2499   0.9076   0   0   2.221e+08   0   0
10.9   0.2499   0.9298   0   0   2.221e+08   0   0
11   0.2499   0.952   0   0   2.221e+08   0   0
11.1   0.2499   0.9742   0   0   2.221e+08   0   0
11.2   0.2499   0.9964   0   0   2.221e+08   0   0
11.3   0.2499   1.019   0   0   2.221e+08   0   0
11.4   0.2499   1.041   0   0   2.221e+08   0   0
11.5   0.2499   1.063   0   0   2.221e+08   0   0
11.6   0.2499   1.085   0   0   2.221e+08   0   0
11.7   0.2499   1.107   -7.818e-07   0   2.221e+08   -7.818e+05   0
11.8   0.2505   1.129   -0.003985   0   2.084e+08   -7.733e+07   0
11.9   0.251   1.148   -0.01522   0   1.691e+08   -1.444e+08   0
12   0.2516   1.162   -0.03234   0   1.091e+08   -1.939e+08   0
12.1   0.2522   1.17   -0.05326   0   3.582e+07   -2.198e+08   0
12.2   0.2528   1.169   -0.07541   0   -4.19e+07   -2.188e+08   0
12.3   0.2533   1.161   -0.09612   0   -1.146e+08   -1.913e+08   0
12.4   0.2539   1.147   -0.1128   0   -1.733e+08   -1.404e+08   0
12.5   0.2545   1.127   -0.1236   0   -2.111e+08   -7.253e+07   0
12.6   0.2551   1.105   -0.127   0   -2.233e+08   4.19e+06   0
12.7   0.2553   1.083   -0.124   0   -2.204e+08   3.682e+07   0
12.8   0.2553   1.061   -0.1203   0   -2.204e+08   3.682e+07   0
12.9   0.2553   1.039   -0.1166   0   -2.204e+08   3.682e+07   0
13   0.2553   1.017   -0.1129   0   -2.204e+08   3.682e+07   0
13.1   0.2553   0.9951   -0.1092   0   -2.204e+08   3.682e+07   0
13.2   0.2553   0.973   -0.1056   0   -2.204e+08   3.682e+07   0
13.3   0.2553   0.951   -0.1019   0   -2.204e+08   3.682e+07   0
13.4   0.2553   0.929   -0.0982   0   -2.204e+08   3.682e+07   0
13.5   0.2553   0.9069   -0.09452   0   -2.204e+08   3.682e+07   0
13.6   0.2553   0.8849   -0.09083   0   -2.204e+08   3.682e+07   0
13.7   0.2553   0.8629   -0.08715   0   -2.204e+08   3.682e+07   0
13.8   0.2553   0.8408   -0.08347   0   -2.204e+08   3.682e+07   0
13.9   0.2553   0.8188   -0.07979   0   -2.204e+08   3.682e+07   0
14   0.2553   0.7968   -0.07611   0   -2.204e+08   3.682e+07   0
14.1   0.2553   0.7747   -0.07243   0   -2.204e+08   3.682e+07   0
14.2   0.2553   0.7527   -0.06874   0   -2.204e+08   3.682e+07   0
14.3   0.2548   0.7307   -0.06506   0   -2.202e+08   3.682e+07   0
14.4   0.2538   0.7086   -0.06138   0   -2.2e+08   3.682e+07   0
14.5   0.2524   0.6867   -0.0577   0   -2.197e+08   3.683e+07   0
14.6   0.2505   0.6647   -0.05402   0   -2.192e+08   3.683e+07   0
14.7   0.2483   0.6428   -0.05033   0   -2.187e+08   3.685e+07   0
14.8   0.2455   0.621   -0.04665   0   -2.18e+08   3.687e+07   0
14.9   0.2423   0.5992   -0.04296   0   -2.172e+08   3.69e+07   0
15   0.2386   0.5776   -0.03927   0   -2.162e+08   3.694e+07   0
15.1   0.2344   0.556   -0.03557   0   -2.151e+08   3.699e+07   0
15.2   0.2297   0.5345   -0.03187   0   -2.138e+08   3.707e+07   0
15.3   0.2244   0.5132   -0.02816   0   -2.124e+08   3.716e+07   0
15.4   0.2187   0.4921   -0.02443   0   -2.107e+08   3.728e+07   0
15.5   0.2124   0.4711   -0.0207   0   -2.089e+08   3.743e+07   0
15.6   0.2055   0.4503   -0.01695   0   -2.067e+08   3.762e+07   0
15.7   0.1981   0.4298   -0.01317   0   -2.044e+08   3.786e+07   0
15.8   0.1902   0.4095   -0.009372   0   -2.017e+08   3.815e+07   0
15.9   0.1817   0.3894   -0.005539   0   -1.987e+08   3.852e+07   0
16   0.1728   0.3697   -0.001665   0   -1.954e+08   3.896e+07   0
16.1   0.1634   0.3504   0.002258   0   -1.916e+08   3.952e+07   0
16.2   0.1535   0.3314   0.006242   0   -1.874e+08   4.019e+07   0
16.3   0.1432   0.3129   0.0103   0   -1.827e+08   4.102e+07   0
16.4   0.1327   0.2949   0.01445   0   -1.774e+08   4.203e+07   0
16.5   0.1219   0.2775   0.01872   0   -1.715e+08   4.327e+07   0
16.6   0.1109   0.2607   0.02312   0   -1.649e+08   4.477e+07   0
16.7   0.09996   0.2445   0.02768   0   -1.576e+08   4.661e+07   0
16.8   0.08918   0.2292   0.03245   0   -1.495e+08   4.884e+07   0
16.9   0.07877   0.2147   0.03747   0   -1.405e+08   5.153e+07   0
17   0.06895   0.2011   0.04278   0   -1.308e+08   5.474e+07   0
17.1   0.05999   0.1885   0.04844   0   -1.203e+08   5.854e+07   0
17.2   0.0546   0.177   0.05449   0   -1.129e+08   6.143e+07   0
17.3   0.0546   0.1657   0.06063   0   -1.129e+08   6.143e+07   0
17.4   0.0546   0.1544   0.06677   0   -1.129e+08   6.143e+07   0
17.5   0.0546   0.1432   0.07292   0   -1.129e+08   6.143e+07   0
17.6   0.0546   0.1319   0.07906   0   -1.129e+08   6.143e+07   0
17.7   0.0546   0.1206   0.0852   0   -1.129e+08   6.143e+07   0
17.8   0.0546   0.1093   0.09135   0   -1.129e+08   6.143e+07   0
17.9   0.0546   0.098   0.09749   0   -1.129e+08   6.143e+07   0
18   0.0546   0.08672   0.1036   0   -1.129e+08   6.143e+07   0
18.1   0.0546   0.07543   0.1098   0   -1.129e+08   6.143e+07   0
18.2   0.0546   0.06414   0.1159   0   -1.129e+08   6.143e+07   0
18.3   0.0546   0.05285   0.1221   0   -1.129e+08   6.143e+07   0
18.4   0.0546   0.04157   0.1282   0   -1.129e+08   6.143e+07   0
18.5   0.0546   0.03028   0.1344   0   -1.129e+08   6.143e+07   0
18.6   0.0546   0.01899   0.1405   0   -1.129e+08   6.143e+07   0
18.7   0.0546   0.007705   0.1466   0   -1.129e+08   6.143e+07   0
18.8   0.0546   -0.003582   0.1528   0   -1.129e+08   6.143e+07   0
18.9   0.0546   -0.01487   0.1589   0   -1.129e+08   6.143e+07   0
19   0.0546   -0.02616   0.1651   0   -1.129e+08   6.143e+07   0
19.1   0.0546   -0.03744   0.1712   0   -1.129e+08   6.143e+07   0
19.2   0.0546   -0.04873   0.1774   0   -1.129e+08   6.143e+07   0
19.3   0.053   -0.06   0.1834   0   -1.124e+08   5.894e+07   0
19.4   0.04966   -0.07118   0.1891   0   -1.111e+08   5.37e+07   0
19.5   0.04608   -0.0822   0.1942   0   -1.093e+08   4.796e+07   0
19.6   0.04234   -0.09303   0.1986   0   -1.072e+08   4.176e+07   0
19.7   0.03854   -0.1036   0.2025   0   -1.045e+08   3.516e+07   0
19.8   0.03476   -0.1139   0.2057   0   -1.014e+08   2.822e+07   0
19.9   0.03108   -0.1239   0.2081   0   -9.784e+07   2.096e+07   0
20   0.02759   -0.1335   0.2098   0   -9.376e+07   1.345e+07   0
20.1   0.02434   -0.1426   0.2108   0   -8.919e+07   5.704e+06   0
20.2   0.02142   -0.1513   0.211   0   -8.415e+07   -2.216e+06   0
20.3   0.01887   -0.1594   0.2103   0   -7.862e+07   -1.027e+07   0
20.4   0.01675   -0.167   0.2089   0   -7.262e+07   -1.842e+07   0
20.5   0.01511   -0.1739   0.2066   0   -6.618e+07   -2.661e+07   0
20.6   0.01399   -0.1802   0.2036   0   -5.93e+07   -3.48e+07   0
20.7   0.01344   -0.1858   0.1997   0   -5.202e+07   -4.293e+07   0
20.8   0.01349   -0.1906   0.195   0   -4.435e+07   -5.097e+07   0
20.9   0.01417   -0.1946   0.1895   0   -3.634e+07   -5.885e+07   0
21   0.01549   -0.1978   0.1832   0   -2.801e+07   -6.652e+07   0
21.1   0.01747   -0.2002   0.1762   0   -1.94e+07   -7.395e+07   0
21.2   0.02014   -0.2017   0.1684   0   -1.055e+07   -8.108e+07   0
21.3   0.02348   -0.2023   0.16   0   -1.509e+06   -8.787e+07   0
21.4   0.02751   -0.202   0.1508   0   7.694e+06   -9.428e+07   0
21.5   0.03222   -0.2007   0.1411   0   1.702e+07   -1.003e+08   0
21.6   0.03759   -0.1986   0.1308   0   2.643e+07   -1.058e+08   0
21.7   0.04361   -0.1954   0.12   0   3.588e+07   -1.109e+08   0
21.8   0.05026   -0.1914   0.1086   0   4.536e+07   -1.154e+08   0
21.9   0.0575   -0.1864   0.09689   0   5.482e+07   -1.194e+08   0
22   0.0653   -0.1804   0.08477   0   6.425e+07   -1.228e+08   0
22.1   0.07343   -0.1735   0.07234   0   7.343e+07   -1.256e+08   0
22.2   0.07343   -0.1662   0.05978   0   7.343e+07   -1.256e+08   0
22.3   0.07343   -0.1588   0.04722   0   7.343e+07   -1.256e+08   0
22.4   0.07343   -0.1515   0.03466   0   7.343e+07   -1.256e+08   0
22.5   0.07343   -0.1441   0.0221   0   7.343e+07   -1.256e+08   0
22.6   0.07343   -0.1368   0.009542   0   7.343e+07   -1.256e+08   0
22.7   0.07343   -0.1294   -0.003017   0   7.343e+07   -1.256e+08   0
22.8   0.07343   -0.1221   -0.01558   0   7.343e+07   -1.256e+08   0
22.9   0.07343   -0.1148   -0.02814   0   7.343e+07   -1.256e+08   0
23   0.07343   -0.1074   -0.04069   0   7.343e+07   -1.256e+08   0
23.1   0.07343   -0.1001   -0.05325   0   7.343e+07   -1.256e+08   0
23.2   0.07343   -0.09273   -0.06581   0   7.343e+07   -1.256e+08   0
23.3   0.07343   -0.08539   -0.07837   0   7.343e+07   -1.256e+08   0
23.4   0.07343   -0.07804   -0.09093   0   7.343e+07   -1.256e+08   0
23.5   0.07343   -0.0707   -0.1035   0   7.343e+07   -1.256e+08   0
23.6   0.07343   -0.06336   -0.116   0   7.343e+07   -1.256e+08   0
23.7   0.07343   -0.05601   -0.1286   0   7.343e+07   -1.256e+08   0
23.8   0.07343   -0.04867   -0.1412   0   7.343e+07   -1.256e+08   0
23.9   0.07343   -0.04133   -0.1537   0   7.343e+07   -1.256e+08   0
24   0.07343   -0.03398   -0.1663   0   7.343e+07   -1.256e+08   0
24.1   0.07343   -0.02664   -0.1788   0   7.343e+07   -1.256e+08   0
24.2   0.07544   -0.01931   -0.1914   0   7.29e+07   -1.278e+08   0
24.3   0.0817   -0.01209   -0.2045   0   7.152e+07   -1.34e+08   0
24.4   0.08865   -0.004996   -0.2182   0   7.038e+07   -1.402e+08   0
24.5   0.09619   0.001994   -0.2326   0   6.945e+07   -1.463e+08   0
24.6   0.1042   0.008901   -0.2475   0   6.872e+07   -1.522e+08   0
24.7   0.1127   0.01574   -0.263   0   6.816e+07   -1.578e+08   0
24.8   0.1214   0.02254   -0.2791   0   6.775e+07   -1.631e+08   0
24.9   0.1304   0.0293   -0.2956   0   6.746e+07   -1.681e+08   0
25   0.1394   0.03603   -0.3127   0   6.728e+07   -1.729e+08   0
25.1   0.1486   0.04275   -0.3302   0   6.717e+07   -1.773e+08   0
25.2   0.1578   0.04947   -0.3481   0   6.714e+07   -1.814e+08   0
25.3   0.1669   0.05618   -0.3665   0   6.716e+07   -1.852e+08   0
25.4   0.1759   0.0629   -0.3852   0   6.723e+07   -1.887e+08   0
25.5   0.1847   0.06963   -0.4042   0   6.732e+07   -1.92e+08   0
25.6   0.1934   0.07637   -0.4235   0   6.744e+07   -1.95e+08   0
25.7   0.2018   0.08312   -0.4432   0   6.758e+07   -1.978e+08   0
25.8   0.21   0.08989   -0.4631   0   6.773e+07   -2.003e+08   0
25.9   0.2178   0.09667   -0.4833   0   6.789e+07   -2.027e+08   0
26   0.2254   0.1035   -0.5036   0   6.805e+07   -2.049e+08   0
26.1   0.2326   0.1103   -0.5242   0   6.822e+07   -2.068e+08   0
26.2   0.2395   0.1171   -0.545   0   6.838e+07   -2.086e+08   0
26.3   0.246   0.124   -0.5659   0   6.854e+07   -2.103e+08   0
26.4   0.2521   0.1308   -0.587   0   6.87e+07   -2.118e+08   0
26.5   0.2579   0.1377   -0.6083   0   6.884e+07   -2.132e+08   0
26.6   0.2633   0.1446   -0.6297   0   6.899e+07   -2.144e+08   0
26.7   0.2683   0.1515   -0.6512   0   6.912e+07   -2.155e+08   0
26.8   0.2729   0.1584   -0.6728   0   6.925e+07   -2.165e+08   0
26.9   0.2771   0.1653   -0.6945   0   6.936e+07   -2.174e+08   0
27   0.2809   0.1723   -0.7163   0   6.947e+07   -2.182e+08   0
27.1   0.2834   0.1792   -0.7381   0   6.954e+07   -2.187e+08   0
27.2   0.2834   0.1862   -0.76   0   6.954e+07   -2.187e+08   0
27.3   0.2834   0.1931   -0.7819   0   6.954e+07   -2.187e+08   0
27.4   0.2834   0.2001   -0.8037   0   6.954e+07   -2.187e+08   0
27.5   0.2834   0.2071   -0.8256   0   6.954e+07   -2.187e+08   0
27.6   0.2834   0.214   -0.8475   0   6.954e+07   -2.187e+08   0
27.7   0.2834   0.221   -0.8694   0   6.954e+07   -2.187e+08   0
27.8   0.2834   0.2279   -0.8912   0   6.954e+07   -2.187e+08   0
27.9   0.2834   0.2349   -0.9131   0   6.954e+07   -2.187e+08   0
28   0.2834   0.2418   -0.935   0   6.954e+07   -2.187e+08   0
28.1   0.2834   0.2488   -0.9569   0   6.954e+07   -2.187e+08   0
28.2   0.2834   0.2557   -0.9787   0   6.954e+07   -2.187e+08   0
28.3   0.2834   0.2627   -1.001   0   6.954e+07   -2.187e+08   0
28.4   0.2834   0.2696   -1.022   0   6.954e+07   -2.187e+08   0
28.5   0.2834   0.2766   -1.044   0   6.954e+07   -2.187e+08   0
28.6   0.2834   0.2835   -1.066   0   6.954e+07   -2.187e+08   0
28.7   0.2834   0.2905   -1.088   0   6.954e+07   -2.187e+08   0
28.8   0.2834   0.2975   -1.11   0   6.954e+07   -2.187e+08   0
28.9   0.2834   0.3044   -1.132   0   6.954e+07   -2.187e+08   0
29   0.2834   0.3114   -1.154   0   6.954e+07   -2.187e+08   0
29.1   0.2834   0.3183   -1.176   0   6.954e+07   -2.187e+08   0
29.2   0.2834   0.3253   -1.197   0   6.954e+07   -2.187e+08   0
29.3   0.2834   0.3322   -1.219   0   6.954e+07   -2.187e+08   0
29.4   0.2834   0.3392   -1.241   0   6.954e+07   -2.187e+08   0
29.5   0.2834   0.3461   -1.263   0   6.954e+07   -2.187e+08   0
29.6   0.2834   0.3531   -1.285   0   6.954e+07   -2.187e+08   0
29.7   0.2834   0.36   -1.307   0   6.954e+07   -2.187e+08   0
29.8   0.2834   0.367   -1.329   0   6.954e+07   -2.187e+08   0
29.9   0.2834   0.374   -1.351   0   6.954e+07   -2.187e+08   0
30   0.2834   0.3809   -1.372   0   6.954e+07   -2.187e+08   0
30.1   0.2834   0.3879   -1.394   0   6.954e+07   -2.187e+08   0
30.2   0.2834   0.3948   -1.416   0   6.954e+07   -2.187e+08   0
30.3   0.2834   0.4018   -1.438   0   6.954e+07   -2.187e+08   0
30.4   0.2834   0.4087   -1.46   0   6.954e+07   -2.187e+08   0
30.5   0.2834   0.4157   -1.482   0   6.954e+07   -2.187e+08   0
30.6   0.2834   0.4226   -1.504   0   6.954e+07   -2.187e+08   0
30.7   0.2834   0.4296   -1.526   0   6.954e+07   -2.187e+08   0
30.8   0.2834   0.4365   -1.547   0   6.954e+07   -2.187e+08   0
30.9   0.2834   0.4435   -1.569   0   6.954e+07   -2.187e+08   0
31   0.2834   0.4504   -1.591   0   6.954e+07   -2.187e+08   0
31.1   0.2834   0.4574   -1.613   0   6.954e+07   -2.187e+08   0
31.2   0.2834   0.4644   -1.635   0   6.954e+07   -2.187e+08   0
31.3   0.2834   0.4713   -1.657   0   6.954e+07   -2.187e+08   0
31.4   0.2834   0.4783   -1.679   0   6.954e+07   -2.187e+08   0
31.5   0.2834   0.4852   -1.701   0   6.954e+07   -2.187e+08   0
31.6   0.2834   0.4922   -1.722   0   6.954e+07   -2.187e+08   0
31.7   0.2834   0.4991   -1.744   0   6.954e+07   -2.187e+08   0
31.8   0.2834   0.5061   -1.766   0   6.954e+07   -2.187e+08   0
31.9   0.2834   0.513   -1.788   0   6.954e+07   -2.187e+08   0
32   0.2834   0.52   -1.81   0   6.954e+07   -2.187e+08   0
32.1   0.2834   0.5269   -1.832   0   6.954e+07   -2.187e+08   0
32.2   0.2834   0.5339   -1.854   0   6.954e+07   -2.187e+08   0
32.3   0.2834   0.5409   -1.876   0   6.954e+07   -2.187e+08   0
32.4   0.2834   0.5478   -1.897   0   6.954e+07   -2.187e+08   0
32.5   0.2834   0.5548   -1.919   0   6.954e+07   -2.187e+08   0
32.6   0.2834   0.5617   -1.941   0   6.954e+07   -2.187e+08   0
32.7   0.2834   0.5687   -1.963   0   6.954e+07   -2.187e+08   0
32.8   0.2834   0.5756   -1.985   0   6.954e+07   -2.187e+08   0
32.9   0.2834   0.5826   -2.007   0   6.954e+07   -2.187e+08   0
33   0.2834   0.5895   -2.029   0   6.954e+07   -2.187e+08   0
33.1   0.2834   0.5965   -2.051   0   6.954e+07   -2.187e+08   0
33.2   0.2834   0.6034   -2.072   0   6.954e+07   -2.187e+08   0
33.3   0.2834   0.6104   -2.094   0   6.954e+07   -2.187e+08   0
33.4   0.2834   0.6173   -2.116   0   6.954e+07   -2.187e+08   0
33.5   0.2834   0.6243   -2.138   0   6.954e+07   -2.187e+08   0
33.6   0.2834   0.6313   -2.16   0   6.954e+07   -2.187e+08   0
33.7   0.2834   0.6382   -2.182   0   6.954e+07   -2.187e+08   0
33.8   0.2834   0.6452   -2.204   0   6.954e+07   -2.187e+08   0
33.9   0.2834   0.6521   -2.226   0   6.954e+07   -2.187e+08   0
34   0.2834   0.6591   -2.247   0   6.954e+07   -2.187e+08   0
34.1   0.2834   0.666   -2.269   0   6.954e+07   -2.187e+08   0
34.2   0.2834   0.673   -2.291   0   6.954e+07   -2.187e+08   0
34.3   0.2834   0.6799   -2.313   0   6.954e+07   -2.187e+08   0
34.4   0.2834   0.6869   -2.335   0   6.954e+07   -2.187e+08   0
34.5   0.2834   0.6938   -2.357   0   6.954e+07   -2.187e+08   0
34.6   0.2834   0.7008   -2.379   0   6.954e+07   -2.187e+08   0
34.7   0.2834   0.7078   -2.401   0   6.954e+07   -2.187e+08   0
34.8   0.2834   0.7147   -2.422   0   6.954e+07   -2.187e+08   0
34.9   0.2834   0.7217   -2.444   0   6.954e+07   -2.187e+08   0
35   0.2834   0.7286   -2.466   0   6.954e+07   -2.187e+08   0
35.1   0.2834   0.7356   -2.488   0   6.954e+07   -2.187e+08   0
35.2   0.2834   0.7425   -2.51   0   6.954e+07   -2.187e+08   0
35.3   0.2834   0.7495   -2.532   0   6.954e+07   -2.187e+08   0
35.4   0.2834   0.7564   -2.554   0   6.954e+07   -2.187e+08   0
35.5   0.2834   0.7634   -2.576   0   6.954e+07   -2.187e+08   0
35.6   0.2834   0.7703   -2.597   0   6.954e+07   -2.187e+08   0
35.7   0.2834   0.7773   -2.619   0   6.954e+07   -2.187e+08   0
35.8   0.2834   0.7842   -2.641   0   6.954e+07   -2.187e+08   0
35.9   0.2834   0.7912   -2.663   0   6.954e+07   -2.187e+08   0
36   0.2834   0.7982   -2.685   0   6.954e+07   -2.187e+08   0
36.1   0.2834   0.8051   -2.707   0   6.954e+07   -2.187e+08   0
36.2   0.2834   0.8121   -2.729   0   6.954e+07   -2.187e+08   0
36.3   0.2834   0.819   -2.751   0   6.954e+07   -2.187e+08   0
36.4   0.2834   0.826   -2.772   0   6.954e+07   -2.187e+08   0
36.5   0.2834   0.8329   -2.794   0   6.954e+07   -2.187e+08   0
36.6   0.2834   0.8399   -2.816   0   6.954e+07   -2.187e+08   0
36.7   0.2834   0.8468   -2.838   0   6.954e+07   -2.187e+08   0
36.8   0.2834   0.8538   -2.86   0   6.954e+07   -2.187e+08   0
36.9   0.2834   0.8607   -2.882   0   6.954e+07   -2.187e+08   0
37   0.2834   0.8677   -2.904   0   6.954e+07   -2.187e+08   0
37.1   0.2834   0.8747   -2.926   0   6.954e+07   -2.187e+08   0
37.2   0.2834   0.8816   -2.947   0   6.954e+07   -2.187e+08   0
37.3   0.2834   0.8886   -2.969   0   6.954e+07   -2.187e+08   0
37.4   0.2834   0.8955   -2.991   0   6.954e+07   -2.187e+08   0
37.5   0.2834   0.9025   -3.013   0   6.954e+07   -2.187e+08   0
37.6   0.2834   0.9094   -3.035   0   6.954e+07   -2.187e+08   0
37.7   0.2834   0.9164   -3.057   0   6.954e+07   -2.187e+08   0
37.8   0.2834   0.9233   -3.079   0   6.954e+07   -2.187e+08   0
37.9   0.2834   0.9303   -3.101   0   6.954e+07   -2.187e+08   0
38   0.2834   0.9372   -3.122   0   6.954e+07   -2.187e+08   0
38.1   0.2834   0.9442   -3.144   0   6.954e+07   -2.187e+08   0
38.2   0.2834   0.9511   -3.166   0   6.954e+07   -2.187e+08   0
38.3   0.2834   0.9581   -3.188   0   6.954e+07   -2.187e+08   0
38.4   0.2834   0.9651   -3.21   0   6.954e+07   -2.187e+08   0
38.5   0.2834   0.972   -3.232   0   6.954e+07   -2.187e+08   0
38.6   0.2834   0.979   -3.254   0   6.954e+07   -2.187e+08   0
38.7   0.2834   0.9859   -3.276   0   6.954e+07   -2.187e+08   0
38.8   0.2834   0.9929   -3.297   0   6.954e+07   -2.187e+08   0
38.9   0.2834   0.9998   -3.319   0   6.954e+07   -2.187e+08   0
39   0.2834   1.007   -3.341   0   6.954e+07   -2.187e+08   0
39.1   0.2834   1.014   -3.363   0   6.954e+07   -2.187e+08   0
39.2   0.2834   1.021   -3.385   0   6.954e+07   -2.187e+08   0
39.3   0.2834   1.028   -3.407   0   6.954e+07   -2.187e+08   0
39.4   0.2834   1.035   -3.429   0   6.954e+07   -2.187e+08   0
39.5   0.2834   1.042   -3.451   0   6.954e+07   -2.187e+08   0
39.6   0.2834   1.049   -3.472   0   6.954e+07   -2.187e+08   0
39.7   0.2834   1.055   -3.494   0   6.954e+07   -2.187e+08   0
39.8   0.2834   1.062   -3.516   0   6.954e+07   -2.187e+08   0
39.9   0.2834   1.069   -3.538   0   6.954e+07   -2.187e+08   0
40   0.2834   1.076   -3.56   0   6.954e+07   -2.187e+08   0
40.1   0.2834   1.083   -3.582   0   6.954e+07   -2.187e+08   0
40.2   0.2834   1.09   -3.604   0   6.954e+07   -2.187e+08   0
40.3   0.2834   1.097   -3.625   0   6.954e+07   -2.187e+08   0
40.4   0.2834   1.104   -3.647   0   6.954e+07   -2.187e+08   0
40.5   0.2834   1.111   -3.669   0   6.954e+07   -2.187e+08   0
40.6   0.2834   1.118   -3.691   0   6.954e+07   -2.187e+08   0
40.7   0.2834   1.125   -3.713   0   6.954e+07   -2.187e+08   0
40.8   0.2834   1.132   -3.735   0   6.954e+07   -2.187e+08   0
40.9   0.2834   1.139   -3.757   0   6.954e+07   -2.187e+08   0
41   0.2834   1.146   -3.779   0   6.954e+07   -2.187e+08   0
41.1   0.2834   1.153   -3.8   0   6.954e+07   -2.187e+08   0
41.2   0.2834   1.16   -3.822   0   6.954e+07   -2.187e+08   0
41.3   0.2834   1.167   -3.844   0   6.954e+07   -2.187e+08   0
41.4   0.2834   1.174   -3.866   0   6.954e+07   -2.187e+08   0
41.5   0.2834   1.181   -3.888   0   6.954e+07   -2.187e+08   0
41.6   0.2834   1.188   -3.91   0   6.954e+07   -2.187e+08   0
41.7   0.2834   1.195   -3.932   0   6.954e+07   -2.187e+08   0
41.8   0.2834   1.201   -3.954   0   6.954e+07   -2.187e+08   0
41.9   0.2834   1.208   -3.975   0   6.954e+07   -2.187e+08   0
42   0.2834   1.215   -3.997   0   6.954e+07   -2.187e+08   0
42.1   0.2834   1.222   -4.019   0   6.954e+07   -2.187e+08   0
42.2   0.2834   1.229   -4.041   0   6.954e+07   -2.187e+08   0
42.3   0.2834   1.236   -4.063   0   6.954e+07   -2.187e+08   0
42.4   0.2834   1.243   -4.085   0   6.954e+07   -2.187e+08   0
42.5   0.2834   1.25   -4.107   0   6.954e+07   -2.187e+08   0
42.6   0.2834   1.257   -4.129   0   6.954e+07   -2.187e+08   0
42.7   0.2834   1.264   -4.15   0   6.954e+07   -2.187e+08   0
42.8   0.2834   1.271   -4.172   0   6.954e+07   -2.187e+08   0
42.9   0.2834   1.278   -4.194   0   6.954e+07   -2.187e+08   0
43   0.2834   1.285   -4.216   0   6.954e+07   -2.187e+08   0
43.1   0.2834   1.292   -4.238   0   6.954e+07   -2.187e+08   0
43.2   0.2834   1.299   -4.26   0   6.954e+07   -2.187e+08   0
43.3   0.2834   1.306   -4.282   0   6.954e+07   -2.187e+08   0
43.4   0.2834   1.313   -4.304   0   6.954e+07   -2.187e+08   0
43.5   0.2834   1.32   -4.325   0   6.954e+07   -2.187e+08   0
43.6   0.2834   1.327   -4.347   0   6.954e+07   -2.187e+08   0
43.7   0.2834   1.334   -4.369   0   6.954e+07   -2.187e+08   0
43.8   0.2834   1.341   -4.391   0   6.954e+07   -2.187e+08   0
43.9   0.2834   1.348   -4.413   0   6.954e+07   -2.187e+08   0
44   0.2834   1.354   -4.435   0   6.954e+07   -2.187e+08   0
44.1   0.2834   1.361   -4.457   0   6.954e+07   -2.187e+08   0
44.2   0.2834   1.368   -4.479   0   6.954e+07   -2.187e+08   0
44.3   0.2834   1.375   -4.5   0   6.954e+07   -2.187e+08   0
44.4   0.2834   1.382   -4.522   0   6.954e+07   -2.187e+08   0
44.5   0.2834   1.389   -4.544   0   6.954e+07   -2.187e+08   0
44.6   0.2834   1.396   -4.566   0   6.954e+07   -2.187e+08   0
44.7   0.2834   1.403   -4.588   0   6.954e+07   -2.187e+08   0
44.8   0.2834   1.41   -4.61   0   6.954e+07   -2.187e+08   0
44.9   0.2834   1.417   -4.632   0   6.954e+07   -2.187e+08   0
45   0.2834   1.424   -4.654   0   6.954e+07   -2.187e+08   0
