0   0.04   -0.753   0   0   1.121e+08   0   0
0.1   0.04   -0.753   0   0   1.121e+08   0   0
0.2   0.04   -0.753   0   0   1.121e+08   0   0
0.3   0.04   -0.753   0   0   1.121e+08   0   0
0.4   0.04   -0.753   0   0   1.121e+08   0   0
0.5   0.04   -0.753   0   0   1.121e+08   0   0
0.6   0.04   -0.753   0   0   1.121e+08   0   0
0.7   0.04   -0.753   0   0   1.121e+08   0   0
0.8   0.04   -0.753   0   0   1.121e+08   0   0
0.9   0.04   -0.753   0   0   1.121e+08   0   0
1   0.04   -0.753   0   0   1.121e+08   0   0
1.1   0.04   -0.753   0   0   1.121e+08   0   0
1.2   0.04   -0.753   0   0   1.121e+08   0   0
1.3   0.04   -0.753   0   0   1.121e+08   0   0
1.4   0.04   -0.753   0   0   1.121e+08   0   0
1.5   0.04   -0.753   0   0   1.121e+08   0   0
1.6   0.04   -0.753   0   0   1.121e+08   0   0
1.7   0.04   -0.753   0   0   1.121e+08   0   0
1.8   0.04   -0.753   0   0   1.121e+08   0   0
1.9   0.041   -0.7483   0   0   1.134e+08   0   0
2   0.04364   -0.7368   0   0   1.166e+08   0   0
2.1   0.04645   -0.725   0   0   1.198e+08   0   0
2.2   0.04944   -0.7129   0   0   1.231e+08   0   0
2.3   0.0526   -0.7004   0   0   1.265e+08   0   0
2.4   0.05593   -0.6876   0   0   1.298e+08   0   0
2.5   0.05942   -0.6744   0   0   1.332e+08   0   0
2.6   0.06306   -0.6609   0   0   1.366e+08   0   0
2.7   0.06685   -0.6471   0   0   1.4e+08   0   0
2.8   0.07077   -0.6329   0   0   1.433e+08   0   0
2.9   0.07481   -0.6184   0   0   1.466e+08   0   0
3   0.07895   -0.6036   0   0   1.498e+08   0   0
3.1   0.08317   -0.5885   0   0   1.53e+08   0   0
3.2   0.08746   -0.573   0   0   1.56e+08   0   0
3.3   0.09179   -0.5573   0   0   1.59e+08   0   0
3.4   0.09613   -0.5412   0   0   1.619e+08   0   0
3.5   0.1005   -0.5249   0   0   1.646e+08   0   0
3.6   0.1047   -0.5083   0   0   1.673e+08   0   0
3.7   0.109   -0.4914   0   0   1.698e+08   0   0
3.8   0.1131   -0.4743   0   0   1.721e+08   0   0
3.9   0.117   -0.457   0   0   1.743e+08   0   0
4   0.1208   -0.4395   0   0   1.763e+08   0   0
4.1   0.1243   -0.4218   0   0   1.781e+08   0   0
4.2   0.1275   -0.4039   0   0   1.798e+08   0   0
4.3   0.1304   -0.3858   0   0   1.812e+08   0   0
4.4   0.1329   -0.3676   0   0   1.824e+08   0   0
4.5   0.135   -0.3493   0   0   1.834e+08   0   0
4.6   0.1365   -0.331   0   0   1.841e+08   0   0
4.7   0.1374   -0.3125   0   0   1.845e+08   0   0
4.8   0.1376   -0.2941   0   0   1.846e+08   0   0
4.9   0.1371   -0.2756   0   0   1.844e+08   0   0
5   0.1356   -0.2572   0   0   1.837e+08   0   0
5.1   0.1332   -0.2389   0   0   1.826e+08   0   0
5.2   0.1297   -0.2207   0   0   1.808e+08   0   0
5.3   0.1249   -0.2028   0   0   1.784e+08   0   0
5.4   0.1199   -0.1851   0   0   1.758e+08   0   0
5.5   0.1199   -0.1675   0   0   1.758e+08   0   0
5.6   0.1199   -0.1499   0   0   1.758e+08   0   0
5.7   0.1199   -0.1323   0   0   1.758e+08   0   0
5.8   0.1199   -0.1147   0   0   1.758e+08   0   0
5.9   0.1199   -0.09713   0   0   1.758e+08   0   0
6   0.1199   -0.07955   0   0   1.758e+08   0   0
6.1   0.1199   -0.06196   0   0   1.758e+08   0   0
6.2   0.1199   -0.04438   0   0   1.758e+08   0   0
6.3   0.1199   -0.0268   0   0   1.758e+08   0   0
6.4   0.1199   -0.009211   0   0   1.758e+08   0   0
6.5   0.1199   0.008374   0   0   1.758e+08   0   0
6.6   0.1199   0.02596   0   0   1.758e+08   0   0
6.7   0.1199   0.04354   0   0   1.758e+08   0   0
6.8   0.1199   0.06113   0   0   1.758e+08   0   0
6.9   0.1199   0.07871   0   0   1.758e+08   0   0
7   0.1199   0.0963   0   0   1.758e+08   0   0
7.1   0.1199   0.1139   0   0   1.758e+08   0   0
7.2   0.1199   0.1315   0   0   1.758e+08   0   0
7.3   0.1199   0.1491   0   0   1.758e+08   0   0
7.4   0.1199   0.1666   0   0   1.758e+08   0   0
7.5   0.1199   0.1842   0   0   1.758e+08   0   0
7.6   0.1321   0.2021   0   0   1.82e+08   0   0
7.7   0.1469   0.2206   0   0   1.888e+08   0   0
7.8   0.1606   0.2398   0   0   1.945e+08   0   0
7.9   0.1731   0.2595   0   0   1.993e+08   0   0
8   0.1845   0.2796   0   0   2.034e+08   0   0
8.1   0.1948   0.3001   0   0   2.068e+08   0   0
8.2   0.204   0.321   0   0   2.097e+08   0   0
8.3   0.2123   0.3421   0   0   2.122e+08   0   0
8.4   0.2196   0.3634   0   0   2.143e+08   0   0
8.5   0.226   0.3849   0   0   2.16e+08   0   0
8.6   0.2315   0.4066   0   0   2.175e+08   0   0
8.7   0.2363   0.4284   0   0   2.188e+08   0   0
8.8   0.2403   0.4503   0   0   2.198e+08   0   0
8.9   0.2436   0.4724   0   0   2.206e+08   0   0
9   0.2463   0.4945   0   0   2.213e+08   0   0
9.1   0.2483   0.5166   0   0   2.217e+08   0   0
9.2   0.2497   0.5388   0   0   2.221e+08   0   0
9.3   0.2506   0.561   0   0   2.223e+08   0   0
9.4   0.251   0.5833   0   0   2.224e+08   0   0
9.5   0.2509   0.6055   0   0   2.224e+08   0   0
9.6   0.2504   0.6277   0   0   2.223e+08   0   0
9.7   0.2495   0.6499   0   0   2.22e+08   0   0
9.8   0.2482   0.6721   0   0   2.217e+08   0   0
9.9   0.2466   0.6943   0   0   2.213e+08   0   0
10   0.2446   0.7164   0   0   2.209e+08   0   0
10.1   0.2424   0.7385   0   0   2.203e+08   0   0
10.2   0.2408   0.7605   0   0   2.199e+08   0   0
10.3   0.2408   0.7825   0   0   2.199e+08   0   0
10.4   0.2408   0.8044   0   0   2.199e+08   0   0
10.5   0.2408   0.8264   0   0   2.199e+08   0   0
10.6   0.2408   0.8484   0   0   2.199e+08   0   0
10.7   0.2408   0.8704   0   0   2.199e+08   0   0
10.8   0.2408   0.8924   0   0   2.199e+08   0   0
10.9   0.2408   0.9144   0   0   2.199e+08   0   0
11   0.2408   0.9364   0   0   2.199e+08   0   0
11.1   0.2408   0.9584   0   0   2.199e+08   0   0
11.2   0.2408   0.9804   0   0   2.199e+08   0   0
11.3   0.2408   1.002   0   0   2.199e+08   0   0
11.4   0.2408   1.024   0   0   2.199e+08   0   0
11.5   0.2408   1.046   0   0   2.199e+08   0   0
11.6   0.2408   1.068   0   0   2.199e+08   0   0
11.7   0.2408   1.09   0   0   2.199e+08   0   0
11.8   0.2409   1.112   -0.0002161   0   2.192e+08   -1.8e+07   0
11.9   0.2415   1.133   -0.005879   0   1.993e+08   -9.332e+07   0
12   0.2421   1.151   -0.01856   0   1.544e+08   -1.57e+08   0
12.1   0.2426   1.164   -0.03667   0   9.018e+07   -2.01e+08   0
12.2   0.2432   1.169   -0.05796   0   1.464e+07   -2.2e+08   0
12.3   0.2437   1.166   -0.07976   0   -6.278e+07   -2.115e+08   0
12.4   0.2443   1.157   -0.09936   0   -1.324e+08   -1.767e+08   0
12.5   0.2449   1.14   -0.1143   0   -1.856e+08   -1.198e+08   0
12.6   0.2454   1.12   -0.1228   0   -2.158e+08   -4.802e+07   0
12.7   0.246   1.098   -0.1236   0   -2.192e+08   2.975e+07   0
12.8   0.246   1.076   -0.1201   0   -2.183e+08   3.594e+07   0
12.9   0.246   1.054   -0.1165   0   -2.183e+08   3.594e+07   0
13   0.246   1.033   -0.1129   0   -2.183e+08   3.594e+07   0
13.1   0.246   1.011   -0.1093   0   -2.183e+08   3.594e+07   0
13.2   0.246   0.989   -0.1057   0   -2.183e+08   3.594e+07   0
13.3   0.246   0.9672   -0.1021   0   -2.183e+08   3.594e+07   0
13.4   0.246   0.9454   -0.0985   0   -2.183e+08   3.594e+07   0
13.5   0.246   0.9235   -0.09491   0   -2.183e+08   3.594e+07   0
13.6   0.246   0.9017   -0.09132   0   -2.183e+08   3.594e+07   0
13.7   0.246   0.8799   -0.08772   0   -2.183e+08   3.594e+07   0
13.8   0.246   0.8581   -0.08413   0   -2.183e+08   3.594e+07   0
13.9   0.246   0.8362   -0.08054   0   -2.183e+08   3.594e+07   0
14   0.246   0.8144   -0.07694   0   -2.183e+08   3.594e+07   0
14.1   0.246   0.7926   -0.07335   0   -2.183e+08   3.594e+07   0
14.2   0.246   0.7708   -0.06975   0   -2.183e+08   3.594e+07   0
14.3   0.246   0.7489   -0.06616   0   -2.182e+08   3.594e+07   0
14.4   0.245   0.7271   -0.06257   0   -2.18e+08   3.594e+07   0
14.5   0.2437   0.7053   -0.05897   0   -2.177e+08   3.594e+07   0
14.6   0.2419   0.6836   -0.05538   0   -2.172e+08   3.595e+07   0
14.7   0.2397   0.6619   -0.05178   0   -2.167e+08   3.596e+07   0
14.8   0.2371   0.6403   -0.04819   0   -2.16e+08   3.597e+07   0
14.9   0.234   0.6187   -0.04459   0   -2.152e+08   3.6e+07   0
15   0.2305   0.5972   -0.04099   0   -2.142e+08   3.603e+07   0
15.1   0.2264   0.5759   -0.03738   0   -2.131e+08   3.607e+07   0
15.2   0.2219   0.5546   -0.03377   0   -2.118e+08   3.613e+07   0
15.3   0.2169   0.5335   -0.03016   0   -2.104e+08   3.621e+07   0
15.4   0.2114   0.5125   -0.02653   0   -2.088e+08   3.631e+07   0
15.5   0.2054   0.4918   -0.02289   0   -2.069e+08   3.644e+07   0
15.6   0.1989   0.4712   -0.01924   0   -2.049e+08   3.66e+07   0
15.7   0.1919   0.4508   -0.01557   0   -2.025e+08   3.68e+07   0
15.8   0.1844   0.4307   -0.01188   0   -1.999e+08   3.705e+07   0
15.9   0.1765   0.4108   -0.008159   0   -1.97e+08   3.735e+07   0
16   0.1681   0.3913   -0.004406   0   -1.938e+08   3.773e+07   0
16.1   0.1592   0.3721   -0.0006109   0   -1.902e+08   3.818e+07   0
16.2   0.15   0.3532   0.003235   0   -1.862e+08   3.874e+07   0
16.3   0.1404   0.3349   0.007142   0   -1.817e+08   3.942e+07   0
16.4   0.1306   0.3169   0.01112   0   -1.768e+08   4.024e+07   0
16.5   0.1205   0.2995   0.0152   0   -1.712e+08   4.124e+07   0
16.6   0.1103   0.2827   0.01938   0   -1.652e+08   4.245e+07   0
16.7   0.1001   0.2665   0.0237   0   -1.584e+08   4.39e+07   0
16.8   0.08997   0.251   0.02817   0   -1.51e+08   4.565e+07   0
16.9   0.08012   0.2363   0.03284   0   -1.429e+08   4.774e+07   0
17   0.0707   0.2225   0.03773   0   -1.342e+08   5.022e+07   0
17.1   0.06191   0.2095   0.0429   0   -1.247e+08   5.314e+07   0
17.2   0.05395   0.1976   0.04838   0   -1.147e+08   5.653e+07   0
17.3   0.04701   0.1866   0.05423   0   -1.042e+08   6.042e+07   0
17.4   0.0423   0.1767   0.06047   0   -9.559e+07   6.387e+07   0
17.5   0.0423   0.1672   0.06686   0   -9.559e+07   6.387e+07   0
17.6   0.0423   0.1576   0.07325   0   -9.559e+07   6.387e+07   0
17.7   0.0423   0.1481   0.07964   0   -9.559e+07   6.387e+07   0
17.8   0.0423   0.1385   0.08602   0   -9.559e+07   6.387e+07   0
17.9   0.0423   0.1289   0.09241   0   -9.559e+07   6.387e+07   0
18   0.0423   0.1194   0.0988   0   -9.559e+07   6.387e+07   0
18.1   0.0423   0.1098   0.1052   0   -9.559e+07   6.387e+07   0
18.2   0.0423   0.1003   0.1116   0   -9.559e+07   6.387e+07   0
18.3   0.0423   0.09071   0.118   0   -9.559e+07   6.387e+07   0
18.4   0.0423   0.08115   0.1243   0   -9.559e+07   6.387e+07   0
18.5   0.0423   0.07159   0.1307   0   -9.559e+07   6.387e+07   0
18.6   0.0423   0.06203   0.1371   0   -9.559e+07   6.387e+07   0
18.7   0.0423   0.05247   0.1435   0   -9.559e+07   6.387e+07   0
18.8   0.0423   0.04291   0.1499   0   -9.559e+07   6.387e+07   0
18.9   0.0423   0.03335   0.1563   0   -9.559e+07   6.387e+07   0
19   0.0423   0.0238   0.1627   0   -9.559e+07   6.387e+07   0
19.1   0.0423   0.01424   0.1691   0   -9.559e+07   6.387e+07   0
19.2   0.0423   0.004678   0.1754   0   -9.559e+07   6.387e+07   0
19.3   0.0423   -0.004881   0.1818   0   -9.559e+07   6.387e+07   0
19.4   0.0421   -0.01444   0.1882   0   -9.559e+07   6.343e+07   0
19.5   0.03907   -0.02399   0.1942   0   -9.54e+07   5.668e+07   0
19.6   0.03593   -0.03351   0.1995   0   -9.482e+07   4.928e+07   0
19.7   0.03276   -0.04294   0.2041   0   -9.381e+07   4.128e+07   0
19.8   0.02968   -0.05225   0.2078   0   -9.232e+07   3.275e+07   0
19.9   0.02676   -0.06139   0.2106   0   -9.032e+07   2.374e+07   0
20   0.0241   -0.0703   0.2125   0   -8.78e+07   1.429e+07   0
20.1   0.02178   -0.07892   0.2134   0   -8.472e+07   4.458e+06   0
20.2   0.01988   -0.08722   0.2133   0   -8.106e+07   -5.692e+06   0
20.3   0.01847   -0.09511   0.2123   0   -7.683e+07   -1.61e+07   0
20.4   0.01764   -0.1026   0.2101   0   -7.2e+07   -2.671e+07   0
20.5   0.01744   -0.1095   0.2069   0   -6.657e+07   -3.744e+07   0
20.6   0.01794   -0.1158   0.2026   0   -6.055e+07   -4.824e+07   0
20.7   0.0192   -0.1216   0.1972   0   -5.395e+07   -5.901e+07   0
20.8   0.02128   -0.1266   0.1908   0   -4.676e+07   -6.969e+07   0
20.9   0.02423   -0.1309   0.1833   0   -3.901e+07   -8.02e+07   0
21   0.0281   -0.1344   0.1748   0   -3.071e+07   -9.045e+07   0
21.1   0.03293   -0.137   0.1652   0   -2.188e+07   -1.004e+08   0
21.2   0.03877   -0.1387   0.1547   0   -1.253e+07   -1.099e+08   0
21.3   0.04566   -0.1395   0.1432   0   -2.696e+06   -1.189e+08   0
21.4   0.05364   -0.1392   0.1309   0   7.623e+06   -1.273e+08   0
21.5   0.05635   -0.1382   0.118   0   1.092e+07   -1.298e+08   0
21.6   0.05635   -0.1371   0.105   0   1.092e+07   -1.298e+08   0
21.7   0.05635   -0.136   0.09202   0   1.092e+07   -1.298e+08   0
21.8   0.05635   -0.1349   0.07905   0   1.092e+07   -1.298e+08   0
21.9   0.05635   -0.1338   0.06607   0   1.092e+07   -1.298e+08   0
22   0.05635   -0.1327   0.05309   0   1.092e+07   -1.298e+08   0
22.1   0.05635   -0.1317   0.04011   0   1.092e+07   -1.298e+08   0
22.2   0.05635   -0.1306   0.02713   0   1.092e+07   -1.298e+08   0
22.3   0.05635   -0.1295   0.01415   0   1.092e+07   -1.298e+08   0
22.4   0.05635   -0.1284   0.001169   0   1.092e+07   -1.298e+08   0
22.5   0.05635   -0.1273   -0.01181   0   1.092e+07   -1.298e+08   0
22.6   0.05635   -0.1262   -0.02479   0   1.092e+07   -1.298e+08   0
22.7   0.05635   -0.1251   -0.03777   0   1.092e+07   -1.298e+08   0
22.8   0.05635   -0.124   -0.05075   0   1.092e+07   -1.298e+08   0
22.9   0.05635   -0.1229   -0.06373   0   1.092e+07   -1.298e+08   0
23   0.05635   -0.1218   -0.07671   0   1.092e+07   -1.298e+08   0
23.1   0.05635   -0.1207   -0.08969   0   1.092e+07   -1.298e+08   0
23.2   0.05635   -0.1196   -0.1027   0   1.092e+07   -1.298e+08   0
23.3   0.05635   -0.1186   -0.1156   0   1.092e+07   -1.298e+08   0
23.4   0.05635   -0.1175   -0.1286   0   1.092e+07   -1.298e+08   0
23.5   0.05635   -0.1164   -0.1416   0   1.092e+07   -1.298e+08   0
23.6   0.0569   -0.1153   -0.1546   0   1.036e+07   -1.304e+08   0
23.7   0.05854   -0.1143   -0.1677   0   8.846e+06   -1.321e+08   0
23.8   0.06081   -0.1135   -0.181   0   6.996e+06   -1.344e+08   0
23.9   0.06369   -0.1129   -0.1946   0   4.909e+06   -1.371e+08   0
24   0.06716   -0.1126   -0.2085   0   2.671e+06   -1.402e+08   0
24.1   0.07119   -0.1124   -0.2227   0   3.492e+05   -1.437e+08   0
24.2   0.07576   -0.1125   -0.2372   0   -1.999e+06   -1.473e+08   0
24.3   0.08082   -0.1128   -0.2521   0   -4.332e+06   -1.512e+08   0
24.4   0.08634   -0.1134   -0.2675   0   -6.615e+06   -1.551e+08   0
24.5   0.09226   -0.1141   -0.2832   0   -8.824e+06   -1.591e+08   0
24.6   0.09854   -0.1151   -0.2993   0   -1.094e+07   -1.631e+08   0
24.7   0.1051   -0.1163   -0.3158   0   -1.296e+07   -1.67e+08   0
24.8   0.112   -0.1177   -0.3327   0   -1.486e+07   -1.708e+08   0
24.9   0.119   -0.1193   -0.3499   0   -1.665e+07   -1.745e+08   0
25   0.1262   -0.121   -0.3676   0   -1.833e+07   -1.781e+08   0
25.1   0.1335   -0.123   -0.3856   0   -1.989e+07   -1.816e+08   0
25.2   0.1408   -0.125   -0.4039   0   -2.134e+07   -1.849e+08   0
25.3   0.1482   -0.1272   -0.4225   0   -2.269e+07   -1.88e+08   0
25.4   0.1555   -0.1296   -0.4415   0   -2.394e+07   -1.91e+08   0
25.5   0.1628   -0.132   -0.4607   0   -2.509e+07   -1.938e+08   0
25.6   0.1699   -0.1346   -0.4802   0   -2.615e+07   -1.964e+08   0
25.7   0.1769   -0.1372   -0.5   0   -2.712e+07   -1.989e+08   0
25.8   0.1838   -0.14   -0.52   0   -2.801e+07   -2.012e+08   0
25.9   0.1904   -0.1428   -0.5402   0   -2.883e+07   -2.033e+08   0
26   0.1969   -0.1458   -0.5607   0   -2.958e+07   -2.053e+08   0
26.1   0.203   -0.1487   -0.5813   0   -3.026e+07   -2.072e+08   0
26.2   0.209   -0.1518   -0.6021   0   -3.088e+07   -2.089e+08   0
26.3   0.2146   -0.1549   -0.6231   0   -3.145e+07   -2.105e+08   0
26.4   0.22   -0.1581   -0.6442   0   -3.196e+07   -2.12e+08   0
26.5   0.225   -0.1613   -0.6655   0   -3.242e+07   -2.133e+08   0
26.6   0.2297   -0.1646   -0.6869   0   -3.284e+07   -2.145e+08   0
26.7   0.2341   -0.1679   -0.7084   0   -3.321e+07   -2.157e+08   0
26.8   0.2382   -0.1712   -0.73   0   -3.354e+07   -2.167e+08   0
26.9   0.2388   -0.1746   -0.7517   0   -3.359e+07   -2.168e+08   0
27   0.2388   -0.1779   -0.7734   0   -3.359e+07   -2.168e+08   0
27.1   0.2388   -0.1813   -0.795   0   -3.359e+07   -2.168e+08   0
27.2   0.2388   -0.1846   -0.8167   0   -3.359e+07   -2.168e+08   0
27.3   0.2388   -0.188   -0.8384   0   -3.359e+07   -2.168e+08   0
27.4   0.2388   -0.1914   -0.8601   0   -3.359e+07   -2.168e+08   0
27.5   0.2388   -0.1947   -0.8818   0   -3.359e+07   -2.168e+08   0
27.6   0.2388   -0.1981   -0.9034   0   -3.359e+07   -2.168e+08   0
27.7   0.2388   -0.2014   -0.9251   0   -3.359e+07   -2.168e+08   0
27.8   0.2388   -0.2048   -0.9468   0   -3.359e+07   -2.168e+08   0
27.9   0.2388   -0.2082   -0.9685   0   -3.359e+07   -2.168e+08   0
28   0.2388   -0.2115   -0.9902   0   -3.359e+07   -2.168e+08   0
28.1   0.2388   -0.2149   -1.012   0   -3.359e+07   -2.168e+08   0
28.2   0.2388   -0.2182   -1.034   0   -3.359e+07   -2.168e+08   0
28.3   0.2388   -0.2216   -1.055   0   -3.359e+07   -2.168e+08   0
28.4   0.2388   -0.225   -1.077   0   -3.359e+07   -2.168e+08   0
28.5   0.2388   -0.2283   -1.099   0   -3.359e+07   -2.168e+08   0
28.6   0.2388   -0.2317   -1.12   0   -3.359e+07   -2.168e+08   0
28.7   0.2388   -0.235   -1.142   0   -3.359e+07   -2.168e+08   0
28.8   0.2388   -0.2384   -1.164   0   -3.359e+07   -2.168e+08   0
28.9   0.2388   -0.2418   -1.185   0   -3.359e+07   -2.168e+08   0
29   0.2388   -0.2451   -1.207   0   -3.359e+07   -2.168e+08   0
29.1   0.2388   -0.2485   -1.229   0   -3.359e+07   -2.168e+08   0
29.2   0.2388   -0.2518   -1.25   0   -3.359e+07   -2.168e+08   0
29.3   0.2388   -0.2552   -1.272   0   -3.359e+07   -2.168e+08   0
29.4   0.2388   -0.2585   -1.294   0   -3.359e+07   -2.168e+08   0
29.5   0.2388   -0.2619   -1.315   0   -3.359e+07   -2.168e+08   0
29.6   0.2388   -0.2653   -1.337   0   -3.359e+07   -2.168e+08   0
29.7   0.2388   -0.2686   -1.359   0   -3.359e+07   -2.168e+08   0
29.8   0.2388   -0.272   -1.38   0   -3.359e+07   -2.168e+08   0
29.9   0.2388   -0.2753   -1.402   0   -3.359e+07   -2.168e+08   0
30   0.2388   -0.2787   -1.424   0   -3.359e+07   -2.168e+08   0
30.1   0.2388   -0.2821   -1.445   0   -3.359e+07   -2.168e+08   0
30.2   0.2388   -0.2854   -1.467   0   -3.359e+07   -2.168e+08   0
30.3   0.2388   -0.2888   -1.489   0   -3.359e+07   -2.168e+08   0
30.4   0.2388   -0.2921   -1.51   0   -3.359e+07   -2.168e+08   0
30.5   0.2388   -0.2955   -1.532   0   -3.359e+07   -2.168e+08   0
30.6   0.2388   -0.2989   -1.554   0   -3.359e+07   -2.168e+08   0
30.7   0.2388   -0.3022   -1.576   0   -3.359e+07   -2.168e+08   0
30.8   0.2388   -0.3056   -1.597   0   -3.359e+07   -2.168e+08   0
30.9   0.2388   -0.3089   -1.619   0   -3.359e+07   -2.168e+08   0
31   0.2388   -0.3123   -1.641   0   -3.359e+07   -2.168e+08   0
31.1   0.2388   -0.3156   -1.662   0   -3.359e+07   -2.168e+08   0
31.2   0.2388   -0.319   -1.684   0   -3.359e+07   -2.168e+08   0
31.3   0.2388   -0.3224   -1.706   0   -3.359e+07   -2.168e+08   0
31.4   0.2388   -0.3257   -1.727   0   -3.359e+07   -2.168e+08   0
31.5   0.2388   -0.3291   -1.749   0   -3.359e+07   -2.168e+08   0
31.6   0.2388   -0.3324   -1.771   0   -3.359e+07   -2.168e+08   0
31.7   0.2388   -0.3358   -1.792   0   -3.359e+07   -2.168e+08   0
31.8   0.2388   -0.3392   -1.814   0   -3.359e+07   -2.168e+08   0
31.9   0.2388   -0.3425   -1.836   0   -3.359e+07   -2.168e+08   0
32   0.2388   -0.3459   -1.857   0   -3.359e+07   -2.168e+08   0
32.1   0.2388   -0.3492   -1.879   0   -3.359e+07   -2.168e+08   0
32.2   0.2388   -0.3526   -1.901   0   -3.359e+07   -2.168e+08   0
32.3   0.2388   -0.356   -1.922   0   -3.359e+07   -2.168e+08   0
32.4   0.2388   -0.3593   -1.944   0   -3.359e+07   -2.168e+08   0
32.5   0.2388   -0.3627   -1.966   0   -3.359e+07   -2.168e+08   0
32.6   0.2388   -0.366   -1.987   0   -3.359e+07   -2.168e+08   0
32.7   0.2388   -0.3694   -2.009   0   -3.359e+07   -2.168e+08   0
32.8   0.2388   -0.3728   -2.031   0   -3.359e+07   -2.168e+08   0
32.9   0.2388   -0.3761   -2.052   0   -3.359e+07   -2.168e+08   0
33   0.2388   -0.3795   -2.074   0   -3.359e+07   -2.168e+08   0
33.1   0.2388   -0.3828   -2.096   0   -3.359e+07   -2.168e+08   0
33.2   0.2388   -0.3862   -2.118   0   -3.359e+07   -2.168e+08   0
33.3   0.2388   -0.3895   -2.139   0   -3.359e+07   -2.168e+08   0
33.4   0.2388   -0.3929   -2.161   0   -3.359e+07   -2.168e+08   0
33.5   0.2388   -0.3963   -2.183   0   -3.359e+07   -2.168e+08   0
33.6   0.2388   -0.3996   -2.204   0   -3.359e+07   -2.168e+08   0
33.7   0.2388   -0.403   -2.226   0   -3.359e+07   -2.168e+08   0
33.8   0.2388   -0.4063   -2.248   0   -3.359e+07   -2.168e+08   0
33.9   0.2388   -0.4097   -2.269   0   -3.359e+07   -2.168e+08   0
34   0.2388   -0.4131   -2.291   0   -3.359e+07   -2.168e+08   0
34.1   0.2388   -0.4164   -2.313   0   -3.359e+07   -2.168e+08   0
34.2   0.2388   -0.4198   -2.334   0   -3.359e+07   -2.168e+08   0
34.3   0.2388   -0.4231   -2.356   0   -3.359e+07   -2.168e+08   0
34.4   0.2388   -0.4265   -2.378   0   -3.359e+07   -2.168e+08   0
34.5   0.2388   -0.4299   -2.399   0   -3.359e+07   -2.168e+08   0
34.6   0.2388   -0.4332   -2.421   0   -3.359e+07   -2.168e+08   0
34.7   0.2388   -0.4366   -2.443   0   -3.359e+07   -2.168e+08   0
34.8   0.2388   -0.4399   -2.464   0   -3.359e+07   -2.168e+08   0
34.9   0.2388   -0.4433   -2.486   0   -3.359e+07   -2.168e+08   0
35   0.2388   -0.4466   -2.508   0   -3.359e+07   -2.168e+08   0
35.1   0.2388   -0.45   -2.529   0   -3.359e+07   -2.168e+08   0
35.2   0.2388   -0.4534   -2.551   0   -3.359e+07   -2.168e+08   0
35.3   0.2388   -0.4567   -2.573   0   -3.359e+07   -2.168e+08   0
35.4   0.2388   -0.4601   -2.594   0   -3.359e+07   -2.168e+08   0
35.5   0.2388   -0.4634   -2.616   0   -3.359e+07   -2.168e+08   0
35.6   0.2388   -0.4668   -2.638   0   -3.359e+07   -2.168e+08   0
35.7   0.2388   -0.4702   -2.66   0   -3.359e+07   -2.168e+08   0
35.8   0.2388   -0.4735   -2.681   0   -3.359e+07   -2.168e+08   0
35.9   0.2388   -0.4769   -2.703   0   -3.359e+07   -2.168e+08   0
36   0.2388   -0.4802   -2.725   0   -3.359e+07   -2.168e+08   0
36.1   0.2388   -0.4836   -2.746   0   -3.359e+07   -2.168e+08   0
36.2   0.2388   -0.487   -2.768   0   -3.359e+07   -2.168e+08   0
36.3   0.2388   -0.4903   -2.79   0   -3.359e+07   -2.168e+08   0
36.4   0.2388   -0.4937   -2.811   0   -3.359e+07   -2.168e+08   0
36.5   0.2388   -0.497   -2.833   0   -3.359e+07   -2.168e+08   0
36.6   0.2388   -0.5004   -2.855   0   -3.359e+07   -2.168e+08   0
36.7   0.2388   -0.5038   -2.876   0   -3.359e+07   -2.168e+08   0
36.8   0.2388   -0.5071   -2.898   0   -3.359e+07   -2.168e+08   0
36.9   0.2388   -0.5105   -2.92   0   -3.359e+07   -2.168e+08   0
37   0.2388   -0.5138   -2.941   0   -3.359e+07   -2.168e+08   0
37.1   0.2388   -0.5172   -2.963   0   -3.359e+07   -2.168e+08   0
37.2   0.2388   -0.5205   -2.985   0   -3.359e+07   -2.168e+08   0
37.3   0.2388   -0.5239   -3.006   0   -3.359e+07   -2.168e+08   0
37.4   0.2388   -0.5273   -3.028   0   -3.359e+07   -2.168e+08   0
37.5   0.2388   -0.5306   -3.05   0   -3.359e+07   -2.168e+08   0
37.6   0.2388   -0.534   -3.071   0   -3.359e+07   -2.168e+08   0
37.7   0.2388   -0.5373   -3.093   0   -3.359e+07   -2.168e+08   0
37.8   0.2388   -0.5407   -3.115   0   -3.359e+07   -2.168e+08   0
37.9   0.2388   -0.5441   -3.137   0   -3.359e+07   -2.168e+08   0
38   0.2388   -0.5474   -3.158   0   -3.359e+07   -2.168e+08   0
38.1   0.2388   -0.5508   -3.18   0   -3.359e+07   -2.168e+08   0
38.2   0.2388   -0.5541   -3.202   0   -3.359e+07   -2.168e+08   0
38.3   0.2388   -0.5575   -3.223   0   -3.359e+07   -2.168e+08   0
38.4   0.2388   -0.5609   -3.245   0   -3.359e+07   -2.168e+08   0
38.5   0.2388   -0.5642   -3.267   0   -3.359e+07   -2.168e+08   0
38.6   0.2388   -0.5676   -3.288   0   -3.359e+07   -2.168e+08   0
38.7   0.2388   -0.5709   -3.31   0   -3.359e+07   -2.168e+08   0
38.8   0.2388   -0.5743   -3.332   0   -3.359e+07   -2.168e+08   0
38.9   0.2388   -0.5776   -3.353   0   -3.359e+07   -2.168e+08   0
39   0.2388   -0.581   -3.375   0   -3.359e+07   -2.168e+08   0
39.1   0.2388   -0.5844   -3.397   0   -3.359e+07   -2.168e+08   0
39.2   0.2388   -0.5877   -3.418   0   -3.359e+07   -2.168e+08   0
39.3   0.2388   -0.5911   -3.44   0   -3.359e+07   -2.168e+08   0
39.4   0.2388   -0.5944   -3.462   0   -3.359e+07   -2.168e+08   0
39.5   0.2388   -0.5978   -3.483   0   -3.359e+07   -2.168e+08   0
39.6   0.2388   -0.6012   -3.505   0   -3.359e+07   -2.168e+08   0
39.7   0.2388   -0.6045   -3.527   0   -3.359e+07   -2.168e+08   0
39.8   0.2388   -0.6079   -3.548   0   -3.359e+07   -2.168e+08   0
39.9   0.2388   -0.6112   -3.57   0   -3.359e+07   -2.168e+08   0
40   0.2388   -0.6146   -3.592   0   -3.359e+07   -2.168e+08   0
40.1   0.2388   -0.618   -3.613   0   -3.359e+07   -2.168e+08   0
40.2   0.2388   -0.6213   -3.635   0   -3.359e+07   -2.168e+08   0
40.3   0.2388   -0.6247   -3.657   0   -3.359e+07   -2.168e+08   0
40.4   0.2388   -0.628   -3.679   0   -3.359e+07   -2.168e+08   0
40.5   0.2388   -0.6314   -3.7   0   -3.359e+07   -2.168e+08   0
40.6   0.2388   -0.6347   -3.722   0   -3.359e+07   -2.168e+08   0
40.7   0.2388   -0.6381   -3.744   0   -3.359e+07   -2.168e+08   0
40.8   0.2388   -0.6415   -3.765   0   -3.359e+07   -2.168e+08   0
40.9   0.2388   -0.6448   -3.787   0   -3.359e+07   -2.168e+08   0
41   0.2388   -0.6482   -3.809   0   -3.359e+07   -2.168e+08   0
41.1   0.2388   -0.6515   -3.83   0   -3.359e+07   -2.168e+08   0
41.2   0.2388   -0.6549   -3.852   0   -3.359e+07   -2.168e+08   0
41.3   0.2388   -0.6583   -3.874   0   -3.359e+07   -2.168e+08   0
41.4   0.2388   -0.6616   -3.895   0   -3.359e+07   -2.168e+08   0
41.5   0.2388   -0.665   -3.917   0   -3.359e+07   -2.168e+08   0
41.6   0.2388   -0.6683   -3.939   0   -3.359e+07   -2.168e+08   0
41.7   0.2388   -0.6717   -3.96   0   -3.359e+07   -2.168e+08   0
41.8   0.2388   -0.6751   -3.982   0   -3.359e+07   -2.168e+08   0
41.9   0.2388   -0.6784   -4.004   0   -3.359e+07   -2.168e+08   0
42   0.2388   -0.6818   -4.025   0   -3.359e+07   -2.168e+08   0
42.1   0.2388   -0.6851   -4.047   0   -3.359e+07   -2.168e+08   0
42.2   0.2388   -0.6885   -4.069   0   -3.359e+07   -2.168e+08   0
42.3   0.2388   -0.6919   -4.09   0   -3.359e+07   -2.168e+08   0
42.4   0.2388   -0.6952   -4.112   0   -3.359e+07   -2.168e+08   0
42.5   0.2388   -0.6986   -4.134   0   -3.359e+07   -2.168e+08   0
42.6   0.2388   -0.7019   -4.155   0   -3.359e+07   -2.168e+08   0
42.7   0.2388   -0.7053   -4.177   0   -3.359e+07   -2.168e+08   0
42.8   0.2388   -0.7086   -4.199   0   -3.359e+07   -2.168e+08   0
42.9   0.2388   -0.712   -4.221   0   -3.359e+07   -2.168e+08   0
43   0.2388   -0.7154   -4.242   0   -3.359e+07   -2.168e+08   0
43.1   0.2388   -0.7187   -4.264   0   -3.359e+07   -2.168e+08   0
43.2   0.2388   -0.7221   -4.286   0   -3.359e+07   -2.168e+08   0
43.3   0.2388   -0.7254   -4.307   0   -3.359e+07   -2.168e+08   0
43.4   0.2388   -0.7288   -4.329   0   -3.359e+07   -2.168e+08   0
43.5   0.2388   -0.7322   -4.351   0   -3.359e+07   -2.168e+08   0
43.6   0.2388   -0.7355   -4.372   0   -3.359e+07   -2.168e+08   0
43.7   0.2388   -0.7389   -4.394   0   -3.359e+07   -2.168e+08   0
43.8   0.2388   -0.7422   -4.416   0   -3.359e+07   -2.168e+08   0
43.9   0.2388   -0.7456   -4.437   0   -3.359e+07   -2.168e+08   0
44   0.2388   -0.749   -4.459   0   -3.359e+07   -2.168e+08   0
44.1   0.2388   -0.7523   -4.481   0   -3.359e+07   -2.168e+08   0
44.2   0.2388   -0.7557   -4.502   0   -3.359e+07   -2.168e+08   0
44.3   0.2388   -0.759   -4.524   0   -3.359e+07   -2.168e+08   0
44.4   0.2388   -0.7624   -4.546   0   -3.359e+07   -2.168e+08   0
44.5   0.2388   -0.7657   -4.567   0   -3.359e+07   -2.168e+08   0
44.6   0.2388   -0.7691   -4.589   0   -3.359e+07   -2.168e+08   0
44.7   0.2388   -0.7725   -4.611   0   -3.359e+07   -2.168e+08   0
44.8   0.2388   -0.7758   -4.632   0   -3.359e+07   -2.168e+08   0
44.9   0.2388   -0.7792   -4.654   0   -3.359e+07   -2.168e+08   0
45   0.2388   -0.7825   -4.676   0   -3.359e+07   -2.168e+08   0
