0   0.04   -0.753   0   0   1.121e+08   0   0
0.1   0.04   -0.753   0   0   1.121e+08   0   0
0.2   0.04   -0.753   0   0   1.121e+08   0   0
0.3   0.04   -0.753   0   0   1.121e+08   0   0
0.4   0.04   -0.753   0   0   1.121e+08   0   0
0.5   0.04   -0.753   0   0   1.121e+08   0   0
0.6   0.04   -0.753   0   0   1.121e+08   0   0
0.7   0.04   -0.753   0   0   1.121e+08   0   0
0.8   0.04   -0.753   0   0   1.121e+08   0   0
0.9   0.04   -0.753   0   0   1.121e+08   0   0
1   0.04   -0.753   0   0   1.121e+08   0   0
1.1   0.04   -0.753   0   0   1.121e+08   0   0
1.2   0.04   -0.753   0   0   1.121e+08   0   0
1.3   0.04   -0.753   0   0   1.121e+08   0   0
1.4   0.04   -0.753   0   0   1.121e+08   0   0
1.5   0.04   -0.753   0   0   1.121e+08   0   0
1.6   0.04   -0.753   0   0   1.121e+08   0   0
1.7   0.04   -0.753   0   0   1.121e+08   0   0
1.8   0.04   -0.753   0   0   1.121e+08   0   0
1.9   0.0405   -0.7506   0   0   1.128e+08   0   0
2   0.04312   -0.7392   0   0   1.159e+08   0   0
2.1   0.0459   -0.7274   0   0   1.192e+08   0   0
2.2   0.04887   -0.7153   0   0   1.225e+08   0   0
2.3   0.052   -0.7029   0   0   1.258e+08   0   0
2.4   0.0553   -0.6902   0   0   1.292e+08   0   0
2.5   0.05876   -0.6771   0   0   1.326e+08   0   0
2.6   0.06237   -0.6636   0   0   1.36e+08   0   0
2.7   0.06613   -0.6499   0   0   1.393e+08   0   0
2.8   0.07001   -0.6358   0   0   1.427e+08   0   0
2.9   0.07401   -0.6213   0   0   1.46e+08   0   0
3   0.07812   -0.6066   0   0   1.492e+08   0   0
3.1   0.0823   -0.5915   0   0   1.523e+08   0   0
3.2   0.08655   -0.5761   0   0   1.554e+08   0   0
3.3   0.09083   -0.5604   0   0   1.584e+08   0   0
3.4   0.09513   -0.5444   0   0   1.612e+08   0   0
3.5   0.09942   -0.5282   0   0   1.64e+08   0   0
3.6   0.1037   -0.5116   0   0   1.666e+08   0   0
3.7   0.1078   -0.4948   0   0   1.691e+08   0   0
3.8   0.1119   -0.4778   0   0   1.714e+08   0   0
3.9   0.1158   -0.4606   0   0   1.736e+08   0   0
4   0.1195   -0.4431   0   0   1.756e+08   0   0
4.1   0.123   -0.4254   0   0   1.774e+08   0   0
4.2   0.1262   -0.4076   0   0   1.791e+08   0   0
4.3   0.129   -0.3896   0   0   1.805e+08   0   0
4.4   0.1315   -0.3715   0   0   1.817e+08   0   0
4.5   0.1335   -0.3533   0   0   1.827e+08   0   0
4.6   0.135   -0.335   0   0   1.834e+08   0   0
4.7   0.1359   -0.3166   0   0   1.838e+08   0   0
4.8   0.1361   -0.2982   0   0   1.839e+08   0   0
4.9   0.1356   -0.2798   0   0   1.837e+08   0   0
5   0.1342   -0.2615   0   0   1.83e+08   0   0
5.1   0.1318   -0.2433   0   0   1.819e+08   0   0
5.2   0.1284   -0.2251   0   0   1.802e+08   0   0
5.3   0.1237   -0.2072   0   0   1.778e+08   0   0
5.4   0.1177   -0.1896   0   0   1.746e+08   0   0
5.5   0.1171   -0.1722   0   0   1.743e+08   0   0
5.6   0.1171   -0.1547   0   0   1.743e+08   0   0
5.7   0.1171   -0.1373   0   0   1.743e+08   0   0
5.8   0.1171   -0.1199   0   0   1.743e+08   0   0
5.9   0.1171   -0.1024   0   0   1.743e+08   0   0
6   0.1171   -0.08501   0   0   1.743e+08   0   0
6.1   0.1171   -0.06758   0   0   1.743e+08   0   0
6.2   0.1171   -0.05014   0   0   1.743e+08   0   0
6.3   0.1171   -0.03271   0   0   1.743e+08   0   0
6.4   0.1171   -0.01528   0   0   1.743e+08   0   0
6.5   0.1171   0.002158   0   0   1.743e+08   0   0
6.6   0.1171   0.01959   0   0   1.743e+08   0   0
6.7   0.1171   0.03703   0   0   1.743e+08   0   0
6.8   0.1171   0.05446   0   0   1.743e+08   0   0
6.9   0.1171   0.07189   0   0   1.743e+08   0   0
7   0.1171   0.08933   0   0   1.743e+08   0   0
7.1   0.1171   0.1068   0   0   1.743e+08   0   0
7.2   0.1171   0.1242   0   0   1.743e+08   0   0
7.3   0.1171   0.1416   0   0   1.743e+08   0   0
7.4   0.1171   0.1591   0   0   1.743e+08   0   0
7.5   0.1171   0.1765   0   0   1.743e+08   0   0
7.6   0.1222   0.194   0   0   1.77e+08   0   0
7.7   0.1372   0.2121   0   0   1.845e+08   0   0
7.8   0.1511   0.2308   0   0   1.906e+08   0   0
7.9   0.1639   0.2502   0   0   1.958e+08   0   0
8   0.1755   0.27   0   0   2.002e+08   0   0
8.1   0.186   0.2902   0   0   2.039e+08   0   0
8.2   0.1954   0.3107   0   0   2.07e+08   0   0
8.3   0.2038   0.3316   0   0   2.096e+08   0   0
8.4   0.2112   0.3526   0   0   2.119e+08   0   0
8.5   0.2178   0.3739   0   0   2.137e+08   0   0
8.6   0.2234   0.3954   0   0   2.153e+08   0   0
8.7   0.2283   0.417   0   0   2.166e+08   0   0
8.8   0.2323   0.4387   0   0   2.177e+08   0   0
8.9   0.2357   0.4605   0   0   2.186e+08   0   0
9   0.2384   0.4824   0   0   2.193e+08   0   0
9.1   0.2404   0.5044   0   0   2.198e+08   0   0
9.2   0.2419   0.5264   0   0   2.202e+08   0   0
9.3   0.2428   0.5484   0   0   2.204e+08   0   0
9.4   0.2432   0.5704   0   0   2.205e+08   0   0
9.5   0.2431   0.5925   0   0   2.205e+08   0   0
9.6   0.2426   0.6145   0   0   2.203e+08   0   0
9.7   0.2417   0.6366   0   0   2.201e+08   0   0
9.8   0.2404   0.6586   0   0   2.198e+08   0   0
9.9   0.2387   0.6805   0   0   2.194e+08   0   0
10   0.2368   0.7024   0   0   2.189e+08   0   0
10.1   0.2345   0.7243   0   0   2.183e+08   0   0
10.2   0.232   0.7461   0   0   2.176e+08   0   0
10.3   0.2312   0.7678   0   0   2.174e+08   0   0
10.4   0.2312   0.7896   0   0   2.174e+08   0   0
10.5   0.2312   0.8113   0   0   2.174e+08   0   0
10.6   0.2312   0.8331   0   0   2.174e+08   0   0
10.7   0.2312   0.8548   0   0   2.174e+08   0   0
10.8   0.2312   0.8765   0   0   2.174e+08   0   0
10.9   0.2312   0.8983   0   0   2.174e+08   0   0
11   0.2312   0.92   0   0   2.174e+08   0   0
11.1   0.2312   0.9418   0   0   2.174e+08   0   0
11.2   0.2312   0.9635   0   0   2.174e+08   0   0
11.3   0.2312   0.9852   0   0   2.174e+08   0   0
11.4   0.2312   1.007   0   0   2.174e+08   0   0
11.5   0.2312   1.029   0   0   2.174e+08   0   0
11.6   0.2312   1.05   0   0   2.174e+08   0   0
11.7   0.2312   1.072   0   0   2.174e+08   0   0
11.8   0.2312   1.094   0   0   2.174e+08   0   0
11.9   0.2314   1.116   -0.0006109   0   2.153e+08   -3.05e+07   0
12   0.2319   1.136   -0.007475   0   1.908e+08   -1.046e+08   0
12.1   0.2325   1.153   -0.02114   0   1.418e+08   -1.653e+08   0
12.2   0.233   1.164   -0.03987   0   7.453e+07   -2.048e+08   0
12.3   0.2335   1.167   -0.06124   0   -2.34e+06   -2.18e+08   0
12.4   0.2341   1.163   -0.08254   0   -7.895e+07   -2.034e+08   0
12.5   0.2346   1.152   -0.101   0   -1.455e+08   -1.627e+08   0
12.6   0.2352   1.135   -0.1143   0   -1.935e+08   -1.013e+08   0
12.7   0.2357   1.114   -0.1208   0   -2.169e+08   -2.691e+07   0
12.8   0.2361   1.092   -0.1197   0   -2.158e+08   3.558e+07   0
12.9   0.2361   1.071   -0.1161   0   -2.158e+08   3.558e+07   0
13   0.2361   1.049   -0.1126   0   -2.158e+08   3.558e+07   0
13.1   0.2361   1.028   -0.109   0   -2.158e+08   3.558e+07   0
13.2   0.2361   1.006   -0.1055   0   -2.158e+08   3.558e+07   0
13.3   0.2361   0.9844   -0.1019   0   -2.158e+08   3.558e+07   0
13.4   0.2361   0.9628   -0.09834   0   -2.158e+08   3.558e+07   0
13.5   0.2361   0.9412   -0.09478   0   -2.158e+08   3.558e+07   0
13.6   0.2361   0.9197   -0.09123   0   -2.158e+08   3.558e+07   0
13.7   0.2361   0.8981   -0.08767   0   -2.158e+08   3.558e+07   0
13.8   0.2361   0.8765   -0.08411   0   -2.158e+08   3.558e+07   0
13.9   0.2361   0.8549   -0.08055   0   -2.158e+08   3.558e+07   0
14   0.2361   0.8333   -0.07699   0   -2.158e+08   3.558e+07   0
14.1   0.2361   0.8118   -0.07344   0   -2.158e+08   3.558e+07   0
14.2   0.2361   0.7902   -0.06988   0   -2.158e+08   3.558e+07   0
14.3   0.2361   0.7686   -0.06632   0   -2.158e+08   3.558e+07   0
14.4   0.236   0.747   -0.06276   0   -2.158e+08   3.558e+07   0
14.5   0.2347   0.7255   -0.0592   0   -2.154e+08   3.558e+07   0
14.6   0.233   0.7039   -0.05565   0   -2.15e+08   3.559e+07   0
14.7   0.2309   0.6825   -0.05209   0   -2.144e+08   3.56e+07   0
14.8   0.2283   0.6611   -0.04853   0   -2.137e+08   3.561e+07   0
14.9   0.2254   0.6397   -0.04496   0   -2.129e+08   3.564e+07   0
15   0.222   0.6185   -0.0414   0   -2.12e+08   3.567e+07   0
15.1   0.2182   0.5974   -0.03783   0   -2.109e+08   3.571e+07   0
15.2   0.2139   0.5763   -0.03426   0   -2.096e+08   3.577e+07   0
15.3   0.2091   0.5554   -0.03068   0   -2.082e+08   3.585e+07   0
15.4   0.2039   0.5347   -0.02709   0   -2.065e+08   3.594e+07   0
15.5   0.1982   0.5141   -0.02349   0   -2.047e+08   3.606e+07   0
15.6   0.192   0.4938   -0.01987   0   -2.027e+08   3.621e+07   0
15.7   0.1854   0.4736   -0.01624   0   -2.004e+08   3.64e+07   0
15.8   0.1784   0.4537   -0.01259   0   -1.979e+08   3.663e+07   0
15.9   0.1709   0.434   -0.008915   0   -1.951e+08   3.691e+07   0
16   0.1631   0.4147   -0.005207   0   -1.919e+08   3.725e+07   0
16.1   0.1548   0.3957   -0.001462   0   -1.885e+08   3.766e+07   0
16.2   0.1462   0.377   0.002329   0   -1.846e+08   3.816e+07   0
16.3   0.1374   0.3588   0.006174   0   -1.804e+08   3.876e+07   0
16.4   0.1282   0.341   0.01009   0   -1.757e+08   3.949e+07   0
16.5   0.1189   0.3236   0.01408   0   -1.706e+08   4.035e+07   0
16.6   0.1095   0.3069   0.01816   0   -1.649e+08   4.139e+07   0
16.7   0.1   0.2907   0.02236   0   -1.587e+08   4.262e+07   0
16.8   0.09067   0.2751   0.0267   0   -1.52e+08   4.408e+07   0
16.9   0.08152   0.2603   0.03119   0   -1.447e+08   4.581e+07   0
17   0.07271   0.2462   0.03587   0   -1.368e+08   4.784e+07   0
17.1   0.06439   0.233   0.04077   0   -1.283e+08   5.02e+07   0
17.2   0.0567   0.2206   0.04592   0   -1.194e+08   5.292e+07   0
17.3   0.04979   0.2091   0.05137   0   -1.101e+08   5.601e+07   0
17.4   0.04381   0.1986   0.05714   0   -1.005e+08   5.949e+07   0
17.5   0.03884   0.189   0.06328   0   -9.078e+07   6.332e+07   0
17.6   0.03496   0.1804   0.06982   0   -8.12e+07   6.745e+07   0
17.7   0.03218   0.1728   0.07678   0   -7.196e+07   7.179e+07   0
17.8   0.03165   0.1658   0.08406   0   -6.973e+07   7.29e+07   0
17.9   0.03165   0.1588   0.09135   0   -6.973e+07   7.29e+07   0
18   0.03165   0.1519   0.09864   0   -6.973e+07   7.29e+07   0
18.1   0.03165   0.1449   0.1059   0   -6.973e+07   7.29e+07   0
18.2   0.03165   0.1379   0.1132   0   -6.973e+07   7.29e+07   0
18.3   0.03165   0.1309   0.1205   0   -6.973e+07   7.29e+07   0
18.4   0.03165   0.124   0.1278   0   -6.973e+07   7.29e+07   0
18.5   0.03165   0.117   0.1351   0   -6.973e+07   7.29e+07   0
18.6   0.03165   0.11   0.1424   0   -6.973e+07   7.29e+07   0
18.7   0.03165   0.103   0.1497   0   -6.973e+07   7.29e+07   0
18.8   0.03165   0.09607   0.157   0   -6.973e+07   7.29e+07   0
18.9   0.03165   0.08909   0.1643   0   -6.973e+07   7.29e+07   0
19   0.03136   0.0821   0.1715   0   -7.039e+07   7.167e+07   0
19.1   0.03066   0.07499   0.1785   0   -7.184e+07   6.875e+07   0
19.2   0.02975   0.06773   0.1852   0   -7.351e+07   6.49e+07   0
19.3   0.02865   0.06029   0.1915   0   -7.532e+07   6.015e+07   0
19.4   0.02744   0.05266   0.1972   0   -7.717e+07   5.451e+07   0
19.5   0.02616   0.04485   0.2024   0   -7.897e+07   4.8e+07   0
19.6   0.0249   0.03687   0.2068   0   -8.064e+07   4.066e+07   0
19.7   0.02373   0.02873   0.2104   0   -8.211e+07   3.252e+07   0
19.8   0.02275   0.02046   0.2133   0   -8.33e+07   2.361e+07   0
19.9   0.02203   0.01208   0.2151   0   -8.415e+07   1.397e+07   0
20   0.02168   0.003638   0.216   0   -8.458e+07   3.65e+06   0
20.1   0.02179   -0.004822   0.2158   0   -8.454e+07   -7.301e+06   0
20.2   0.02244   -0.01325   0.2145   0   -8.395e+07   -1.882e+07   0
20.3   0.02373   -0.02159   0.212   0   -8.276e+07   -3.085e+07   0
20.4   0.02577   -0.02978   0.2083   0   -8.091e+07   -4.331e+07   0
20.5   0.02864   -0.03775   0.2034   0   -7.834e+07   -5.611e+07   0
20.6   0.03244   -0.04542   0.1971   0   -7.5e+07   -6.918e+07   0
20.7   0.03728   -0.05272   0.1895   0   -7.083e+07   -8.241e+07   0
20.8   0.04326   -0.05955   0.1806   0   -6.576e+07   -9.569e+07   0
20.9   0.04508   -0.06599   0.1707   0   -6.424e+07   -9.927e+07   0
21   0.04508   -0.07242   0.1608   0   -6.424e+07   -9.927e+07   0
21.1   0.04508   -0.07884   0.1509   0   -6.424e+07   -9.927e+07   0
21.2   0.04508   -0.08527   0.1409   0   -6.424e+07   -9.927e+07   0
21.3   0.04508   -0.09169   0.131   0   -6.424e+07   -9.927e+07   0
21.4   0.04508   -0.09811   0.1211   0   -6.424e+07   -9.927e+07   0
21.5   0.04508   -0.1045   0.1111   0   -6.424e+07   -9.927e+07   0
21.6   0.04508   -0.111   0.1012   0   -6.424e+07   -9.927e+07   0
21.7   0.04508   -0.1174   0.09129   0   -6.424e+07   -9.927e+07   0
21.8   0.04508   -0.1238   0.08137   0   -6.424e+07   -9.927e+07   0
21.9   0.04508   -0.1302   0.07144   0   -6.424e+07   -9.927e+07   0
22   0.04508   -0.1367   0.06151   0   -6.424e+07   -9.927e+07   0
22.1   0.04508   -0.1431   0.05159   0   -6.424e+07   -9.927e+07   0
22.2   0.04508   -0.1495   0.04166   0   -6.424e+07   -9.927e+07   0
22.3   0.04508   -0.1559   0.03173   0   -6.424e+07   -9.927e+07   0
22.4   0.04508   -0.1623   0.0218   0   -6.424e+07   -9.927e+07   0
22.5   0.04508   -0.1688   0.01188   0   -6.424e+07   -9.927e+07   0
22.6   0.04508   -0.1752   0.001949   0   -6.424e+07   -9.927e+07   0
22.7   0.04508   -0.1816   -0.007978   0   -6.424e+07   -9.927e+07   0
22.8   0.04486   -0.188   -0.0179   0   -6.378e+07   -9.927e+07   0
22.9   0.04245   -0.1942   -0.02782   0   -5.87e+07   -9.906e+07   0
23   0.04056   -0.1998   -0.03771   0   -5.468e+07   -9.871e+07   0
23.1   0.03914   -0.2051   -0.04756   0   -5.168e+07   -9.831e+07   0
23.2   0.03817   -0.2102   -0.05737   0   -4.965e+07   -9.795e+07   0
23.3   0.03761   -0.2151   -0.06716   0   -4.853e+07   -9.771e+07   0
23.4   0.03747   -0.2199   -0.07692   0   -4.824e+07   -9.764e+07   0
23.5   0.03773   -0.2248   -0.08669   0   -4.873e+07   -9.778e+07   0
23.6   0.0384   -0.2297   -0.09648   0   -4.99e+07   -9.816e+07   0
23.7   0.03949   -0.2348   -0.1063   0   -5.17e+07   -9.879e+07   0
23.8   0.041   -0.24   -0.1163   0   -5.403e+07   -9.968e+07   0
23.9   0.04294   -0.2456   -0.1263   0   -5.682e+07   -1.008e+08   0
24   0.04531   -0.2514   -0.1364   0   -6e+07   -1.022e+08   0
24.1   0.04811   -0.2576   -0.1467   0   -6.348e+07   -1.038e+08   0
24.2   0.05134   -0.2641   -0.1572   0   -6.72e+07   -1.056e+08   0
24.3   0.05498   -0.271   -0.1678   0   -7.108e+07   -1.075e+08   0
24.4   0.05902   -0.2784   -0.1787   0   -7.508e+07   -1.096e+08   0
24.5   0.06344   -0.2861   -0.1898   0   -7.913e+07   -1.118e+08   0
24.6   0.06821   -0.2942   -0.2011   0   -8.318e+07   -1.14e+08   0
24.7   0.0733   -0.3027   -0.2126   0   -8.72e+07   -1.163e+08   0
24.8   0.07867   -0.3116   -0.2243   0   -9.115e+07   -1.186e+08   0
24.9   0.0843   -0.3209   -0.2363   0   -9.5e+07   -1.209e+08   0
25   0.09014   -0.3306   -0.2485   0   -9.873e+07   -1.232e+08   0
25.1   0.09614   -0.3407   -0.261   0   -1.023e+08   -1.255e+08   0
25.2   0.1023   -0.3511   -0.2736   0   -1.057e+08   -1.277e+08   0
25.3   0.1085   -0.3618   -0.2865   0   -1.09e+08   -1.298e+08   0
25.4   0.1148   -0.3729   -0.2996   0   -1.121e+08   -1.318e+08   0
25.5   0.1211   -0.3842   -0.3128   0   -1.15e+08   -1.338e+08   0
25.6   0.1273   -0.3959   -0.3263   0   -1.178e+08   -1.356e+08   0
25.7   0.1335   -0.4078   -0.34   0   -1.204e+08   -1.374e+08   0
25.8   0.1396   -0.42   -0.3538   0   -1.228e+08   -1.391e+08   0
25.9   0.1455   -0.4324   -0.3678   0   -1.25e+08   -1.407e+08   0
26   0.1513   -0.445   -0.3819   0   -1.271e+08   -1.422e+08   0
26.1   0.157   -0.4578   -0.3962   0   -1.291e+08   -1.436e+08   0
26.2   0.1624   -0.4708   -0.4107   0   -1.309e+08   -1.449e+08   0
26.3   0.1676   -0.484   -0.4252   0   -1.325e+08   -1.461e+08   0
26.4   0.1725   -0.4973   -0.4399   0   -1.34e+08   -1.472e+08   0
26.5   0.1772   -0.5108   -0.4546   0   -1.354e+08   -1.483e+08   0
26.6   0.1816   -0.5244   -0.4695   0   -1.367e+08   -1.492e+08   0
26.7   0.1857   -0.5381   -0.4845   0   -1.378e+08   -1.501e+08   0
26.8   0.1896   -0.5519   -0.4995   0   -1.389e+08   -1.509e+08   0
26.9   0.1911   -0.5659   -0.5147   0   -1.393e+08   -1.512e+08   0
27   0.1911   -0.5798   -0.5298   0   -1.393e+08   -1.512e+08   0
27.1   0.1911   -0.5937   -0.5449   0   -1.393e+08   -1.512e+08   0
27.2   0.1911   -0.6076   -0.56   0   -1.393e+08   -1.512e+08   0
27.3   0.1911   -0.6216   -0.5751   0   -1.393e+08   -1.512e+08   0
27.4   0.1911   -0.6355   -0.5903   0   -1.393e+08   -1.512e+08   0
27.5   0.1911   -0.6494   -0.6054   0   -1.393e+08   -1.512e+08   0
27.6   0.1911   -0.6634   -0.6205   0   -1.393e+08   -1.512e+08   0
27.7   0.1911   -0.6773   -0.6356   0   -1.393e+08   -1.512e+08   0
27.8   0.1911   -0.6912   -0.6507   0   -1.393e+08   -1.512e+08   0
27.9   0.1911   -0.7051   -0.6659   0   -1.393e+08   -1.512e+08   0
28   0.1911   -0.7191   -0.681   0   -1.393e+08   -1.512e+08   0
28.1   0.1911   -0.733   -0.6961   0   -1.393e+08   -1.512e+08   0
28.2   0.1911   -0.7469   -0.7112   0   -1.393e+08   -1.512e+08   0
28.3   0.1911   -0.7609   -0.7263   0   -1.393e+08   -1.512e+08   0
28.4   0.1911   -0.7748   -0.7415   0   -1.393e+08   -1.512e+08   0
28.5   0.1911   -0.7887   -0.7566   0   -1.393e+08   -1.512e+08   0
28.6   0.1911   -0.8026   -0.7717   0   -1.393e+08   -1.512e+08   0
28.7   0.1911   -0.8166   -0.7868   0   -1.393e+08   -1.512e+08   0
28.8   0.1911   -0.8305   -0.8019   0   -1.393e+08   -1.512e+08   0
28.9   0.1911   -0.8444   -0.8171   0   -1.393e+08   -1.512e+08   0
29   0.1911   -0.8584   -0.8322   0   -1.393e+08   -1.512e+08   0
29.1   0.1911   -0.8723   -0.8473   0   -1.393e+08   -1.512e+08   0
29.2   0.1911   -0.8862   -0.8624   0   -1.393e+08   -1.512e+08   0
29.3   0.1911   -0.9001   -0.8776   0   -1.393e+08   -1.512e+08   0
29.4   0.1911   -0.9141   -0.8927   0   -1.393e+08   -1.512e+08   0
29.5   0.1911   -0.928   -0.9078   0   -1.393e+08   -1.512e+08   0
29.6   0.1911   -0.9419   -0.9229   0   -1.393e+08   -1.512e+08   0
29.7   0.1911   -0.9559   -0.938   0   -1.393e+08   -1.512e+08   0
29.8   0.1911   -0.9698   -0.9532   0   -1.393e+08   -1.512e+08   0
29.9   0.1911   -0.9837   -0.9683   0   -1.393e+08   -1.512e+08   0
30   0.1911   -0.9977   -0.9834   0   -1.393e+08   -1.512e+08   0
30.1   0.1911   -1.012   -0.9985   0   -1.393e+08   -1.512e+08   0
30.2   0.1911   -1.026   -1.014   0   -1.393e+08   -1.512e+08   0
30.3   0.1911   -1.039   -1.029   0   -1.393e+08   -1.512e+08   0
30.4   0.1911   -1.053   -1.044   0   -1.393e+08   -1.512e+08   0
30.5   0.1911   -1.067   -1.059   0   -1.393e+08   -1.512e+08   0
30.6   0.1911   -1.081   -1.074   0   -1.393e+08   -1.512e+08   0
30.7   0.1911   -1.095   -1.089   0   -1.393e+08   -1.512e+08   0
30.8   0.1911   -1.109   -1.104   0   -1.393e+08   -1.512e+08   0
30.9   0.1911   -1.123   -1.119   0   -1.393e+08   -1.512e+08   0
31   0.1911   -1.137   -1.135   0   -1.393e+08   -1.512e+08   0
31.1   0.1911   -1.151   -1.15   0   -1.393e+08   -1.512e+08   0
31.2   0.1911   -1.165   -1.165   0   -1.393e+08   -1.512e+08   0
31.3   0.1911   -1.179   -1.18   0   -1.393e+08   -1.512e+08   0
31.4   0.1911   -1.193   -1.195   0   -1.393e+08   -1.512e+08   0
31.5   0.1911   -1.207   -1.21   0   -1.393e+08   -1.512e+08   0
31.6   0.1911   -1.221   -1.225   0   -1.393e+08   -1.512e+08   0
31.7   0.1911   -1.234   -1.24   0   -1.393e+08   -1.512e+08   0
31.8   0.1911   -1.248   -1.256   0   -1.393e+08   -1.512e+08   0
31.9   0.1911   -1.262   -1.271   0   -1.393e+08   -1.512e+08   0
32   0.1911   -1.276   -1.286   0   -1.393e+08   -1.512e+08   0
32.1   0.1911   -1.29   -1.301   0   -1.393e+08   -1.512e+08   0
32.2   0.1911   -1.304   -1.316   0   -1.393e+08   -1.512e+08   0
32.3   0.1911   -1.318   -1.331   0   -1.393e+08   -1.512e+08   0
32.4   0.1911   -1.332   -1.346   0   -1.393e+08   -1.512e+08   0
32.5   0.1911   -1.346   -1.361   0   -1.393e+08   -1.512e+08   0
32.6   0.1911   -1.36   -1.377   0   -1.393e+08   -1.512e+08   0
32.7   0.1911   -1.374   -1.392   0   -1.393e+08   -1.512e+08   0
32.8   0.1911   -1.388   -1.407   0   -1.393e+08   -1.512e+08   0
32.9   0.1911   -1.402   -1.422   0   -1.393e+08   -1.512e+08   0
33   0.1911   -1.416   -1.437   0   -1.393e+08   -1.512e+08   0
33.1   0.1911   -1.429   -1.452   0   -1.393e+08   -1.512e+08   0
33.2   0.1911   -1.443   -1.467   0   -1.393e+08   -1.512e+08   0
33.3   0.1911   -1.457   -1.482   0   -1.393e+08   -1.512e+08   0
33.4   0.1911   -1.471   -1.497   0   -1.393e+08   -1.512e+08   0
33.5   0.1911   -1.485   -1.513   0   -1.393e+08   -1.512e+08   0
33.6   0.1911   -1.499   -1.528   0   -1.393e+08   -1.512e+08   0
33.7   0.1911   -1.513   -1.543   0   -1.393e+08   -1.512e+08   0
33.8   0.1911   -1.527   -1.558   0   -1.393e+08   -1.512e+08   0
33.9   0.1911   -1.541   -1.573   0   -1.393e+08   -1.512e+08   0
34   0.1911   -1.555   -1.588   0   -1.393e+08   -1.512e+08   0
34.1   0.1911   -1.569   -1.603   0   -1.393e+08   -1.512e+08   0
34.2   0.1911   -1.583   -1.618   0   -1.393e+08   -1.512e+08   0
34.3   0.1911   -1.597   -1.634   0   -1.393e+08   -1.512e+08   0
34.4   0.1911   -1.611   -1.649   0   -1.393e+08   -1.512e+08   0
34.5   0.1911   -1.624   -1.664   0   -1.393e+08   -1.512e+08   0
34.6   0.1911   -1.638   -1.679   0   -1.393e+08   -1.512e+08   0
34.7   0.1911   -1.652   -1.694   0   -1.393e+08   -1.512e+08   0
34.8   0.1911   -1.666   -1.709   0   -1.393e+08   -1.512e+08   0
34.9   0.1911   -1.68   -1.724   0   -1.393e+08   -1.512e+08   0
35   0.1911   -1.694   -1.739   0   -1.393e+08   -1.512e+08   0
35.1   0.1911   -1.708   -1.755   0   -1.393e+08   -1.512e+08   0
35.2   0.1911   -1.722   -1.77   0   -1.393e+08   -1.512e+08   0
35.3   0.1911   -1.736   -1.785   0   -1.393e+08   -1.512e+08   0
35.4   0.1911   -1.75   -1.8   0   -1.393e+08   -1.512e+08   0
35.5   0.1911   -1.764   -1.815   0   -1.393e+08   -1.512e+08   0
35.6   0.1911   -1.778   -1.83   0   -1.393e+08   -1.512e+08   0
35.7   0.1911   -1.792   -1.845   0   -1.393e+08   -1.512e+08   0
35.8   0.1911   -1.806   -1.86   0   -1.393e+08   -1.512e+08   0
35.9   0.1911   -1.819   -1.876   0   -1.393e+08   -1.512e+08   0
36   0.1911   -1.833   -1.891   0   -1.393e+08   -1.512e+08   0
36.1   0.1911   -1.847   -1.906   0   -1.393e+08   -1.512e+08   0
36.2   0.1911   -1.861   -1.921   0   -1.393e+08   -1.512e+08   0
36.3   0.1911   -1.875   -1.936   0   -1.393e+08   -1.512e+08   0
36.4   0.1911   -1.889   -1.951   0   -1.393e+08   -1.512e+08   0
36.5   0.1911   -1.903   -1.966   0   -1.393e+08   -1.512e+08   0
36.6   0.1911   -1.917   -1.981   0   -1.393e+08   -1.512e+08   0
36.7   0.1911   -1.931   -1.996   0   -1.393e+08   -1.512e+08   0
36.8   0.1911   -1.945   -2.012   0   -1.393e+08   -1.512e+08   0
36.9   0.1911   -1.959   -2.027   0   -1.393e+08   -1.512e+08   0
37   0.1911   -1.973   -2.042   0   -1.393e+08   -1.512e+08   0
37.1   0.1911   -1.987   -2.057   0   -1.393e+08   -1.512e+08   0
37.2   0.1911   -2.001   -2.072   0   -1.393e+08   -1.512e+08   0
37.3   0.1911   -2.014   -2.087   0   -1.393e+08   -1.512e+08   0
37.4   0.1911   -2.028   -2.102   0   -1.393e+08   -1.512e+08   0
37.5   0.1911   -2.042   -2.117   0   -1.393e+08   -1.512e+08   0
37.6   0.1911   -2.056   -2.133   0   -1.393e+08   -1.512e+08   0
37.7   0.1911   -2.07   -2.148   0   -1.393e+08   -1.512e+08   0
37.8   0.1911   -2.084   -2.163   0   -1.393e+08   -1.512e+08   0
37.9   0.1911   -2.098   -2.178   0   -1.393e+08   -1.512e+08   0
38   0.1911   -2.112   -2.193   0   -1.393e+08   -1.512e+08   0
38.1   0.1911   -2.126   -2.208   0   -1.393e+08   -1.512e+08   0
38.2   0.1911   -2.14   -2.223   0   -1.393e+08   -1.512e+08   0
38.3   0.1911   -2.154   -2.238   0   -1.393e+08   -1.512e+08   0
38.4   0.1911   -2.168   -2.254   0   -1.393e+08   -1.512e+08   0
38.5   0.1911   -2.182   -2.269   0   -1.393e+08   -1.512e+08   0
38.6   0.1911   -2.196   -2.284   0   -1.393e+08   -1.512e+08   0
38.7   0.1911   -2.209   -2.299   0   -1.393e+08   -1.512e+08   0
38.8   0.1911   -2.223   -2.314   0   -1.393e+08   -1.512e+08   0
38.9   0.1911   -2.237   -2.329   0   -1.393e+08   -1.512e+08   0
39   0.1911   -2.251   -2.344   0   -1.393e+08   -1.512e+08   0
39.1   0.1911   -2.265   -2.359   0   -1.393e+08   -1.512e+08   0
39.2   0.1911   -2.279   -2.374   0   -1.393e+08   -1.512e+08   0
39.3   0.1911   -2.293   -2.39   0   -1.393e+08   -1.512e+08   0
39.4   0.1911   -2.307   -2.405   0   -1.393e+08   -1.512e+08   0
39.5   0.1911   -2.321   -2.42   0   -1.393e+08   -1.512e+08   0
39.6   0.1911   -2.335   -2.435   0   -1.393e+08   -1.512e+08   0
39.7   0.1911   -2.349   -2.45   0   -1.393e+08   -1.512e+08   0
39.8   0.1911   -2.363   -2.465   0   -1.393e+08   -1.512e+08   0
39.9   0.1911   -2.377   -2.48   0   -1.393e+08   -1.512e+08   0
40   0.1911   -2.391   -2.495   0   -1.393e+08   -1.512e+08   0
40.1   0.1911   -2.404   -2.511   0   -1.393e+08   -1.512e+08   0
40.2   0.1911   -2.418   -2.526   0   -1.393e+08   -1.512e+08   0
40.3   0.1911   -2.432   -2.541   0   -1.393e+08   -1.512e+08   0
40.4   0.1911   -2.446   -2.556   0   -1.393e+08   -1.512e+08   0
40.5   0.1911   -2.46   -2.571   0   -1.393e+08   -1.512e+08   0
40.6   0.1911   -2.474   -2.586   0   -1.393e+08   -1.512e+08   0
40.7   0.1911   -2.488   -2.601   0   -1.393e+08   -1.512e+08   0
40.8   0.1911   -2.502   -2.616   0   -1.393e+08   -1.512e+08   0
40.9   0.1911   -2.516   -2.632   0   -1.393e+08   -1.512e+08   0
41   0.1911   -2.53   -2.647   0   -1.393e+08   -1.512e+08   0
41.1   0.1911   -2.544   -2.662   0   -1.393e+08   -1.512e+08   0
41.2   0.1911   -2.558   -2.677   0   -1.393e+08   -1.512e+08   0
41.3   0.1911   -2.572   -2.692   0   -1.393e+08   -1.512e+08   0
41.4   0.1911   -2.586   -2.707   0   -1.393e+08   -1.512e+08   0
41.5   0.1911   -2.599   -2.722   0   -1.393e+08   -1.512e+08   0
41.6   0.1911   -2.613   -2.737   0   -1.393e+08   -1.512e+08   0
41.7   0.1911   -2.627   -2.753   0   -1.393e+08   -1.512e+08   0
41.8   0.1911   -2.641   -2.768   0   -1.393e+08   -1.512e+08   0
41.9   0.1911   -2.655   -2.783   0   -1.393e+08   -1.512e+08   0
42   0.1911   -2.669   -2.798   0   -1.393e+08   -1.512e+08   0
42.1   0.1911   -2.683   -2.813   0   -1.393e+08   -1.512e+08   0
42.2   0.1911   -2.697   -2.828   0   -1.393e+08   -1.512e+08   0
42.3   0.1911   -2.711   -2.843   0   -1.393e+08   -1.512e+08   0
42.4   0.1911   -2.725   -2.858   0   -1.393e+08   -1.512e+08   0
42.5   0.1911   -2.739   -2.873   0   -1.393e+08   -1.512e+08   0
42.6   0.1911   -2.753   -2.889   0   -1.393e+08   -1.512e+08   0
42.7   0.1911   -2.767   -2.904   0   -1.393e+08   -1.512e+08   0
42.8   0.1911   -2.781   -2.919   0   -1.393e+08   -1.512e+08   0
42.9   0.1911   -2.794   -2.934   0   -1.393e+08   -1.512e+08   0
43   0.1911   -2.808   -2.949   0   -1.393e+08   -1.512e+08   0
43.1   0.1911   -2.822   -2.964   0   -1.393e+08   -1.512e+08   0
43.2   0.1911   -2.836   -2.979   0   -1.393e+08   -1.512e+08   0
43.3   0.1911   -2.85   -2.994   0   -1.393e+08   -1.512e+08   0
43.4   0.1911   -2.864   -3.01   0   -1.393e+08   -1.512e+08   0
43.5   0.1911   -2.878   -3.025   0   -1.393e+08   -1.512e+08   0
43.6   0.1911   -2.892   -3.04   0   -1.393e+08   -1.512e+08   0
43.7   0.1911   -2.906   -3.055   0   -1.393e+08   -1.512e+08   0
43.8   0.1911   -2.92   -3.07   0   -1.393e+08   -1.512e+08   0
43.9   0.1911   -2.934   -3.085   0   -1.393e+08   -1.512e+08   0
44   0.1911   -2.948   -3.1   0   -1.393e+08   -1.512e+08   0
44.1   0.1911   -2.962   -3.115   0   -1.393e+08   -1.512e+08   0
44.2   0.1911   -2.976   -3.131   0   -1.393e+08   -1.512e+08   0
44.3   0.1911   -2.989   -3.146   0   -1.393e+08   -1.512e+08   0
44.4   0.1911   -3.003   -3.161   0   -1.393e+08   -1.512e+08   0
44.5   0.1911   -3.017   -3.176   0   -1.393e+08   -1.512e+08   0
44.6   0.1911   -3.031   -3.191   0   -1.393e+08   -1.512e+08   0
44.7   0.1911   -3.045   -3.206   0   -1.393e+08   -1.512e+08   0
44.8   0.1911   -3.059   -3.221   0   -1.393e+08   -1.512e+08   0
44.9   0.1911   -3.073   -3.236   0   -1.393e+08   -1.512e+08   0
45   0.1911   -3.087   -3.251   0   -1.393e+08   -1.512e+08   0
