0   0.04   -0.753   0   0   1.121e+08   0   0
0.1   0.04   -0.753   0   0   1.121e+08   0   0
0.2   0.04   -0.753   0   0   1.121e+08   0   0
0.3   0.04   -0.753   0   0   1.121e+08   0   0
0.4   0.04   -0.753   0   0   1.121e+08   0   0
0.5   0.04   -0.753   0   0   1.121e+08   0   0
0.6   0.04   -0.753   0   0   1.121e+08   0   0
0.7   0.04   -0.753   0   0   1.121e+08   0   0
0.8   0.04   -0.753   0   0   1.121e+08   0   0
0.9   0.04   -0.753   0   0   1.121e+08   0   0
1   0.04   -0.753   0   0   1.121e+08   0   0
1.1   0.04   -0.753   0   0   1.121e+08   0   0
1.2   0.04   -0.753   0   0   1.121e+08   0   0
1.3   0.04   -0.753   0   0   1.121e+08   0   0
1.4   0.04   -0.753   0   0   1.121e+08   0   0
1.5   0.04   -0.753   0   0   1.121e+08   0   0
1.6   0.04   -0.753   0   0   1.121e+08   0   0
1.7   0.04   -0.753   0   0   1.121e+08   0   0
1.8   0.04   -0.753   0   0   1.121e+08   0   0
1.9   0.04   -0.7529   0   0   1.121e+08   0   0
2   0.04259   -0.7415   0   0   1.153e+08   0   0
2.1   0.04536   -0.7298   0   0   1.186e+08   0   0
2.2   0.04829   -0.7178   0   0   1.219e+08   0   0
2.3   0.0514   -0.7054   0   0   1.252e+08   0   0
2.4   0.05467   -0.6927   0   0   1.286e+08   0   0
2.5   0.0581   -0.6797   0   0   1.32e+08   0   0
2.6   0.06168   -0.6663   0   0   1.353e+08   0   0
2.7   0.06541   -0.6526   0   0   1.387e+08   0   0
2.8   0.06926   -0.6386   0   0   1.42e+08   0   0
2.9   0.07322   -0.6242   0   0   1.453e+08   0   0
3   0.07729   -0.6095   0   0   1.485e+08   0   0
3.1   0.08143   -0.5945   0   0   1.517e+08   0   0
3.2   0.08564   -0.5792   0   0   1.548e+08   0   0
3.3   0.08989   -0.5635   0   0   1.577e+08   0   0
3.4   0.09415   -0.5476   0   0   1.606e+08   0   0
3.5   0.09839   -0.5314   0   0   1.633e+08   0   0
3.6   0.1026   -0.515   0   0   1.66e+08   0   0
3.7   0.1067   -0.4982   0   0   1.684e+08   0   0
3.8   0.1107   -0.4813   0   0   1.708e+08   0   0
3.9   0.1146   -0.4641   0   0   1.729e+08   0   0
4   0.1183   -0.4467   0   0   1.749e+08   0   0
4.1   0.1217   -0.4291   0   0   1.768e+08   0   0
4.2   0.1249   -0.4113   0   0   1.784e+08   0   0
4.3   0.1277   -0.3934   0   0   1.798e+08   0   0
4.4   0.1301   -0.3754   0   0   1.81e+08   0   0
4.5   0.1321   -0.3572   0   0   1.82e+08   0   0
4.6   0.1336   -0.339   0   0   1.827e+08   0   0
4.7   0.1344   -0.3207   0   0   1.831e+08   0   0
4.8   0.1347   -0.3024   0   0   1.832e+08   0   0
4.9   0.1341   -0.2841   0   0   1.83e+08   0   0
5   0.1327   -0.2658   0   0   1.823e+08   0   0
5.1   0.1304   -0.2476   0   0   1.812e+08   0   0
5.2   0.1271   -0.2296   0   0   1.795e+08   0   0
5.3   0.1225   -0.2117   0   0   1.772e+08   0   0
5.4   0.1166   -0.1942   0   0   1.741e+08   0   0
5.5   0.1142   -0.1769   0   0   1.727e+08   0   0
5.6   0.1142   -0.1596   0   0   1.727e+08   0   0
5.7   0.1142   -0.1423   0   0   1.727e+08   0   0
5.8   0.1142   -0.125   0   0   1.727e+08   0   0
5.9   0.1142   -0.1078   0   0   1.727e+08   0   0
6   0.1142   -0.09048   0   0   1.727e+08   0   0
6.1   0.1142   -0.07321   0   0   1.727e+08   0   0
6.2   0.1142   -0.05594   0   0   1.727e+08   0   0
6.3   0.1142   -0.03866   0   0   1.727e+08   0   0
6.4   0.1142   -0.02139   0   0   1.727e+08   0   0
6.5   0.1142   -0.004112   0   0   1.727e+08   0   0
6.6   0.1142   0.01316   0   0   1.727e+08   0   0
6.7   0.1142   0.03044   0   0   1.727e+08   0   0
6.8   0.1142   0.04771   0   0   1.727e+08   0   0
6.9   0.1142   0.06499   0   0   1.727e+08   0   0
7   0.1142   0.08226   0   0   1.727e+08   0   0
7.1   0.1142   0.09954   0   0   1.727e+08   0   0
7.2   0.1142   0.1168   0   0   1.727e+08   0   0
7.3   0.1142   0.1341   0   0   1.727e+08   0   0
7.4   0.1142   0.1514   0   0   1.727e+08   0   0
7.5   0.1142   0.1686   0   0   1.727e+08   0   0
7.6   0.1142   0.1859   0   0   1.727e+08   0   0
7.7   0.1273   0.2035   0   0   1.796e+08   0   0
7.8   0.1414   0.2218   0   0   1.864e+08   0   0
7.9   0.1544   0.2407   0   0   1.92e+08   0   0
8   0.1662   0.2602   0   0   1.967e+08   0   0
8.1   0.1769   0.2801   0   0   2.007e+08   0   0
8.2   0.1865   0.3003   0   0   2.041e+08   0   0
8.3   0.1951   0.3209   0   0   2.069e+08   0   0
8.4   0.2027   0.3417   0   0   2.093e+08   0   0
8.5   0.2093   0.3627   0   0   2.113e+08   0   0
8.6   0.2151   0.3839   0   0   2.13e+08   0   0
8.7   0.22   0.4053   0   0   2.144e+08   0   0
8.8   0.2242   0.4268   0   0   2.155e+08   0   0
8.9   0.2276   0.4484   0   0   2.165e+08   0   0
9   0.2303   0.4701   0   0   2.172e+08   0   0
9.1   0.2324   0.4918   0   0   2.177e+08   0   0
9.2   0.2339   0.5136   0   0   2.181e+08   0   0
9.3   0.2348   0.5355   0   0   2.184e+08   0   0
9.4   0.2352   0.5573   0   0   2.185e+08   0   0
9.5   0.2352   0.5791   0   0   2.185e+08   0   0
9.6   0.2346   0.601   0   0   2.183e+08   0   0
9.7   0.2337   0.6228   0   0   2.181e+08   0   0
9.8   0.2324   0.6446   0   0   2.177e+08   0   0
9.9   0.2307   0.6663   0   0   2.173e+08   0   0
10   0.2287   0.6881   0   0   2.168e+08   0   0
10.1   0.2264   0.7097   0   0   2.162e+08   0   0
10.2   0.2239   0.7313   0   0   2.155e+08   0   0
10.3   0.2212   0.7528   0   0   2.147e+08   0   0
10.4   0.2211   0.7743   0   0   2.147e+08   0   0
10.5   0.2211   0.7957   0   0   2.147e+08   0   0
10.6   0.2211   0.8172   0   0   2.147e+08   0   0
10.7   0.2211   0.8387   0   0   2.147e+08   0   0
10.8   0.2211   0.8601   0   0   2.147e+08   0   0
10.9   0.2211   0.8816   0   0   2.147e+08   0   0
11   0.2211   0.9031   0   0   2.147e+08   0   0
11.1   0.2211   0.9245   0   0   2.147e+08   0   0
11.2   0.2211   0.946   0   0   2.147e+08   0   0
11.3   0.2211   0.9675   0   0   2.147e+08   0   0
11.4   0.2211   0.989   0   0   2.147e+08   0   0
11.5   0.2211   1.01   0   0   2.147e+08   0   0
11.6   0.2211   1.032   0   0   2.147e+08   0   0
11.7   0.2211   1.053   0   0   2.147e+08   0   0
11.8   0.2211   1.075   0   0   2.147e+08   0   0
11.9   0.2211   1.096   0   0   2.147e+08   0   0
12   0.2214   1.118   -0.0009595   0   2.113e+08   -3.828e+07   0
12.1   0.2219   1.138   -0.008562   0   1.838e+08   -1.114e+08   0
12.2   0.2224   1.154   -0.02281   0   1.32e+08   -1.698e+08   0
12.3   0.223   1.163   -0.04182   0   6.274e+07   -2.058e+08   0
12.4   0.2235   1.166   -0.06309   0   -1.483e+07   -2.148e+08   0
12.5   0.224   1.16   -0.08383   0   -9.049e+07   -1.956e+08   0
12.6   0.2245   1.148   -0.1013   0   -1.543e+08   -1.506e+08   0
12.7   0.225   1.13   -0.1132   0   -1.98e+08   -8.585e+07   0
12.8   0.2256   1.109   -0.118   0   -2.157e+08   -9.823e+06   0
12.9   0.2259   1.088   -0.1158   0   -2.13e+08   3.555e+07   0
13   0.2259   1.067   -0.1122   0   -2.13e+08   3.555e+07   0
13.1   0.2259   1.045   -0.1087   0   -2.13e+08   3.555e+07   0
13.2   0.2259   1.024   -0.1051   0   -2.13e+08   3.555e+07   0
13.3   0.2259   1.003   -0.1016   0   -2.13e+08   3.555e+07   0
13.4   0.2259   0.9813   -0.098   0   -2.13e+08   3.555e+07   0
13.5   0.2259   0.96   -0.09444   0   -2.13e+08   3.555e+07   0
13.6   0.2259   0.9387   -0.09089   0   -2.13e+08   3.555e+07   0
13.7   0.2259   0.9174   -0.08733   0   -2.13e+08   3.555e+07   0
13.8   0.2259   0.8961   -0.08378   0   -2.13e+08   3.555e+07   0
13.9   0.2259   0.8748   -0.08022   0   -2.13e+08   3.555e+07   0
14   0.2259   0.8535   -0.07667   0   -2.13e+08   3.555e+07   0
14.1   0.2259   0.8322   -0.07311   0   -2.13e+08   3.555e+07   0
14.2   0.2259   0.8109   -0.06956   0   -2.13e+08   3.555e+07   0
14.3   0.2259   0.7896   -0.06601   0   -2.13e+08   3.555e+07   0
14.4   0.2259   0.7683   -0.06245   0   -2.13e+08   3.555e+07   0
14.5   0.2256   0.747   -0.0589   0   -2.13e+08   3.555e+07   0
14.6   0.224   0.7257   -0.05534   0   -2.125e+08   3.555e+07   0
14.7   0.222   0.7045   -0.05179   0   -2.12e+08   3.557e+07   0
14.8   0.2196   0.6833   -0.04823   0   -2.113e+08   3.558e+07   0
14.9   0.2167   0.6622   -0.04467   0   -2.105e+08   3.561e+07   0
15   0.2135   0.6412   -0.04111   0   -2.095e+08   3.564e+07   0
15.1   0.2098   0.6203   -0.03754   0   -2.084e+08   3.569e+07   0
15.2   0.2058   0.5996   -0.03397   0   -2.072e+08   3.575e+07   0
15.3   0.2012   0.5789   -0.03039   0   -2.057e+08   3.583e+07   0
15.4   0.1963   0.5584   -0.0268   0   -2.041e+08   3.593e+07   0
15.5   0.1909   0.5381   -0.0232   0   -2.023e+08   3.605e+07   0
15.6   0.1851   0.518   -0.01959   0   -2.003e+08   3.62e+07   0
15.7   0.1789   0.498   -0.01596   0   -1.981e+08   3.638e+07   0
15.8   0.1723   0.4783   -0.01231   0   -1.956e+08   3.661e+07   0
15.9   0.1653   0.4589   -0.008639   0   -1.929e+08   3.688e+07   0
16   0.158   0.4398   -0.004935   0   -1.899e+08   3.721e+07   0
16.1   0.1503   0.421   -0.001195   0   -1.865e+08   3.76e+07   0
16.2   0.1423   0.4025   0.002588   0   -1.829e+08   3.807e+07   0
16.3   0.1341   0.3844   0.006422   0   -1.788e+08   3.863e+07   0
16.4   0.1256   0.3667   0.01032   0   -1.744e+08   3.929e+07   0
16.5   0.117   0.3495   0.01429   0   -1.696e+08   4.008e+07   0
16.6   0.1084   0.3328   0.01834   0   -1.644e+08   4.1e+07   0
16.7   0.09967   0.3167   0.02249   0   -1.587e+08   4.209e+07   0
16.8   0.09106   0.3011   0.02677   0   -1.525e+08   4.337e+07   0
16.9   0.08262   0.2862   0.03118   0   -1.458e+08   4.486e+07   0
17   0.07447   0.272   0.03575   0   -1.387e+08   4.658e+07   0
17.1   0.06671   0.2585   0.0405   0   -1.312e+08   4.856e+07   0
17.2   0.05946   0.2458   0.04547   0   -1.232e+08   5.082e+07   0
17.3   0.05283   0.2339   0.05068   0   -1.149e+08   5.336e+07   0
17.4   0.04692   0.2228   0.05615   0   -1.064e+08   5.62e+07   0
17.5   0.04182   0.2126   0.06193   0   -9.781e+07   5.932e+07   0
17.6   0.03759   0.2033   0.06803   0   -8.926e+07   6.268e+07   0
17.7   0.03425   0.1948   0.07447   0   -8.093e+07   6.624e+07   0
17.8   0.03179   0.1871   0.08128   0   -7.301e+07   6.992e+07   0
17.9   0.03014   0.1801   0.08846   0   -6.566e+07   7.363e+07   0
18   0.0292   0.1739   0.09601   0   -5.902e+07   7.727e+07   0
18.1   0.02885   0.1683   0.1039   0   -5.321e+07   8.073e+07   0
18.2   0.02893   0.1632   0.1121   0   -4.831e+07   8.39e+07   0
18.3   0.02929   0.1586   0.1207   0   -4.433e+07   8.669e+07   0
18.4   0.02978   0.1544   0.1295   0   -4.128e+07   8.901e+07   0
18.5   0.03028   0.1503   0.1385   0   -3.912e+07   9.079e+07   0
18.6   0.03067   0.1465   0.1476   0   -3.779e+07   9.198e+07   0
18.7   0.03086   0.1428   0.1568   0   -3.721e+07   9.253e+07   0
18.8   0.03082   0.139   0.1661   0   -3.731e+07   9.243e+07   0
18.9   0.03051   0.1353   0.1753   0   -3.799e+07   9.165e+07   0
19   0.02993   0.1314   0.1844   0   -3.919e+07   9.018e+07   0
19.1   0.02908   0.1274   0.1933   0   -4.082e+07   8.803e+07   0
19.2   0.02799   0.1232   0.202   0   -4.281e+07   8.52e+07   0
19.3   0.02671   0.1188   0.2103   0   -4.51e+07   8.169e+07   0
19.4   0.02528   0.1142   0.2183   0   -4.761e+07   7.75e+07   0
19.5   0.02376   0.1093   0.2258   0   -5.03e+07   7.265e+07   0
19.6   0.0222   0.1041   0.2328   0   -5.31e+07   6.715e+07   0
19.7   0.02068   0.09869   0.2392   0   -5.597e+07   6.101e+07   0
19.8   0.01925   0.09295   0.245   0   -5.887e+07   5.425e+07   0
19.9   0.01799   0.08692   0.25   0   -6.173e+07   4.689e+07   0
20   0.01695   0.0806   0.2543   0   -6.452e+07   3.894e+07   0
20.1   0.01621   0.07401   0.2578   0   -6.719e+07   3.045e+07   0
20.2   0.01582   0.06717   0.2604   0   -6.971e+07   2.142e+07   0
20.3   0.01586   0.06008   0.2621   0   -7.202e+07   1.191e+07   0
20.4   0.01637   0.05277   0.2627   0   -7.409e+07   1.954e+06   0
20.5   0.01742   0.04527   0.2624   0   -7.588e+07   -8.408e+06   0
20.6   0.01906   0.0376   0.261   0   -7.734e+07   -1.913e+07   0
20.7   0.02135   0.02981   0.2586   0   -7.845e+07   -3.015e+07   0
20.8   0.02433   0.02192   0.255   0   -7.917e+07   -4.141e+07   0
20.9   0.02804   0.01399   0.2503   0   -7.946e+07   -5.287e+07   0
21   0.03254   0.006046   0.2444   0   -7.929e+07   -6.445e+07   0
21.1   0.03787   -0.001854   0.2374   0   -7.863e+07   -7.61e+07   0
21.2   0.04405   -0.009661   0.2292   0   -7.744e+07   -8.776e+07   0
21.3   0.05112   -0.01732   0.2198   0   -7.57e+07   -9.936e+07   0
21.4   0.05912   -0.02478   0.2093   0   -7.338e+07   -1.109e+08   0
21.5   0.06808   -0.03197   0.1976   0   -7.042e+07   -1.222e+08   0
21.6   0.07802   -0.03884   0.1849   0   -6.679e+07   -1.333e+08   0
21.7   0.07864   -0.04549   0.1715   0   -6.655e+07   -1.34e+08   0
21.8   0.07864   -0.05215   0.1581   0   -6.655e+07   -1.34e+08   0
21.9   0.07864   -0.0588   0.1447   0   -6.655e+07   -1.34e+08   0
22   0.07864   -0.06546   0.1313   0   -6.655e+07   -1.34e+08   0
22.1   0.07864   -0.07212   0.1179   0   -6.655e+07   -1.34e+08   0
22.2   0.07864   -0.07877   0.1045   0   -6.655e+07   -1.34e+08   0
22.3   0.07864   -0.08543   0.09108   0   -6.655e+07   -1.34e+08   0
22.4   0.07864   -0.09208   0.07768   0   -6.655e+07   -1.34e+08   0
22.5   0.07864   -0.09874   0.06429   0   -6.655e+07   -1.34e+08   0
22.6   0.07864   -0.1054   0.05089   0   -6.655e+07   -1.34e+08   0
22.7   0.07864   -0.112   0.03749   0   -6.655e+07   -1.34e+08   0
22.8   0.07864   -0.1187   0.0241   0   -6.655e+07   -1.34e+08   0
22.9   0.07864   -0.1254   0.0107   0   -6.655e+07   -1.34e+08   0
23   0.07864   -0.132   -0.002694   0   -6.655e+07   -1.34e+08   0
23.1   0.07864   -0.1387   -0.01609   0   -6.655e+07   -1.34e+08   0
23.2   0.07864   -0.1453   -0.02949   0   -6.655e+07   -1.34e+08   0
23.3   0.07864   -0.152   -0.04288   0   -6.655e+07   -1.34e+08   0
23.4   0.07864   -0.1586   -0.05628   0   -6.655e+07   -1.34e+08   0
23.5   0.07864   -0.1653   -0.06968   0   -6.655e+07   -1.34e+08   0
23.6   0.079   -0.1719   -0.08307   0   -6.692e+07   -1.341e+08   0
23.7   0.08098   -0.1787   -0.09651   0   -6.89e+07   -1.348e+08   0
23.8   0.08366   -0.1857   -0.11   0   -7.135e+07   -1.357e+08   0
23.9   0.08701   -0.193   -0.1237   0   -7.415e+07   -1.369e+08   0
24   0.09097   -0.2006   -0.1374   0   -7.721e+07   -1.384e+08   0
24.1   0.0955   -0.2085   -0.1514   0   -8.042e+07   -1.4e+08   0
24.2   0.1005   -0.2167   -0.1654   0   -8.372e+07   -1.418e+08   0
24.3   0.1061   -0.2252   -0.1797   0   -8.706e+07   -1.437e+08   0
24.4   0.112   -0.2341   -0.1942   0   -9.037e+07   -1.457e+08   0
24.5   0.1183   -0.2433   -0.2089   0   -9.362e+07   -1.478e+08   0
24.6   0.1249   -0.2528   -0.2238   0   -9.68e+07   -1.499e+08   0
24.7   0.1317   -0.2627   -0.2389   0   -9.986e+07   -1.52e+08   0
24.8   0.1388   -0.2728   -0.2542   0   -1.028e+08   -1.54e+08   0
24.9   0.146   -0.2832   -0.2697   0   -1.056e+08   -1.56e+08   0
25   0.1533   -0.2939   -0.2854   0   -1.083e+08   -1.58e+08   0
25.1   0.1607   -0.3049   -0.3013   0   -1.108e+08   -1.599e+08   0
25.2   0.168   -0.3161   -0.3173   0   -1.132e+08   -1.618e+08   0
25.3   0.1754   -0.3275   -0.3336   0   -1.154e+08   -1.635e+08   0
25.4   0.1827   -0.3392   -0.35   0   -1.176e+08   -1.652e+08   0
25.5   0.1899   -0.351   -0.3666   0   -1.195e+08   -1.668e+08   0
25.6   0.197   -0.3631   -0.3834   0   -1.214e+08   -1.683e+08   0
25.7   0.204   -0.3753   -0.4003   0   -1.231e+08   -1.698e+08   0
25.8   0.2107   -0.3877   -0.4174   0   -1.247e+08   -1.711e+08   0
25.9   0.2173   -0.4002   -0.4345   0   -1.262e+08   -1.724e+08   0
26   0.2236   -0.4129   -0.4518   0   -1.275e+08   -1.736e+08   0
26.1   0.2297   -0.4257   -0.4692   0   -1.288e+08   -1.747e+08   0
26.2   0.2355   -0.4387   -0.4868   0   -1.299e+08   -1.757e+08   0
26.3   0.241   -0.4517   -0.5044   0   -1.31e+08   -1.767e+08   0
26.4   0.2463   -0.4649   -0.5221   0   -1.32e+08   -1.776e+08   0
26.5   0.2512   -0.4781   -0.5399   0   -1.329e+08   -1.784e+08   0
26.6   0.2559   -0.4914   -0.5578   0   -1.337e+08   -1.791e+08   0
26.7   0.2577   -0.5048   -0.5757   0   -1.34e+08   -1.794e+08   0
26.8   0.2577   -0.5182   -0.5937   0   -1.34e+08   -1.794e+08   0
26.9   0.2577   -0.5316   -0.6116   0   -1.34e+08   -1.794e+08   0
27   0.2577   -0.545   -0.6295   0   -1.34e+08   -1.794e+08   0
27.1   0.2577   -0.5584   -0.6475   0   -1.34e+08   -1.794e+08   0
27.2   0.2577   -0.5718   -0.6654   0   -1.34e+08   -1.794e+08   0
27.3   0.2577   -0.5852   -0.6834   0   -1.34e+08   -1.794e+08   0
27.4   0.2577   -0.5986   -0.7013   0   -1.34e+08   -1.794e+08   0
27.5   0.2577   -0.6121   -0.7193   0   -1.34e+08   -1.794e+08   0
27.6   0.2577   -0.6255   -0.7372   0   -1.34e+08   -1.794e+08   0
27.7   0.2577   -0.6389   -0.7552   0   -1.34e+08   -1.794e+08   0
27.8   0.2577   -0.6523   -0.7731   0   -1.34e+08   -1.794e+08   0
27.9   0.2577   -0.6657   -0.791   0   -1.34e+08   -1.794e+08   0
28   0.2577   -0.6791   -0.809   0   -1.34e+08   -1.794e+08   0
28.1   0.2577   -0.6925   -0.8269   0   -1.34e+08   -1.794e+08   0
28.2   0.2577   -0.7059   -0.8449   0   -1.34e+08   -1.794e+08   0
28.3   0.2577   -0.7193   -0.8628   0   -1.34e+08   -1.794e+08   0
28.4   0.2577   -0.7327   -0.8808   0   -1.34e+08   -1.794e+08   0
28.5   0.2577   -0.7461   -0.8987   0   -1.34e+08   -1.794e+08   0
28.6   0.2577   -0.7595   -0.9167   0   -1.34e+08   -1.794e+08   0
28.7   0.2577   -0.7729   -0.9346   0   -1.34e+08   -1.794e+08   0
28.8   0.2577   -0.7863   -0.9525   0   -1.34e+08   -1.794e+08   0
28.9   0.2577   -0.7997   -0.9705   0   -1.34e+08   -1.794e+08   0
29   0.2577   -0.8131   -0.9884   0   -1.34e+08   -1.794e+08   0
29.1   0.2577   -0.8265   -1.006   0   -1.34e+08   -1.794e+08   0
29.2   0.2577   -0.8399   -1.024   0   -1.34e+08   -1.794e+08   0
29.3   0.2577   -0.8533   -1.042   0   -1.34e+08   -1.794e+08   0
29.4   0.2577   -0.8667   -1.06   0   -1.34e+08   -1.794e+08   0
29.5   0.2577   -0.8801   -1.078   0   -1.34e+08   -1.794e+08   0
29.6   0.2577   -0.8935   -1.096   0   -1.34e+08   -1.794e+08   0
29.7   0.2577   -0.9069   -1.114   0   -1.34e+08   -1.794e+08   0
29.8   0.2577   -0.9203   -1.132   0   -1.34e+08   -1.794e+08   0
29.9   0.2577   -0.9337   -1.15   0   -1.34e+08   -1.794e+08   0
30   0.2577   -0.9471   -1.168   0   -1.34e+08   -1.794e+08   0
30.1   0.2577   -0.9605   -1.186   0   -1.34e+08   -1.794e+08   0
30.2   0.2577   -0.9739   -1.204   0   -1.34e+08   -1.794e+08   0
30.3   0.2577   -0.9873   -1.222   0   -1.34e+08   -1.794e+08   0
30.4   0.2577   -1.001   -1.24   0   -1.34e+08   -1.794e+08   0
30.5   0.2577   -1.014   -1.258   0   -1.34e+08   -1.794e+08   0
30.6   0.2577   -1.028   -1.276   0   -1.34e+08   -1.794e+08   0
30.7   0.2577   -1.041   -1.293   0   -1.34e+08   -1.794e+08   0
30.8   0.2577   -1.054   -1.311   0   -1.34e+08   -1.794e+08   0
30.9   0.2577   -1.068   -1.329   0   -1.34e+08   -1.794e+08   0
31   0.2577   -1.081   -1.347   0   -1.34e+08   -1.794e+08   0
31.1   0.2577   -1.095   -1.365   0   -1.34e+08   -1.794e+08   0
31.2   0.2577   -1.108   -1.383   0   -1.34e+08   -1.794e+08   0
31.3   0.2577   -1.121   -1.401   0   -1.34e+08   -1.794e+08   0
31.4   0.2577   -1.135   -1.419   0   -1.34e+08   -1.794e+08   0
31.5   0.2577   -1.148   -1.437   0   -1.34e+08   -1.794e+08   0
31.6   0.2577   -1.162   -1.455   0   -1.34e+08   -1.794e+08   0
31.7   0.2577   -1.175   -1.473   0   -1.34e+08   -1.794e+08   0
31.8   0.2577   -1.188   -1.491   0   -1.34e+08   -1.794e+08   0
31.9   0.2577   -1.202   -1.509   0   -1.34e+08   -1.794e+08   0
32   0.2577   -1.215   -1.527   0   -1.34e+08   -1.794e+08   0
32.1   0.2577   -1.229   -1.545   0   -1.34e+08   -1.794e+08   0
32.2   0.2577   -1.242   -1.563   0   -1.34e+08   -1.794e+08   0
32.3   0.2577   -1.255   -1.581   0   -1.34e+08   -1.794e+08   0
32.4   0.2577   -1.269   -1.599   0   -1.34e+08   -1.794e+08   0
32.5   0.2577   -1.282   -1.616   0   -1.34e+08   -1.794e+08   0
32.6   0.2577   -1.296   -1.634   0   -1.34e+08   -1.794e+08   0
32.7   0.2577   -1.309   -1.652   0   -1.34e+08   -1.794e+08   0
32.8   0.2577   -1.322   -1.67   0   -1.34e+08   -1.794e+08   0
32.9   0.2577   -1.336   -1.688   0   -1.34e+08   -1.794e+08   0
33   0.2577   -1.349   -1.706   0   -1.34e+08   -1.794e+08   0
33.1   0.2577   -1.363   -1.724   0   -1.34e+08   -1.794e+08   0
33.2   0.2577   -1.376   -1.742   0   -1.34e+08   -1.794e+08   0
33.3   0.2577   -1.389   -1.76   0   -1.34e+08   -1.794e+08   0
33.4   0.2577   -1.403   -1.778   0   -1.34e+08   -1.794e+08   0
33.5   0.2577   -1.416   -1.796   0   -1.34e+08   -1.794e+08   0
33.6   0.2577   -1.43   -1.814   0   -1.34e+08   -1.794e+08   0
33.7   0.2577   -1.443   -1.832   0   -1.34e+08   -1.794e+08   0
33.8   0.2577   -1.456   -1.85   0   -1.34e+08   -1.794e+08   0
33.9   0.2577   -1.47   -1.868   0   -1.34e+08   -1.794e+08   0
34   0.2577   -1.483   -1.886   0   -1.34e+08   -1.794e+08   0
34.1   0.2577   -1.497   -1.904   0   -1.34e+08   -1.794e+08   0
34.2   0.2577   -1.51   -1.922   0   -1.34e+08   -1.794e+08   0
34.3   0.2577   -1.523   -1.939   0   -1.34e+08   -1.794e+08   0
34.4   0.2577   -1.537   -1.957   0   -1.34e+08   -1.794e+08   0
34.5   0.2577   -1.55   -1.975   0   -1.34e+08   -1.794e+08   0
34.6   0.2577   -1.564   -1.993   0   -1.34e+08   -1.794e+08   0
34.7   0.2577   -1.577   -2.011   0   -1.34e+08   -1.794e+08   0
34.8   0.2577   -1.59   -2.029   0   -1.34e+08   -1.794e+08   0
34.9   0.2577   -1.604   -2.047   0   -1.34e+08   -1.794e+08   0
35   0.2577   -1.617   -2.065   0   -1.34e+08   -1.794e+08   0
35.1   0.2577   -1.631   -2.083   0   -1.34e+08   -1.794e+08   0
35.2   0.2577   -1.644   -2.101   0   -1.34e+08   -1.794e+08   0
35.3   0.2577   -1.657   -2.119   0   -1.34e+08   -1.794e+08   0
35.4   0.2577   -1.671   -2.137   0   -1.34e+08   -1.794e+08   0
35.5   0.2577   -1.684   -2.155   0   -1.34e+08   -1.794e+08   0
35.6   0.2577   -1.698   -2.173   0   -1.34e+08   -1.794e+08   0
35.7   0.2577   -1.711   -2.191   0   -1.34e+08   -1.794e+08   0
35.8   0.2577   -1.724   -2.209   0   -1.34e+08   -1.794e+08   0
35.9   0.2577   -1.738   -2.227   0   -1.34e+08   -1.794e+08   0
36   0.2577   -1.751   -2.245   0   -1.34e+08   -1.794e+08   0
36.1   0.2577   -1.765   -2.262   0   -1.34e+08   -1.794e+08   0
36.2   0.2577   -1.778   -2.28   0   -1.34e+08   -1.794e+08   0
36.3   0.2577   -1.791   -2.298   0   -1.34e+08   -1.794e+08   0
36.4   0.2577   -1.805   -2.316   0   -1.34e+08   -1.794e+08   0
36.5   0.2577   -1.818   -2.334   0   -1.34e+08   -1.794e+08   0
36.6   0.2577   -1.832   -2.352   0   -1.34e+08   -1.794e+08   0
36.7   0.2577   -1.845   -2.37   0   -1.34e+08   -1.794e+08   0
36.8   0.2577   -1.859   -2.388   0   -1.34e+08   -1.794e+08   0
36.9   0.2577   -1.872   -2.406   0   -1.34e+08   -1.794e+08   0
37   0.2577   -1.885   -2.424   0   -1.34e+08   -1.794e+08   0
37.1   0.2577   -1.899   -2.442   0   -1.34e+08   -1.794e+08   0
37.2   0.2577   -1.912   -2.46   0   -1.34e+08   -1.794e+08   0
37.3   0.2577   -1.926   -2.478   0   -1.34e+08   -1.794e+08   0
37.4   0.2577   -1.939   -2.496   0   -1.34e+08   -1.794e+08   0
37.5   0.2577   -1.952   -2.514   0   -1.34e+08   -1.794e+08   0
37.6   0.2577   -1.966   -2.532   0   -1.34e+08   -1.794e+08   0
37.7   0.2577   -1.979   -2.55   0   -1.34e+08   -1.794e+08   0
37.8   0.2577   -1.993   -2.568   0   -1.34e+08   -1.794e+08   0
37.9   0.2577   -2.006   -2.585   0   -1.34e+08   -1.794e+08   0
38   0.2577   -2.019   -2.603   0   -1.34e+08   -1.794e+08   0
38.1   0.2577   -2.033   -2.621   0   -1.34e+08   -1.794e+08   0
38.2   0.2577   -2.046   -2.639   0   -1.34e+08   -1.794e+08   0
38.3   0.2577   -2.06   -2.657   0   -1.34e+08   -1.794e+08   0
38.4   0.2577   -2.073   -2.675   0   -1.34e+08   -1.794e+08   0
38.5   0.2577   -2.086   -2.693   0   -1.34e+08   -1.794e+08   0
38.6   0.2577   -2.1   -2.711   0   -1.34e+08   -1.794e+08   0
38.7   0.2577   -2.113   -2.729   0   -1.34e+08   -1.794e+08   0
38.8   0.2577   -2.127   -2.747   0   -1.34e+08   -1.794e+08   0
38.9   0.2577   -2.14   -2.765   0   -1.34e+08   -1.794e+08   0
39   0.2577   -2.153   -2.783   0   -1.34e+08   -1.794e+08   0
39.1   0.2577   -2.167   -2.801   0   -1.34e+08   -1.794e+08   0
39.2   0.2577   -2.18   -2.819   0   -1.34e+08   -1.794e+08   0
39.3   0.2577   -2.194   -2.837   0   -1.34e+08   -1.794e+08   0
39.4   0.2577   -2.207   -2.855   0   -1.34e+08   -1.794e+08   0
39.5   0.2577   -2.22   -2.873   0   -1.34e+08   -1.794e+08   0
39.6   0.2577   -2.234   -2.891   0   -1.34e+08   -1.794e+08   0
39.7   0.2577   -2.247   -2.908   0   -1.34e+08   -1.794e+08   0
39.8   0.2577   -2.261   -2.926   0   -1.34e+08   -1.794e+08   0
39.9   0.2577   -2.274   -2.944   0   -1.34e+08   -1.794e+08   0
40   0.2577   -2.287   -2.962   0   -1.34e+08   -1.794e+08   0
40.1   0.2577   -2.301   -2.98   0   -1.34e+08   -1.794e+08   0
40.2   0.2577   -2.314   -2.998   0   -1.34e+08   -1.794e+08   0
40.3   0.2577   -2.328   -3.016   0   -1.34e+08   -1.794e+08   0
40.4   0.2577   -2.341   -3.034   0   -1.34e+08   -1.794e+08   0
40.5   0.2577   -2.354   -3.052   0   -1.34e+08   -1.794e+08   0
40.6   0.2577   -2.368   -3.07   0   -1.34e+08   -1.794e+08   0
40.7   0.2577   -2.381   -3.088   0   -1.34e+08   -1.794e+08   0
40.8   0.2577   -2.395   -3.106   0   -1.34e+08   -1.794e+08   0
40.9   0.2577   -2.408   -3.124   0   -1.34e+08   -1.794e+08   0
41   0.2577   -2.421   -3.142   0   -1.34e+08   -1.794e+08   0
41.1   0.2577   -2.435   -3.16   0   -1.34e+08   -1.794e+08   0
41.2   0.2577   -2.448   -3.178   0   -1.34e+08   -1.794e+08   0
41.3   0.2577   -2.462   -3.196   0   -1.34e+08   -1.794e+08   0
41.4   0.2577   -2.475   -3.214   0   -1.34e+08   -1.794e+08   0
41.5   0.2577   -2.488   -3.231   0   -1.34e+08   -1.794e+08   0
41.6   0.2577   -2.502   -3.249   0   -1.34e+08   -1.794e+08   0
41.7   0.2577   -2.515   -3.267   0   -1.34e+08   -1.794e+08   0
41.8   0.2577   -2.529   -3.285   0   -1.34e+08   -1.794e+08   0
41.9   0.2577   -2.542   -3.303   0   -1.34e+08   -1.794e+08   0
42   0.2577   -2.555   -3.321   0   -1.34e+08   -1.794e+08   0
42.1   0.2577   -2.569   -3.339   0   -1.34e+08   -1.794e+08   0
42.2   0.2577   -2.582   -3.357   0   -1.34e+08   -1.794e+08   0
42.3   0.2577   -2.596   -3.375   0   -1.34e+08   -1.794e+08   0
42.4   0.2577   -2.609   -3.393   0   -1.34e+08   -1.794e+08   0
42.5   0.2577   -2.622   -3.411   0   -1.34e+08   -1.794e+08   0
42.6   0.2577   -2.636   -3.429   0   -1.34e+08   -1.794e+08   0
42.7   0.2577   -2.649   -3.447   0   -1.34e+08   -1.794e+08   0
42.8   0.2577   -2.663   -3.465   0   -1.34e+08   -1.794e+08   0
42.9   0.2577   -2.676   -3.483   0   -1.34e+08   -1.794e+08   0
43   0.2577   -2.689   -3.501   0   -1.34e+08   -1.794e+08   0
43.1   0.2577   -2.703   -3.519   0   -1.34e+08   -1.794e+08   0
43.2   0.2577   -2.716   -3.537   0   -1.34e+08   -1.794e+08   0
43.3   0.2577   -2.73   -3.554   0   -1.34e+08   -1.794e+08   0
43.4   0.2577   -2.743   -3.572   0   -1.34e+08   -1.794e+08   0
43.5   0.2577   -2.756   -3.59   0   -1.34e+08   -1.794e+08   0
43.6   0.2577   -2.77   -3.608   0   -1.34e+08   -1.794e+08   0
43.7   0.2577   -2.783   -3.626   0   -1.34e+08   -1.794e+08   0
43.8   0.2577   -2.797   -3.644   0   -1.34e+08   -1.794e+08   0
43.9   0.2577   -2.81   -3.662   0   -1.34e+08   -1.794e+08   0
44   0.2577   -2.824   -3.68   0   -1.34e+08   -1.794e+08   0
44.1   0.2577   -2.837   -3.698   0   -1.34e+08   -1.794e+08   0
44.2   0.2577   -2.85   -3.716   0   -1.34e+08   -1.794e+08   0
44.3   0.2577   -2.864   -3.734   0   -1.34e+08   -1.794e+08   0
44.4   0.2577   -2.877   -3.752   0   -1.34e+08   -1.794e+08   0
44.5   0.2577   -2.891   -3.77   0   -1.34e+08   -1.794e+08   0
44.6   0.2577   -2.904   -3.788   0   -1.34e+08   -1.794e+08   0
44.7   0.2577   -2.917   -3.806   0   -1.34e+08   -1.794e+08   0
44.8   0.2577   -2.931   -3.824   0   -1.34e+08   -1.794e+08   0
44.9   0.2577   -2.944   -3.842   0   -1.34e+08   -1.794e+08   0
45   0.2577   -2.958   -3.86   0   -1.34e+08   -1.794e+08   0
