0   0.04   -0.753   0   0   1.121e+08   0   0
0.1   0.04   -0.753   0   0   1.121e+08   0   0
0.2   0.04   -0.753   0   0   1.121e+08   0   0
0.3   0.04   -0.753   0   0   1.121e+08   0   0
0.4   0.04   -0.753   0   0   1.121e+08   0   0
0.5   0.04   -0.753   0   0   1.121e+08   0   0
0.6   0.04   -0.753   0   0   1.121e+08   0   0
0.7   0.04   -0.753   0   0   1.121e+08   0   0
0.8   0.04   -0.753   0   0   1.121e+08   0   0
0.9   0.04   -0.753   0   0   1.121e+08   0   0
1   0.04   -0.753   0   0   1.121e+08   0   0
1.1   0.04   -0.753   0   0   1.121e+08   0   0
1.2   0.04   -0.753   0   0   1.121e+08   0   0
1.3   0.04   -0.753   0   0   1.121e+08   0   0
1.4   0.04   -0.753   0   0   1.121e+08   0   0
1.5   0.04   -0.753   0   0   1.121e+08   0   0
1.6   0.04   -0.753   0   0   1.121e+08   0   0
1.7   0.04   -0.753   0   0   1.121e+08   0   0
1.8   0.04   -0.753   0   0   1.121e+08   0   0
1.9   0.04   -0.753   0   0   1.121e+08   0   0
2   0.04204   -0.7439   0   0   1.147e+08   0   0
2.1   0.04478   -0.7323   0   0   1.179e+08   0   0
2.2   0.04769   -0.7203   0   0   1.212e+08   0   0
2.3   0.05077   -0.708   0   0   1.245e+08   0   0
2.4   0.05402   -0.6954   0   0   1.279e+08   0   0
2.5   0.05742   -0.6824   0   0   1.313e+08   0   0
2.6   0.06096   -0.6691   0   0   1.347e+08   0   0
2.7   0.06465   -0.6555   0   0   1.38e+08   0   0
2.8   0.06847   -0.6415   0   0   1.414e+08   0   0
2.9   0.0724   -0.6272   0   0   1.446e+08   0   0
3   0.07642   -0.6126   0   0   1.479e+08   0   0
3.1   0.08053   -0.5976   0   0   1.51e+08   0   0
3.2   0.0847   -0.5824   0   0   1.541e+08   0   0
3.3   0.0889   -0.5668   0   0   1.57e+08   0   0
3.4   0.09311   -0.551   0   0   1.599e+08   0   0
3.5   0.09731   -0.5349   0   0   1.627e+08   0   0
3.6   0.1015   -0.5185   0   0   1.653e+08   0   0
3.7   0.1055   -0.5018   0   0   1.677e+08   0   0
3.8   0.1095   -0.4849   0   0   1.701e+08   0   0
3.9   0.1133   -0.4678   0   0   1.722e+08   0   0
4   0.117   -0.4505   0   0   1.742e+08   0   0
4.1   0.1204   -0.4329   0   0   1.761e+08   0   0
4.2   0.1235   -0.4153   0   0   1.777e+08   0   0
4.3   0.1262   -0.3974   0   0   1.791e+08   0   0
4.4   0.1286   -0.3794   0   0   1.803e+08   0   0
4.5   0.1306   -0.3614   0   0   1.813e+08   0   0
4.6   0.132   -0.3432   0   0   1.82e+08   0   0
4.7   0.1329   -0.325   0   0   1.824e+08   0   0
4.8   0.1331   -0.3067   0   0   1.825e+08   0   0
4.9   0.1326   -0.2885   0   0   1.823e+08   0   0
5   0.1313   -0.2703   0   0   1.816e+08   0   0
5.1   0.129   -0.2522   0   0   1.805e+08   0   0
5.2   0.1257   -0.2342   0   0   1.788e+08   0   0
5.3   0.1212   -0.2164   0   0   1.765e+08   0   0
5.4   0.1155   -0.1989   0   0   1.735e+08   0   0
5.5   0.1113   -0.1817   0   0   1.711e+08   0   0
5.6   0.1113   -0.1646   0   0   1.711e+08   0   0
5.7   0.1113   -0.1475   0   0   1.711e+08   0   0
5.8   0.1113   -0.1304   0   0   1.711e+08   0   0
5.9   0.1113   -0.1133   0   0   1.711e+08   0   0
6   0.1113   -0.09619   0   0   1.711e+08   0   0
6.1   0.1113   -0.07908   0   0   1.711e+08   0   0
6.2   0.1113   -0.06198   0   0   1.711e+08   0   0
6.3   0.1113   -0.04487   0   0   1.711e+08   0   0
6.4   0.1113   -0.02776   0   0   1.711e+08   0   0
6.5   0.1113   -0.01065   0   0   1.711e+08   0   0
6.6   0.1113   0.006459   0   0   1.711e+08   0   0
6.7   0.1113   0.02357   0   0   1.711e+08   0   0
6.8   0.1113   0.04068   0   0   1.711e+08   0   0
6.9   0.1113   0.05778   0   0   1.711e+08   0   0
7   0.1113   0.07489   0   0   1.711e+08   0   0
7.1   0.1113   0.092   0   0   1.711e+08   0   0
7.2   0.1113   0.1091   0   0   1.711e+08   0   0
7.3   0.1113   0.1262   0   0   1.711e+08   0   0
7.4   0.1113   0.1433   0   0   1.711e+08   0   0
7.5   0.1113   0.1604   0   0   1.711e+08   0   0
7.6   0.1113   0.1775   0   0   1.711e+08   0   0
7.7   0.1169   0.1947   0   0   1.742e+08   0   0
7.8   0.1312   0.2125   0   0   1.816e+08   0   0
7.9   0.1444   0.231   0   0   1.877e+08   0   0
8   0.1565   0.25   0   0   1.929e+08   0   0
8.1   0.1674   0.2695   0   0   1.972e+08   0   0
8.2   0.1772   0.2895   0   0   2.008e+08   0   0
8.3   0.186   0.3097   0   0   2.039e+08   0   0
8.4   0.1937   0.3302   0   0   2.064e+08   0   0
8.5   0.2005   0.351   0   0   2.086e+08   0   0
8.6   0.2064   0.3719   0   0   2.104e+08   0   0
8.7   0.2114   0.393   0   0   2.119e+08   0   0
8.8   0.2157   0.4143   0   0   2.131e+08   0   0
8.9   0.2191   0.4357   0   0   2.141e+08   0   0
9   0.2219   0.4571   0   0   2.149e+08   0   0
9.1   0.224   0.4786   0   0   2.155e+08   0   0
9.2   0.2256   0.5002   0   0   2.159e+08   0   0
9.3   0.2265   0.5218   0   0   2.162e+08   0   0
9.4   0.2269   0.5434   0   0   2.163e+08   0   0
9.5   0.2268   0.5651   0   0   2.163e+08   0   0
9.6   0.2263   0.5867   0   0   2.161e+08   0   0
9.7   0.2253   0.6083   0   0   2.158e+08   0   0
9.8   0.224   0.6299   0   0   2.155e+08   0   0
9.9   0.2223   0.6514   0   0   2.15e+08   0   0
10   0.2203   0.6729   0   0   2.145e+08   0   0
10.1   0.218   0.6943   0   0   2.138e+08   0   0
10.2   0.2154   0.7156   0   0   2.131e+08   0   0
10.3   0.2127   0.7369   0   0   2.123e+08   0   0
10.4   0.2104   0.7581   0   0   2.116e+08   0   0
10.5   0.2104   0.7792   0   0   2.116e+08   0   0
10.6   0.2104   0.8004   0   0   2.116e+08   0   0
10.7   0.2104   0.8216   0   0   2.116e+08   0   0
10.8   0.2104   0.8427   0   0   2.116e+08   0   0
10.9   0.2104   0.8639   0   0   2.116e+08   0   0
11   0.2104   0.885   0   0   2.116e+08   0   0
11.1   0.2104   0.9062   0   0   2.116e+08   0   0
11.2   0.2104   0.9274   0   0   2.116e+08   0   0
11.3   0.2104   0.9485   0   0   2.116e+08   0   0
11.4   0.2104   0.9697   0   0   2.116e+08   0   0
11.5   0.2104   0.9909   0   0   2.116e+08   0   0
11.6   0.2104   1.012   0   0   2.116e+08   0   0
11.7   0.2104   1.033   0   0   2.116e+08   0   0
11.8   0.2104   1.054   0   0   2.116e+08   0   0
11.9   0.2104   1.075   0   0   2.116e+08   0   0
12   0.2104   1.097   0   0   2.116e+08   0   0
12.1   0.2107   1.118   -0.0009988   0   2.081e+08   -3.906e+07   0
12.2   0.2112   1.137   -0.008671   0   1.799e+08   -1.119e+08   0
12.3   0.2117   1.153   -0.02294   0   1.272e+08   -1.696e+08   0
12.4   0.2121   1.162   -0.04186   0   5.722e+07   -2.043e+08   0
12.5   0.2126   1.164   -0.06288   0   -2.057e+07   -2.113e+08   0
12.6   0.2131   1.158   -0.08315   0   -9.564e+07   -1.897e+08   0
12.7   0.2136   1.145   -0.09992   0   -1.578e+08   -1.424e+08   0
12.8   0.2141   1.127   -0.1109   0   -1.987e+08   -7.586e+07   0
12.9   0.2146   1.106   -0.1147   0   -2.129e+08   9.573e+05   0
13   0.2149   1.085   -0.1119   0   -2.1e+08   3.536e+07   0
13.1   0.2149   1.064   -0.1083   0   -2.1e+08   3.536e+07   0
13.2   0.2149   1.043   -0.1048   0   -2.1e+08   3.536e+07   0
13.3   0.2149   1.022   -0.1013   0   -2.1e+08   3.536e+07   0
13.4   0.2149   1.001   -0.09774   0   -2.1e+08   3.536e+07   0
13.5   0.2149   0.9803   -0.0942   0   -2.1e+08   3.536e+07   0
13.6   0.2149   0.9593   -0.09067   0   -2.1e+08   3.536e+07   0
13.7   0.2149   0.9383   -0.08713   0   -2.1e+08   3.536e+07   0
13.8   0.2149   0.9173   -0.08359   0   -2.1e+08   3.536e+07   0
13.9   0.2149   0.8963   -0.08006   0   -2.1e+08   3.536e+07   0
14   0.2149   0.8753   -0.07652   0   -2.1e+08   3.536e+07   0
14.1   0.2149   0.8543   -0.07298   0   -2.1e+08   3.536e+07   0
14.2   0.2149   0.8333   -0.06945   0   -2.1e+08   3.536e+07   0
14.3   0.2149   0.8123   -0.06591   0   -2.1e+08   3.536e+07   0
14.4   0.2149   0.7913   -0.06238   0   -2.1e+08   3.536e+07   0
14.5   0.2149   0.7703   -0.05884   0   -2.1e+08   3.536e+07   0
14.6   0.2147   0.7493   -0.0553   0   -2.099e+08   3.536e+07   0
14.7   0.2128   0.7284   -0.05177   0   -2.094e+08   3.537e+07   0
14.8   0.2105   0.7075   -0.04823   0   -2.087e+08   3.539e+07   0
14.9   0.2078   0.6866   -0.04469   0   -2.079e+08   3.542e+07   0
15   0.2047   0.6659   -0.04114   0   -2.069e+08   3.545e+07   0
15.1   0.2013   0.6453   -0.0376   0   -2.058e+08   3.55e+07   0
15.2   0.1974   0.6247   -0.03404   0   -2.046e+08   3.556e+07   0
15.3   0.1931   0.6044   -0.03048   0   -2.031e+08   3.564e+07   0
15.4   0.1884   0.5841   -0.02692   0   -2.016e+08   3.573e+07   0
15.5   0.1834   0.5641   -0.02334   0   -1.998e+08   3.585e+07   0
15.6   0.1779   0.5442   -0.01974   0   -1.978e+08   3.6e+07   0
15.7   0.1721   0.5245   -0.01614   0   -1.956e+08   3.618e+07   0
15.8   0.1659   0.5051   -0.01251   0   -1.932e+08   3.639e+07   0
15.9   0.1594   0.4859   -0.008856   0   -1.906e+08   3.665e+07   0
16   0.1525   0.467   -0.005176   0   -1.876e+08   3.695e+07   0
16.1   0.1454   0.4484   -0.001463   0   -1.844e+08   3.732e+07   0
16.2   0.138   0.4301   0.00229   0   -1.809e+08   3.775e+07   0
16.3   0.1304   0.4122   0.00609   0   -1.771e+08   3.826e+07   0
16.4   0.1226   0.3947   0.009945   0   -1.729e+08   3.885e+07   0
16.5   0.1147   0.3776   0.01386   0   -1.684e+08   3.955e+07   0
16.6   0.1067   0.361   0.01786   0   -1.635e+08   4.037e+07   0
16.7   0.09869   0.3449   0.02194   0   -1.582e+08   4.131e+07   0
16.8   0.09078   0.3294   0.02613   0   -1.526e+08   4.241e+07   0
16.9   0.08303   0.3144   0.03043   0   -1.465e+08   4.367e+07   0
17   0.0755   0.3001   0.03487   0   -1.401e+08   4.512e+07   0
17.1   0.0683   0.2864   0.03946   0   -1.333e+08   4.676e+07   0
17.2   0.06151   0.2735   0.04423   0   -1.261e+08   4.861e+07   0
17.3   0.05522   0.2612   0.04919   0   -1.188e+08   5.068e+07   0
17.4   0.04951   0.2497   0.05438   0   -1.112e+08   5.298e+07   0
17.5   0.04445   0.239   0.0598   0   -1.036e+08   5.548e+07   0
17.6   0.04008   0.229   0.06548   0   -9.598e+07   5.817e+07   0
17.7   0.03643   0.2198   0.07144   0   -8.854e+07   6.103e+07   0
17.8   0.0335   0.2113   0.07769   0   -8.139e+07   6.399e+07   0
17.9   0.03127   0.2035   0.08424   0   -7.468e+07   6.7e+07   0
18   0.02967   0.1964   0.09109   0   -6.853e+07   6.999e+07   0
18.1   0.02864   0.1898   0.09824   0   -6.306e+07   7.286e+07   0
18.2   0.02806   0.1837   0.1057   0   -5.835e+07   7.555e+07   0
18.3   0.02782   0.1781   0.1133   0   -5.445e+07   7.795e+07   0
18.4   0.02781   0.1728   0.1212   0   -5.14e+07   7.998e+07   0
18.5   0.02793   0.1678   0.1293   0   -4.92e+07   8.157e+07   0
18.6   0.02808   0.163   0.1375   0   -4.781e+07   8.265e+07   0
18.7   0.02817   0.1582   0.1458   0   -4.72e+07   8.317e+07   0
18.8   0.02814   0.1535   0.1542   0   -4.731e+07   8.307e+07   0
18.9   0.02797   0.1487   0.1624   0   -4.806e+07   8.232e+07   0
19   0.02762   0.1439   0.1706   0   -4.939e+07   8.088e+07   0
19.1   0.0271   0.1388   0.1786   0   -5.123e+07   7.875e+07   0
19.2   0.02643   0.1336   0.1863   0   -5.349e+07   7.591e+07   0
19.3   0.02563   0.1281   0.1937   0   -5.61e+07   7.233e+07   0
19.4   0.02474   0.1224   0.2008   0   -5.9e+07   6.803e+07   0
19.5   0.02382   0.1163   0.2073   0   -6.212e+07   6.3e+07   0
19.6   0.02292   0.1099   0.2133   0   -6.538e+07   5.723e+07   0
19.7   0.0221   0.1032   0.2187   0   -6.872e+07   5.075e+07   0
19.8   0.02144   0.09618   0.2234   0   -7.208e+07   4.355e+07   0
19.9   0.021   0.08881   0.2274   0   -7.539e+07   3.566e+07   0
20   0.02086   0.0811   0.2305   0   -7.86e+07   2.71e+07   0
20.1   0.02109   0.07309   0.2328   0   -8.162e+07   1.788e+07   0
20.2   0.02176   0.06478   0.2341   0   -8.442e+07   8.054e+06   0
20.3   0.02295   0.05621   0.2344   0   -8.691e+07   -2.354e+06   0
20.4   0.02473   0.04741   0.2336   0   -8.905e+07   -1.33e+07   0
20.5   0.02718   0.03842   0.2317   0   -9.076e+07   -2.472e+07   0
20.6   0.03037   0.02927   0.2286   0   -9.2e+07   -3.658e+07   0
20.7   0.03437   0.02003   0.2244   0   -9.268e+07   -4.88e+07   0
20.8   0.03925   0.01076   0.2188   0   -9.276e+07   -6.133e+07   0
20.9   0.04509   0.001505   0.2121   0   -9.217e+07   -7.408e+07   0
21   0.05194   -0.007651   0.204   0   -9.084e+07   -8.7e+07   0
21.1   0.05989   -0.01663   0.1947   0   -8.871e+07   -1e+08   0
21.2   0.06661   -0.02537   0.184   0   -8.654e+07   -1.098e+08   0
21.3   0.06661   -0.03402   0.1731   0   -8.654e+07   -1.098e+08   0
21.4   0.06661   -0.04268   0.1621   0   -8.654e+07   -1.098e+08   0
21.5   0.06661   -0.05133   0.1511   0   -8.654e+07   -1.098e+08   0
21.6   0.06661   -0.05999   0.1401   0   -8.654e+07   -1.098e+08   0
21.7   0.06661   -0.06864   0.1292   0   -8.654e+07   -1.098e+08   0
21.8   0.06661   -0.07729   0.1182   0   -8.654e+07   -1.098e+08   0
21.9   0.06661   -0.08595   0.1072   0   -8.654e+07   -1.098e+08   0
22   0.06661   -0.0946   0.09623   0   -8.654e+07   -1.098e+08   0
22.1   0.06661   -0.1033   0.08526   0   -8.654e+07   -1.098e+08   0
22.2   0.06661   -0.1119   0.07428   0   -8.654e+07   -1.098e+08   0
22.3   0.06661   -0.1206   0.06331   0   -8.654e+07   -1.098e+08   0
22.4   0.06661   -0.1292   0.05233   0   -8.654e+07   -1.098e+08   0
22.5   0.06661   -0.1379   0.04136   0   -8.654e+07   -1.098e+08   0
22.6   0.06661   -0.1465   0.03038   0   -8.654e+07   -1.098e+08   0
22.7   0.06661   -0.1552   0.01941   0   -8.654e+07   -1.098e+08   0
22.8   0.06661   -0.1638   0.008434   0   -8.654e+07   -1.098e+08   0
22.9   0.06661   -0.1725   -0.002541   0   -8.654e+07   -1.098e+08   0
23   0.06661   -0.1811   -0.01352   0   -8.654e+07   -1.098e+08   0
23.1   0.06602   -0.1898   -0.02449   0   -8.57e+07   -1.098e+08   0
23.2   0.06456   -0.1982   -0.03546   0   -8.367e+07   -1.097e+08   0
23.3   0.06373   -0.2065   -0.04643   0   -8.256e+07   -1.096e+08   0
23.4   0.06352   -0.2148   -0.05739   0   -8.228e+07   -1.096e+08   0
23.5   0.0639   -0.223   -0.06835   0   -8.274e+07   -1.096e+08   0
23.6   0.06485   -0.2313   -0.07932   0   -8.385e+07   -1.099e+08   0
23.7   0.06634   -0.2398   -0.09033   0   -8.55e+07   -1.103e+08   0
23.8   0.06837   -0.2485   -0.1014   0   -8.763e+07   -1.108e+08   0
23.9   0.07092   -0.2573   -0.1125   0   -9.013e+07   -1.116e+08   0
24   0.07395   -0.2665   -0.1237   0   -9.294e+07   -1.125e+08   0
24.1   0.07744   -0.2759   -0.135   0   -9.599e+07   -1.135e+08   0
24.2   0.08137   -0.2857   -0.1464   0   -9.92e+07   -1.147e+08   0
24.3   0.08571   -0.2958   -0.1579   0   -1.025e+08   -1.16e+08   0
24.4   0.09042   -0.3062   -0.1696   0   -1.059e+08   -1.174e+08   0
24.5   0.09547   -0.317   -0.1814   0   -1.093e+08   -1.188e+08   0
24.6   0.1008   -0.3281   -0.1934   0   -1.127e+08   -1.203e+08   0
24.7   0.1064   -0.3395   -0.2055   0   -1.161e+08   -1.218e+08   0
24.8   0.1123   -0.3513   -0.2177   0   -1.194e+08   -1.233e+08   0
24.9   0.1183   -0.3634   -0.2301   0   -1.226e+08   -1.249e+08   0
25   0.1245   -0.3758   -0.2427   0   -1.257e+08   -1.264e+08   0
25.1   0.1308   -0.3885   -0.2554   0   -1.286e+08   -1.279e+08   0
25.2   0.1371   -0.4015   -0.2683   0   -1.314e+08   -1.294e+08   0
25.3   0.1435   -0.4148   -0.2813   0   -1.341e+08   -1.308e+08   0
25.4   0.1499   -0.4284   -0.2944   0   -1.367e+08   -1.321e+08   0
25.5   0.1563   -0.4422   -0.3077   0   -1.391e+08   -1.335e+08   0
25.6   0.1626   -0.4562   -0.3211   0   -1.414e+08   -1.347e+08   0
25.7   0.1687   -0.4704   -0.3347   0   -1.436e+08   -1.359e+08   0
25.8   0.1748   -0.4849   -0.3483   0   -1.456e+08   -1.371e+08   0
25.9   0.1807   -0.4996   -0.3621   0   -1.475e+08   -1.381e+08   0
26   0.1865   -0.5144   -0.3759   0   -1.492e+08   -1.392e+08   0
26.1   0.192   -0.5294   -0.3899   0   -1.508e+08   -1.401e+08   0
26.2   0.1973   -0.5446   -0.404   0   -1.523e+08   -1.41e+08   0
26.3   0.2024   -0.5599   -0.4181   0   -1.537e+08   -1.419e+08   0
26.4   0.2072   -0.5753   -0.4323   0   -1.55e+08   -1.427e+08   0
26.5   0.2118   -0.5909   -0.4466   0   -1.562e+08   -1.434e+08   0
26.6   0.2144   -0.6065   -0.461   0   -1.568e+08   -1.438e+08   0
26.7   0.2144   -0.6222   -0.4754   0   -1.568e+08   -1.438e+08   0
26.8   0.2144   -0.6379   -0.4898   0   -1.568e+08   -1.438e+08   0
26.9   0.2144   -0.6536   -0.5041   0   -1.568e+08   -1.438e+08   0
27   0.2144   -0.6693   -0.5185   0   -1.568e+08   -1.438e+08   0
27.1   0.2144   -0.685   -0.5329   0   -1.568e+08   -1.438e+08   0
27.2   0.2144   -0.7006   -0.5473   0   -1.568e+08   -1.438e+08   0
27.3   0.2144   -0.7163   -0.5617   0   -1.568e+08   -1.438e+08   0
27.4   0.2144   -0.732   -0.576   0   -1.568e+08   -1.438e+08   0
27.5   0.2144   -0.7477   -0.5904   0   -1.568e+08   -1.438e+08   0
27.6   0.2144   -0.7634   -0.6048   0   -1.568e+08   -1.438e+08   0
27.7   0.2144   -0.7791   -0.6192   0   -1.568e+08   -1.438e+08   0
27.8   0.2144   -0.7947   -0.6335   0   -1.568e+08   -1.438e+08   0
27.9   0.2144   -0.8104   -0.6479   0   -1.568e+08   -1.438e+08   0
28   0.2144   -0.8261   -0.6623   0   -1.568e+08   -1.438e+08   0
28.1   0.2144   -0.8418   -0.6767   0   -1.568e+08   -1.438e+08   0
28.2   0.2144   -0.8575   -0.6911   0   -1.568e+08   -1.438e+08   0
28.3   0.2144   -0.8732   -0.7054   0   -1.568e+08   -1.438e+08   0
28.4   0.2144   -0.8889   -0.7198   0   -1.568e+08   -1.438e+08   0
28.5   0.2144   -0.9045   -0.7342   0   -1.568e+08   -1.438e+08   0
28.6   0.2144   -0.9202   -0.7486   0   -1.568e+08   -1.438e+08   0
28.7   0.2144   -0.9359   -0.763   0   -1.568e+08   -1.438e+08   0
28.8   0.2144   -0.9516   -0.7773   0   -1.568e+08   -1.438e+08   0
28.9   0.2144   -0.9673   -0.7917   0   -1.568e+08   -1.438e+08   0
29   0.2144   -0.983   -0.8061   0   -1.568e+08   -1.438e+08   0
29.1   0.2144   -0.9986   -0.8205   0   -1.568e+08   -1.438e+08   0
29.2   0.2144   -1.014   -0.8348   0   -1.568e+08   -1.438e+08   0
29.3   0.2144   -1.03   -0.8492   0   -1.568e+08   -1.438e+08   0
29.4   0.2144   -1.046   -0.8636   0   -1.568e+08   -1.438e+08   0
29.5   0.2144   -1.061   -0.878   0   -1.568e+08   -1.438e+08   0
29.6   0.2144   -1.077   -0.8924   0   -1.568e+08   -1.438e+08   0
29.7   0.2144   -1.093   -0.9067   0   -1.568e+08   -1.438e+08   0
29.8   0.2144   -1.108   -0.9211   0   -1.568e+08   -1.438e+08   0
29.9   0.2144   -1.124   -0.9355   0   -1.568e+08   -1.438e+08   0
30   0.2144   -1.14   -0.9499   0   -1.568e+08   -1.438e+08   0
30.1   0.2144   -1.155   -0.9642   0   -1.568e+08   -1.438e+08   0
30.2   0.2144   -1.171   -0.9786   0   -1.568e+08   -1.438e+08   0
30.3   0.2144   -1.187   -0.993   0   -1.568e+08   -1.438e+08   0
30.4   0.2144   -1.203   -1.007   0   -1.568e+08   -1.438e+08   0
30.5   0.2144   -1.218   -1.022   0   -1.568e+08   -1.438e+08   0
30.6   0.2144   -1.234   -1.036   0   -1.568e+08   -1.438e+08   0
30.7   0.2144   -1.25   -1.051   0   -1.568e+08   -1.438e+08   0
30.8   0.2144   -1.265   -1.065   0   -1.568e+08   -1.438e+08   0
30.9   0.2144   -1.281   -1.079   0   -1.568e+08   -1.438e+08   0
31   0.2144   -1.297   -1.094   0   -1.568e+08   -1.438e+08   0
31.1   0.2144   -1.312   -1.108   0   -1.568e+08   -1.438e+08   0
31.2   0.2144   -1.328   -1.122   0   -1.568e+08   -1.438e+08   0
31.3   0.2144   -1.344   -1.137   0   -1.568e+08   -1.438e+08   0
31.4   0.2144   -1.359   -1.151   0   -1.568e+08   -1.438e+08   0
31.5   0.2144   -1.375   -1.166   0   -1.568e+08   -1.438e+08   0
31.6   0.2144   -1.391   -1.18   0   -1.568e+08   -1.438e+08   0
31.7   0.2144   -1.406   -1.194   0   -1.568e+08   -1.438e+08   0
31.8   0.2144   -1.422   -1.209   0   -1.568e+08   -1.438e+08   0
31.9   0.2144   -1.438   -1.223   0   -1.568e+08   -1.438e+08   0
32   0.2144   -1.453   -1.237   0   -1.568e+08   -1.438e+08   0
32.1   0.2144   -1.469   -1.252   0   -1.568e+08   -1.438e+08   0
32.2   0.2144   -1.485   -1.266   0   -1.568e+08   -1.438e+08   0
32.3   0.2144   -1.501   -1.281   0   -1.568e+08   -1.438e+08   0
32.4   0.2144   -1.516   -1.295   0   -1.568e+08   -1.438e+08   0
32.5   0.2144   -1.532   -1.309   0   -1.568e+08   -1.438e+08   0
32.6   0.2144   -1.548   -1.324   0   -1.568e+08   -1.438e+08   0
32.7   0.2144   -1.563   -1.338   0   -1.568e+08   -1.438e+08   0
32.8   0.2144   -1.579   -1.352   0   -1.568e+08   -1.438e+08   0
32.9   0.2144   -1.595   -1.367   0   -1.568e+08   -1.438e+08   0
33   0.2144   -1.61   -1.381   0   -1.568e+08   -1.438e+08   0
33.1   0.2144   -1.626   -1.396   0   -1.568e+08   -1.438e+08   0
33.2   0.2144   -1.642   -1.41   0   -1.568e+08   -1.438e+08   0
33.3   0.2144   -1.657   -1.424   0   -1.568e+08   -1.438e+08   0
33.4   0.2144   -1.673   -1.439   0   -1.568e+08   -1.438e+08   0
33.5   0.2144   -1.689   -1.453   0   -1.568e+08   -1.438e+08   0
33.6   0.2144   -1.704   -1.467   0   -1.568e+08   -1.438e+08   0
33.7   0.2144   -1.72   -1.482   0   -1.568e+08   -1.438e+08   0
33.8   0.2144   -1.736   -1.496   0   -1.568e+08   -1.438e+08   0
33.9   0.2144   -1.751   -1.511   0   -1.568e+08   -1.438e+08   0
34   0.2144   -1.767   -1.525   0   -1.568e+08   -1.438e+08   0
34.1   0.2144   -1.783   -1.539   0   -1.568e+08   -1.438e+08   0
34.2   0.2144   -1.799   -1.554   0   -1.568e+08   -1.438e+08   0
34.3   0.2144   -1.814   -1.568   0   -1.568e+08   -1.438e+08   0
34.4   0.2144   -1.83   -1.582   0   -1.568e+08   -1.438e+08   0
34.5   0.2144   -1.846   -1.597   0   -1.568e+08   -1.438e+08   0
34.6   0.2144   -1.861   -1.611   0   -1.568e+08   -1.438e+08   0
34.7   0.2144   -1.877   -1.626   0   -1.568e+08   -1.438e+08   0
34.8   0.2144   -1.893   -1.64   0   -1.568e+08   -1.438e+08   0
34.9   0.2144   -1.908   -1.654   0   -1.568e+08   -1.438e+08   0
35   0.2144   -1.924   -1.669   0   -1.568e+08   -1.438e+08   0
35.1   0.2144   -1.94   -1.683   0   -1.568e+08   -1.438e+08   0
35.2   0.2144   -1.955   -1.698   0   -1.568e+08   -1.438e+08   0
35.3   0.2144   -1.971   -1.712   0   -1.568e+08   -1.438e+08   0
35.4   0.2144   -1.987   -1.726   0   -1.568e+08   -1.438e+08   0
35.5   0.2144   -2.002   -1.741   0   -1.568e+08   -1.438e+08   0
35.6   0.2144   -2.018   -1.755   0   -1.568e+08   -1.438e+08   0
35.7   0.2144   -2.034   -1.769   0   -1.568e+08   -1.438e+08   0
35.8   0.2144   -2.049   -1.784   0   -1.568e+08   -1.438e+08   0
35.9   0.2144   -2.065   -1.798   0   -1.568e+08   -1.438e+08   0
36   0.2144   -2.081   -1.813   0   -1.568e+08   -1.438e+08   0
36.1   0.2144   -2.097   -1.827   0   -1.568e+08   -1.438e+08   0
36.2   0.2144   -2.112   -1.841   0   -1.568e+08   -1.438e+08   0
36.3   0.2144   -2.128   -1.856   0   -1.568e+08   -1.438e+08   0
36.4   0.2144   -2.144   -1.87   0   -1.568e+08   -1.438e+08   0
36.5   0.2144   -2.159   -1.884   0   -1.568e+08   -1.438e+08   0
36.6   0.2144   -2.175   -1.899   0   -1.568e+08   -1.438e+08   0
36.7   0.2144   -2.191   -1.913   0   -1.568e+08   -1.438e+08   0
36.8   0.2144   -2.206   -1.928   0   -1.568e+08   -1.438e+08   0
36.9   0.2144   -2.222   -1.942   0   -1.568e+08   -1.438e+08   0
37   0.2144   -2.238   -1.956   0   -1.568e+08   -1.438e+08   0
37.1   0.2144   -2.253   -1.971   0   -1.568e+08   -1.438e+08   0
37.2   0.2144   -2.269   -1.985   0   -1.568e+08   -1.438e+08   0
37.3   0.2144   -2.285   -1.999   0   -1.568e+08   -1.438e+08   0
37.4   0.2144   -2.3   -2.014   0   -1.568e+08   -1.438e+08   0
37.5   0.2144   -2.316   -2.028   0   -1.568e+08   -1.438e+08   0
37.6   0.2144   -2.332   -2.043   0   -1.568e+08   -1.438e+08   0
37.7   0.2144   -2.348   -2.057   0   -1.568e+08   -1.438e+08   0
37.8   0.2144   -2.363   -2.071   0   -1.568e+08   -1.438e+08   0
37.9   0.2144   -2.379   -2.086   0   -1.568e+08   -1.438e+08   0
38   0.2144   -2.395   -2.1   0   -1.568e+08   -1.438e+08   0
38.1   0.2144   -2.41   -2.114   0   -1.568e+08   -1.438e+08   0
38.2   0.2144   -2.426   -2.129   0   -1.568e+08   -1.438e+08   0
38.3   0.2144   -2.442   -2.143   0   -1.568e+08   -1.438e+08   0
38.4   0.2144   -2.457   -2.158   0   -1.568e+08   -1.438e+08   0
38.5   0.2144   -2.473   -2.172   0   -1.568e+08   -1.438e+08   0
38.6   0.2144   -2.489   -2.186   0   -1.568e+08   -1.438e+08   0
38.7   0.2144   -2.504   -2.201   0   -1.568e+08   -1.438e+08   0
38.8   0.2144   -2.52   -2.215   0   -1.568e+08   -1.438e+08   0
38.9   0.2144   -2.536   -2.23   0   -1.568e+08   -1.438e+08   0
39   0.2144   -2.551   -2.244   0   -1.568e+08   -1.438e+08   0
39.1   0.2144   -2.567   -2.258   0   -1.568e+08   -1.438e+08   0
39.2   0.2144   -2.583   -2.273   0   -1.568e+08   -1.438e+08   0
39.3   0.2144   -2.598   -2.287   0   -1.568e+08   -1.438e+08   0
39.4   0.2144   -2.614   -2.301   0   -1.568e+08   -1.438e+08   0
39.5   0.2144   -2.63   -2.316   0   -1.568e+08   -1.438e+08   0
39.6   0.2144   -2.646   -2.33   0   -1.568e+08   -1.438e+08   0
39.7   0.2144   -2.661   -2.345   0   -1.568e+08   -1.438e+08   0
39.8   0.2144   -2.677   -2.359   0   -1.568e+08   -1.438e+08   0
39.9   0.2144   -2.693   -2.373   0   -1.568e+08   -1.438e+08   0
40   0.2144   -2.708   -2.388   0   -1.568e+08   -1.438e+08   0
40.1   0.2144   -2.724   -2.402   0   -1.568e+08   -1.438e+08   0
40.2   0.2144   -2.74   -2.416   0   -1.568e+08   -1.438e+08   0
40.3   0.2144   -2.755   -2.431   0   -1.568e+08   -1.438e+08   0
40.4   0.2144   -2.771   -2.445   0   -1.568e+08   -1.438e+08   0
40.5   0.2144   -2.787   -2.46   0   -1.568e+08   -1.438e+08   0
40.6   0.2144   -2.802   -2.474   0   -1.568e+08   -1.438e+08   0
40.7   0.2144   -2.818   -2.488   0   -1.568e+08   -1.438e+08   0
40.8   0.2144   -2.834   -2.503   0   -1.568e+08   -1.438e+08   0
40.9   0.2144   -2.849   -2.517   0   -1.568e+08   -1.438e+08   0
41   0.2144   -2.865   -2.531   0   -1.568e+08   -1.438e+08   0
41.1   0.2144   -2.881   -2.546   0   -1.568e+08   -1.438e+08   0
41.2   0.2144   -2.896   -2.56   0   -1.568e+08   -1.438e+08   0
41.3   0.2144   -2.912   -2.575   0   -1.568e+08   -1.438e+08   0
41.4   0.2144   -2.928   -2.589   0   -1.568e+08   -1.438e+08   0
41.5   0.2144   -2.944   -2.603   0   -1.568e+08   -1.438e+08   0
41.6   0.2144   -2.959   -2.618   0   -1.568e+08   -1.438e+08   0
41.7   0.2144   -2.975   -2.632   0   -1.568e+08   -1.438e+08   0
41.8   0.2144   -2.991   -2.646   0   -1.568e+08   -1.438e+08   0
41.9   0.2144   -3.006   -2.661   0   -1.568e+08   -1.438e+08   0
42   0.2144   -3.022   -2.675   0   -1.568e+08   -1.438e+08   0
42.1   0.2144   -3.038   -2.69   0   -1.568e+08   -1.438e+08   0
42.2   0.2144   -3.053   -2.704   0   -1.568e+08   -1.438e+08   0
42.3   0.2144   -3.069   -2.718   0   -1.568e+08   -1.438e+08   0
42.4   0.2144   -3.085   -2.733   0   -1.568e+08   -1.438e+08   0
42.5   0.2144   -3.1   -2.747   0   -1.568e+08   -1.438e+08   0
42.6   0.2144   -3.116   -2.761   0   -1.568e+08   -1.438e+08   0
42.7   0.2144   -3.132   -2.776   0   -1.568e+08   -1.438e+08   0
42.8   0.2144   -3.147   -2.79   0   -1.568e+08   -1.438e+08   0
42.9   0.2144   -3.163   -2.805   0   -1.568e+08   -1.438e+08   0
43   0.2144   -3.179   -2.819   0   -1.568e+08   -1.438e+08   0
43.1   0.2144   -3.194   -2.833   0   -1.568e+08   -1.438e+08   0
43.2   0.2144   -3.21   -2.848   0   -1.568e+08   -1.438e+08   0
43.3   0.2144   -3.226   -2.862   0   -1.568e+08   -1.438e+08   0
43.4   0.2144   -3.242   -2.877   0   -1.568e+08   -1.438e+08   0
43.5   0.2144   -3.257   -2.891   0   -1.568e+08   -1.438e+08   0
43.6   0.2144   -3.273   -2.905   0   -1.568e+08   -1.438e+08   0
43.7   0.2144   -3.289   -2.92   0   -1.568e+08   -1.438e+08   0
43.8   0.2144   -3.304   -2.934   0   -1.568e+08   -1.438e+08   0
43.9   0.2144   -3.32   -2.948   0   -1.568e+08   -1.438e+08   0
44   0.2144   -3.336   -2.963   0   -1.568e+08   -1.438e+08   0
44.1   0.2144   -3.351   -2.977   0   -1.568e+08   -1.438e+08   0
44.2   0.2144   -3.367   -2.992   0   -1.568e+08   -1.438e+08   0
44.3   0.2144   -3.383   -3.006   0   -1.568e+08   -1.438e+08   0
44.4   0.2144   -3.398   -3.02   0   -1.568e+08   -1.438e+08   0
44.5   0.2144   -3.414   -3.035   0   -1.568e+08   -1.438e+08   0
44.6   0.2144   -3.43   -3.049   0   -1.568e+08   -1.438e+08   0
44.7   0.2144   -3.445   -3.063   0   -1.568e+08   -1.438e+08   0
44.8   0.2144   -3.461   -3.078   0   -1.568e+08   -1.438e+08   0
44.9   0.2144   -3.477   -3.092   0   -1.568e+08   -1.438e+08   0
45   0.2144   -3.492   -3.107   0   -1.568e+08   -1.438e+08   0
