0   0.04   -0.753   0   0   1.121e+08   0   0
0.1   0.04   -0.753   0   0   1.121e+08   0   0
0.2   0.04   -0.753   0   0   1.121e+08   0   0
0.3   0.04   -0.753   0   0   1.121e+08   0   0
0.4   0.04   -0.753   0   0   1.121e+08   0   0
0.5   0.04   -0.753   0   0   1.121e+08   0   0
0.6   0.04   -0.753   0   0   1.121e+08   0   0
0.7   0.04   -0.753   0   0   1.121e+08   0   0
0.8   0.04   -0.753   0   0   1.121e+08   0   0
0.9   0.04   -0.753   0   0   1.121e+08   0   0
1   0.04   -0.753   0   0   1.121e+08   0   0
1.1   0.04   -0.753   0   0   1.121e+08   0   0
1.2   0.04   -0.753   0   0   1.121e+08   0   0
1.3   0.04   -0.753   0   0   1.121e+08   0   0
1.4   0.04   -0.753   0   0   1.121e+08   0   0
1.5   0.04   -0.753   0   0   1.121e+08   0   0
1.6   0.04   -0.753   0   0   1.121e+08   0   0
1.7   0.04   -0.753   0   0   1.121e+08   0   0
1.8   0.04   -0.753   0   0   1.121e+08   0   0
1.9   0.04   -0.753   0   0   1.121e+08   0   0
2   0.04152   -0.7462   0   0   1.14e+08   0   0
2.1   0.04424   -0.7346   0   0   1.173e+08   0   0
2.2   0.04713   -0.7227   0   0   1.206e+08   0   0
2.3   0.05018   -0.7105   0   0   1.239e+08   0   0
2.4   0.05339   -0.6979   0   0   1.273e+08   0   0
2.5   0.05676   -0.685   0   0   1.307e+08   0   0
2.6   0.06028   -0.6718   0   0   1.34e+08   0   0
2.7   0.06394   -0.6582   0   0   1.374e+08   0   0
2.8   0.06772   -0.6443   0   0   1.407e+08   0   0
2.9   0.07161   -0.6301   0   0   1.44e+08   0   0
3   0.0756   -0.6155   0   0   1.472e+08   0   0
3.1   0.07967   -0.6006   0   0   1.504e+08   0   0
3.2   0.0838   -0.5854   0   0   1.534e+08   0   0
3.3   0.08796   -0.57   0   0   1.564e+08   0   0
3.4   0.09214   -0.5542   0   0   1.593e+08   0   0
3.5   0.09629   -0.5381   0   0   1.62e+08   0   0
3.6   0.1004   -0.5218   0   0   1.646e+08   0   0
3.7   0.1044   -0.5052   0   0   1.671e+08   0   0
3.8   0.1084   -0.4884   0   0   1.694e+08   0   0
3.9   0.1121   -0.4713   0   0   1.716e+08   0   0
4   0.1157   -0.454   0   0   1.736e+08   0   0
4.1   0.1191   -0.4366   0   0   1.754e+08   0   0
4.2   0.1222   -0.419   0   0   1.77e+08   0   0
4.3   0.1249   -0.4012   0   0   1.784e+08   0   0
4.4   0.1273   -0.3833   0   0   1.796e+08   0   0
4.5   0.1292   -0.3653   0   0   1.806e+08   0   0
4.6   0.1306   -0.3472   0   0   1.813e+08   0   0
4.7   0.1315   -0.329   0   0   1.817e+08   0   0
4.8   0.1317   -0.3108   0   0   1.818e+08   0   0
4.9   0.1312   -0.2927   0   0   1.816e+08   0   0
5   0.1298   -0.2745   0   0   1.809e+08   0   0
5.1   0.1276   -0.2565   0   0   1.798e+08   0   0
5.2   0.1244   -0.2386   0   0   1.782e+08   0   0
5.3   0.12   -0.2209   0   0   1.759e+08   0   0
5.4   0.1145   -0.2035   0   0   1.729e+08   0   0
5.5   0.1084   -0.1864   0   0   1.694e+08   0   0
5.6   0.1084   -0.1694   0   0   1.694e+08   0   0
5.7   0.1084   -0.1525   0   0   1.694e+08   0   0
5.8   0.1084   -0.1355   0   0   1.694e+08   0   0
5.9   0.1084   -0.1186   0   0   1.694e+08   0   0
6   0.1084   -0.1016   0   0   1.694e+08   0   0
6.1   0.1084   -0.08471   0   0   1.694e+08   0   0
6.2   0.1084   -0.06776   0   0   1.694e+08   0   0
6.3   0.1084   -0.05082   0   0   1.694e+08   0   0
6.4   0.1084   -0.03388   0   0   1.694e+08   0   0
6.5   0.1084   -0.01694   0   0   1.694e+08   0   0
6.6   0.1084   2.767e-07   0   0   1.694e+08   0   0
6.7   0.1084   0.01694   0   0   1.694e+08   0   0
6.8   0.1084   0.03388   0   0   1.694e+08   0   0
6.9   0.1084   0.05082   0   0   1.694e+08   0   0
7   0.1084   0.06776   0   0   1.694e+08   0   0
7.1   0.1084   0.08471   0   0   1.694e+08   0   0
7.2   0.1084   0.1016   0   0   1.694e+08   0   0
7.3   0.1084   0.1186   0   0   1.694e+08   0   0
7.4   0.1084   0.1355   0   0   1.694e+08   0   0
7.5   0.1084   0.1525   0   0   1.694e+08   0   0
7.6   0.1084   0.1694   0   0   1.694e+08   0   0
7.7   0.1084   0.1864   0   0   1.694e+08   0   0
7.8   0.1211   0.2036   0   0   1.765e+08   0   0
7.9   0.1345   0.2216   0   0   1.832e+08   0   0
8   0.1468   0.2402   0   0   1.888e+08   0   0
8.1   0.1579   0.2593   0   0   1.935e+08   0   0
8.2   0.1679   0.2789   0   0   1.974e+08   0   0
8.3   0.1769   0.2988   0   0   2.007e+08   0   0
8.4   0.1848   0.319   0   0   2.035e+08   0   0
8.5   0.1917   0.3395   0   0   2.058e+08   0   0
8.6   0.1977   0.3602   0   0   2.077e+08   0   0
8.7   0.2028   0.381   0   0   2.093e+08   0   0
8.8   0.2071   0.402   0   0   2.106e+08   0   0
8.9   0.2107   0.4231   0   0   2.117e+08   0   0
9   0.2135   0.4444   0   0   2.125e+08   0   0
9.1   0.2157   0.4656   0   0   2.131e+08   0   0
9.2   0.2172   0.487   0   0   2.136e+08   0   0
9.3   0.2182   0.5084   0   0   2.139e+08   0   0
9.4   0.2186   0.5297   0   0   2.14e+08   0   0
9.5   0.2185   0.5511   0   0   2.14e+08   0   0
9.6   0.2179   0.5725   0   0   2.138e+08   0   0
9.7   0.217   0.5939   0   0   2.135e+08   0   0
9.8   0.2156   0.6152   0   0   2.131e+08   0   0
9.9   0.2139   0.6365   0   0   2.126e+08   0   0
10   0.2119   0.6578   0   0   2.12e+08   0   0
10.1   0.2096   0.6789   0   0   2.114e+08   0   0
10.2   0.207   0.7   0   0   2.106e+08   0   0
10.3   0.2042   0.721   0   0   2.097e+08   0   0
10.4   0.2012   0.742   0   0   2.088e+08   0   0
10.5   0.1995   0.7628   0   0   2.083e+08   0   0
10.6   0.1995   0.7836   0   0   2.083e+08   0   0
10.7   0.1995   0.8045   0   0   2.083e+08   0   0
10.8   0.1995   0.8253   0   0   2.083e+08   0   0
10.9   0.1995   0.8461   0   0   2.083e+08   0   0
11   0.1995   0.867   0   0   2.083e+08   0   0
11.1   0.1995   0.8878   0   0   2.083e+08   0   0
11.2   0.1995   0.9086   0   0   2.083e+08   0   0
11.3   0.1995   0.9294   0   0   2.083e+08   0   0
11.4   0.1995   0.9503   0   0   2.083e+08   0   0
11.5   0.1995   0.9711   0   0   2.083e+08   0   0
11.6   0.1995   0.9919   0   0   2.083e+08   0   0
11.7   0.1995   1.013   0   0   2.083e+08   0   0
11.8   0.1995   1.034   0   0   2.083e+08   0   0
11.9   0.1995   1.054   0   0   2.083e+08   0   0
12   0.1995   1.075   0   0   2.083e+08   0   0
12.1   0.1995   1.096   0   0   2.083e+08   0   0
12.2   0.1997   1.117   -0.0008466   0   2.052e+08   -3.594e+07   0
12.3   0.2002   1.136   -0.008216   0   1.778e+08   -1.09e+08   0
12.4   0.2007   1.152   -0.0222   0   1.253e+08   -1.668e+08   0
12.5   0.2011   1.161   -0.04085   0   5.533e+07   -2.013e+08   0
12.6   0.2016   1.162   -0.06155   0   -2.247e+07   -2.077e+08   0
12.7   0.2021   1.156   -0.08141   0   -9.719e+07   -1.851e+08   0
12.8   0.2026   1.143   -0.09767   0   -1.584e+08   -1.367e+08   0
12.9   0.203   1.125   -0.1081   0   -1.976e+08   -6.92e+07   0
13   0.2035   1.105   -0.1111   0   -2.094e+08   7.985e+06   0
13.1   0.2037   1.084   -0.1081   0   -2.067e+08   3.454e+07   0
13.2   0.2037   1.063   -0.1046   0   -2.067e+08   3.454e+07   0
13.3   0.2037   1.043   -0.1012   0   -2.067e+08   3.454e+07   0
13.4   0.2037   1.022   -0.09774   0   -2.067e+08   3.454e+07   0
13.5   0.2037   1.001   -0.09429   0   -2.067e+08   3.454e+07   0
13.6   0.2037   0.9805   -0.09083   0   -2.067e+08   3.454e+07   0
13.7   0.2037   0.9598   -0.08738   0   -2.067e+08   3.454e+07   0
13.8   0.2037   0.9391   -0.08393   0   -2.067e+08   3.454e+07   0
13.9   0.2037   0.9185   -0.08047   0   -2.067e+08   3.454e+07   0
14   0.2037   0.8978   -0.07702   0   -2.067e+08   3.454e+07   0
14.1   0.2037   0.8771   -0.07357   0   -2.067e+08   3.454e+07   0
14.2   0.2037   0.8565   -0.07011   0   -2.067e+08   3.454e+07   0
14.3   0.2037   0.8358   -0.06666   0   -2.067e+08   3.454e+07   0
14.4   0.2037   0.8151   -0.06321   0   -2.067e+08   3.454e+07   0
14.5   0.2037   0.7944   -0.05975   0   -2.067e+08   3.454e+07   0
14.6   0.2037   0.7738   -0.0563   0   -2.067e+08   3.454e+07   0
14.7   0.2037   0.7531   -0.05285   0   -2.067e+08   3.454e+07   0
14.8   0.2017   0.7324   -0.04939   0   -2.061e+08   3.455e+07   0
14.9   0.1991   0.7119   -0.04593   0   -2.053e+08   3.457e+07   0
15   0.1962   0.6914   -0.04248   0   -2.043e+08   3.46e+07   0
15.1   0.1929   0.671   -0.03901   0   -2.032e+08   3.464e+07   0
15.2   0.1892   0.6508   -0.03555   0   -2.02e+08   3.469e+07   0
15.3   0.1852   0.6306   -0.03208   0   -2.006e+08   3.476e+07   0
15.4   0.1807   0.6106   -0.0286   0   -1.99e+08   3.484e+07   0
15.5   0.176   0.5908   -0.02511   0   -1.973e+08   3.494e+07   0
15.6   0.1708   0.5712   -0.02161   0   -1.954e+08   3.507e+07   0
15.7   0.1653   0.5518   -0.01809   0   -1.932e+08   3.522e+07   0
15.8   0.1595   0.5326   -0.01456   0   -1.909e+08   3.541e+07   0
15.9   0.1534   0.5136   -0.01101   0   -1.883e+08   3.563e+07   0
16   0.147   0.4949   -0.007433   0   -1.854e+08   3.589e+07   0
16.1   0.1404   0.4765   -0.003829   0   -1.824e+08   3.62e+07   0
16.2   0.1335   0.4585   -0.0001916   0   -1.79e+08   3.656e+07   0
16.3   0.1264   0.4407   0.003485   0   -1.754e+08   3.699e+07   0
16.4   0.1192   0.4234   0.007208   0   -1.714e+08   3.748e+07   0
16.5   0.1119   0.4065   0.01099   0   -1.671e+08   3.806e+07   0
16.6   0.1045   0.39   0.01482   0   -1.626e+08   3.873e+07   0
16.7   0.09712   0.374   0.01874   0   -1.576e+08   3.951e+07   0
16.8   0.0898   0.3585   0.02273   0   -1.524e+08   4.039e+07   0
16.9   0.08262   0.3435   0.02682   0   -1.468e+08   4.14e+07   0
17   0.07563   0.3291   0.03102   0   -1.41e+08   4.255e+07   0
17.1   0.06891   0.3153   0.03534   0   -1.348e+08   4.385e+07   0
17.2   0.06253   0.3022   0.03979   0   -1.284e+08   4.53e+07   0
17.3   0.05655   0.2897   0.0444   0   -1.217e+08   4.691e+07   0
17.4   0.05105   0.2778   0.04918   0   -1.149e+08   4.869e+07   0
17.5   0.04606   0.2667   0.05415   0   -1.081e+08   5.062e+07   0
17.6   0.04163   0.2562   0.05931   0   -1.013e+08   5.269e+07   0
17.7   0.0378   0.2464   0.06469   0   -9.455e+07   5.489e+07   0
17.8   0.03456   0.2373   0.0703   0   -8.807e+07   5.718e+07   0
17.9   0.03191   0.2288   0.07613   0   -8.193e+07   5.952e+07   0
18   0.02983   0.2209   0.0822   0   -7.625e+07   6.186e+07   0
18.1   0.02825   0.2136   0.08851   0   -7.111e+07   6.414e+07   0
18.2   0.02713   0.2067   0.09503   0   -6.663e+07   6.63e+07   0
18.3   0.02639   0.2002   0.1018   0   -6.285e+07   6.826e+07   0
18.4   0.02594   0.1941   0.1087   0   -5.984e+07   6.995e+07   0
18.5   0.0257   0.1882   0.1157   0   -5.761e+07   7.129e+07   0
18.6   0.02561   0.1825   0.1229   0   -5.619e+07   7.223e+07   0
18.7   0.02559   0.177   0.1302   0   -5.555e+07   7.268e+07   0
18.8   0.02559   0.1714   0.1374   0   -5.566e+07   7.259e+07   0
18.9   0.02556   0.1658   0.1447   0   -5.649e+07   7.19e+07   0
19   0.0255   0.1601   0.1518   0   -5.797e+07   7.056e+07   0
19.1   0.02537   0.1542   0.1588   0   -6.004e+07   6.854e+07   0
19.2   0.02521   0.1481   0.1655   0   -6.264e+07   6.579e+07   0
19.3   0.02502   0.1416   0.1719   0   -6.569e+07   6.229e+07   0
19.4   0.02484   0.1349   0.1779   0   -6.911e+07   5.8e+07   0
19.5   0.02472   0.1278   0.1835   0   -7.283e+07   5.291e+07   0
19.6   0.02472   0.1203   0.1885   0   -7.677e+07   4.701e+07   0
19.7   0.0249   0.1124   0.1928   0   -8.084e+07   4.028e+07   0
19.8   0.02533   0.1042   0.1965   0   -8.496e+07   3.273e+07   0
19.9   0.0261   0.09545   0.1993   0   -8.904e+07   2.435e+07   0
20   0.02727   0.08635   0.2013   0   -9.299e+07   1.516e+07   0
20.1   0.02896   0.07686   0.2023   0   -9.672e+07   5.181e+06   0
20.2   0.03124   0.06701   0.2023   0   -1.001e+08   -5.571e+06   0
20.3   0.03421   0.05684   0.2012   0   -1.031e+08   -1.706e+07   0
20.4   0.03797   0.0464   0.1989   0   -1.056e+08   -2.923e+07   0
20.5   0.04262   0.03574   0.1953   0   -1.074e+08   -4.205e+07   0
20.6   0.04828   0.02494   0.1904   0   -1.085e+08   -5.545e+07   0
20.7   0.05179   0.01407   0.1843   0   -1.087e+08   -6.29e+07   0
20.8   0.05179   0.003199   0.178   0   -1.087e+08   -6.29e+07   0
20.9   0.05179   -0.007675   0.1718   0   -1.087e+08   -6.29e+07   0
21   0.05179   -0.01855   0.1655   0   -1.087e+08   -6.29e+07   0
21.1   0.05179   -0.02942   0.1592   0   -1.087e+08   -6.29e+07   0
21.2   0.05179   -0.0403   0.1529   0   -1.087e+08   -6.29e+07   0
21.3   0.05179   -0.05117   0.1466   0   -1.087e+08   -6.29e+07   0
21.4   0.05179   -0.06204   0.1403   0   -1.087e+08   -6.29e+07   0
21.5   0.05179   -0.07292   0.134   0   -1.087e+08   -6.29e+07   0
21.6   0.05179   -0.08379   0.1277   0   -1.087e+08   -6.29e+07   0
21.7   0.05179   -0.09466   0.1214   0   -1.087e+08   -6.29e+07   0
21.8   0.05179   -0.1055   0.1151   0   -1.087e+08   -6.29e+07   0
21.9   0.05179   -0.1164   0.1089   0   -1.087e+08   -6.29e+07   0
22   0.05179   -0.1273   0.1026   0   -1.087e+08   -6.29e+07   0
22.1   0.05179   -0.1382   0.09628   0   -1.087e+08   -6.29e+07   0
22.2   0.05179   -0.149   0.08999   0   -1.087e+08   -6.29e+07   0
22.3   0.05179   -0.1599   0.0837   0   -1.087e+08   -6.29e+07   0
22.4   0.05179   -0.1708   0.07741   0   -1.087e+08   -6.29e+07   0
22.5   0.04822   -0.1814   0.07096   0   -1.021e+08   -6.636e+07   0
22.6   0.04483   -0.1912   0.06416   0   -9.533e+07   -6.946e+07   0
22.7   0.042   -0.2004   0.05709   0   -8.929e+07   -7.184e+07   0
22.8   0.03968   -0.2091   0.04981   0   -8.406e+07   -7.362e+07   0
22.9   0.0378   -0.2173   0.04238   0   -7.966e+07   -7.489e+07   0
23   0.03631   -0.225   0.03484   0   -7.61e+07   -7.576e+07   0
23.1   0.03519   -0.2325   0.02724   0   -7.338e+07   -7.631e+07   0
23.2   0.03441   -0.2398   0.01959   0   -7.151e+07   -7.661e+07   0
23.3   0.03397   -0.2468   0.01192   0   -7.045e+07   -7.675e+07   0
23.4   0.03385   -0.2539   0.004242   0   -7.018e+07   -7.678e+07   0
23.5   0.03406   -0.2609   -0.003434   0   -7.065e+07   -7.675e+07   0
23.6   0.03462   -0.268   -0.01111   0   -7.183e+07   -7.671e+07   0
23.7   0.03553   -0.2753   -0.01878   0   -7.364e+07   -7.669e+07   0
23.8   0.0368   -0.2828   -0.02645   0   -7.604e+07   -7.672e+07   0
23.9   0.03844   -0.2905   -0.03412   0   -7.896e+07   -7.682e+07   0
24   0.04048   -0.2986   -0.04181   0   -8.233e+07   -7.701e+07   0
24.1   0.0429   -0.307   -0.04953   0   -8.608e+07   -7.729e+07   0
24.2   0.04572   -0.3158   -0.05728   0   -9.013e+07   -7.767e+07   0
24.3   0.04894   -0.325   -0.06507   0   -9.443e+07   -7.815e+07   0
24.4   0.05254   -0.3347   -0.07291   0   -9.89e+07   -7.871e+07   0
24.5   0.05651   -0.3448   -0.08081   0   -1.035e+08   -7.935e+07   0
24.6   0.06083   -0.3554   -0.08878   0   -1.081e+08   -8.007e+07   0
24.7   0.06547   -0.3665   -0.09683   0   -1.128e+08   -8.084e+07   0
24.8   0.07041   -0.378   -0.105   0   -1.174e+08   -8.166e+07   0
24.9   0.07561   -0.3899   -0.1132   0   -1.219e+08   -8.252e+07   0
25   0.08105   -0.4024   -0.1215   0   -1.264e+08   -8.341e+07   0
25.1   0.08667   -0.4152   -0.1298   0   -1.306e+08   -8.43e+07   0
25.2   0.09244   -0.4285   -0.1383   0   -1.348e+08   -8.521e+07   0
25.3   0.09832   -0.4422   -0.1469   0   -1.387e+08   -8.611e+07   0
25.4   0.1043   -0.4562   -0.1555   0   -1.425e+08   -8.7e+07   0
25.5   0.1103   -0.4707   -0.1643   0   -1.461e+08   -8.788e+07   0
25.6   0.1162   -0.4855   -0.1731   0   -1.495e+08   -8.873e+07   0
25.7   0.1222   -0.5006   -0.182   0   -1.527e+08   -8.955e+07   0
25.8   0.1281   -0.516   -0.191   0   -1.557e+08   -9.035e+07   0
25.9   0.1338   -0.5317   -0.2001   0   -1.585e+08   -9.111e+07   0
26   0.1394   -0.5477   -0.2092   0   -1.612e+08   -9.184e+07   0
26.1   0.1449   -0.5639   -0.2185   0   -1.636e+08   -9.253e+07   0
26.2   0.1502   -0.5804   -0.2278   0   -1.659e+08   -9.318e+07   0
26.3   0.1552   -0.5971   -0.2371   0   -1.679e+08   -9.379e+07   0
26.4   0.1601   -0.614   -0.2465   0   -1.699e+08   -9.437e+07   0
26.5   0.1646   -0.6311   -0.256   0   -1.716e+08   -9.491e+07   0
26.6   0.169   -0.6483   -0.2655   0   -1.732e+08   -9.54e+07   0
26.7   0.173   -0.6657   -0.2751   0   -1.747e+08   -9.586e+07   0
26.8   0.1768   -0.6833   -0.2847   0   -1.76e+08   -9.629e+07   0
26.9   0.179   -0.7009   -0.2943   0   -1.768e+08   -9.654e+07   0
27   0.179   -0.7186   -0.304   0   -1.768e+08   -9.654e+07   0
27.1   0.179   -0.7363   -0.3136   0   -1.768e+08   -9.654e+07   0
27.2   0.179   -0.754   -0.3233   0   -1.768e+08   -9.654e+07   0
27.3   0.179   -0.7716   -0.3329   0   -1.768e+08   -9.654e+07   0
27.4   0.179   -0.7893   -0.3426   0   -1.768e+08   -9.654e+07   0
27.5   0.179   -0.807   -0.3522   0   -1.768e+08   -9.654e+07   0
27.6   0.179   -0.8247   -0.3619   0   -1.768e+08   -9.654e+07   0
27.7   0.179   -0.8424   -0.3715   0   -1.768e+08   -9.654e+07   0
27.8   0.179   -0.86   -0.3812   0   -1.768e+08   -9.654e+07   0
27.9   0.179   -0.8777   -0.3908   0   -1.768e+08   -9.654e+07   0
28   0.179   -0.8954   -0.4005   0   -1.768e+08   -9.654e+07   0
28.1   0.179   -0.9131   -0.4102   0   -1.768e+08   -9.654e+07   0
28.2   0.179   -0.9308   -0.4198   0   -1.768e+08   -9.654e+07   0
28.3   0.179   -0.9485   -0.4295   0   -1.768e+08   -9.654e+07   0
28.4   0.179   -0.9661   -0.4391   0   -1.768e+08   -9.654e+07   0
28.5   0.179   -0.9838   -0.4488   0   -1.768e+08   -9.654e+07   0
28.6   0.179   -1.001   -0.4584   0   -1.768e+08   -9.654e+07   0
28.7   0.179   -1.019   -0.4681   0   -1.768e+08   -9.654e+07   0
28.8   0.179   -1.037   -0.4777   0   -1.768e+08   -9.654e+07   0
28.9   0.179   -1.055   -0.4874   0   -1.768e+08   -9.654e+07   0
29   0.179   -1.072   -0.497   0   -1.768e+08   -9.654e+07   0
29.1   0.179   -1.09   -0.5067   0   -1.768e+08   -9.654e+07   0
29.2   0.179   -1.108   -0.5163   0   -1.768e+08   -9.654e+07   0
29.3   0.179   -1.125   -0.526   0   -1.768e+08   -9.654e+07   0
29.4   0.179   -1.143   -0.5357   0   -1.768e+08   -9.654e+07   0
29.5   0.179   -1.161   -0.5453   0   -1.768e+08   -9.654e+07   0
29.6   0.179   -1.178   -0.555   0   -1.768e+08   -9.654e+07   0
29.7   0.179   -1.196   -0.5646   0   -1.768e+08   -9.654e+07   0
29.8   0.179   -1.214   -0.5743   0   -1.768e+08   -9.654e+07   0
29.9   0.179   -1.231   -0.5839   0   -1.768e+08   -9.654e+07   0
30   0.179   -1.249   -0.5936   0   -1.768e+08   -9.654e+07   0
30.1   0.179   -1.267   -0.6032   0   -1.768e+08   -9.654e+07   0
30.2   0.179   -1.284   -0.6129   0   -1.768e+08   -9.654e+07   0
30.3   0.179   -1.302   -0.6225   0   -1.768e+08   -9.654e+07   0
30.4   0.179   -1.32   -0.6322   0   -1.768e+08   -9.654e+07   0
30.5   0.179   -1.337   -0.6419   0   -1.768e+08   -9.654e+07   0
30.6   0.179   -1.355   -0.6515   0   -1.768e+08   -9.654e+07   0
30.7   0.179   -1.373   -0.6612   0   -1.768e+08   -9.654e+07   0
30.8   0.179   -1.39   -0.6708   0   -1.768e+08   -9.654e+07   0
30.9   0.179   -1.408   -0.6805   0   -1.768e+08   -9.654e+07   0
31   0.179   -1.426   -0.6901   0   -1.768e+08   -9.654e+07   0
31.1   0.179   -1.444   -0.6998   0   -1.768e+08   -9.654e+07   0
31.2   0.179   -1.461   -0.7094   0   -1.768e+08   -9.654e+07   0
31.3   0.179   -1.479   -0.7191   0   -1.768e+08   -9.654e+07   0
31.4   0.179   -1.497   -0.7287   0   -1.768e+08   -9.654e+07   0
31.5   0.179   -1.514   -0.7384   0   -1.768e+08   -9.654e+07   0
31.6   0.179   -1.532   -0.748   0   -1.768e+08   -9.654e+07   0
31.7   0.179   -1.55   -0.7577   0   -1.768e+08   -9.654e+07   0
31.8   0.179   -1.567   -0.7674   0   -1.768e+08   -9.654e+07   0
31.9   0.179   -1.585   -0.777   0   -1.768e+08   -9.654e+07   0
32   0.179   -1.603   -0.7867   0   -1.768e+08   -9.654e+07   0
32.1   0.179   -1.62   -0.7963   0   -1.768e+08   -9.654e+07   0
32.2   0.179   -1.638   -0.806   0   -1.768e+08   -9.654e+07   0
32.3   0.179   -1.656   -0.8156   0   -1.768e+08   -9.654e+07   0
32.4   0.179   -1.673   -0.8253   0   -1.768e+08   -9.654e+07   0
32.5   0.179   -1.691   -0.8349   0   -1.768e+08   -9.654e+07   0
32.6   0.179   -1.709   -0.8446   0   -1.768e+08   -9.654e+07   0
32.7   0.179   -1.726   -0.8542   0   -1.768e+08   -9.654e+07   0
32.8   0.179   -1.744   -0.8639   0   -1.768e+08   -9.654e+07   0
32.9   0.179   -1.762   -0.8735   0   -1.768e+08   -9.654e+07   0
33   0.179   -1.779   -0.8832   0   -1.768e+08   -9.654e+07   0
33.1   0.179   -1.797   -0.8929   0   -1.768e+08   -9.654e+07   0
33.2   0.179   -1.815   -0.9025   0   -1.768e+08   -9.654e+07   0
33.3   0.179   -1.833   -0.9122   0   -1.768e+08   -9.654e+07   0
33.4   0.179   -1.85   -0.9218   0   -1.768e+08   -9.654e+07   0
33.5   0.179   -1.868   -0.9315   0   -1.768e+08   -9.654e+07   0
33.6   0.179   -1.886   -0.9411   0   -1.768e+08   -9.654e+07   0
33.7   0.179   -1.903   -0.9508   0   -1.768e+08   -9.654e+07   0
33.8   0.179   -1.921   -0.9604   0   -1.768e+08   -9.654e+07   0
33.9   0.179   -1.939   -0.9701   0   -1.768e+08   -9.654e+07   0
34   0.179   -1.956   -0.9797   0   -1.768e+08   -9.654e+07   0
34.1   0.179   -1.974   -0.9894   0   -1.768e+08   -9.654e+07   0
34.2   0.179   -1.992   -0.999   0   -1.768e+08   -9.654e+07   0
34.3   0.179   -2.009   -1.009   0   -1.768e+08   -9.654e+07   0
34.4   0.179   -2.027   -1.018   0   -1.768e+08   -9.654e+07   0
34.5   0.179   -2.045   -1.028   0   -1.768e+08   -9.654e+07   0
34.6   0.179   -2.062   -1.038   0   -1.768e+08   -9.654e+07   0
34.7   0.179   -2.08   -1.047   0   -1.768e+08   -9.654e+07   0
34.8   0.179   -2.098   -1.057   0   -1.768e+08   -9.654e+07   0
34.9   0.179   -2.115   -1.067   0   -1.768e+08   -9.654e+07   0
35   0.179   -2.133   -1.076   0   -1.768e+08   -9.654e+07   0
35.1   0.179   -2.151   -1.086   0   -1.768e+08   -9.654e+07   0
35.2   0.179   -2.168   -1.096   0   -1.768e+08   -9.654e+07   0
35.3   0.179   -2.186   -1.105   0   -1.768e+08   -9.654e+07   0
35.4   0.179   -2.204   -1.115   0   -1.768e+08   -9.654e+07   0
35.5   0.179   -2.222   -1.125   0   -1.768e+08   -9.654e+07   0
35.6   0.179   -2.239   -1.134   0   -1.768e+08   -9.654e+07   0
35.7   0.179   -2.257   -1.144   0   -1.768e+08   -9.654e+07   0
35.8   0.179   -2.275   -1.154   0   -1.768e+08   -9.654e+07   0
35.9   0.179   -2.292   -1.163   0   -1.768e+08   -9.654e+07   0
36   0.179   -2.31   -1.173   0   -1.768e+08   -9.654e+07   0
36.1   0.179   -2.328   -1.182   0   -1.768e+08   -9.654e+07   0
36.2   0.179   -2.345   -1.192   0   -1.768e+08   -9.654e+07   0
36.3   0.179   -2.363   -1.202   0   -1.768e+08   -9.654e+07   0
36.4   0.179   -2.381   -1.211   0   -1.768e+08   -9.654e+07   0
36.5   0.179   -2.398   -1.221   0   -1.768e+08   -9.654e+07   0
36.6   0.179   -2.416   -1.231   0   -1.768e+08   -9.654e+07   0
36.7   0.179   -2.434   -1.24   0   -1.768e+08   -9.654e+07   0
36.8   0.179   -2.451   -1.25   0   -1.768e+08   -9.654e+07   0
36.9   0.179   -2.469   -1.26   0   -1.768e+08   -9.654e+07   0
37   0.179   -2.487   -1.269   0   -1.768e+08   -9.654e+07   0
37.1   0.179   -2.504   -1.279   0   -1.768e+08   -9.654e+07   0
37.2   0.179   -2.522   -1.289   0   -1.768e+08   -9.654e+07   0
37.3   0.179   -2.54   -1.298   0   -1.768e+08   -9.654e+07   0
37.4   0.179   -2.557   -1.308   0   -1.768e+08   -9.654e+07   0
37.5   0.179   -2.575   -1.318   0   -1.768e+08   -9.654e+07   0
37.6   0.179   -2.593   -1.327   0   -1.768e+08   -9.654e+07   0
37.7   0.179   -2.611   -1.337   0   -1.768e+08   -9.654e+07   0
37.8   0.179   -2.628   -1.347   0   -1.768e+08   -9.654e+07   0
37.9   0.179   -2.646   -1.356   0   -1.768e+08   -9.654e+07   0
38   0.179   -2.664   -1.366   0   -1.768e+08   -9.654e+07   0
38.1   0.179   -2.681   -1.376   0   -1.768e+08   -9.654e+07   0
38.2   0.179   -2.699   -1.385   0   -1.768e+08   -9.654e+07   0
38.3   0.179   -2.717   -1.395   0   -1.768e+08   -9.654e+07   0
38.4   0.179   -2.734   -1.405   0   -1.768e+08   -9.654e+07   0
38.5   0.179   -2.752   -1.414   0   -1.768e+08   -9.654e+07   0
38.6   0.179   -2.77   -1.424   0   -1.768e+08   -9.654e+07   0
38.7   0.179   -2.787   -1.433   0   -1.768e+08   -9.654e+07   0
38.8   0.179   -2.805   -1.443   0   -1.768e+08   -9.654e+07   0
38.9   0.179   -2.823   -1.453   0   -1.768e+08   -9.654e+07   0
39   0.179   -2.84   -1.462   0   -1.768e+08   -9.654e+07   0
39.1   0.179   -2.858   -1.472   0   -1.768e+08   -9.654e+07   0
39.2   0.179   -2.876   -1.482   0   -1.768e+08   -9.654e+07   0
39.3   0.179   -2.893   -1.491   0   -1.768e+08   -9.654e+07   0
39.4   0.179   -2.911   -1.501   0   -1.768e+08   -9.654e+07   0
39.5   0.179   -2.929   -1.511   0   -1.768e+08   -9.654e+07   0
39.6   0.179   -2.946   -1.52   0   -1.768e+08   -9.654e+07   0
39.7   0.179   -2.964   -1.53   0   -1.768e+08   -9.654e+07   0
39.8   0.179   -2.982   -1.54   0   -1.768e+08   -9.654e+07   0
39.9   0.179   -3   -1.549   0   -1.768e+08   -9.654e+07   0
40   0.179   -3.017   -1.559   0   -1.768e+08   -9.654e+07   0
40.1   0.179   -3.035   -1.569   0   -1.768e+08   -9.654e+07   0
40.2   0.179   -3.053   -1.578   0   -1.768e+08   -9.654e+07   0
40.3   0.179   -3.07   -1.588   0   -1.768e+08   -9.654e+07   0
40.4   0.179   -3.088   -1.598   0   -1.768e+08   -9.654e+07   0
40.5   0.179   -3.106   -1.607   0   -1.768e+08   -9.654e+07   0
40.6   0.179   -3.123   -1.617   0   -1.768e+08   -9.654e+07   0
40.7   0.179   -3.141   -1.627   0   -1.768e+08   -9.654e+07   0
40.8   0.179   -3.159   -1.636   0   -1.768e+08   -9.654e+07   0
40.9   0.179   -3.176   -1.646   0   -1.768e+08   -9.654e+07   0
41   0.179   -3.194   -1.656   0   -1.768e+08   -9.654e+07   0
41.1   0.179   -3.212   -1.665   0   -1.768e+08   -9.654e+07   0
41.2   0.179   -3.229   -1.675   0   -1.768e+08   -9.654e+07   0
41.3   0.179   -3.247   -1.684   0   -1.768e+08   -9.654e+07   0
41.4   0.179   -3.265   -1.694   0   -1.768e+08   -9.654e+07   0
41.5   0.179   -3.282   -1.704   0   -1.768e+08   -9.654e+07   0
41.6   0.179   -3.3   -1.713   0   -1.768e+08   -9.654e+07   0
41.7   0.179   -3.318   -1.723   0   -1.768e+08   -9.654e+07   0
41.8   0.179   -3.335   -1.733   0   -1.768e+08   -9.654e+07   0
41.9   0.179   -3.353   -1.742   0   -1.768e+08   -9.654e+07   0
42   0.179   -3.371   -1.752   0   -1.768e+08   -9.654e+07   0
42.1   0.179   -3.389   -1.762   0   -1.768e+08   -9.654e+07   0
42.2   0.179   -3.406   -1.771   0   -1.768e+08   -9.654e+07   0
42.3   0.179   -3.424   -1.781   0   -1.768e+08   -9.654e+07   0
42.4   0.179   -3.442   -1.791   0   -1.768e+08   -9.654e+07   0
42.5   0.179   -3.459   -1.8   0   -1.768e+08   -9.654e+07   0
42.6   0.179   -3.477   -1.81   0   -1.768e+08   -9.654e+07   0
42.7   0.179   -3.495   -1.82   0   -1.768e+08   -9.654e+07   0
42.8   0.179   -3.512   -1.829   0   -1.768e+08   -9.654e+07   0
42.9   0.179   -3.53   -1.839   0   -1.768e+08   -9.654e+07   0
43   0.179   -3.548   -1.849   0   -1.768e+08   -9.654e+07   0
43.1   0.179   -3.565   -1.858   0   -1.768e+08   -9.654e+07   0
43.2   0.179   -3.583   -1.868   0   -1.768e+08   -9.654e+07   0
43.3   0.179   -3.601   -1.878   0   -1.768e+08   -9.654e+07   0
43.4   0.179   -3.618   -1.887   0   -1.768e+08   -9.654e+07   0
43.5   0.179   -3.636   -1.897   0   -1.768e+08   -9.654e+07   0
43.6   0.179   -3.654   -1.907   0   -1.768e+08   -9.654e+07   0
43.7   0.179   -3.671   -1.916   0   -1.768e+08   -9.654e+07   0
43.8   0.179   -3.689   -1.926   0   -1.768e+08   -9.654e+07   0
43.9   0.179   -3.707   -1.935   0   -1.768e+08   -9.654e+07   0
44   0.179   -3.724   -1.945   0   -1.768e+08   -9.654e+07   0
44.1   0.179   -3.742   -1.955   0   -1.768e+08   -9.654e+07   0
44.2   0.179   -3.76   -1.964   0   -1.768e+08   -9.654e+07   0
44.3   0.179   -3.777   -1.974   0   -1.768e+08   -9.654e+07   0
44.4   0.179   -3.795   -1.984   0   -1.768e+08   -9.654e+07   0
44.5   0.179   -3.813   -1.993   0   -1.768e+08   -9.654e+07   0
44.6   0.179   -3.831   -2.003   0   -1.768e+08   -9.654e+07   0
44.7   0.179   -3.848   -2.013   0   -1.768e+08   -9.654e+07   0
44.8   0.179   -3.866   -2.022   0   -1.768e+08   -9.654e+07   0
44.9   0.179   -3.884   -2.032   0   -1.768e+08   -9.654e+07   0
45   0.179   -3.901   -2.042   0   -1.768e+08   -9.654e+07   0
