0   0.04   -0.753   0   0   1.121e+08   0   0
0.1   0.04   -0.753   0   0   1.121e+08   0   0
0.2   0.04   -0.753   0   0   1.121e+08   0   0
0.3   0.04   -0.753   0   0   1.121e+08   0   0
0.4   0.04   -0.753   0   0   1.121e+08   0   0
0.5   0.04   -0.753   0   0   1.121e+08   0   0
0.6   0.04   -0.753   0   0   1.121e+08   0   0
0.7   0.04   -0.753   0   0   1.121e+08   0   0
0.8   0.04   -0.753   0   0   1.121e+08   0   0
0.9   0.04   -0.753   0   0   1.121e+08   0   0
1   0.04   -0.753   0   0   1.121e+08   0   0
1.1   0.04   -0.753   0   0   1.121e+08   0   0
1.2   0.04   -0.753   0   0   1.121e+08   0   0
1.3   0.04   -0.753   0   0   1.121e+08   0   0
1.4   0.04   -0.753   0   0   1.121e+08   0   0
1.5   0.04   -0.753   0   0   1.121e+08   0   0
1.6   0.04   -0.753   0   0   1.121e+08   0   0
1.7   0.04   -0.753   0   0   1.121e+08   0   0
1.8   0.04   -0.753   0   0   1.121e+08   0   0
1.9   0.04   -0.753   0   0   1.121e+08   0   0
2   0.041   -0.7485   0   0   1.134e+08   0   0
2.1   0.0437   -0.737   0   0   1.166e+08   0   0
2.2   0.04656   -0.7251   0   0   1.199e+08   0   0
2.3   0.04959   -0.713   0   0   1.233e+08   0   0
2.4   0.05277   -0.7005   0   0   1.266e+08   0   0
2.5   0.05611   -0.6876   0   0   1.3e+08   0   0
2.6   0.0596   -0.6745   0   0   1.334e+08   0   0
2.7   0.06322   -0.6609   0   0   1.368e+08   0   0
2.8   0.06697   -0.6471   0   0   1.401e+08   0   0
2.9   0.07083   -0.6329   0   0   1.434e+08   0   0
3   0.07479   -0.6184   0   0   1.466e+08   0   0
3.1   0.07882   -0.6036   0   0   1.497e+08   0   0
3.2   0.08291   -0.5885   0   0   1.528e+08   0   0
3.3   0.08703   -0.5731   0   0   1.557e+08   0   0
3.4   0.09116   -0.5573   0   0   1.586e+08   0   0
3.5   0.09528   -0.5413   0   0   1.613e+08   0   0
3.6   0.09935   -0.5251   0   0   1.639e+08   0   0
3.7   0.1033   -0.5086   0   0   1.664e+08   0   0
3.8   0.1072   -0.4918   0   0   1.687e+08   0   0
3.9   0.111   -0.4748   0   0   1.709e+08   0   0
4   0.1145   -0.4576   0   0   1.729e+08   0   0
4.1   0.1178   -0.4402   0   0   1.747e+08   0   0
4.2   0.1209   -0.4227   0   0   1.763e+08   0   0
4.3   0.1236   -0.405   0   0   1.777e+08   0   0
4.4   0.1259   -0.3871   0   0   1.789e+08   0   0
4.5   0.1278   -0.3692   0   0   1.799e+08   0   0
4.6   0.1292   -0.3512   0   0   1.806e+08   0   0
4.7   0.13   -0.3331   0   0   1.81e+08   0   0
4.8   0.1302   -0.315   0   0   1.811e+08   0   0
4.9   0.1297   -0.2969   0   0   1.809e+08   0   0
5   0.1284   -0.2788   0   0   1.802e+08   0   0
5.1   0.1263   -0.2608   0   0   1.791e+08   0   0
5.2   0.1231   -0.243   0   0   1.775e+08   0   0
5.3   0.1189   -0.2254   0   0   1.753e+08   0   0
5.4   0.1134   -0.208   0   0   1.723e+08   0   0
5.5   0.1067   -0.1909   0   0   1.684e+08   0   0
5.6   0.1054   -0.1742   0   0   1.676e+08   0   0
5.7   0.1054   -0.1574   0   0   1.676e+08   0   0
5.8   0.1054   -0.1406   0   0   1.676e+08   0   0
5.9   0.1054   -0.1239   0   0   1.676e+08   0   0
6   0.1054   -0.1071   0   0   1.676e+08   0   0
6.1   0.1054   -0.09034   0   0   1.676e+08   0   0
6.2   0.1054   -0.07358   0   0   1.676e+08   0   0
6.3   0.1054   -0.05681   0   0   1.676e+08   0   0
6.4   0.1054   -0.04005   0   0   1.676e+08   0   0
6.5   0.1054   -0.02328   0   0   1.676e+08   0   0
6.6   0.1054   -0.006519   0   0   1.676e+08   0   0
6.7   0.1054   0.01025   0   0   1.676e+08   0   0
6.8   0.1054   0.02701   0   0   1.676e+08   0   0
6.9   0.1054   0.04378   0   0   1.676e+08   0   0
7   0.1054   0.06054   0   0   1.676e+08   0   0
7.1   0.1054   0.07731   0   0   1.676e+08   0   0
7.2   0.1054   0.09407   0   0   1.676e+08   0   0
7.3   0.1054   0.1108   0   0   1.676e+08   0   0
7.4   0.1054   0.1276   0   0   1.676e+08   0   0
7.5   0.1054   0.1444   0   0   1.676e+08   0   0
7.6   0.1054   0.1611   0   0   1.676e+08   0   0
7.7   0.1054   0.1779   0   0   1.676e+08   0   0
7.8   0.1108   0.1947   0   0   1.708e+08   0   0
7.9   0.1245   0.2122   0   0   1.782e+08   0   0
8   0.1369   0.2303   0   0   1.843e+08   0   0
8.1   0.1483   0.249   0   0   1.894e+08   0   0
8.2   0.1585   0.2682   0   0   1.937e+08   0   0
8.3   0.1676   0.2877   0   0   1.973e+08   0   0
8.4   0.1757   0.3076   0   0   2.003e+08   0   0
8.5   0.1827   0.3278   0   0   2.028e+08   0   0
8.6   0.1889   0.3482   0   0   2.048e+08   0   0
8.7   0.1941   0.3687   0   0   2.066e+08   0   0
8.8   0.1985   0.3895   0   0   2.08e+08   0   0
8.9   0.2021   0.4103   0   0   2.091e+08   0   0
9   0.205   0.4313   0   0   2.1e+08   0   0
9.1   0.2072   0.4523   0   0   2.107e+08   0   0
9.2   0.2087   0.4734   0   0   2.111e+08   0   0
9.3   0.2097   0.4945   0   0   2.114e+08   0   0
9.4   0.2101   0.5157   0   0   2.115e+08   0   0
9.5   0.2101   0.5368   0   0   2.115e+08   0   0
9.6   0.2095   0.558   0   0   2.113e+08   0   0
9.7   0.2085   0.5791   0   0   2.111e+08   0   0
9.8   0.2071   0.6002   0   0   2.106e+08   0   0
9.9   0.2054   0.6212   0   0   2.101e+08   0   0
10   0.2033   0.6422   0   0   2.095e+08   0   0
10.1   0.201   0.6631   0   0   2.088e+08   0   0
10.2   0.1984   0.684   0   0   2.079e+08   0   0
10.3   0.1956   0.7047   0   0   2.07e+08   0   0
10.4   0.1925   0.7254   0   0   2.061e+08   0   0
10.5   0.1893   0.7459   0   0   2.05e+08   0   0
10.6   0.1882   0.7664   0   0   2.046e+08   0   0
10.7   0.1882   0.7868   0   0   2.046e+08   0   0
10.8   0.1882   0.8073   0   0   2.046e+08   0   0
10.9   0.1882   0.8278   0   0   2.046e+08   0   0
11   0.1882   0.8482   0   0   2.046e+08   0   0
11.1   0.1882   0.8687   0   0   2.046e+08   0   0
11.2   0.1882   0.8892   0   0   2.046e+08   0   0
11.3   0.1882   0.9096   0   0   2.046e+08   0   0
11.4   0.1882   0.9301   0   0   2.046e+08   0   0
11.5   0.1882   0.9505   0   0   2.046e+08   0   0
11.6   0.1882   0.971   0   0   2.046e+08   0   0
11.7   0.1882   0.9915   0   0   2.046e+08   0   0
11.8   0.1882   1.012   0   0   2.046e+08   0   0
11.9   0.1882   1.032   0   0   2.046e+08   0   0
12   0.1882   1.053   0   0   2.046e+08   0   0
12.1   0.1882   1.073   0   0   2.046e+08   0   0
12.2   0.1882   1.094   0   0   2.046e+08   0   0
12.3   0.1883   1.114   -0.0004657   0   2.029e+08   -2.657e+07   0
12.4   0.1888   1.134   -0.006936   0   1.784e+08   -1.005e+08   0
12.5   0.1892   1.149   -0.02015   0   1.281e+08   -1.6e+08   0
12.6   0.1897   1.158   -0.03821   0   5.922e+07   -1.964e+08   0
12.7   0.1901   1.16   -0.0585   0   -1.829e+07   -2.044e+08   0
12.8   0.1906   1.155   -0.07811   0   -9.322e+07   -1.83e+08   0
12.9   0.191   1.142   -0.09419   0   -1.548e+08   -1.353e+08   0
13   0.1915   1.125   -0.1044   0   -1.942e+08   -6.799e+07   0
13.1   0.1919   1.104   -0.1074   0   -2.057e+08   9.108e+06   0
13.2   0.1921   1.084   -0.1044   0   -2.031e+08   3.406e+07   0
13.3   0.1921   1.064   -0.101   0   -2.031e+08   3.406e+07   0
13.4   0.1921   1.043   -0.09756   0   -2.031e+08   3.406e+07   0
13.5   0.1921   1.023   -0.09415   0   -2.031e+08   3.406e+07   0
13.6   0.1921   1.003   -0.09075   0   -2.031e+08   3.406e+07   0
13.7   0.1921   0.9824   -0.08734   0   -2.031e+08   3.406e+07   0
13.8   0.1921   0.9621   -0.08394   0   -2.031e+08   3.406e+07   0
13.9   0.1921   0.9418   -0.08053   0   -2.031e+08   3.406e+07   0
14   0.1921   0.9215   -0.07712   0   -2.031e+08   3.406e+07   0
14.1   0.1921   0.9012   -0.07372   0   -2.031e+08   3.406e+07   0
14.2   0.1921   0.8809   -0.07031   0   -2.031e+08   3.406e+07   0
14.3   0.1921   0.8606   -0.06691   0   -2.031e+08   3.406e+07   0
14.4   0.1921   0.8402   -0.0635   0   -2.031e+08   3.406e+07   0
14.5   0.1921   0.8199   -0.0601   0   -2.031e+08   3.406e+07   0
14.6   0.1921   0.7996   -0.05669   0   -2.031e+08   3.406e+07   0
14.7   0.1921   0.7793   -0.05329   0   -2.031e+08   3.406e+07   0
14.8   0.1921   0.759   -0.04988   0   -2.031e+08   3.406e+07   0
14.9   0.1905   0.7387   -0.04647   0   -2.026e+08   3.407e+07   0
15   0.1877   0.7185   -0.04307   0   -2.016e+08   3.41e+07   0
15.1   0.1846   0.6984   -0.03965   0   -2.005e+08   3.414e+07   0
15.2   0.1811   0.6784   -0.03624   0   -1.993e+08   3.418e+07   0
15.3   0.1773   0.6586   -0.03282   0   -1.979e+08   3.424e+07   0
15.4   0.1731   0.6388   -0.02939   0   -1.963e+08   3.432e+07   0
15.5   0.1686   0.6193   -0.02595   0   -1.946e+08   3.442e+07   0
15.6   0.1638   0.5999   -0.0225   0   -1.927e+08   3.453e+07   0
15.7   0.1586   0.5808   -0.01904   0   -1.906e+08   3.467e+07   0
15.8   0.1532   0.5618   -0.01557   0   -1.883e+08   3.484e+07   0
15.9   0.1475   0.5431   -0.01208   0   -1.858e+08   3.504e+07   0
16   0.1415   0.5247   -0.008561   0   -1.831e+08   3.527e+07   0
16.1   0.1353   0.5065   -0.00502   0   -1.801e+08   3.555e+07   0
16.2   0.129   0.4886   -0.00145   0   -1.769e+08   3.587e+07   0
16.3   0.1224   0.4711   0.002155   0   -1.734e+08   3.624e+07   0
16.4   0.1157   0.454   0.005801   0   -1.696e+08   3.668e+07   0
16.5   0.109   0.4372   0.009494   0   -1.656e+08   3.718e+07   0
16.6   0.1022   0.4209   0.01324   0   -1.613e+08   3.775e+07   0
16.7   0.09535   0.405   0.01705   0   -1.567e+08   3.841e+07   0
16.8   0.08862   0.3895   0.02093   0   -1.519e+08   3.916e+07   0
16.9   0.082   0.3746   0.02488   0   -1.468e+08   4.001e+07   0
17   0.07556   0.3602   0.02893   0   -1.414e+08   4.096e+07   0
17.1   0.06934   0.3463   0.03308   0   -1.358e+08   4.202e+07   0
17.2   0.06341   0.3331   0.03734   0   -1.299e+08   4.32e+07   0
17.3   0.05783   0.3204   0.04173   0   -1.24e+08   4.451e+07   0
17.4   0.05263   0.3083   0.04625   0   -1.179e+08   4.593e+07   0
17.5   0.04787   0.2968   0.05092   0   -1.117e+08   4.747e+07   0
17.6   0.04357   0.2859   0.05575   0   -1.056e+08   4.911e+07   0
17.7   0.03976   0.2757   0.06074   0   -9.962e+07   5.084e+07   0
17.8   0.03646   0.266   0.06592   0   -9.381e+07   5.265e+07   0
17.9   0.03366   0.2569   0.07128   0   -8.83e+07   5.449e+07   0
18   0.03135   0.2483   0.07682   0   -8.316e+07   5.634e+07   0
18.1   0.0295   0.2403   0.08255   0   -7.849e+07   5.815e+07   0
18.2   0.02806   0.2326   0.08845   0   -7.437e+07   5.986e+07   0
18.3   0.027   0.2254   0.09451   0   -7.086e+07   6.144e+07   0
18.4   0.02627   0.2184   0.1007   0   -6.803e+07   6.281e+07   0
18.5   0.02579   0.2118   0.1071   0   -6.591e+07   6.391e+07   0
18.6   0.02553   0.2052   0.1135   0   -6.454e+07   6.469e+07   0
18.7   0.02542   0.1988   0.12   0   -6.391e+07   6.506e+07   0
18.8   0.02544   0.1924   0.1265   0   -6.402e+07   6.499e+07   0
18.9   0.02554   0.186   0.133   0   -6.486e+07   6.439e+07   0
19   0.0257   0.1794   0.1394   0   -6.638e+07   6.322e+07   0
19.1   0.02593   0.1727   0.1456   0   -6.855e+07   6.141e+07   0
19.2   0.02621   0.1657   0.1516   0   -7.13e+07   5.892e+07   0
19.3   0.02657   0.1584   0.1574   0   -7.459e+07   5.571e+07   0
19.4   0.02705   0.1508   0.1627   0   -7.833e+07   5.172e+07   0
19.5   0.02768   0.1427   0.1677   0   -8.244e+07   4.691e+07   0
19.6   0.02851   0.1343   0.1721   0   -8.686e+07   4.127e+07   0
19.7   0.02961   0.1253   0.1759   0   -9.147e+07   3.476e+07   0
19.8   0.03105   0.116   0.179   0   -9.62e+07   2.736e+07   0
19.9   0.03292   0.1061   0.1813   0   -1.009e+08   1.905e+07   0
20   0.0353   0.09578   0.1828   0   -1.056e+08   9.828e+06   0
20.1   0.03828   0.085   0.1832   0   -1.1e+08   -3.006e+05   0
20.2   0.04197   0.07379   0.1827   0   -1.14e+08   -1.133e+07   0
20.3   0.04648   0.06221   0.1809   0   -1.176e+08   -2.323e+07   0
20.4   0.04908   0.05033   0.1781   0   -1.191e+08   -2.951e+07   0
20.5   0.04908   0.03842   0.1752   0   -1.191e+08   -2.951e+07   0
20.6   0.04908   0.02651   0.1722   0   -1.191e+08   -2.951e+07   0
20.7   0.04908   0.01459   0.1693   0   -1.191e+08   -2.951e+07   0
20.8   0.04908   0.00268   0.1663   0   -1.191e+08   -2.951e+07   0
20.9   0.04908   -0.009232   0.1634   0   -1.191e+08   -2.951e+07   0
21   0.04908   -0.02114   0.1604   0   -1.191e+08   -2.951e+07   0
21.1   0.04908   -0.03306   0.1575   0   -1.191e+08   -2.951e+07   0
21.2   0.04908   -0.04497   0.1545   0   -1.191e+08   -2.951e+07   0
21.3   0.04908   -0.05688   0.1516   0   -1.191e+08   -2.951e+07   0
21.4   0.04908   -0.0688   0.1486   0   -1.191e+08   -2.951e+07   0
21.5   0.04908   -0.08071   0.1457   0   -1.191e+08   -2.951e+07   0
21.6   0.04908   -0.09262   0.1427   0   -1.191e+08   -2.951e+07   0
21.7   0.04908   -0.1045   0.1398   0   -1.191e+08   -2.951e+07   0
21.8   0.04908   -0.1164   0.1368   0   -1.191e+08   -2.951e+07   0
21.9   0.04908   -0.1284   0.1339   0   -1.191e+08   -2.951e+07   0
22   0.04643   -0.1401   0.1308   0   -1.147e+08   -3.442e+07   0
22.1   0.04225   -0.1512   0.1269   0   -1.067e+08   -4.253e+07   0
22.2   0.0388   -0.1615   0.1223   0   -9.886e+07   -4.962e+07   0
22.3   0.03596   -0.171   0.117   0   -9.122e+07   -5.576e+07   0
22.4   0.03366   -0.1797   0.1112   0   -8.392e+07   -6.1e+07   0
22.5   0.03179   -0.1878   0.1048   0   -7.707e+07   -6.542e+07   0
22.6   0.03029   -0.1952   0.09812   0   -7.075e+07   -6.907e+07   0
22.7   0.02908   -0.2019   0.09105   0   -6.503e+07   -7.203e+07   0
22.8   0.02811   -0.2082   0.08373   0   -5.997e+07   -7.437e+07   0
22.9   0.02733   -0.214   0.0762   0   -5.564e+07   -7.616e+07   0
23   0.02672   -0.2193   0.06851   0   -5.207e+07   -7.746e+07   0
23.1   0.02625   -0.2244   0.06072   0   -4.929e+07   -7.835e+07   0
23.2   0.02591   -0.2292   0.05285   0   -4.733e+07   -7.89e+07   0
23.3   0.02571   -0.2339   0.04495   0   -4.621e+07   -7.918e+07   0
23.4   0.02565   -0.2385   0.03702   0   -4.592e+07   -7.924e+07   0
23.5   0.02577   -0.2431   0.0291   0   -4.644e+07   -7.915e+07   0
23.6   0.02608   -0.2478   0.0212   0   -4.777e+07   -7.897e+07   0
23.7   0.02664   -0.2527   0.01331   0   -4.985e+07   -7.874e+07   0
23.8   0.02747   -0.2578   0.005447   0   -5.265e+07   -7.852e+07   0
23.9   0.02863   -0.2632   -0.002395   0   -5.61e+07   -7.833e+07   0
24   0.03014   -0.269   -0.01022   0   -6.013e+07   -7.821e+07   0
24.1   0.03205   -0.2753   -0.01804   0   -6.468e+07   -7.818e+07   0
24.2   0.03438   -0.282   -0.02586   0   -6.964e+07   -7.826e+07   0
24.3   0.03716   -0.2892   -0.0337   0   -7.495e+07   -7.846e+07   0
24.4   0.04039   -0.297   -0.04156   0   -8.05e+07   -7.877e+07   0
24.5   0.04407   -0.3053   -0.04945   0   -8.623e+07   -7.919e+07   0
24.6   0.0482   -0.3143   -0.0574   0   -9.204e+07   -7.972e+07   0
24.7   0.05274   -0.3238   -0.0654   0   -9.786e+07   -8.034e+07   0
24.8   0.05768   -0.3338   -0.07347   0   -1.036e+08   -8.104e+07   0
24.9   0.06298   -0.3445   -0.08161   0   -1.093e+08   -8.18e+07   0
25   0.06858   -0.3557   -0.08983   0   -1.148e+08   -8.262e+07   0
25.1   0.07446   -0.3674   -0.09814   0   -1.202e+08   -8.348e+07   0
25.2   0.08055   -0.3797   -0.1065   0   -1.253e+08   -8.436e+07   0
25.3   0.08681   -0.3925   -0.115   0   -1.302e+08   -8.525e+07   0
25.4   0.09319   -0.4058   -0.1236   0   -1.348e+08   -8.614e+07   0
25.5   0.09964   -0.4195   -0.1322   0   -1.392e+08   -8.703e+07   0
25.6   0.1061   -0.4336   -0.141   0   -1.433e+08   -8.79e+07   0
25.7   0.1125   -0.4481   -0.1498   0   -1.471e+08   -8.875e+07   0
25.8   0.1189   -0.463   -0.1587   0   -1.507e+08   -8.957e+07   0
25.9   0.1252   -0.4782   -0.1677   0   -1.54e+08   -9.036e+07   0
26   0.1313   -0.4938   -0.1768   0   -1.571e+08   -9.111e+07   0
26.1   0.1373   -0.5097   -0.186   0   -1.6e+08   -9.183e+07   0
26.2   0.143   -0.5258   -0.1952   0   -1.626e+08   -9.252e+07   0
26.3   0.1485   -0.5422   -0.2045   0   -1.65e+08   -9.316e+07   0
26.4   0.1538   -0.5588   -0.2138   0   -1.673e+08   -9.376e+07   0
26.5   0.1587   -0.5756   -0.2232   0   -1.693e+08   -9.432e+07   0
26.6   0.1634   -0.5926   -0.2327   0   -1.711e+08   -9.484e+07   0
26.7   0.1678   -0.6098   -0.2422   0   -1.728e+08   -9.532e+07   0
26.8   0.1719   -0.6272   -0.2517   0   -1.743e+08   -9.577e+07   0
26.9   0.1757   -0.6447   -0.2613   0   -1.756e+08   -9.617e+07   0
27   0.1791   -0.6623   -0.271   0   -1.768e+08   -9.654e+07   0
27.1   0.1822   -0.6801   -0.2806   0   -1.779e+08   -9.686e+07   0
27.2   0.1846   -0.6979   -0.2903   0   -1.787e+08   -9.712e+07   0
27.3   0.1846   -0.7158   -0.3   0   -1.787e+08   -9.712e+07   0
27.4   0.1846   -0.7336   -0.3098   0   -1.787e+08   -9.712e+07   0
27.5   0.1846   -0.7515   -0.3195   0   -1.787e+08   -9.712e+07   0
27.6   0.1846   -0.7694   -0.3292   0   -1.787e+08   -9.712e+07   0
27.7   0.1846   -0.7873   -0.3389   0   -1.787e+08   -9.712e+07   0
27.8   0.1846   -0.8051   -0.3486   0   -1.787e+08   -9.712e+07   0
27.9   0.1846   -0.823   -0.3583   0   -1.787e+08   -9.712e+07   0
28   0.1846   -0.8409   -0.368   0   -1.787e+08   -9.712e+07   0
28.1   0.1846   -0.8587   -0.3777   0   -1.787e+08   -9.712e+07   0
28.2   0.1846   -0.8766   -0.3875   0   -1.787e+08   -9.712e+07   0
28.3   0.1846   -0.8945   -0.3972   0   -1.787e+08   -9.712e+07   0
28.4   0.1846   -0.9124   -0.4069   0   -1.787e+08   -9.712e+07   0
28.5   0.1846   -0.9302   -0.4166   0   -1.787e+08   -9.712e+07   0
28.6   0.1846   -0.9481   -0.4263   0   -1.787e+08   -9.712e+07   0
28.7   0.1846   -0.966   -0.436   0   -1.787e+08   -9.712e+07   0
28.8   0.1846   -0.9838   -0.4457   0   -1.787e+08   -9.712e+07   0
28.9   0.1846   -1.002   -0.4554   0   -1.787e+08   -9.712e+07   0
29   0.1846   -1.02   -0.4651   0   -1.787e+08   -9.712e+07   0
29.1   0.1846   -1.037   -0.4749   0   -1.787e+08   -9.712e+07   0
29.2   0.1846   -1.055   -0.4846   0   -1.787e+08   -9.712e+07   0
29.3   0.1846   -1.073   -0.4943   0   -1.787e+08   -9.712e+07   0
29.4   0.1846   -1.091   -0.504   0   -1.787e+08   -9.712e+07   0
29.5   0.1846   -1.109   -0.5137   0   -1.787e+08   -9.712e+07   0
29.6   0.1846   -1.127   -0.5234   0   -1.787e+08   -9.712e+07   0
29.7   0.1846   -1.145   -0.5331   0   -1.787e+08   -9.712e+07   0
29.8   0.1846   -1.163   -0.5428   0   -1.787e+08   -9.712e+07   0
29.9   0.1846   -1.18   -0.5526   0   -1.787e+08   -9.712e+07   0
30   0.1846   -1.198   -0.5623   0   -1.787e+08   -9.712e+07   0
30.1   0.1846   -1.216   -0.572   0   -1.787e+08   -9.712e+07   0
30.2   0.1846   -1.234   -0.5817   0   -1.787e+08   -9.712e+07   0
30.3   0.1846   -1.252   -0.5914   0   -1.787e+08   -9.712e+07   0
30.4   0.1846   -1.27   -0.6011   0   -1.787e+08   -9.712e+07   0
30.5   0.1846   -1.288   -0.6108   0   -1.787e+08   -9.712e+07   0
30.6   0.1846   -1.306   -0.6205   0   -1.787e+08   -9.712e+07   0
30.7   0.1846   -1.323   -0.6302   0   -1.787e+08   -9.712e+07   0
30.8   0.1846   -1.341   -0.64   0   -1.787e+08   -9.712e+07   0
30.9   0.1846   -1.359   -0.6497   0   -1.787e+08   -9.712e+07   0
31   0.1846   -1.377   -0.6594   0   -1.787e+08   -9.712e+07   0
31.1   0.1846   -1.395   -0.6691   0   -1.787e+08   -9.712e+07   0
31.2   0.1846   -1.413   -0.6788   0   -1.787e+08   -9.712e+07   0
31.3   0.1846   -1.431   -0.6885   0   -1.787e+08   -9.712e+07   0
31.4   0.1846   -1.448   -0.6982   0   -1.787e+08   -9.712e+07   0
31.5   0.1846   -1.466   -0.7079   0   -1.787e+08   -9.712e+07   0
31.6   0.1846   -1.484   -0.7177   0   -1.787e+08   -9.712e+07   0
31.7   0.1846   -1.502   -0.7274   0   -1.787e+08   -9.712e+07   0
31.8   0.1846   -1.52   -0.7371   0   -1.787e+08   -9.712e+07   0
31.9   0.1846   -1.538   -0.7468   0   -1.787e+08   -9.712e+07   0
32   0.1846   -1.556   -0.7565   0   -1.787e+08   -9.712e+07   0
32.1   0.1846   -1.574   -0.7662   0   -1.787e+08   -9.712e+07   0
32.2   0.1846   -1.591   -0.7759   0   -1.787e+08   -9.712e+07   0
32.3   0.1846   -1.609   -0.7856   0   -1.787e+08   -9.712e+07   0
32.4   0.1846   -1.627   -0.7953   0   -1.787e+08   -9.712e+07   0
32.5   0.1846   -1.645   -0.8051   0   -1.787e+08   -9.712e+07   0
32.6   0.1846   -1.663   -0.8148   0   -1.787e+08   -9.712e+07   0
32.7   0.1846   -1.681   -0.8245   0   -1.787e+08   -9.712e+07   0
32.8   0.1846   -1.699   -0.8342   0   -1.787e+08   -9.712e+07   0
32.9   0.1846   -1.717   -0.8439   0   -1.787e+08   -9.712e+07   0
33   0.1846   -1.734   -0.8536   0   -1.787e+08   -9.712e+07   0
33.1   0.1846   -1.752   -0.8633   0   -1.787e+08   -9.712e+07   0
33.2   0.1846   -1.77   -0.873   0   -1.787e+08   -9.712e+07   0
33.3   0.1846   -1.788   -0.8828   0   -1.787e+08   -9.712e+07   0
33.4   0.1846   -1.806   -0.8925   0   -1.787e+08   -9.712e+07   0
33.5   0.1846   -1.824   -0.9022   0   -1.787e+08   -9.712e+07   0
33.6   0.1846   -1.842   -0.9119   0   -1.787e+08   -9.712e+07   0
33.7   0.1846   -1.86   -0.9216   0   -1.787e+08   -9.712e+07   0
33.8   0.1846   -1.877   -0.9313   0   -1.787e+08   -9.712e+07   0
33.9   0.1846   -1.895   -0.941   0   -1.787e+08   -9.712e+07   0
34   0.1846   -1.913   -0.9507   0   -1.787e+08   -9.712e+07   0
34.1   0.1846   -1.931   -0.9604   0   -1.787e+08   -9.712e+07   0
34.2   0.1846   -1.949   -0.9702   0   -1.787e+08   -9.712e+07   0
34.3   0.1846   -1.967   -0.9799   0   -1.787e+08   -9.712e+07   0
34.4   0.1846   -1.985   -0.9896   0   -1.787e+08   -9.712e+07   0
34.5   0.1846   -2.002   -0.9993   0   -1.787e+08   -9.712e+07   0
34.6   0.1846   -2.02   -1.009   0   -1.787e+08   -9.712e+07   0
34.7   0.1846   -2.038   -1.019   0   -1.787e+08   -9.712e+07   0
34.8   0.1846   -2.056   -1.028   0   -1.787e+08   -9.712e+07   0
34.9   0.1846   -2.074   -1.038   0   -1.787e+08   -9.712e+07   0
35   0.1846   -2.092   -1.048   0   -1.787e+08   -9.712e+07   0
35.1   0.1846   -2.11   -1.058   0   -1.787e+08   -9.712e+07   0
35.2   0.1846   -2.128   -1.067   0   -1.787e+08   -9.712e+07   0
35.3   0.1846   -2.145   -1.077   0   -1.787e+08   -9.712e+07   0
35.4   0.1846   -2.163   -1.087   0   -1.787e+08   -9.712e+07   0
35.5   0.1846   -2.181   -1.096   0   -1.787e+08   -9.712e+07   0
35.6   0.1846   -2.199   -1.106   0   -1.787e+08   -9.712e+07   0
35.7   0.1846   -2.217   -1.116   0   -1.787e+08   -9.712e+07   0
35.8   0.1846   -2.235   -1.126   0   -1.787e+08   -9.712e+07   0
35.9   0.1846   -2.253   -1.135   0   -1.787e+08   -9.712e+07   0
36   0.1846   -2.271   -1.145   0   -1.787e+08   -9.712e+07   0
36.1   0.1846   -2.288   -1.155   0   -1.787e+08   -9.712e+07   0
36.2   0.1846   -2.306   -1.164   0   -1.787e+08   -9.712e+07   0
36.3   0.1846   -2.324   -1.174   0   -1.787e+08   -9.712e+07   0
36.4   0.1846   -2.342   -1.184   0   -1.787e+08   -9.712e+07   0
36.5   0.1846   -2.36   -1.194   0   -1.787e+08   -9.712e+07   0
36.6   0.1846   -2.378   -1.203   0   -1.787e+08   -9.712e+07   0
36.7   0.1846   -2.396   -1.213   0   -1.787e+08   -9.712e+07   0
36.8   0.1846   -2.414   -1.223   0   -1.787e+08   -9.712e+07   0
36.9   0.1846   -2.431   -1.232   0   -1.787e+08   -9.712e+07   0
37   0.1846   -2.449   -1.242   0   -1.787e+08   -9.712e+07   0
37.1   0.1846   -2.467   -1.252   0   -1.787e+08   -9.712e+07   0
37.2   0.1846   -2.485   -1.262   0   -1.787e+08   -9.712e+07   0
37.3   0.1846   -2.503   -1.271   0   -1.787e+08   -9.712e+07   0
37.4   0.1846   -2.521   -1.281   0   -1.787e+08   -9.712e+07   0
37.5   0.1846   -2.539   -1.291   0   -1.787e+08   -9.712e+07   0
37.6   0.1846   -2.556   -1.3   0   -1.787e+08   -9.712e+07   0
37.7   0.1846   -2.574   -1.31   0   -1.787e+08   -9.712e+07   0
37.8   0.1846   -2.592   -1.32   0   -1.787e+08   -9.712e+07   0
37.9   0.1846   -2.61   -1.329   0   -1.787e+08   -9.712e+07   0
38   0.1846   -2.628   -1.339   0   -1.787e+08   -9.712e+07   0
38.1   0.1846   -2.646   -1.349   0   -1.787e+08   -9.712e+07   0
38.2   0.1846   -2.664   -1.359   0   -1.787e+08   -9.712e+07   0
38.3   0.1846   -2.682   -1.368   0   -1.787e+08   -9.712e+07   0
38.4   0.1846   -2.699   -1.378   0   -1.787e+08   -9.712e+07   0
38.5   0.1846   -2.717   -1.388   0   -1.787e+08   -9.712e+07   0
38.6   0.1846   -2.735   -1.397   0   -1.787e+08   -9.712e+07   0
38.7   0.1846   -2.753   -1.407   0   -1.787e+08   -9.712e+07   0
38.8   0.1846   -2.771   -1.417   0   -1.787e+08   -9.712e+07   0
38.9   0.1846   -2.789   -1.427   0   -1.787e+08   -9.712e+07   0
39   0.1846   -2.807   -1.436   0   -1.787e+08   -9.712e+07   0
39.1   0.1846   -2.825   -1.446   0   -1.787e+08   -9.712e+07   0
39.2   0.1846   -2.842   -1.456   0   -1.787e+08   -9.712e+07   0
39.3   0.1846   -2.86   -1.465   0   -1.787e+08   -9.712e+07   0
39.4   0.1846   -2.878   -1.475   0   -1.787e+08   -9.712e+07   0
39.5   0.1846   -2.896   -1.485   0   -1.787e+08   -9.712e+07   0
39.6   0.1846   -2.914   -1.495   0   -1.787e+08   -9.712e+07   0
39.7   0.1846   -2.932   -1.504   0   -1.787e+08   -9.712e+07   0
39.8   0.1846   -2.95   -1.514   0   -1.787e+08   -9.712e+07   0
39.9   0.1846   -2.967   -1.524   0   -1.787e+08   -9.712e+07   0
40   0.1846   -2.985   -1.533   0   -1.787e+08   -9.712e+07   0
40.1   0.1846   -3.003   -1.543   0   -1.787e+08   -9.712e+07   0
40.2   0.1846   -3.021   -1.553   0   -1.787e+08   -9.712e+07   0
40.3   0.1846   -3.039   -1.563   0   -1.787e+08   -9.712e+07   0
40.4   0.1846   -3.057   -1.572   0   -1.787e+08   -9.712e+07   0
40.5   0.1846   -3.075   -1.582   0   -1.787e+08   -9.712e+07   0
40.6   0.1846   -3.093   -1.592   0   -1.787e+08   -9.712e+07   0
40.7   0.1846   -3.11   -1.601   0   -1.787e+08   -9.712e+07   0
40.8   0.1846   -3.128   -1.611   0   -1.787e+08   -9.712e+07   0
40.9   0.1846   -3.146   -1.621   0   -1.787e+08   -9.712e+07   0
41   0.1846   -3.164   -1.631   0   -1.787e+08   -9.712e+07   0
41.1   0.1846   -3.182   -1.64   0   -1.787e+08   -9.712e+07   0
41.2   0.1846   -3.2   -1.65   0   -1.787e+08   -9.712e+07   0
41.3   0.1846   -3.218   -1.66   0   -1.787e+08   -9.712e+07   0
41.4   0.1846   -3.236   -1.669   0   -1.787e+08   -9.712e+07   0
41.5   0.1846   -3.253   -1.679   0   -1.787e+08   -9.712e+07   0
41.6   0.1846   -3.271   -1.689   0   -1.787e+08   -9.712e+07   0
41.7   0.1846   -3.289   -1.699   0   -1.787e+08   -9.712e+07   0
41.8   0.1846   -3.307   -1.708   0   -1.787e+08   -9.712e+07   0
41.9   0.1846   -3.325   -1.718   0   -1.787e+08   -9.712e+07   0
42   0.1846   -3.343   -1.728   0   -1.787e+08   -9.712e+07   0
42.1   0.1846   -3.361   -1.737   0   -1.787e+08   -9.712e+07   0
42.2   0.1846   -3.379   -1.747   0   -1.787e+08   -9.712e+07   0
42.3   0.1846   -3.396   -1.757   0   -1.787e+08   -9.712e+07   0
42.4   0.1846   -3.414   -1.767   0   -1.787e+08   -9.712e+07   0
42.5   0.1846   -3.432   -1.776   0   -1.787e+08   -9.712e+07   0
42.6   0.1846   -3.45   -1.786   0   -1.787e+08   -9.712e+07   0
42.7   0.1846   -3.468   -1.796   0   -1.787e+08   -9.712e+07   0
42.8   0.1846   -3.486   -1.805   0   -1.787e+08   -9.712e+07   0
42.9   0.1846   -3.504   -1.815   0   -1.787e+08   -9.712e+07   0
43   0.1846   -3.521   -1.825   0   -1.787e+08   -9.712e+07   0
43.1   0.1846   -3.539   -1.835   0   -1.787e+08   -9.712e+07   0
43.2   0.1846   -3.557   -1.844   0   -1.787e+08   -9.712e+07   0
43.3   0.1846   -3.575   -1.854   0   -1.787e+08   -9.712e+07   0
43.4   0.1846   -3.593   -1.864   0   -1.787e+08   -9.712e+07   0
43.5   0.1846   -3.611   -1.873   0   -1.787e+08   -9.712e+07   0
43.6   0.1846   -3.629   -1.883   0   -1.787e+08   -9.712e+07   0
43.7   0.1846   -3.647   -1.893   0   -1.787e+08   -9.712e+07   0
43.8   0.1846   -3.664   -1.902   0   -1.787e+08   -9.712e+07   0
43.9   0.1846   -3.682   -1.912   0   -1.787e+08   -9.712e+07   0
44   0.1846   -3.7   -1.922   0   -1.787e+08   -9.712e+07   0
44.1   0.1846   -3.718   -1.932   0   -1.787e+08   -9.712e+07   0
44.2   0.1846   -3.736   -1.941   0   -1.787e+08   -9.712e+07   0
44.3   0.1846   -3.754   -1.951   0   -1.787e+08   -9.712e+07   0
44.4   0.1846   -3.772   -1.961   0   -1.787e+08   -9.712e+07   0
44.5   0.1846   -3.79   -1.97   0   -1.787e+08   -9.712e+07   0
44.6   0.1846   -3.807   -1.98   0   -1.787e+08   -9.712e+07   0
44.7   0.1846   -3.825   -1.99   0   -1.787e+08   -9.712e+07   0
44.8   0.1846   -3.843   -2   0   -1.787e+08   -9.712e+07   0
44.9   0.1846   -3.861   -2.009   0   -1.787e+08   -9.712e+07   0
45   0.1846   -3.879   -2.019   0   -1.787e+08   -9.712e+07   0
