0   0.04   -0.753   0   0   1.121e+08   0   0
0.1   0.04   -0.753   0   0   1.121e+08   0   0
0.2   0.04   -0.753   0   0   1.121e+08   0   0
0.3   0.04   -0.753   0   0   1.121e+08   0   0
0.4   0.04   -0.753   0   0   1.121e+08   0   0
0.5   0.04   -0.753   0   0   1.121e+08   0   0
0.6   0.04   -0.753   0   0   1.121e+08   0   0
0.7   0.04   -0.753   0   0   1.121e+08   0   0
0.8   0.04   -0.753   0   0   1.121e+08   0   0
0.9   0.04   -0.753   0   0   1.121e+08   0   0
1   0.04   -0.753   0   0   1.121e+08   0   0
1.1   0.04   -0.753   0   0   1.121e+08   0   0
1.2   0.04   -0.753   0   0   1.121e+08   0   0
1.3   0.04   -0.753   0   0   1.121e+08   0   0
1.4   0.04   -0.753   0   0   1.121e+08   0   0
1.5   0.04   -0.753   0   0   1.121e+08   0   0
1.6   0.04   -0.753   0   0   1.121e+08   0   0
1.7   0.04   -0.753   0   0   1.121e+08   0   0
1.8   0.04   -0.753   0   0   1.121e+08   0   0
1.9   0.04   -0.753   0   0   1.121e+08   0   0
2   0.04049   -0.7507   0   0   1.127e+08   0   0
2.1   0.04316   -0.7393   0   0   1.16e+08   0   0
2.2   0.046   -0.7275   0   0   1.193e+08   0   0
2.3   0.049   -0.7154   0   0   1.226e+08   0   0
2.4   0.05216   -0.703   0   0   1.26e+08   0   0
2.5   0.05547   -0.6902   0   0   1.294e+08   0   0
2.6   0.05892   -0.6771   0   0   1.328e+08   0   0
2.7   0.06252   -0.6637   0   0   1.361e+08   0   0
2.8   0.06623   -0.6499   0   0   1.394e+08   0   0
2.9   0.07006   -0.6358   0   0   1.427e+08   0   0
3   0.07398   -0.6213   0   0   1.459e+08   0   0
3.1   0.07797   -0.6066   0   0   1.491e+08   0   0
3.2   0.08202   -0.5915   0   0   1.521e+08   0   0
3.3   0.08611   -0.5762   0   0   1.551e+08   0   0
3.4   0.0902   -0.5605   0   0   1.579e+08   0   0
3.5   0.09428   -0.5446   0   0   1.607e+08   0   0
3.6   0.09831   -0.5284   0   0   1.633e+08   0   0
3.7   0.1023   -0.5119   0   0   1.658e+08   0   0
3.8   0.1061   -0.4952   0   0   1.681e+08   0   0
3.9   0.1098   -0.4783   0   0   1.702e+08   0   0
4   0.1133   -0.4612   0   0   1.722e+08   0   0
4.1   0.1166   -0.4439   0   0   1.74e+08   0   0
4.2   0.1196   -0.4264   0   0   1.756e+08   0   0
4.3   0.1222   -0.4087   0   0   1.771e+08   0   0
4.4   0.1245   -0.391   0   0   1.783e+08   0   0
4.5   0.1264   -0.3731   0   0   1.792e+08   0   0
4.6   0.1278   -0.3551   0   0   1.799e+08   0   0
4.7   0.1286   -0.3371   0   0   1.803e+08   0   0
4.8   0.1288   -0.3191   0   0   1.804e+08   0   0
4.9   0.1283   -0.3011   0   0   1.802e+08   0   0
5   0.1271   -0.2831   0   0   1.795e+08   0   0
5.1   0.1249   -0.2652   0   0   1.784e+08   0   0
5.2   0.1218   -0.2474   0   0   1.768e+08   0   0
5.3   0.1177   -0.2298   0   0   1.746e+08   0   0
5.4   0.1124   -0.2125   0   0   1.717e+08   0   0
5.5   0.1058   -0.1955   0   0   1.679e+08   0   0
5.6   0.1025   -0.1789   0   0   1.659e+08   0   0
5.7   0.1025   -0.1623   0   0   1.659e+08   0   0
5.8   0.1025   -0.1457   0   0   1.659e+08   0   0
5.9   0.1025   -0.1291   0   0   1.659e+08   0   0
6   0.1025   -0.1125   0   0   1.659e+08   0   0
6.1   0.1025   -0.09594   0   0   1.659e+08   0   0
6.2   0.1025   -0.07935   0   0   1.659e+08   0   0
6.3   0.1025   -0.06276   0   0   1.659e+08   0   0
6.4   0.1025   -0.04617   0   0   1.659e+08   0   0
6.5   0.1025   -0.02959   0   0   1.659e+08   0   0
6.6   0.1025   -0.013   0   0   1.659e+08   0   0
6.7   0.1025   0.003591   0   0   1.659e+08   0   0
6.8   0.1025   0.02018   0   0   1.659e+08   0   0
6.9   0.1025   0.03677   0   0   1.659e+08   0   0
7   0.1025   0.05336   0   0   1.659e+08   0   0
7.1   0.1025   0.06994   0   0   1.659e+08   0   0
7.2   0.1025   0.08653   0   0   1.659e+08   0   0
7.3   0.1025   0.1031   0   0   1.659e+08   0   0
7.4   0.1025   0.1197   0   0   1.659e+08   0   0
7.5   0.1025   0.1363   0   0   1.659e+08   0   0
7.6   0.1025   0.1529   0   0   1.659e+08   0   0
7.7   0.1025   0.1695   0   0   1.659e+08   0   0
7.8   0.1025   0.1861   0   0   1.659e+08   0   0
7.9   0.1142   0.203   0   0   1.728e+08   0   0
8   0.1269   0.2206   0   0   1.795e+08   0   0
8.1   0.1385   0.2388   0   0   1.85e+08   0   0
8.2   0.1489   0.2576   0   0   1.897e+08   0   0
8.3   0.1582   0.2767   0   0   1.936e+08   0   0
8.4   0.1664   0.2963   0   0   1.968e+08   0   0
8.5   0.1736   0.3161   0   0   1.995e+08   0   0
8.6   0.1799   0.3361   0   0   2.018e+08   0   0
8.7   0.1852   0.3564   0   0   2.036e+08   0   0
8.8   0.1897   0.3769   0   0   2.051e+08   0   0
8.9   0.1934   0.3974   0   0   2.063e+08   0   0
9   0.1963   0.4181   0   0   2.073e+08   0   0
9.1   0.1985   0.4389   0   0   2.08e+08   0   0
9.2   0.2001   0.4597   0   0   2.085e+08   0   0
9.3   0.2011   0.4806   0   0   2.088e+08   0   0
9.4   0.2015   0.5015   0   0   2.089e+08   0   0
9.5   0.2014   0.5224   0   0   2.089e+08   0   0
9.6   0.2009   0.5432   0   0   2.087e+08   0   0
9.7   0.1999   0.5641   0   0   2.084e+08   0   0
9.8   0.1985   0.5849   0   0   2.08e+08   0   0
9.9   0.1967   0.6057   0   0   2.074e+08   0   0
10   0.1947   0.6264   0   0   2.067e+08   0   0
10.1   0.1923   0.647   0   0   2.06e+08   0   0
10.2   0.1896   0.6676   0   0   2.051e+08   0   0
10.3   0.1868   0.688   0   0   2.041e+08   0   0
10.4   0.1837   0.7084   0   0   2.031e+08   0   0
10.5   0.1805   0.7287   0   0   2.02e+08   0   0
10.6   0.1771   0.7488   0   0   2.008e+08   0   0
10.7   0.1764   0.7689   0   0   2.005e+08   0   0
10.8   0.1764   0.7889   0   0   2.005e+08   0   0
10.9   0.1764   0.809   0   0   2.005e+08   0   0
11   0.1764   0.829   0   0   2.005e+08   0   0
11.1   0.1764   0.8491   0   0   2.005e+08   0   0
11.2   0.1764   0.8691   0   0   2.005e+08   0   0
11.3   0.1764   0.8892   0   0   2.005e+08   0   0
11.4   0.1764   0.9092   0   0   2.005e+08   0   0
11.5   0.1764   0.9293   0   0   2.005e+08   0   0
11.6   0.1764   0.9493   0   0   2.005e+08   0   0
11.7   0.1764   0.9694   0   0   2.005e+08   0   0
11.8   0.1764   0.9894   0   0   2.005e+08   0   0
11.9   0.1764   1.009   0   0   2.005e+08   0   0
12   0.1764   1.03   0   0   2.005e+08   0   0
12.1   0.1764   1.05   0   0   2.005e+08   0   0
12.2   0.1764   1.07   0   0   2.005e+08   0   0
12.3   0.1764   1.09   0   0   2.005e+08   0   0
12.4   0.1764   1.11   -6.092e-05   0   2.003e+08   -9.371e+06   0
12.5   0.1769   1.129   -0.004866   0   1.819e+08   -8.479e+07   0
12.6   0.1773   1.145   -0.01666   0   1.362e+08   -1.476e+08   0
12.7   0.1777   1.156   -0.0337   0   7.014e+07   -1.884e+08   0
12.8   0.1781   1.159   -0.05342   0   -6.486e+06   -2.01e+08   0
12.9   0.1786   1.154   -0.0729   0   -8.221e+07   -1.837e+08   0
13   0.179   1.143   -0.08922   0   -1.458e+08   -1.391e+08   0
13.1   0.1794   1.126   -0.09996   0   -1.877e+08   -7.362e+07   0
13.2   0.1799   1.106   -0.1035   0   -2.017e+08   2.807e+06   0
13.3   0.18   1.086   -0.1007   0   -1.989e+08   3.393e+07   0
13.4   0.18   1.066   -0.09733   0   -1.989e+08   3.393e+07   0
13.5   0.18   1.046   -0.09393   0   -1.989e+08   3.393e+07   0
13.6   0.18   1.026   -0.09054   0   -1.989e+08   3.393e+07   0
13.7   0.18   1.007   -0.08715   0   -1.989e+08   3.393e+07   0
13.8   0.18   0.9866   -0.08375   0   -1.989e+08   3.393e+07   0
13.9   0.18   0.9667   -0.08036   0   -1.989e+08   3.393e+07   0
14   0.18   0.9468   -0.07697   0   -1.989e+08   3.393e+07   0
14.1   0.18   0.9269   -0.07357   0   -1.989e+08   3.393e+07   0
14.2   0.18   0.907   -0.07018   0   -1.989e+08   3.393e+07   0
14.3   0.18   0.8871   -0.06678   0   -1.989e+08   3.393e+07   0
14.4   0.18   0.8672   -0.06339   0   -1.989e+08   3.393e+07   0
14.5   0.18   0.8474   -0.06   0   -1.989e+08   3.393e+07   0
14.6   0.18   0.8275   -0.0566   0   -1.989e+08   3.393e+07   0
14.7   0.18   0.8076   -0.05321   0   -1.989e+08   3.393e+07   0
14.8   0.18   0.7877   -0.04982   0   -1.989e+08   3.393e+07   0
14.9   0.18   0.7678   -0.04642   0   -1.989e+08   3.393e+07   0
15   0.1795   0.7479   -0.04303   0   -1.987e+08   3.394e+07   0
15.1   0.1765   0.7281   -0.03964   0   -1.977e+08   3.398e+07   0
15.2   0.1732   0.7084   -0.03624   0   -1.964e+08   3.403e+07   0
15.3   0.1696   0.6888   -0.03283   0   -1.951e+08   3.409e+07   0
15.4   0.1657   0.6693   -0.02942   0   -1.935e+08   3.416e+07   0
15.5   0.1615   0.6501   -0.026   0   -1.918e+08   3.426e+07   0
15.6   0.1569   0.631   -0.02257   0   -1.9e+08   3.437e+07   0
15.7   0.1521   0.6121   -0.01912   0   -1.879e+08   3.45e+07   0
15.8   0.147   0.5934   -0.01566   0   -1.857e+08   3.466e+07   0
15.9   0.1417   0.575   -0.01219   0   -1.832e+08   3.485e+07   0
16   0.1362   0.5568   -0.008692   0   -1.806e+08   3.507e+07   0
16.1   0.1304   0.5389   -0.005172   0   -1.777e+08   3.533e+07   0
16.2   0.1245   0.5212   -0.001625   0   -1.746e+08   3.563e+07   0
16.3   0.1184   0.5039   0.001955   0   -1.713e+08   3.597e+07   0
16.4   0.1123   0.487   0.005572   0   -1.678e+08   3.637e+07   0
16.5   0.106   0.4704   0.009231   0   -1.64e+08   3.682e+07   0
16.6   0.09978   0.4542   0.01294   0   -1.599e+08   3.734e+07   0
16.7   0.09354   0.4384   0.0167   0   -1.556e+08   3.792e+07   0
16.8   0.08736   0.4231   0.02053   0   -1.511e+08   3.858e+07   0
16.9   0.08128   0.4082   0.02442   0   -1.464e+08   3.931e+07   0
17   0.07536   0.3938   0.02839   0   -1.414e+08   4.013e+07   0
17.1   0.06965   0.3799   0.03245   0   -1.363e+08   4.104e+07   0
17.2   0.06418   0.3666   0.0366   0   -1.31e+08   4.204e+07   0
17.3   0.05901   0.3537   0.04086   0   -1.256e+08   4.313e+07   0
17.4   0.05417   0.3415   0.04523   0   -1.202e+08   4.431e+07   0
17.5   0.0497   0.3297   0.04973   0   -1.147e+08   4.557e+07   0
17.6   0.04562   0.3185   0.05435   0   -1.092e+08   4.691e+07   0
17.7   0.04197   0.3079   0.05911   0   -1.039e+08   4.832e+07   0
17.8   0.03874   0.2977   0.06402   0   -9.87e+07   4.978e+07   0
17.9   0.03594   0.2881   0.06907   0   -9.379e+07   5.127e+07   0
18   0.03357   0.279   0.07427   0   -8.92e+07   5.275e+07   0
18.1   0.03161   0.2703   0.07962   0   -8.502e+07   5.42e+07   0
18.2   0.03003   0.262   0.08511   0   -8.131e+07   5.558e+07   0
18.3   0.02881   0.254   0.09074   0   -7.814e+07   5.685e+07   0
18.4   0.02791   0.2463   0.09648   0   -7.556e+07   5.796e+07   0
18.5   0.02729   0.2389   0.1023   0   -7.361e+07   5.885e+07   0
18.6   0.02692   0.2316   0.1082   0   -7.234e+07   5.949e+07   0
18.7   0.02676   0.2244   0.1142   0   -7.175e+07   5.98e+07   0
18.8   0.02679   0.2172   0.1202   0   -7.186e+07   5.973e+07   0
18.9   0.02698   0.21   0.1261   0   -7.266e+07   5.923e+07   0
19   0.02731   0.2027   0.132   0   -7.414e+07   5.824e+07   0
19.1   0.02779   0.1951   0.1378   0   -7.627e+07   5.67e+07   0
19.2   0.02841   0.1874   0.1433   0   -7.901e+07   5.455e+07   0
19.3   0.0292   0.1793   0.1487   0   -8.232e+07   5.174e+07   0
19.4   0.03018   0.1709   0.1537   0   -8.613e+07   4.822e+07   0
19.5   0.03139   0.1621   0.1583   0   -9.039e+07   4.394e+07   0
19.6   0.03288   0.1528   0.1624   0   -9.501e+07   3.886e+07   0
19.7   0.0347   0.143   0.166   0   -9.992e+07   3.293e+07   0
19.8   0.03694   0.1328   0.169   0   -1.05e+08   2.612e+07   0
19.9   0.03965   0.122   0.1712   0   -1.102e+08   1.839e+07   0
20   0.04293   0.1108   0.1726   0   -1.153e+08   9.73e+06   0
20.1   0.04688   0.09898   0.1731   0   -1.203e+08   1.108e+05   0
20.2   0.05159   0.08671   0.1726   0   -1.25e+08   -1.047e+07   0
20.3   0.05557   0.07401   0.171   0   -1.281e+08   -1.881e+07   0
20.4   0.05557   0.0612   0.1691   0   -1.281e+08   -1.881e+07   0
20.5   0.05557   0.04839   0.1672   0   -1.281e+08   -1.881e+07   0
20.6   0.05557   0.03558   0.1654   0   -1.281e+08   -1.881e+07   0
20.7   0.05557   0.02277   0.1635   0   -1.281e+08   -1.881e+07   0
20.8   0.05557   0.009958   0.1616   0   -1.281e+08   -1.881e+07   0
20.9   0.05557   -0.002853   0.1597   0   -1.281e+08   -1.881e+07   0
21   0.05557   -0.01566   0.1578   0   -1.281e+08   -1.881e+07   0
21.1   0.05557   -0.02847   0.156   0   -1.281e+08   -1.881e+07   0
21.2   0.05557   -0.04128   0.1541   0   -1.281e+08   -1.881e+07   0
21.3   0.05557   -0.05409   0.1522   0   -1.281e+08   -1.881e+07   0
21.4   0.05557   -0.06691   0.1503   0   -1.281e+08   -1.881e+07   0
21.5   0.05557   -0.07972   0.1484   0   -1.281e+08   -1.881e+07   0
21.6   0.05557   -0.09253   0.1466   0   -1.281e+08   -1.881e+07   0
21.7   0.05557   -0.1053   0.1447   0   -1.281e+08   -1.881e+07   0
21.8   0.05557   -0.1181   0.1428   0   -1.281e+08   -1.881e+07   0
21.9   0.05241   -0.1308   0.1407   0   -1.239e+08   -2.44e+07   0
22   0.04757   -0.1428   0.1378   0   -1.164e+08   -3.337e+07   0
22.1   0.04351   -0.1541   0.1341   0   -1.088e+08   -4.133e+07   0
22.2   0.04012   -0.1646   0.1296   0   -1.014e+08   -4.831e+07   0
22.3   0.03732   -0.1744   0.1245   0   -9.413e+07   -5.438e+07   0
22.4   0.03501   -0.1834   0.1187   0   -8.721e+07   -5.959e+07   0
22.5   0.03313   -0.1918   0.1126   0   -8.071e+07   -6.4e+07   0
22.6   0.03159   -0.1996   0.106   0   -7.471e+07   -6.767e+07   0
22.7   0.03034   -0.2068   0.09905   0   -6.927e+07   -7.066e+07   0
22.8   0.02932   -0.2135   0.09185   0   -6.447e+07   -7.303e+07   0
22.9   0.02851   -0.2197   0.08445   0   -6.035e+07   -7.487e+07   0
23   0.02786   -0.2255   0.0769   0   -5.696e+07   -7.622e+07   0
23.1   0.02736   -0.2311   0.06922   0   -5.432e+07   -7.715e+07   0
23.2   0.027   -0.2364   0.06148   0   -5.246e+07   -7.774e+07   0
23.3   0.02679   -0.2416   0.05369   0   -5.139e+07   -7.803e+07   0
23.4   0.02673   -0.2467   0.04588   0   -5.111e+07   -7.81e+07   0
23.5   0.02684   -0.2519   0.03807   0   -5.161e+07   -7.8e+07   0
23.6   0.02717   -0.2571   0.03028   0   -5.287e+07   -7.778e+07   0
23.7   0.02773   -0.2625   0.02252   0   -5.485e+07   -7.75e+07   0
23.8   0.02857   -0.2681   0.01478   0   -5.752e+07   -7.718e+07   0
23.9   0.02972   -0.274   0.007079   0   -6.081e+07   -7.688e+07   0
24   0.03122   -0.2803   -0.0005962   0   -6.466e+07   -7.662e+07   0
24.1   0.0331   -0.2869   -0.008248   0   -6.9e+07   -7.643e+07   0
24.2   0.03539   -0.2941   -0.01589   0   -7.375e+07   -7.632e+07   0
24.3   0.0381   -0.3017   -0.02352   0   -7.884e+07   -7.631e+07   0
24.4   0.04124   -0.3099   -0.03115   0   -8.418e+07   -7.639e+07   0
24.5   0.04481   -0.3186   -0.0388   0   -8.969e+07   -7.657e+07   0
24.6   0.0488   -0.3278   -0.04647   0   -9.53e+07   -7.685e+07   0
24.7   0.0532   -0.3376   -0.05417   0   -1.009e+08   -7.721e+07   0
24.8   0.05797   -0.348   -0.06191   0   -1.065e+08   -7.766e+07   0
24.9   0.06308   -0.3589   -0.0697   0   -1.121e+08   -7.817e+07   0
25   0.06849   -0.3704   -0.07755   0   -1.174e+08   -7.874e+07   0
25.1   0.07417   -0.3824   -0.08545   0   -1.227e+08   -7.935e+07   0
25.2   0.08006   -0.3949   -0.09342   0   -1.277e+08   -7.999e+07   0
25.3   0.08611   -0.408   -0.1015   0   -1.325e+08   -8.066e+07   0
25.4   0.09228   -0.4214   -0.1096   0   -1.37e+08   -8.134e+07   0
25.5   0.09853   -0.4354   -0.1177   0   -1.413e+08   -8.203e+07   0
25.6   0.1048   -0.4497   -0.126   0   -1.454e+08   -8.271e+07   0
25.7   0.111   -0.4644   -0.1343   0   -1.492e+08   -8.338e+07   0
25.8   0.1172   -0.4795   -0.1426   0   -1.528e+08   -8.404e+07   0
25.9   0.1233   -0.495   -0.1511   0   -1.561e+08   -8.467e+07   0
26   0.1293   -0.5108   -0.1596   0   -1.592e+08   -8.529e+07   0
26.1   0.1351   -0.5268   -0.1681   0   -1.621e+08   -8.588e+07   0
26.2   0.1407   -0.5432   -0.1767   0   -1.647e+08   -8.644e+07   0
26.3   0.146   -0.5598   -0.1854   0   -1.672e+08   -8.698e+07   0
26.4   0.1512   -0.5766   -0.1941   0   -1.694e+08   -8.748e+07   0
26.5   0.1561   -0.5937   -0.2029   0   -1.715e+08   -8.796e+07   0
26.6   0.1606   -0.6109   -0.2117   0   -1.733e+08   -8.84e+07   0
26.7   0.1649   -0.6283   -0.2206   0   -1.75e+08   -8.881e+07   0
26.8   0.1689   -0.6459   -0.2295   0   -1.765e+08   -8.919e+07   0
26.9   0.1726   -0.6636   -0.2384   0   -1.779e+08   -8.953e+07   0
27   0.176   -0.6815   -0.2474   0   -1.791e+08   -8.985e+07   0
27.1   0.179   -0.6994   -0.2564   0   -1.802e+08   -9.013e+07   0
27.2   0.1802   -0.7175   -0.2654   0   -1.806e+08   -9.024e+07   0
27.3   0.1802   -0.7355   -0.2744   0   -1.806e+08   -9.024e+07   0
27.4   0.1802   -0.7536   -0.2835   0   -1.806e+08   -9.024e+07   0
27.5   0.1802   -0.7716   -0.2925   0   -1.806e+08   -9.024e+07   0
27.6   0.1802   -0.7897   -0.3015   0   -1.806e+08   -9.024e+07   0
27.7   0.1802   -0.8078   -0.3105   0   -1.806e+08   -9.024e+07   0
27.8   0.1802   -0.8258   -0.3196   0   -1.806e+08   -9.024e+07   0
27.9   0.1802   -0.8439   -0.3286   0   -1.806e+08   -9.024e+07   0
28   0.1802   -0.8619   -0.3376   0   -1.806e+08   -9.024e+07   0
28.1   0.1802   -0.88   -0.3466   0   -1.806e+08   -9.024e+07   0
28.2   0.1802   -0.898   -0.3557   0   -1.806e+08   -9.024e+07   0
28.3   0.1802   -0.9161   -0.3647   0   -1.806e+08   -9.024e+07   0
28.4   0.1802   -0.9342   -0.3737   0   -1.806e+08   -9.024e+07   0
28.5   0.1802   -0.9522   -0.3827   0   -1.806e+08   -9.024e+07   0
28.6   0.1802   -0.9703   -0.3918   0   -1.806e+08   -9.024e+07   0
28.7   0.1802   -0.9883   -0.4008   0   -1.806e+08   -9.024e+07   0
28.8   0.1802   -1.006   -0.4098   0   -1.806e+08   -9.024e+07   0
28.9   0.1802   -1.024   -0.4188   0   -1.806e+08   -9.024e+07   0
29   0.1802   -1.042   -0.4278   0   -1.806e+08   -9.024e+07   0
29.1   0.1802   -1.061   -0.4369   0   -1.806e+08   -9.024e+07   0
29.2   0.1802   -1.079   -0.4459   0   -1.806e+08   -9.024e+07   0
29.3   0.1802   -1.097   -0.4549   0   -1.806e+08   -9.024e+07   0
29.4   0.1802   -1.115   -0.4639   0   -1.806e+08   -9.024e+07   0
29.5   0.1802   -1.133   -0.473   0   -1.806e+08   -9.024e+07   0
29.6   0.1802   -1.151   -0.482   0   -1.806e+08   -9.024e+07   0
29.7   0.1802   -1.169   -0.491   0   -1.806e+08   -9.024e+07   0
29.8   0.1802   -1.187   -0.5   0   -1.806e+08   -9.024e+07   0
29.9   0.1802   -1.205   -0.5091   0   -1.806e+08   -9.024e+07   0
30   0.1802   -1.223   -0.5181   0   -1.806e+08   -9.024e+07   0
30.1   0.1802   -1.241   -0.5271   0   -1.806e+08   -9.024e+07   0
30.2   0.1802   -1.259   -0.5361   0   -1.806e+08   -9.024e+07   0
30.3   0.1802   -1.277   -0.5452   0   -1.806e+08   -9.024e+07   0
30.4   0.1802   -1.295   -0.5542   0   -1.806e+08   -9.024e+07   0
30.5   0.1802   -1.313   -0.5632   0   -1.806e+08   -9.024e+07   0
30.6   0.1802   -1.331   -0.5722   0   -1.806e+08   -9.024e+07   0
30.7   0.1802   -1.349   -0.5813   0   -1.806e+08   -9.024e+07   0
30.8   0.1802   -1.368   -0.5903   0   -1.806e+08   -9.024e+07   0
30.9   0.1802   -1.386   -0.5993   0   -1.806e+08   -9.024e+07   0
31   0.1802   -1.404   -0.6083   0   -1.806e+08   -9.024e+07   0
31.1   0.1802   -1.422   -0.6173   0   -1.806e+08   -9.024e+07   0
31.2   0.1802   -1.44   -0.6264   0   -1.806e+08   -9.024e+07   0
31.3   0.1802   -1.458   -0.6354   0   -1.806e+08   -9.024e+07   0
31.4   0.1802   -1.476   -0.6444   0   -1.806e+08   -9.024e+07   0
31.5   0.1802   -1.494   -0.6534   0   -1.806e+08   -9.024e+07   0
31.6   0.1802   -1.512   -0.6625   0   -1.806e+08   -9.024e+07   0
31.7   0.1802   -1.53   -0.6715   0   -1.806e+08   -9.024e+07   0
31.8   0.1802   -1.548   -0.6805   0   -1.806e+08   -9.024e+07   0
31.9   0.1802   -1.566   -0.6895   0   -1.806e+08   -9.024e+07   0
32   0.1802   -1.584   -0.6986   0   -1.806e+08   -9.024e+07   0
32.1   0.1802   -1.602   -0.7076   0   -1.806e+08   -9.024e+07   0
32.2   0.1802   -1.62   -0.7166   0   -1.806e+08   -9.024e+07   0
32.3   0.1802   -1.638   -0.7256   0   -1.806e+08   -9.024e+07   0
32.4   0.1802   -1.656   -0.7347   0   -1.806e+08   -9.024e+07   0
32.5   0.1802   -1.674   -0.7437   0   -1.806e+08   -9.024e+07   0
32.6   0.1802   -1.693   -0.7527   0   -1.806e+08   -9.024e+07   0
32.7   0.1802   -1.711   -0.7617   0   -1.806e+08   -9.024e+07   0
32.8   0.1802   -1.729   -0.7708   0   -1.806e+08   -9.024e+07   0
32.9   0.1802   -1.747   -0.7798   0   -1.806e+08   -9.024e+07   0
33   0.1802   -1.765   -0.7888   0   -1.806e+08   -9.024e+07   0
33.1   0.1802   -1.783   -0.7978   0   -1.806e+08   -9.024e+07   0
33.2   0.1802   -1.801   -0.8068   0   -1.806e+08   -9.024e+07   0
33.3   0.1802   -1.819   -0.8159   0   -1.806e+08   -9.024e+07   0
33.4   0.1802   -1.837   -0.8249   0   -1.806e+08   -9.024e+07   0
33.5   0.1802   -1.855   -0.8339   0   -1.806e+08   -9.024e+07   0
33.6   0.1802   -1.873   -0.8429   0   -1.806e+08   -9.024e+07   0
33.7   0.1802   -1.891   -0.852   0   -1.806e+08   -9.024e+07   0
33.8   0.1802   -1.909   -0.861   0   -1.806e+08   -9.024e+07   0
33.9   0.1802   -1.927   -0.87   0   -1.806e+08   -9.024e+07   0
34   0.1802   -1.945   -0.879   0   -1.806e+08   -9.024e+07   0
34.1   0.1802   -1.963   -0.8881   0   -1.806e+08   -9.024e+07   0
34.2   0.1802   -1.981   -0.8971   0   -1.806e+08   -9.024e+07   0
34.3   0.1802   -1.999   -0.9061   0   -1.806e+08   -9.024e+07   0
34.4   0.1802   -2.018   -0.9151   0   -1.806e+08   -9.024e+07   0
34.5   0.1802   -2.036   -0.9242   0   -1.806e+08   -9.024e+07   0
34.6   0.1802   -2.054   -0.9332   0   -1.806e+08   -9.024e+07   0
34.7   0.1802   -2.072   -0.9422   0   -1.806e+08   -9.024e+07   0
34.8   0.1802   -2.09   -0.9512   0   -1.806e+08   -9.024e+07   0
34.9   0.1802   -2.108   -0.9603   0   -1.806e+08   -9.024e+07   0
35   0.1802   -2.126   -0.9693   0   -1.806e+08   -9.024e+07   0
35.1   0.1802   -2.144   -0.9783   0   -1.806e+08   -9.024e+07   0
35.2   0.1802   -2.162   -0.9873   0   -1.806e+08   -9.024e+07   0
35.3   0.1802   -2.18   -0.9963   0   -1.806e+08   -9.024e+07   0
35.4   0.1802   -2.198   -1.005   0   -1.806e+08   -9.024e+07   0
35.5   0.1802   -2.216   -1.014   0   -1.806e+08   -9.024e+07   0
35.6   0.1802   -2.234   -1.023   0   -1.806e+08   -9.024e+07   0
35.7   0.1802   -2.252   -1.032   0   -1.806e+08   -9.024e+07   0
35.8   0.1802   -2.27   -1.041   0   -1.806e+08   -9.024e+07   0
35.9   0.1802   -2.288   -1.05   0   -1.806e+08   -9.024e+07   0
36   0.1802   -2.306   -1.06   0   -1.806e+08   -9.024e+07   0
36.1   0.1802   -2.325   -1.069   0   -1.806e+08   -9.024e+07   0
36.2   0.1802   -2.343   -1.078   0   -1.806e+08   -9.024e+07   0
36.3   0.1802   -2.361   -1.087   0   -1.806e+08   -9.024e+07   0
36.4   0.1802   -2.379   -1.096   0   -1.806e+08   -9.024e+07   0
36.5   0.1802   -2.397   -1.105   0   -1.806e+08   -9.024e+07   0
36.6   0.1802   -2.415   -1.114   0   -1.806e+08   -9.024e+07   0
36.7   0.1802   -2.433   -1.123   0   -1.806e+08   -9.024e+07   0
36.8   0.1802   -2.451   -1.132   0   -1.806e+08   -9.024e+07   0
36.9   0.1802   -2.469   -1.141   0   -1.806e+08   -9.024e+07   0
37   0.1802   -2.487   -1.15   0   -1.806e+08   -9.024e+07   0
37.1   0.1802   -2.505   -1.159   0   -1.806e+08   -9.024e+07   0
37.2   0.1802   -2.523   -1.168   0   -1.806e+08   -9.024e+07   0
37.3   0.1802   -2.541   -1.177   0   -1.806e+08   -9.024e+07   0
37.4   0.1802   -2.559   -1.186   0   -1.806e+08   -9.024e+07   0
37.5   0.1802   -2.577   -1.195   0   -1.806e+08   -9.024e+07   0
37.6   0.1802   -2.595   -1.204   0   -1.806e+08   -9.024e+07   0
37.7   0.1802   -2.613   -1.213   0   -1.806e+08   -9.024e+07   0
37.8   0.1802   -2.631   -1.222   0   -1.806e+08   -9.024e+07   0
37.9   0.1802   -2.65   -1.231   0   -1.806e+08   -9.024e+07   0
38   0.1802   -2.668   -1.24   0   -1.806e+08   -9.024e+07   0
38.1   0.1802   -2.686   -1.249   0   -1.806e+08   -9.024e+07   0
38.2   0.1802   -2.704   -1.258   0   -1.806e+08   -9.024e+07   0
38.3   0.1802   -2.722   -1.267   0   -1.806e+08   -9.024e+07   0
38.4   0.1802   -2.74   -1.276   0   -1.806e+08   -9.024e+07   0
38.5   0.1802   -2.758   -1.285   0   -1.806e+08   -9.024e+07   0
38.6   0.1802   -2.776   -1.294   0   -1.806e+08   -9.024e+07   0
38.7   0.1802   -2.794   -1.303   0   -1.806e+08   -9.024e+07   0
38.8   0.1802   -2.812   -1.312   0   -1.806e+08   -9.024e+07   0
38.9   0.1802   -2.83   -1.321   0   -1.806e+08   -9.024e+07   0
39   0.1802   -2.848   -1.33   0   -1.806e+08   -9.024e+07   0
39.1   0.1802   -2.866   -1.339   0   -1.806e+08   -9.024e+07   0
39.2   0.1802   -2.884   -1.348   0   -1.806e+08   -9.024e+07   0
39.3   0.1802   -2.902   -1.357   0   -1.806e+08   -9.024e+07   0
39.4   0.1802   -2.92   -1.366   0   -1.806e+08   -9.024e+07   0
39.5   0.1802   -2.938   -1.375   0   -1.806e+08   -9.024e+07   0
39.6   0.1802   -2.956   -1.384   0   -1.806e+08   -9.024e+07   0
39.7   0.1802   -2.975   -1.393   0   -1.806e+08   -9.024e+07   0
39.8   0.1802   -2.993   -1.402   0   -1.806e+08   -9.024e+07   0
39.9   0.1802   -3.011   -1.411   0   -1.806e+08   -9.024e+07   0
40   0.1802   -3.029   -1.42   0   -1.806e+08   -9.024e+07   0
40.1   0.1802   -3.047   -1.429   0   -1.806e+08   -9.024e+07   0
40.2   0.1802   -3.065   -1.439   0   -1.806e+08   -9.024e+07   0
40.3   0.1802   -3.083   -1.448   0   -1.806e+08   -9.024e+07   0
40.4   0.1802   -3.101   -1.457   0   -1.806e+08   -9.024e+07   0
40.5   0.1802   -3.119   -1.466   0   -1.806e+08   -9.024e+07   0
40.6   0.1802   -3.137   -1.475   0   -1.806e+08   -9.024e+07   0
40.7   0.1802   -3.155   -1.484   0   -1.806e+08   -9.024e+07   0
40.8   0.1802   -3.173   -1.493   0   -1.806e+08   -9.024e+07   0
40.9   0.1802   -3.191   -1.502   0   -1.806e+08   -9.024e+07   0
41   0.1802   -3.209   -1.511   0   -1.806e+08   -9.024e+07   0
41.1   0.1802   -3.227   -1.52   0   -1.806e+08   -9.024e+07   0
41.2   0.1802   -3.245   -1.529   0   -1.806e+08   -9.024e+07   0
41.3   0.1802   -3.263   -1.538   0   -1.806e+08   -9.024e+07   0
41.4   0.1802   -3.281   -1.547   0   -1.806e+08   -9.024e+07   0
41.5   0.1802   -3.3   -1.556   0   -1.806e+08   -9.024e+07   0
41.6   0.1802   -3.318   -1.565   0   -1.806e+08   -9.024e+07   0
41.7   0.1802   -3.336   -1.574   0   -1.806e+08   -9.024e+07   0
41.8   0.1802   -3.354   -1.583   0   -1.806e+08   -9.024e+07   0
41.9   0.1802   -3.372   -1.592   0   -1.806e+08   -9.024e+07   0
42   0.1802   -3.39   -1.601   0   -1.806e+08   -9.024e+07   0
42.1   0.1802   -3.408   -1.61   0   -1.806e+08   -9.024e+07   0
42.2   0.1802   -3.426   -1.619   0   -1.806e+08   -9.024e+07   0
42.3   0.1802   -3.444   -1.628   0   -1.806e+08   -9.024e+07   0
42.4   0.1802   -3.462   -1.637   0   -1.806e+08   -9.024e+07   0
42.5   0.1802   -3.48   -1.646   0   -1.806e+08   -9.024e+07   0
42.6   0.1802   -3.498   -1.655   0   -1.806e+08   -9.024e+07   0
42.7   0.1802   -3.516   -1.664   0   -1.806e+08   -9.024e+07   0
42.8   0.1802   -3.534   -1.673   0   -1.806e+08   -9.024e+07   0
42.9   0.1802   -3.552   -1.682   0   -1.806e+08   -9.024e+07   0
43   0.1802   -3.57   -1.691   0   -1.806e+08   -9.024e+07   0
43.1   0.1802   -3.588   -1.7   0   -1.806e+08   -9.024e+07   0
43.2   0.1802   -3.607   -1.709   0   -1.806e+08   -9.024e+07   0
43.3   0.1802   -3.625   -1.718   0   -1.806e+08   -9.024e+07   0
43.4   0.1802   -3.643   -1.727   0   -1.806e+08   -9.024e+07   0
43.5   0.1802   -3.661   -1.736   0   -1.806e+08   -9.024e+07   0
43.6   0.1802   -3.679   -1.745   0   -1.806e+08   -9.024e+07   0
43.7   0.1802   -3.697   -1.754   0   -1.806e+08   -9.024e+07   0
43.8   0.1802   -3.715   -1.763   0   -1.806e+08   -9.024e+07   0
43.9   0.1802   -3.733   -1.772   0   -1.806e+08   -9.024e+07   0
44   0.1802   -3.751   -1.781   0   -1.806e+08   -9.024e+07   0
44.1   0.1802   -3.769   -1.79   0   -1.806e+08   -9.024e+07   0
44.2   0.1802   -3.787   -1.799   0   -1.806e+08   -9.024e+07   0
44.3   0.1802   -3.805   -1.808   0   -1.806e+08   -9.024e+07   0
44.4   0.1802   -3.823   -1.818   0   -1.806e+08   -9.024e+07   0
44.5   0.1802   -3.841   -1.827   0   -1.806e+08   -9.024e+07   0
44.6   0.1802   -3.859   -1.836   0   -1.806e+08   -9.024e+07   0
44.7   0.1802   -3.877   -1.845   0   -1.806e+08   -9.024e+07   0
44.8   0.1802   -3.895   -1.854   0   -1.806e+08   -9.024e+07   0
44.9   0.1802   -3.913   -1.863   0   -1.806e+08   -9.024e+07   0
45   0.1802   -3.932   -1.872   0   -1.806e+08   -9.024e+07   0
