-9.3295E+02  0.0000E+00
 -9.3179E+02  0.0000E+00
 -9.3063E+02  0.0000E+00
 -9.2948E+02  0.0000E+00
 -9.2832E+02  0.0000E+00
 -9.2716E+02  0.0000E+00
 -9.2600E+02  0.0000E+00
 -9.2485E+02  0.0000E+00
 -9.2369E+02  0.0000E+00
 -9.2253E+02  0.0000E+00
 -9.2137E+02  0.0000E+00
 -9.2022E+02  0.0000E+00
 -9.1906E+02  0.0000E+00
 -9.1790E+02  0.0000E+00
 -9.1674E+02  0.0000E+00
 -9.1558E+02  0.0000E+00
 -9.1443E+02  0.0000E+00
 -9.1327E+02  0.0000E+00
 -9.1211E+02  0.0000E+00
 -9.1095E+02  0.0000E+00
 -9.0980E+02  0.0000E+00
 -9.0864E+02  0.0000E+00
 -9.0748E+02  0.0000E+00
 -9.0632E+02  0.0000E+00
 -9.0517E+02  0.0000E+00
 -9.0401E+02  0.0000E+00
 -9.0285E+02  0.0000E+00
 -9.0169E+02  0.0000E+00
 -9.0053E+02  0.0000E+00
 -8.9938E+02  0.0000E+00
 -8.9822E+02  0.0000E+00
 -8.9706E+02  0.0000E+00
 -8.9590E+02  0.0000E+00
 -8.9475E+02  0.0000E+00
 -8.9359E+02  0.0000E+00
 -8.9243E+02  0.0000E+00
 -8.9127E+02  0.0000E+00
 -8.9012E+02  0.0000E+00
 -8.8896E+02  0.0000E+00
 -8.8780E+02  0.0000E+00
 -8.8664E+02  0.0000E+00
 -8.8549E+02  0.0000E+00
 -8.8433E+02  0.0000E+00
 -8.8317E+02  0.0000E+00
 -8.8201E+02  0.0000E+00
 -8.8085E+02  0.0000E+00
 -8.7970E+02  0.0000E+00
 -8.7854E+02  0.0000E+00
 -8.7738E+02  0.0000E+00
 -8.7622E+02  0.0000E+00
 -8.7507E+02  0.0000E+00
 -8.7391E+02  0.0000E+00
 -8.7275E+02  0.0000E+00
 -8.7159E+02  0.0000E+00
 -8.7044E+02  0.0000E+00
 -8.6928E+02  0.0000E+00
 -8.6812E+02  0.0000E+00
 -8.6696E+02  0.0000E+00
 -8.6580E+02  0.0000E+00
 -8.6465E+02  0.0000E+00
 -8.6349E+02  0.0000E+00
 -8.6233E+02  0.0000E+00
 -8.6117E+02  0.0000E+00
 -8.6002E+02  0.0000E+00
 -8.5886E+02  0.0000E+00
 -8.5770E+02  0.0000E+00
 -8.5654E+02  0.0000E+00
 -8.5539E+02  0.0000E+00
 -8.5423E+02  0.0000E+00
 -8.5307E+02  0.0000E+00
 -8.5191E+02  0.0000E+00
 -8.5075E+02  0.0000E+00
 -8.4960E+02  0.0000E+00
 -8.4844E+02  0.0000E+00
 -8.4728E+02  0.0000E+00
 -8.4612E+02  0.0000E+00
 -8.4497E+02  0.0000E+00
 -8.4381E+02  0.0000E+00
 -8.4265E+02  0.0000E+00
 -8.4149E+02  0.0000E+00
 -8.4034E+02  0.0000E+00
 -8.3918E+02  0.0000E+00
 -8.3802E+02  0.0000E+00
 -8.3686E+02  0.0000E+00
 -8.3570E+02  0.0000E+00
 -8.3455E+02  0.0000E+00
 -8.3339E+02  0.0000E+00
 -8.3223E+02  0.0000E+00
 -8.3107E+02  0.0000E+00
 -8.2992E+02  0.0000E+00
 -8.2876E+02  0.0000E+00
 -8.2760E+02  0.0000E+00
 -8.2644E+02  0.0000E+00
 -8.2529E+02  0.0000E+00
 -8.2413E+02  0.0000E+00
 -8.2297E+02  0.0000E+00
 -8.2181E+02  0.0000E+00
 -8.2066E+02  0.0000E+00
 -8.1950E+02  0.0000E+00
 -8.1834E+02  0.0000E+00
 -8.1718E+02  0.0000E+00
 -8.1602E+02  0.0000E+00
 -8.1487E+02  0.0000E+00
 -8.1371E+02  0.0000E+00
 -8.1255E+02  0.0000E+00
 -8.1139E+02  0.0000E+00
 -8.1024E+02  0.0000E+00
 -8.0908E+02  0.0000E+00
 -8.0792E+02  0.0000E+00
 -8.0676E+02  0.0000E+00
 -8.0561E+02  0.0000E+00
 -8.0445E+02  0.0000E+00
 -8.0329E+02  0.0000E+00
 -8.0213E+02  0.0000E+00
 -8.0097E+02  0.0000E+00
 -7.9982E+02  0.0000E+00
 -7.9866E+02  0.0000E+00
 -7.9750E+02  0.0000E+00
 -7.9634E+02  0.0000E+00
 -7.9519E+02  0.0000E+00
 -7.9403E+02  0.0000E+00
 -7.9287E+02  0.0000E+00
 -7.9171E+02  0.0000E+00
 -7.9056E+02  0.0000E+00
 -7.8940E+02  0.0000E+00
 -7.8824E+02  0.0000E+00
 -7.8708E+02  0.0000E+00
 -7.8592E+02  0.0000E+00
 -7.8477E+02  0.0000E+00
 -7.8361E+02  0.0000E+00
 -7.8245E+02  0.0000E+00
 -7.8129E+02  0.0000E+00
 -7.8014E+02  0.0000E+00
 -7.7898E+02  0.0000E+00
 -7.7782E+02  0.0000E+00
 -7.7666E+02  0.0000E+00
 -7.7551E+02  0.0000E+00
 -7.7435E+02  0.0000E+00
 -7.7319E+02  0.0000E+00
 -7.7203E+02  0.0000E+00
 -7.7087E+02  0.0000E+00
 -7.6972E+02  0.0000E+00
 -7.6856E+02  0.0000E+00
 -7.6740E+02  0.0000E+00
 -7.6624E+02  0.0000E+00
 -7.6509E+02  0.0000E+00
 -7.6393E+02  0.0000E+00
 -7.6277E+02  4.6243E+03
 -7.6161E+02  3.4539E+04
 -7.6046E+02  6.4455E+04
 -7.5930E+02  9.4370E+04
 -7.5814E+02  1.2429E+05
 -7.5698E+02  1.5420E+05
 -7.5582E+02  1.8412E+05
 -7.5467E+02  2.1403E+05
 -7.5351E+02  2.4395E+05
 -7.5235E+02  2.5853E+05
 -7.5119E+02  2.5876E+05
 -7.5004E+02  2.5899E+05
 -7.4888E+02  2.5923E+05
 -7.4772E+02  2.5946E+05
 -7.4656E+02  2.5969E+05
 -7.4541E+02  2.5993E+05
 -7.4425E+02  2.6016E+05
 -7.4309E+02  2.6039E+05
 -7.4193E+02  2.6062E+05
 -7.4078E+02  2.6086E+05
 -7.3962E+02  2.6109E+05
 -7.3846E+02  2.6132E+05
 -7.3730E+02  2.6176E+05
 -7.3614E+02  2.6222E+05
 -7.3499E+02  2.6267E+05
 -7.3383E+02  2.6312E+05
 -7.3267E+02  2.6358E+05
 -7.3151E+02  2.6403E+05
 -7.3036E+02  2.6448E+05
 -7.2920E+02  2.6494E+05
 -7.2804E+02  2.6539E+05
 -7.2688E+02  2.6584E+05
 -7.2573E+02  2.6630E+05
 -7.2457E+02  2.6675E+05
 -7.2341E+02  2.6720E+05
 -7.2225E+02  2.6766E+05
 -7.2109E+02  2.6811E+05
 -7.1994E+02  2.6856E+05
 -7.1878E+02  2.6902E+05
 -7.1762E+02  2.6947E+05
 -7.1646E+02  2.6991E+05
 -7.1531E+02  2.7035E+05
 -7.1415E+02  2.7079E+05
 -7.1299E+02  2.7122E+05
 -7.1183E+02  2.7166E+05
 -7.1068E+02  2.7210E+05
 -7.0952E+02  2.7253E+05
 -7.0836E+02  2.7297E+05
 -7.0720E+02  2.7341E+05
 -7.0604E+02  2.7385E+05
 -7.0489E+02  2.7428E+05
 -7.0373E+02  2.7472E+05
 -7.0257E+02  2.7516E+05
 -7.0141E+02  2.7559E+05
 -7.0026E+02  2.7603E+05
 -6.9910E+02  2.7647E+05
 -6.9794E+02  2.7690E+05
 -6.9678E+02  2.7734E+05
 -6.9563E+02  2.7778E+05
 -6.9447E+02  2.7822E+05
 -6.9331E+02  2.7865E+05
 -6.9215E+02  2.7909E+05
 -6.9099E+02  2.7953E+05
 -6.8984E+02  2.7996E+05
 -6.8868E+02  2.8040E+05
 -6.8752E+02  2.8084E+05
 -6.8636E+02  2.8127E+05
 -6.8521E+02  2.8175E+05
 -6.8405E+02  2.8222E+05
 -6.8289E+02  2.8270E+05
 -6.8173E+02  2.8317E+05
 -6.8058E+02  2.8364E+05
 -6.7942E+02  2.8412E+05
 -6.7826E+02  2.8459E+05
 -6.7710E+02  2.8506E+05
 -6.7595E+02  2.8554E+05
 -6.7479E+02  2.8601E+05
 -6.7363E+02  2.8649E+05
 -6.7247E+02  2.8696E+05
 -6.7131E+02  2.8743E+05
 -6.7016E+02  2.8791E+05
 -6.6900E+02  2.8838E+05
 -6.6784E+02  2.8885E+05
 -6.6668E+02  2.8933E+05
 -6.6553E+02  2.8980E+05
 -6.6437E+02  2.9028E+05
 -6.6321E+02  2.9075E+05
 -6.6205E+02  2.9122E+05
 -6.6090E+02  2.9170E+05
 -6.5974E+02  2.9217E+05
 -6.5858E+02  2.9264E+05
 -6.5742E+02  2.9312E+05
 -6.5626E+02  2.9359E+05
 -6.5511E+02  2.9406E+05
 -6.5395E+02  2.9454E+05
 -6.5279E+02  2.9501E+05
 -6.5163E+02  2.9549E+05
 -6.5048E+02  2.9596E+05
 -6.4932E+02  2.9643E+05
 -6.4816E+02  2.9691E+05
 -6.4700E+02  2.9738E+05
 -6.4585E+02  2.9785E+05
 -6.4469E+02  2.9833E+05
 -6.4353E+02  2.9880E+05
 -6.4237E+02  2.9932E+05
 -6.4121E+02  2.9991E+05
 -6.4006E+02  3.0050E+05
 -6.3890E+02  3.0108E+05
 -6.3774E+02  3.0167E+05
 -6.3658E+02  3.0226E+05
 -6.3543E+02  3.0285E+05
 -6.3427E+02  3.0344E+05
 -6.3311E+02  3.0402E+05
 -6.3195E+02  3.0461E+05
 -6.3080E+02  3.0520E+05
 -6.2964E+02  3.0579E+05
 -6.2848E+02  3.0637E+05
 -6.2732E+02  3.0696E+05
 -6.2616E+02  3.0755E+05
 -6.2501E+02  3.0814E+05
 -6.2385E+02  3.0872E+05
 -6.2269E+02  3.0931E+05
 -6.2153E+02  3.0990E+05
 -6.2038E+02  3.1049E+05
 -6.1922E+02  3.1107E+05
 -6.1806E+02  3.1166E+05
 -6.1690E+02  3.1225E+05
 -6.1575E+02  3.1284E+05
 -6.1459E+02  3.1343E+05
 -6.1343E+02  3.1401E+05
 -6.1227E+02  3.1460E+05
 -6.1112E+02  3.1519E+05
 -6.0996E+02  3.1578E+05
 -6.0880E+02  3.1636E+05
 -6.0764E+02  3.1695E+05
 -6.0648E+02  3.1754E+05
 -6.0533E+02  3.1813E+05
 -6.0417E+02  3.1871E+05
 -6.0301E+02  3.1930E+05
 -6.0185E+02  3.1989E+05
 -6.0070E+02  3.2048E+05
 -5.9954E+02  3.2107E+05
 -5.9838E+02  3.2165E+05
 -5.9722E+02  3.2224E+05
 -5.9607E+02  3.2283E+05
 -5.9491E+02  3.2342E+05
 -5.9375E+02  3.2400E+05
 -5.9259E+02  3.2466E+05
 -5.9143E+02  3.2538E+05
 -5.9028E+02  3.2610E+05
 -5.8912E+02  3.2681E+05
 -5.8796E+02  3.2753E+05
 -5.8680E+02  3.2825E+05
 -5.8565E+02  3.2896E+05
 -5.8449E+02  3.2968E+05
 -5.8333E+02  3.3040E+05
 -5.8217E+02  3.3111E+05
 -5.8102E+02  3.3183E+05
 -5.7986E+02  3.3255E+05
 -5.7870E+02  3.3326E+05
 -5.7754E+02  3.3398E+05
 -5.7638E+02  3.3469E+05
 -5.7523E+02  3.3541E+05
 -5.7407E+02  3.3613E+05
 -5.7291E+02  3.3684E+05
 -5.7175E+02  3.3756E+05
 -5.7060E+02  3.3828E+05
 -5.6944E+02  3.3899E+05
 -5.6828E+02  3.3971E+05
 -5.6712E+02  3.4043E+05
 -5.6597E+02  3.4114E+05
 -5.6481E+02  3.4186E+05
 -5.6365E+02  3.4258E+05
 -5.6249E+02  3.4329E+05
 -5.6133E+02  3.4401E+05
 -5.6018E+02  3.4472E+05
 -5.5902E+02  3.4544E+05
 -5.5786E+02  3.4616E+05
 -5.5670E+02  3.4687E+05
 -5.5555E+02  3.4759E+05
 -5.5439E+02  3.4831E+05
 -5.5323E+02  3.4902E+05
 -5.5207E+02  3.4974E+05
 -5.5092E+02  3.5046E+05
 -5.4976E+02  3.5117E+05
 -5.4860E+02  3.5189E+05
 -5.4744E+02  3.5261E+05
 -5.4628E+02  3.5332E+05
 -5.4513E+02  3.5404E+05
 -5.4397E+02  3.5476E+05
 -5.4281E+02  3.5547E+05
 -5.4165E+02  3.5619E+05
 -5.4050E+02  3.5690E+05
 -5.3934E+02  3.5762E+05
 -5.3818E+02  3.5834E+05
 -5.3702E+02  3.5905E+05
 -5.3587E+02  3.5977E+05
 -5.3471E+02  3.6049E+05
 -5.3355E+02  3.6120E+05
 -5.3239E+02  3.6192E+05
 -5.3124E+02  3.6264E+05
 -5.3008E+02  3.6335E+05
 -5.2892E+02  3.6419E+05
 -5.2776E+02  3.6516E+05
 -5.2660E+02  3.6613E+05
 -5.2545E+02  3.6710E+05
 -5.2429E+02  3.6807E+05
 -5.2313E+02  3.6904E+05
 -5.2197E+02  3.7001E+05
 -5.2082E+02  3.7098E+05
 -5.1966E+02  3.7194E+05
 -5.1850E+02  3.7291E+05
 -5.1734E+02  3.7388E+05
 -5.1619E+02  3.7485E+05
 -5.1503E+02  3.7582E+05
 -5.1387E+02  3.7679E+05
 -5.1271E+02  3.7776E+05
 -5.1155E+02  3.7873E+05
 -5.1040E+02  3.7970E+05
 -5.0924E+02  3.8067E+05
 -5.0808E+02  3.8164E+05
 -5.0692E+02  3.8261E+05
 -5.0577E+02  3.8358E+05
 -5.0461E+02  3.8455E+05
 -5.0345E+02  3.8552E+05
 -5.0229E+02  3.8649E+05
 -5.0114E+02  3.8746E+05
 -4.9998E+02  3.8843E+05
 -4.9882E+02  3.8939E+05
 -4.9766E+02  3.9036E+05
 -4.9650E+02  3.9133E+05
 -4.9535E+02  3.9230E+05
 -4.9419E+02  3.9327E+05
 -4.9303E+02  3.9424E+05
 -4.9187E+02  3.9521E+05
 -4.9072E+02  3.9618E+05
 -4.8956E+02  3.9715E+05
 -4.8840E+02  3.9812E+05
 -4.8724E+02  3.9909E+05
 -4.8609E+02  4.0006E+05
 -4.8493E+02  4.0103E+05
 -4.8377E+02  4.0200E+05
 -4.8261E+02  4.0297E+05
 -4.8145E+02  4.0394E+05
 -4.8030E+02  4.0491E+05
 -4.7914E+02  4.0588E+05
 -4.7798E+02  4.0685E+05
 -4.7682E+02  4.0781E+05
 -4.7567E+02  4.0878E+05
 -4.7451E+02  4.0975E+05
 -4.7335E+02  4.1072E+05
 -4.7219E+02  4.1169E+05
 -4.7104E+02  4.1266E+05
 -4.6988E+02  4.1363E+05
 -4.6872E+02  4.1460E+05
 -4.6756E+02  4.1557E+05
 -4.6641E+02  4.1654E+05
 -4.6525E+02  4.1751E+05
 -4.6409E+02  4.1848E+05
 -4.6293E+02  4.1945E+05
 -4.6177E+02  4.2042E+05
 -4.6062E+02  4.2139E+05
 -4.5946E+02  4.2236E+05
 -4.5830E+02  4.2333E+05
 -4.5714E+02  4.2430E+05
 -4.5599E+02  4.2527E+05
 -4.5483E+02  4.2624E+05
 -4.5367E+02  4.2720E+05
 -4.5251E+02  4.2817E+05
 -4.5136E+02  4.2914E+05
 -4.5020E+02  4.3011E+05
 -4.4904E+02  4.3108E+05
 -4.4788E+02  4.3205E+05
 -4.4672E+02  4.3302E+05
 -4.4557E+02  4.3399E+05
 -4.4441E+02  4.3496E+05
 -4.4325E+02  4.3606E+05
 -4.4209E+02  4.3744E+05
 -4.4094E+02  4.3882E+05
 -4.3978E+02  4.4020E+05
 -4.3862E+02  4.4158E+05
 -4.3746E+02  4.4295E+05
 -4.3631E+02  4.4433E+05
 -4.3515E+02  4.4571E+05
 -4.3399E+02  4.4709E+05
 -4.3283E+02  4.4847E+05
 -4.3167E+02  4.4985E+05
 -4.3052E+02  4.5123E+05
 -4.2936E+02  4.5260E+05
 -4.2820E+02  4.5398E+05
 -4.2704E+02  4.5536E+05
 -4.2589E+02  4.5674E+05
 -4.2473E+02  4.5812E+05
 -4.2357E+02  4.5950E+05
 -4.2241E+02  4.6088E+05
 -4.2126E+02  4.6225E+05
 -4.2010E+02  4.6363E+05
 -4.1894E+02  4.6501E+05
 -4.1778E+02  4.6639E+05
 -4.1662E+02  4.6777E+05
 -4.1547E+02  4.6915E+05
 -4.1431E+02  4.7053E+05
 -4.1315E+02  4.7191E+05
 -4.1199E+02  4.7328E+05
 -4.1084E+02  4.7466E+05
 -4.0968E+02  4.7604E+05
 -4.0852E+02  4.7742E+05
 -4.0736E+02  4.7880E+05
 -4.0621E+02  4.8018E+05
 -4.0505E+02  4.8156E+05
 -4.0389E+02  4.8294E+05
 -4.0273E+02  4.8431E+05
 -4.0157E+02  4.8569E+05
 -4.0042E+02  4.8707E+05
 -3.9926E+02  4.8845E+05
 -3.9810E+02  4.8983E+05
 -3.9694E+02  4.9121E+05
 -3.9579E+02  4.9259E+05
 -3.9463E+02  4.9397E+05
 -3.9347E+02  4.9534E+05
 -3.9231E+02  4.9672E+05
 -3.9116E+02  4.9810E+05
 -3.9000E+02  4.9948E+05
 -3.8884E+02  5.0086E+05
 -3.8768E+02  5.0224E+05
 -3.8653E+02  5.0362E+05
 -3.8537E+02  5.0500E+05
 -3.8421E+02  5.0638E+05
 -3.8305E+02  5.0775E+05
 -3.8189E+02  5.0913E+05
 -3.8074E+02  5.1051E+05
 -3.7958E+02  5.1189E+05
 -3.7842E+02  5.1327E+05
 -3.7726E+02  5.1465E+05
 -3.7611E+02  5.1603E+05
 -3.7495E+02  5.1741E+05
 -3.7379E+02  5.1878E+05
 -3.7263E+02  5.2016E+05
 -3.7148E+02  5.2154E+05
 -3.7032E+02  5.2292E+05
 -3.6916E+02  5.2430E+05
 -3.6800E+02  5.2568E+05
 -3.6684E+02  5.2706E+05
 -3.6569E+02  5.2844E+05
 -3.6453E+02  5.2982E+05
 -3.6337E+02  5.3119E+05
 -3.6221E+02  5.3257E+05
 -3.6106E+02  5.3404E+05
 -3.5990E+02  5.3600E+05
 -3.5874E+02  5.3796E+05
 -3.5758E+02  5.3992E+05
 -3.5643E+02  5.4188E+05
 -3.5527E+02  5.4384E+05
 -3.5411E+02  5.4580E+05
 -3.5295E+02  5.4776E+05
 -3.5179E+02  5.4972E+05
 -3.5064E+02  5.5168E+05
 -3.4948E+02  5.5364E+05
 -3.4832E+02  5.5560E+05
 -3.4716E+02  5.5756E+05
 -3.4601E+02  5.5952E+05
 -3.4485E+02  5.6148E+05
 -3.4369E+02  5.6344E+05
 -3.4253E+02  5.6540E+05
 -3.4138E+02  5.6736E+05
 -3.4022E+02  5.6932E+05
 -3.3906E+02  5.7128E+05
 -3.3790E+02  5.7325E+05
 -3.3674E+02  5.7521E+05
 -3.3559E+02  5.7717E+05
 -3.3443E+02  5.7913E+05
 -3.3327E+02  5.8109E+05
 -3.3211E+02  5.8305E+05
 -3.3096E+02  5.8501E+05
 -3.2980E+02  5.8697E+05
 -3.2864E+02  5.8893E+05
 -3.2748E+02  5.9089E+05
 -3.2633E+02  5.9285E+05
 -3.2517E+02  5.9481E+05
 -3.2401E+02  5.9677E+05
 -3.2285E+02  5.9873E+05
 -3.2170E+02  6.0069E+05
 -3.2054E+02  6.0265E+05
 -3.1938E+02  6.0461E+05
 -3.1822E+02  6.0657E+05
 -3.1706E+02  6.0853E+05
 -3.1591E+02  6.1049E+05
 -3.1475E+02  6.1245E+05
 -3.1359E+02  6.1441E+05
 -3.1243E+02  6.1637E+05
 -3.1128E+02  6.1833E+05
 -3.1012E+02  6.2029E+05
 -3.0896E+02  6.2225E+05
 -3.0780E+02  6.2421E+05
 -3.0665E+02  6.2617E+05
 -3.0549E+02  6.2813E+05
 -3.0433E+02  6.3009E+05
 -3.0317E+02  6.3205E+05
 -3.0201E+02  6.3401E+05
 -3.0086E+02  6.3597E+05
 -2.9970E+02  6.3815E+05
 -2.9854E+02  6.4094E+05
 -2.9738E+02  6.4372E+05
 -2.9623E+02  6.4651E+05
 -2.9507E+02  6.4930E+05
 -2.9391E+02  6.5208E+05
 -2.9275E+02  6.5487E+05
 -2.9160E+02  6.5765E+05
 -2.9044E+02  6.6044E+05
 -2.8928E+02  6.6323E+05
 -2.8812E+02  6.6601E+05
 -2.8696E+02  6.6880E+05
 -2.8581E+02  6.7159E+05
 -2.8465E+02  6.7437E+05
 -2.8349E+02  6.7716E+05
 -2.8233E+02  6.7995E+05
 -2.8118E+02  6.8273E+05
 -2.8002E+02  6.8552E+05
 -2.7886E+02  6.8831E+05
 -2.7770E+02  6.9109E+05
 -2.7655E+02  6.9388E+05
 -2.7539E+02  6.9667E+05
 -2.7423E+02  6.9945E+05
 -2.7307E+02  7.0224E+05
 -2.7191E+02  7.0503E+05
 -2.7076E+02  7.0782E+05
 -2.6960E+02  7.1060E+05
 -2.6844E+02  7.1339E+05
 -2.6728E+02  7.1618E+05
 -2.6613E+02  7.1896E+05
 -2.6497E+02  7.2175E+05
 -2.6381E+02  7.2454E+05
 -2.6265E+02  7.2732E+05
 -2.6150E+02  7.3011E+05
 -2.6034E+02  7.3290E+05
 -2.5918E+02  7.3568E+05
 -2.5802E+02  7.3847E+05
 -2.5686E+02  7.4126E+05
 -2.5571E+02  7.4405E+05
 -2.5455E+02  7.4772E+05
 -2.5339E+02  7.5166E+05
 -2.5223E+02  7.5560E+05
 -2.5108E+02  7.5954E+05
 -2.4992E+02  7.6348E+05
 -2.4876E+02  7.6742E+05
 -2.4760E+02  7.7136E+05
 -2.4645E+02  7.7531E+05
 -2.4529E+02  7.7925E+05
 -2.4413E+02  7.8319E+05
 -2.4297E+02  7.8713E+05
 -2.4182E+02  7.9107E+05
 -2.4066E+02  7.9501E+05
 -2.3950E+02  7.9895E+05
 -2.3834E+02  8.0289E+05
 -2.3718E+02  8.0683E+05
 -2.3603E+02  8.1078E+05
 -2.3487E+02  8.1472E+05
 -2.3371E+02  8.1866E+05
 -2.3255E+02  8.2260E+05
 -2.3140E+02  8.2654E+05
 -2.3024E+02  8.3048E+05
 -2.2908E+02  8.3442E+05
 -2.2792E+02  8.3837E+05
 -2.2677E+02  8.4231E+05
 -2.2561E+02  8.4625E+05
 -2.2445E+02  8.5019E+05
 -2.2329E+02  8.5487E+05
 -2.2213E+02  8.5966E+05
 -2.2098E+02  8.6446E+05
 -2.1982E+02  8.6926E+05
 -2.1866E+02  8.7406E+05
 -2.1750E+02  8.7885E+05
 -2.1635E+02  8.8365E+05
 -2.1519E+02  8.8845E+05
 -2.1403E+02  8.9325E+05
 -2.1287E+02  8.9805E+05
 -2.1172E+02  9.0284E+05
 -2.1056E+02  9.0764E+05
 -2.0940E+02  9.1244E+05
 -2.0824E+02  9.1724E+05
 -2.0708E+02  9.2204E+05
 -2.0593E+02  9.2684E+05
 -2.0477E+02  9.3164E+05
 -2.0361E+02  9.3644E+05
 -2.0245E+02  9.4048E+05
 -2.0130E+02  9.4296E+05
 -2.0014E+02  9.4543E+05
 -1.9898E+02  9.4790E+05
 -1.9782E+02  9.5037E+05
 -1.9667E+02  9.5285E+05
 -1.9551E+02  9.5532E+05
 -1.9435E+02  9.5780E+05
 -1.9319E+02  9.6027E+05
 -1.9203E+02  9.6275E+05
 -1.9088E+02  9.6523E+05
 -1.8972E+02  9.6770E+05
 -1.8856E+02  9.7018E+05
 -1.8740E+02  8.9369E+05
 -1.8625E+02  7.8128E+05
 -1.8509E+02  6.6887E+05
 -1.8393E+02  5.5647E+05
 -1.8277E+02  4.4406E+05
 -1.8162E+02  3.3166E+05
 -1.8046E+02  2.1925E+05
 -1.7930E+02  1.0685E+05
 -1.7814E+02  1.9644E-05
 -1.7699E+02  2.1142E-05
 -1.7583E+02  2.4989E-05
 -1.7467E+02  3.0303E-05
 -1.7351E+02  3.6449E-05
 -1.7235E+02  4.3071E-05
 -1.7120E+02  4.9981E-05
 -1.7004E+02  5.7075E-05
 -1.6888E+02  6.4291E-05
 -1.6772E+02  7.1592E-05
 -1.6657E+02  7.8955E-05
 -1.6541E+02  8.6365E-05
 -1.6425E+02  9.3809E-05
 -1.6309E+02  1.0115E-04
 -1.6194E+02  1.0826E-04
 -1.6078E+02  1.1540E-04
 -1.5962E+02  1.2255E-04
 -1.5846E+02  1.2971E-04
 -1.5730E+02  1.3689E-04
 -1.5615E+02  1.4408E-04
 -1.5499E+02  1.5127E-04
 -1.5383E+02  1.5848E-04
 -1.5267E+02  1.6569E-04
 -1.5152E+02  1.7290E-04
 -1.5036E+02  1.8012E-04
 -1.4920E+02  1.8735E-04
 -1.4804E+02  1.9457E-04
 -1.4689E+02  2.0181E-04
 -1.4573E+02  2.0904E-04
 -1.4457E+02  2.1628E-04
 -1.4341E+02  2.2352E-04
 -1.4225E+02  2.3076E-04
 -1.4110E+02  2.3879E-04
 -1.3994E+02  2.4724E-04
 -1.3878E+02  2.5570E-04
 -1.3762E+02  2.6416E-04
 -1.3647E+02  2.7263E-04
 -1.3531E+02  2.8110E-04
 -1.3415E+02  2.8958E-04
 -1.3299E+02  2.9805E-04
 -1.3184E+02  3.0653E-04
 -1.3068E+02  3.1502E-04
 -1.2952E+02  3.2351E-04
 -1.2836E+02  3.3200E-04
 -1.2720E+02  3.4049E-04
 -1.2605E+02  3.4898E-04
 -1.2489E+02  3.5748E-04
 -1.2373E+02  3.6597E-04
 -1.2257E+02  3.7447E-04
 -1.2142E+02  3.8297E-04
 -1.2026E+02  3.9148E-04
 -1.1910E+02  3.9998E-04
 -1.1794E+02  4.0848E-04
 -1.1679E+02  4.1699E-04
 -1.1563E+02  4.2550E-04
 -1.1447E+02  4.3400E-04
 -1.1331E+02  4.4251E-04
 -1.1215E+02  4.5102E-04
 -1.1100E+02  4.5954E-04
 -1.0984E+02  4.6467E-04
 -1.0868E+02  4.6343E-04
 -1.0752E+02  4.6219E-04
 -1.0637E+02  4.6096E-04
 -1.0521E+02  4.5972E-04
 -1.0405E+02  4.5849E-04
 -1.0289E+02  4.5725E-04
 -1.0174E+02  4.5602E-04
 -1.0058E+02  4.5479E-04
 -9.9421E+01  4.5355E-04
 -9.8263E+01  4.5232E-04
 -9.7105E+01  4.5109E-04
 -9.5947E+01  4.4986E-04
 -9.4790E+01  4.4862E-04
 -9.3632E+01  4.4739E-04
 -9.2474E+01  4.4616E-04
 -9.1317E+01  4.4493E-04
 -9.0159E+01  4.4370E-04
 -8.9001E+01  4.4247E-04
 -8.7844E+01  4.4124E-04
 -8.6686E+01  4.4001E-04
 -8.5528E+01  4.3878E-04
 -8.4371E+01  4.3756E-04
 -8.3213E+01  4.3633E-04
 -8.2055E+01  4.3510E-04
 -8.0898E+01  4.3388E-04
 -7.9740E+01  4.3265E-04
 -7.8582E+01  4.3142E-04
 -7.7425E+01  4.3020E-04
 -7.6267E+01  4.2897E-04
 -7.5109E+01  4.2775E-04
 -7.3952E+01  4.2652E-04
 -7.2794E+01  4.2530E-04
 -7.1636E+01  4.2408E-04
 -7.0479E+01  4.2285E-04
 -6.9321E+01  4.2163E-04
 -6.8163E+01  4.2041E-04
 -6.7005E+01  4.1919E-04
 -6.5848E+01  4.1797E-04
 -6.4690E+01  4.1675E-04
 -6.3532E+01  4.1426E-04
 -6.2375E+01  4.1174E-04
 -6.1217E+01  4.0922E-04
 -6.0059E+01  4.0670E-04
 -5.8902E+01  4.0418E-04
 -5.7744E+01  4.0166E-04
 -5.6586E+01  3.9914E-04
 -5.5429E+01  3.9661E-04
 -5.4271E+01  3.9409E-04
 -5.3113E+01  3.9157E-04
 -5.1956E+01  3.8905E-04
 -5.0798E+01  3.8653E-04
 -4.9640E+01  3.8401E-04
 -4.8483E+01  3.8149E-04
 -4.7325E+01  3.7897E-04
 -4.6167E+01  3.7645E-04
 -4.5010E+01  3.7393E-04
 -4.3852E+01  3.7141E-04
 -4.2694E+01  3.6890E-04
 -4.1537E+01  3.6638E-04
 -4.0379E+01  3.6386E-04
 -3.9221E+01  3.6134E-04
 -3.8063E+01  3.5882E-04
 -3.6906E+01  3.5630E-04
 -3.5748E+01  3.5379E-04
 -3.4590E+01  3.5127E-04
 -3.3433E+01  3.4875E-04
 -3.2275E+01  3.4624E-04
 -3.1117E+01  3.4372E-04
 -2.9960E+01  3.4120E-04
 -2.8802E+01  3.3869E-04
 -2.7644E+01  3.3617E-04
 -2.6487E+01  3.3366E-04
 -2.5329E+01  3.3114E-04
 -2.4171E+01  3.2862E-04
 -2.3014E+01  3.2611E-04
 -2.1856E+01  3.2360E-04
 -2.0698E+01  3.2108E-04
 -1.9541E+01  3.1857E-04
 -1.8383E+01  3.1605E-04
 -1.7225E+01  3.1354E-04
 -1.6068E+01  3.1103E-04
 -1.4910E+01  3.0852E-04
 -1.3752E+01  3.0600E-04
 -1.2595E+01  3.0349E-04
 -1.1437E+01  3.0098E-04
 -1.0279E+01  2.9847E-04
 -9.1215E+00  2.9596E-04
 -7.9638E+00  2.9345E-04
 -6.8061E+00  2.9094E-04
 -5.6485E+00  2.8843E-04
 -4.4908E+00  2.8592E-04
 -3.3331E+00  2.8341E-04
 -2.1754E+00  2.8090E-04
 -1.0177E+00  2.7840E-04
  1.3995E-01  2.7549E-04
  1.2976E+00  2.6968E-04
  2.4553E+00  2.6386E-04
  3.6130E+00  2.5805E-04
  4.7707E+00  2.5223E-04
  5.9283E+00  2.4642E-04
  7.0860E+00  2.4060E-04
  8.2437E+00  2.3479E-04
  9.4014E+00  2.2897E-04
  1.0559E+01  2.2316E-04
  1.1717E+01  2.1734E-04
  1.2874E+01  2.1153E-04
  1.4032E+01  2.0572E-04
  1.5190E+01  1.9990E-04
  1.6347E+01  1.9409E-04
  1.7505E+01  1.8828E-04
  1.8663E+01  1.8246E-04
  1.9821E+01  1.7665E-04
  2.0978E+01  1.7084E-04
  2.2136E+01  1.6503E-04
  2.3294E+01  1.5922E-04
  2.4451E+01  1.5340E-04
  2.5609E+01  1.4759E-04
  2.6767E+01  1.4178E-04
  2.7924E+01  1.3597E-04
  2.9082E+01  1.3016E-04
  3.0240E+01  1.2436E-04
  3.1397E+01  1.1855E-04
  3.2555E+01  1.1274E-04
  3.3713E+01  1.0694E-04
  3.4870E+01  1.0113E-04
  3.6028E+01  9.5328E-05
  3.7186E+01  8.9526E-05
  3.8343E+01  8.3727E-05
  3.9501E+01  7.7931E-05
  4.0659E+01  7.2138E-05
  4.1816E+01  6.6349E-05
  4.2974E+01  6.0565E-05
  4.4132E+01  5.4788E-05
  4.5289E+01  4.9021E-05
  4.6447E+01  4.3266E-05
  4.7605E+01  3.7532E-05
  4.8762E+01  3.1826E-05
  4.9920E+01  2.6170E-05
  5.1078E+01  2.0604E-05
  5.2236E+01  1.5226E-05
  5.3393E+01  1.0334E-05
  5.4551E+01  7.0310E-06
  5.5709E+01  7.7294E-06
  5.6866E+01  1.1735E-05
  5.8024E+01  1.6834E-05
  5.9182E+01  2.2286E-05
  6.0339E+01  2.7887E-05
  6.1497E+01  3.3561E-05
  6.2655E+01  3.9276E-05
  6.3812E+01  4.5018E-05
  6.4970E+01  5.0729E-05
  6.6128E+01  5.6322E-05
  6.7285E+01  6.1923E-05
  6.8443E+01  6.7530E-05
  6.9601E+01  7.3141E-05
  7.0758E+01  7.8755E-05
  7.1916E+01  8.4372E-05
  7.3074E+01  8.9992E-05
  7.4231E+01  9.5613E-05
  7.5389E+01  1.0124E-04
  7.6547E+01  1.0686E-04
  7.7704E+01  1.1248E-04
  7.8862E+01  1.1811E-04
  8.0020E+01  1.2374E-04
  8.1178E+01  1.2937E-04
  8.2335E+01  1.3499E-04
  8.3493E+01  1.4062E-04
  8.4651E+01  1.4625E-04
  8.5808E+01  1.5188E-04
  8.6966E+01  1.5751E-04
  8.8124E+01  1.6314E-04
  8.9281E+01  1.6877E-04
  9.0439E+01  1.7440E-04
  9.1597E+01  1.8003E-04
  9.2754E+01  1.8567E-04
  9.3912E+01  1.9130E-04
  9.5070E+01  1.9693E-04
  9.6227E+01  2.0256E-04
  9.7385E+01  2.0819E-04
  9.8543E+01  2.1383E-04
  9.9700E+01  2.1946E-04
  1.0086E+02  2.2509E-04
  1.0202E+02  2.3072E-04
  1.0317E+02  2.3636E-04
  1.0433E+02  2.4199E-04
  1.0549E+02  2.4762E-04
  1.0665E+02  2.5325E-04
  1.0780E+02  2.5889E-04
  1.0896E+02  2.6452E-04
  1.1012E+02  2.7015E-04
  1.1128E+02  2.6988E-04
  1.1243E+02  2.6890E-04
  1.1359E+02  2.6794E-04
  1.1475E+02  2.6697E-04
  1.1591E+02  2.6601E-04
  1.1707E+02  2.6504E-04
  1.1822E+02  2.6408E-04
  1.1938E+02  2.6313E-04
  1.2054E+02  2.6217E-04
  1.2170E+02  2.6122E-04
  1.2285E+02  2.6027E-04
  1.2401E+02  2.5932E-04
  1.2517E+02  2.5837E-04
  1.2633E+02  2.5743E-04
  1.2748E+02  2.5648E-04
  1.2864E+02  2.5555E-04
  1.2980E+02  2.5461E-04
  1.3096E+02  2.5368E-04
  1.3212E+02  2.5274E-04
  1.3327E+02  2.5181E-04
  1.3443E+02  2.5089E-04
  1.3559E+02  2.4996E-04
  1.3675E+02  2.4904E-04
  1.3790E+02  2.4812E-04
  1.3906E+02  2.4721E-04
  1.4022E+02  2.4630E-04
  1.4138E+02  2.4539E-04
  1.4253E+02  2.4083E-04
  1.4369E+02  2.3374E-04
  1.4485E+02  2.2666E-04
  1.4601E+02  2.1958E-04
  1.4717E+02  2.1251E-04
  1.4832E+02  2.0545E-04
  1.4948E+02  1.9839E-04
  1.5064E+02  1.9134E-04
  1.5180E+02  1.8430E-04
  1.5295E+02  1.7728E-04
  1.5411E+02  1.7026E-04
  1.5527E+02  1.6326E-04
  1.5643E+02  1.5627E-04
  1.5758E+02  1.4930E-04
  1.5874E+02  1.4234E-04
  1.5990E+02  1.3541E-04
  1.6106E+02  1.2851E-04
  1.6222E+02  1.2164E-04
  1.6337E+02  1.1480E-04
  1.6453E+02  1.0620E-04
  1.6569E+02  9.7402E-05
  1.6685E+02  8.8632E-05
  1.6800E+02  7.9903E-05
  1.6916E+02  7.1231E-05
  1.7032E+02  6.2639E-05
  1.7148E+02  5.4166E-05
  1.7263E+02  4.5879E-05
  1.7379E+02  3.7897E-05
  1.7495E+02  3.0464E-05
  1.7611E+02  2.4091E-05
  1.7726E+02  1.9830E-05
  1.7842E+02  2.1612E+04
  1.7958E+02  1.3399E+05
  1.8074E+02  2.4637E+05
  1.8190E+02  3.5875E+05
  1.8305E+02  4.7113E+05
  1.8421E+02  5.8350E+05
  1.8537E+02  6.9588E+05
  1.8653E+02  8.0826E+05
  1.8768E+02  9.2064E+05
  1.8884E+02  9.6937E+05
  1.9000E+02  9.6692E+05
  1.9116E+02  9.6448E+05
  1.9231E+02  9.6204E+05
  1.9347E+02  9.5960E+05
  1.9463E+02  9.5716E+05
  1.9579E+02  9.5472E+05
  1.9695E+02  9.5228E+05
  1.9810E+02  9.4985E+05
  1.9926E+02  9.4741E+05
  2.0042E+02  9.4497E+05
  2.0158E+02  9.4253E+05
  2.0273E+02  9.4009E+05
  2.0389E+02  9.3559E+05
  2.0505E+02  9.3091E+05
  2.0621E+02  9.2624E+05
  2.0736E+02  9.2156E+05
  2.0852E+02  9.1688E+05
  2.0968E+02  9.1220E+05
  2.1084E+02  9.0752E+05
  2.1200E+02  9.0284E+05
  2.1315E+02  8.9816E+05
  2.1431E+02  8.9348E+05
  2.1547E+02  8.8880E+05
  2.1663E+02  8.8413E+05
  2.1778E+02  8.7945E+05
  2.1894E+02  8.7477E+05
  2.2010E+02  8.7009E+05
  2.2126E+02  8.6541E+05
  2.2241E+02  8.6073E+05
  2.2357E+02  8.5605E+05
  2.2473E+02  8.5164E+05
  2.2589E+02  8.4764E+05
  2.2705E+02  8.4365E+05
  2.2820E+02  8.3965E+05
  2.2936E+02  8.3566E+05
  2.3052E+02  8.3167E+05
  2.3168E+02  8.2767E+05
  2.3283E+02  8.2368E+05
  2.3399E+02  8.1968E+05
  2.3515E+02  8.1569E+05
  2.3631E+02  8.1170E+05
  2.3746E+02  8.0770E+05
  2.3862E+02  8.0371E+05
  2.3978E+02  7.9971E+05
  2.4094E+02  7.9572E+05
  2.4210E+02  7.9173E+05
  2.4325E+02  7.8773E+05
  2.4441E+02  7.8374E+05
  2.4557E+02  7.7974E+05
  2.4673E+02  7.7575E+05
  2.4788E+02  7.7176E+05
  2.4904E+02  7.6776E+05
  2.5020E+02  7.6377E+05
  2.5136E+02  7.5977E+05
  2.5251E+02  7.5578E+05
  2.5367E+02  7.5179E+05
  2.5483E+02  7.4779E+05
  2.5599E+02  7.4434E+05
  2.5714E+02  7.4149E+05
  2.5830E+02  7.3863E+05
  2.5946E+02  7.3578E+05
  2.6062E+02  7.3293E+05
  2.6178E+02  7.3007E+05
  2.6293E+02  7.2722E+05
  2.6409E+02  7.2437E+05
  2.6525E+02  7.2152E+05
  2.6641E+02  7.1866E+05
  2.6756E+02  7.1581E+05
  2.6872E+02  7.1296E+05
  2.6988E+02  7.1010E+05
  2.7104E+02  7.0725E+05
  2.7219E+02  7.0440E+05
  2.7335E+02  7.0155E+05
  2.7451E+02  6.9869E+05
  2.7567E+02  6.9584E+05
  2.7683E+02  6.9299E+05
  2.7798E+02  6.9013E+05
  2.7914E+02  6.8728E+05
  2.8030E+02  6.8443E+05
  2.8146E+02  6.8158E+05
  2.8261E+02  6.7872E+05
  2.8377E+02  6.7587E+05
  2.8493E+02  6.7302E+05
  2.8609E+02  6.7017E+05
  2.8724E+02  6.6731E+05
  2.8840E+02  6.6446E+05
  2.8956E+02  6.6161E+05
  2.9072E+02  6.5876E+05
  2.9188E+02  6.5590E+05
  2.9303E+02  6.5305E+05
  2.9419E+02  6.5020E+05
  2.9535E+02  6.4735E+05
  2.9651E+02  6.4449E+05
  2.9766E+02  6.4164E+05
  2.9882E+02  6.3879E+05
  2.9998E+02  6.3594E+05
  3.0114E+02  6.3401E+05
  3.0229E+02  6.3211E+05
  3.0345E+02  6.3020E+05
  3.0461E+02  6.2829E+05
  3.0577E+02  6.2638E+05
  3.0693E+02  6.2448E+05
  3.0808E+02  6.2257E+05
  3.0924E+02  6.2066E+05
  3.1040E+02  6.1876E+05
  3.1156E+02  6.1685E+05
  3.1271E+02  6.1494E+05
  3.1387E+02  6.1304E+05
  3.1503E+02  6.1113E+05
  3.1619E+02  6.0922E+05
  3.1734E+02  6.0732E+05
  3.1850E+02  6.0541E+05
  3.1966E+02  6.0350E+05
  3.2082E+02  6.0159E+05
  3.2197E+02  5.9969E+05
  3.2313E+02  5.9778E+05
  3.2429E+02  5.9588E+05
  3.2545E+02  5.9397E+05
  3.2661E+02  5.9206E+05
  3.2776E+02  5.9016E+05
  3.2892E+02  5.8825E+05
  3.3008E+02  5.8634E+05
  3.3124E+02  5.8444E+05
  3.3239E+02  5.8253E+05
  3.3355E+02  5.8062E+05
  3.3471E+02  5.7872E+05
  3.3587E+02  5.7681E+05
  3.3702E+02  5.7490E+05
  3.3818E+02  5.7300E+05
  3.3934E+02  5.7109E+05
  3.4050E+02  5.6919E+05
  3.4166E+02  5.6728E+05
  3.4281E+02  5.6537E+05
  3.4397E+02  5.6347E+05
  3.4513E+02  5.6156E+05
  3.4629E+02  5.5966E+05
  3.4744E+02  5.5775E+05
  3.4860E+02  5.5585E+05
  3.4976E+02  5.5394E+05
  3.5092E+02  5.5203E+05
  3.5207E+02  5.5013E+05
  3.5323E+02  5.4822E+05
  3.5439E+02  5.4632E+05
  3.5555E+02  5.4441E+05
  3.5671E+02  5.4251E+05
  3.5786E+02  5.4060E+05
  3.5902E+02  5.3869E+05
  3.6018E+02  5.3679E+05
  3.6134E+02  5.3488E+05
  3.6249E+02  5.3298E+05
  3.6365E+02  5.3107E+05
  3.6481E+02  5.2917E+05
  3.6597E+02  5.2726E+05
  3.6712E+02  5.2536E+05
  3.6828E+02  5.2402E+05
  3.6944E+02  5.2269E+05
  3.7060E+02  5.2136E+05
  3.7176E+02  5.2003E+05
  3.7291E+02  5.1870E+05
  3.7407E+02  5.1738E+05
  3.7523E+02  5.1605E+05
  3.7639E+02  5.1472E+05
  3.7754E+02  5.1339E+05
  3.7870E+02  5.1206E+05
  3.7986E+02  5.1073E+05
  3.8102E+02  5.0940E+05
  3.8217E+02  5.0807E+05
  3.8333E+02  5.0674E+05
  3.8449E+02  5.0541E+05
  3.8565E+02  5.0408E+05
  3.8681E+02  5.0276E+05
  3.8796E+02  5.0143E+05
  3.8912E+02  5.0010E+05
  3.9028E+02  4.9877E+05
  3.9144E+02  4.9744E+05
  3.9259E+02  4.9611E+05
  3.9375E+02  4.9478E+05
  3.9491E+02  4.9345E+05
  3.9607E+02  4.9212E+05
  3.9722E+02  4.9080E+05
  3.9838E+02  4.8947E+05
  3.9954E+02  4.8814E+05
  4.0070E+02  4.8681E+05
  4.0185E+02  4.8548E+05
  4.0301E+02  4.8415E+05
  4.0417E+02  4.8282E+05
  4.0533E+02  4.8149E+05
  4.0649E+02  4.8016E+05
  4.0764E+02  4.7884E+05
  4.0880E+02  4.7751E+05
  4.0996E+02  4.7618E+05
  4.1112E+02  4.7485E+05
  4.1227E+02  4.7352E+05
  4.1343E+02  4.7219E+05
  4.1459E+02  4.7086E+05
  4.1575E+02  4.6953E+05
  4.1690E+02  4.6821E+05
  4.1806E+02  4.6688E+05
  4.1922E+02  4.6555E+05
  4.2038E+02  4.6422E+05
  4.2154E+02  4.6289E+05
  4.2269E+02  4.6156E+05
  4.2385E+02  4.6023E+05
  4.2501E+02  4.5890E+05
  4.2617E+02  4.5758E+05
  4.2732E+02  4.5625E+05
  4.2848E+02  4.5492E+05
  4.2964E+02  4.5359E+05
  4.3080E+02  4.5226E+05
  4.3195E+02  4.5093E+05
  4.3311E+02  4.4960E+05
  4.3427E+02  4.4827E+05
  4.3543E+02  4.4695E+05
  4.3659E+02  4.4562E+05
  4.3774E+02  4.4429E+05
  4.3890E+02  4.4296E+05
  4.4006E+02  4.4163E+05
  4.4122E+02  4.4030E+05
  4.4237E+02  4.3897E+05
  4.4353E+02  4.3765E+05
  4.4469E+02  4.3632E+05
  4.4585E+02  4.3499E+05
  4.4700E+02  4.3366E+05
  4.4816E+02  4.3233E+05
  4.4932E+02  4.3100E+05
  4.5048E+02  4.2967E+05
  4.5164E+02  4.2835E+05
  4.5279E+02  4.2702E+05
  4.5395E+02  4.2569E+05
  4.5511E+02  4.2436E+05
  4.5627E+02  4.2303E+05
  4.5742E+02  4.2170E+05
  4.5858E+02  4.2038E+05
  4.5974E+02  4.1905E+05
  4.6090E+02  4.1772E+05
  4.6205E+02  4.1670E+05
  4.6321E+02  4.1582E+05
  4.6437E+02  4.1494E+05
  4.6553E+02  4.1406E+05
  4.6668E+02  4.1318E+05
  4.6784E+02  4.1231E+05
  4.6900E+02  4.1143E+05
  4.7016E+02  4.1055E+05
  4.7132E+02  4.0967E+05
  4.7247E+02  4.0879E+05
  4.7363E+02  4.0792E+05
  4.7479E+02  4.0704E+05
  4.7595E+02  4.0616E+05
  4.7710E+02  4.0528E+05
  4.7826E+02  4.0440E+05
  4.7942E+02  4.0352E+05
  4.8058E+02  4.0265E+05
  4.8173E+02  4.0177E+05
  4.8289E+02  4.0089E+05
  4.8405E+02  4.0001E+05
  4.8521E+02  3.9913E+05
  4.8637E+02  3.9826E+05
  4.8752E+02  3.9738E+05
  4.8868E+02  3.9650E+05
  4.8984E+02  3.9562E+05
  4.9100E+02  3.9474E+05
  4.9215E+02  3.9386E+05
  4.9331E+02  3.9299E+05
  4.9447E+02  3.9211E+05
  4.9563E+02  3.9123E+05
  4.9678E+02  3.9035E+05
  4.9794E+02  3.8947E+05
  4.9910E+02  3.8859E+05
  5.0026E+02  3.8772E+05
  5.0142E+02  3.8684E+05
  5.0257E+02  3.8596E+05
  5.0373E+02  3.8508E+05
  5.0489E+02  3.8420E+05
  5.0605E+02  3.8333E+05
  5.0720E+02  3.8245E+05
  5.0836E+02  3.8157E+05
  5.0952E+02  3.8069E+05
  5.1068E+02  3.7981E+05
  5.1183E+02  3.7893E+05
  5.1299E+02  3.7806E+05
  5.1415E+02  3.7718E+05
  5.1531E+02  3.7630E+05
  5.1647E+02  3.7542E+05
  5.1762E+02  3.7454E+05
  5.1878E+02  3.7367E+05
  5.1994E+02  3.7279E+05
  5.2110E+02  3.7191E+05
  5.2225E+02  3.7103E+05
  5.2341E+02  3.7015E+05
  5.2457E+02  3.6927E+05
  5.2573E+02  3.6840E+05
  5.2688E+02  3.6752E+05
  5.2804E+02  3.6664E+05
  5.2920E+02  3.6576E+05
  5.3036E+02  3.6488E+05
  5.3151E+02  3.6400E+05
  5.3267E+02  3.6313E+05
  5.3383E+02  3.6225E+05
  5.3499E+02  3.6137E+05
  5.3615E+02  3.6049E+05
  5.3730E+02  3.5961E+05
  5.3846E+02  3.5874E+05
  5.3962E+02  3.5786E+05
  5.4078E+02  3.5698E+05
  5.4193E+02  3.5610E+05
  5.4309E+02  3.5522E+05
  5.4425E+02  3.5454E+05
  5.4541E+02  3.5386E+05
  5.4656E+02  3.5317E+05
  5.4772E+02  3.5249E+05
  5.4888E+02  3.5181E+05
  5.5004E+02  3.5112E+05
  5.5120E+02  3.5044E+05
  5.5235E+02  3.4975E+05
  5.5351E+02  3.4907E+05
  5.5467E+02  3.4839E+05
  5.5583E+02  3.4770E+05
  5.5698E+02  3.4702E+05
  5.5814E+02  3.4634E+05
  5.5930E+02  3.4565E+05
  5.6046E+02  3.4497E+05
  5.6161E+02  3.4429E+05
  5.6277E+02  3.4360E+05
  5.6393E+02  3.4292E+05
  5.6509E+02  3.4223E+05
  5.6625E+02  3.4155E+05
  5.6740E+02  3.4087E+05
  5.6856E+02  3.4018E+05
  5.6972E+02  3.3950E+05
  5.7088E+02  3.3882E+05
  5.7203E+02  3.3813E+05
  5.7319E+02  3.3745E+05
  5.7435E+02  3.3677E+05
  5.7551E+02  3.3608E+05
  5.7666E+02  3.3540E+05
  5.7782E+02  3.3471E+05
  5.7898E+02  3.3403E+05
  5.8014E+02  3.3335E+05
  5.8130E+02  3.3266E+05
  5.8245E+02  3.3198E+05
  5.8361E+02  3.3130E+05
  5.8477E+02  3.3061E+05
  5.8593E+02  3.2993E+05
  5.8708E+02  3.2925E+05
  5.8824E+02  3.2856E+05
  5.8940E+02  3.2788E+05
  5.9056E+02  3.2720E+05
  5.9171E+02  3.2651E+05
  5.9287E+02  3.2583E+05
  5.9403E+02  3.2515E+05
  5.9519E+02  3.2446E+05
  5.9635E+02  3.2378E+05
  5.9750E+02  3.2310E+05
  5.9866E+02  3.2246E+05
  5.9982E+02  3.2188E+05
  6.0098E+02  3.2129E+05
  6.0213E+02  3.2070E+05
  6.0329E+02  3.2012E+05
  6.0445E+02  3.1953E+05
  6.0561E+02  3.1894E+05
  6.0676E+02  3.1835E+05
  6.0792E+02  3.1777E+05
  6.0908E+02  3.1718E+05
  6.1024E+02  3.1659E+05
  6.1139E+02  3.1601E+05
  6.1255E+02  3.1542E+05
  6.1371E+02  3.1483E+05
  6.1487E+02  3.1425E+05
  6.1603E+02  3.1366E+05
  6.1718E+02  3.1307E+05
  6.1834E+02  3.1248E+05
  6.1950E+02  3.1190E+05
  6.2066E+02  3.1131E+05
  6.2181E+02  3.1072E+05
  6.2297E+02  3.1014E+05
  6.2413E+02  3.0955E+05
  6.2529E+02  3.0896E+05
  6.2644E+02  3.0837E+05
  6.2760E+02  3.0779E+05
  6.2876E+02  3.0720E+05
  6.2992E+02  3.0661E+05
  6.3108E+02  3.0603E+05
  6.3223E+02  3.0544E+05
  6.3339E+02  3.0485E+05
  6.3455E+02  3.0427E+05
  6.3571E+02  3.0368E+05
  6.3686E+02  3.0309E+05
  6.3802E+02  3.0250E+05
  6.3918E+02  3.0192E+05
  6.4034E+02  3.0133E+05
  6.4149E+02  3.0074E+05
  6.4265E+02  3.0016E+05
  6.4381E+02  2.9965E+05
  6.4497E+02  2.9916E+05
  6.4613E+02  2.9868E+05
  6.4728E+02  2.9819E+05
  6.4844E+02  2.9771E+05
  6.4960E+02  2.9722E+05
  6.5076E+02  2.9674E+05
  6.5191E+02  2.9625E+05
  6.5307E+02  2.9577E+05
  6.5423E+02  2.9528E+05
  6.5539E+02  2.9480E+05
  6.5654E+02  2.9431E+05
  6.5770E+02  2.9383E+05
  6.5886E+02  2.9334E+05
  6.6002E+02  2.9286E+05
  6.6118E+02  2.9237E+05
  6.6233E+02  2.9189E+05
  6.6349E+02  2.9140E+05
  6.6465E+02  2.9092E+05
  6.6581E+02  2.9043E+05
  6.6696E+02  2.8995E+05
  6.6812E+02  2.8946E+05
  6.6928E+02  2.8898E+05
  6.7044E+02  2.8849E+05
  6.7159E+02  2.8801E+05
  6.7275E+02  2.8752E+05
  6.7391E+02  2.8703E+05
  6.7507E+02  2.8653E+05
  6.7622E+02  2.8603E+05
  6.7738E+02  2.8553E+05
  6.7854E+02  2.8503E+05
  6.7970E+02  2.8453E+05
  6.8086E+02  2.8403E+05
  6.8201E+02  2.8353E+05
  6.8317E+02  2.8303E+05
  6.8433E+02  2.8253E+05
  6.8549E+02  2.8204E+05
  6.8664E+02  2.8154E+05
  6.8780E+02  2.8104E+05
  6.8896E+02  2.8054E+05
  6.9012E+02  2.8004E+05
  6.9127E+02  2.7954E+05
  6.9243E+02  2.7904E+05
  6.9359E+02  2.7854E+05
  6.9475E+02  2.7804E+05
  6.9591E+02  2.7755E+05
  6.9706E+02  2.7705E+05
  6.9822E+02  2.7656E+05
  6.9938E+02  2.7607E+05
  7.0054E+02  2.7557E+05
  7.0169E+02  2.7508E+05
  7.0285E+02  2.7459E+05
  7.0401E+02  2.7409E+05
  7.0517E+02  2.7360E+05
  7.0632E+02  2.7311E+05
  7.0748E+02  2.7261E+05
  7.0864E+02  2.7216E+05
  7.0980E+02  2.7173E+05
  7.1096E+02  2.7131E+05
  7.1211E+02  2.7088E+05
  7.1327E+02  2.7045E+05
  7.1443E+02  2.7003E+05
  7.1559E+02  2.6960E+05
  7.1674E+02  2.6918E+05
  7.1790E+02  2.6875E+05
  7.1906E+02  2.6833E+05
  7.2022E+02  2.6791E+05
  7.2137E+02  2.6749E+05
  7.2253E+02  2.6707E+05
  7.2369E+02  2.6665E+05
  7.2485E+02  2.6623E+05
  7.2601E+02  2.6581E+05
  7.2716E+02  2.6539E+05
  7.2832E+02  2.6497E+05
  7.2948E+02  2.6455E+05
  7.3064E+02  2.6413E+05
  7.3179E+02  2.6372E+05
  7.3295E+02  2.6330E+05
  7.3411E+02  2.6288E+05
  7.3527E+02  2.6247E+05
  7.3642E+02  2.6205E+05
  7.3758E+02  2.6164E+05
  7.3874E+02  2.6122E+05
  7.3990E+02  2.6081E+05
  7.4106E+02  2.6040E+05
  7.4221E+02  2.5998E+05
  7.4337E+02  2.5977E+05
  7.4453E+02  2.5957E+05
  7.4569E+02  2.5936E+05
  7.4684E+02  2.5915E+05
  7.4800E+02  2.5895E+05
  7.4916E+02  2.5874E+05
  7.5032E+02  2.5853E+05
  7.5147E+02  2.5833E+05
  7.5263E+02  2.5812E+05
  7.5379E+02  2.3749E+05
  7.5495E+02  2.0911E+05
  7.5610E+02  1.8073E+05
  7.5726E+02  1.5235E+05
  7.5842E+02  1.2397E+05
  7.5958E+02  9.5585E+04
  7.6074E+02  6.7206E+04
  7.6189E+02  3.8826E+04
  7.6305E+02  1.0445E+04
  7.6421E+02  0.0000E+00
  7.6537E+02  0.0000E+00
  7.6652E+02  0.0000E+00
  7.6768E+02  0.0000E+00
  7.6884E+02  0.0000E+00
  7.7000E+02  0.0000E+00
  7.7115E+02  0.0000E+00
  7.7231E+02  0.0000E+00
  7.7347E+02  0.0000E+00
  7.7463E+02  0.0000E+00
  7.7579E+02  0.0000E+00
  7.7694E+02  0.0000E+00
  7.7810E+02  0.0000E+00
  7.7926E+02  0.0000E+00
  7.8042E+02  0.0000E+00
  7.8157E+02  0.0000E+00
  7.8273E+02  0.0000E+00
  7.8389E+02  0.0000E+00
  7.8505E+02  0.0000E+00
  7.8620E+02  0.0000E+00
  7.8736E+02  0.0000E+00
  7.8852E+02  0.0000E+00
  7.8968E+02  0.0000E+00
  7.9084E+02  0.0000E+00
  7.9199E+02  0.0000E+00
  7.9315E+02  0.0000E+00
  7.9431E+02  0.0000E+00
  7.9547E+02  0.0000E+00
  7.9662E+02  0.0000E+00
  7.9778E+02  0.0000E+00
  7.9894E+02  0.0000E+00
  8.0010E+02  0.0000E+00
  8.0125E+02  0.0000E+00
  8.0241E+02  0.0000E+00
  8.0357E+02  0.0000E+00
  8.0473E+02  0.0000E+00
  8.0589E+02  0.0000E+00
  8.0704E+02  0.0000E+00
  8.0820E+02  0.0000E+00
  8.0936E+02  0.0000E+00
  8.1052E+02  0.0000E+00
  8.1167E+02  0.0000E+00
  8.1283E+02  0.0000E+00
  8.1399E+02  0.0000E+00
  8.1515E+02  0.0000E+00
  8.1630E+02  0.0000E+00
  8.1746E+02  0.0000E+00
  8.1862E+02  0.0000E+00
  8.1978E+02  0.0000E+00
  8.2093E+02  0.0000E+00
  8.2209E+02  0.0000E+00
  8.2325E+02  0.0000E+00
  8.2441E+02  0.0000E+00
  8.2557E+02  0.0000E+00
  8.2672E+02  0.0000E+00
  8.2788E+02  0.0000E+00
  8.2904E+02  0.0000E+00
  8.3020E+02  0.0000E+00
  8.3135E+02  0.0000E+00
  8.3251E+02  0.0000E+00
  8.3367E+02  0.0000E+00
  8.3483E+02  0.0000E+00
  8.3598E+02  0.0000E+00
  8.3714E+02  0.0000E+00
  8.3830E+02  0.0000E+00
  8.3946E+02  0.0000E+00
  8.4062E+02  0.0000E+00
  8.4177E+02  0.0000E+00
  8.4293E+02  0.0000E+00
  8.4409E+02  0.0000E+00
  8.4525E+02  0.0000E+00
  8.4640E+02  0.0000E+00
  8.4756E+02  0.0000E+00
  8.4872E+02  0.0000E+00
  8.4988E+02  0.0000E+00
  8.5103E+02  0.0000E+00
  8.5219E+02  0.0000E+00
  8.5335E+02  0.0000E+00
  8.5451E+02  0.0000E+00
  8.5567E+02  0.0000E+00
  8.5682E+02  0.0000E+00
  8.5798E+02  0.0000E+00
  8.5914E+02  0.0000E+00
  8.6030E+02  0.0000E+00
  8.6145E+02  0.0000E+00
  8.6261E+02  0.0000E+00
  8.6377E+02  0.0000E+00
  8.6493E+02  0.0000E+00
  8.6608E+02  0.0000E+00
  8.6724E+02  0.0000E+00
  8.6840E+02  0.0000E+00
  8.6956E+02  0.0000E+00
  8.7072E+02  0.0000E+00
  8.7187E+02  0.0000E+00
  8.7303E+02  0.0000E+00
  8.7419E+02  0.0000E+00
  8.7535E+02  0.0000E+00
  8.7650E+02  0.0000E+00
  8.7766E+02  0.0000E+00
  8.7882E+02  0.0000E+00
  8.7998E+02  0.0000E+00
  8.8113E+02  0.0000E+00
  8.8229E+02  0.0000E+00
  8.8345E+02  0.0000E+00
  8.8461E+02  0.0000E+00
  8.8577E+02  0.0000E+00
  8.8692E+02  0.0000E+00
  8.8808E+02  0.0000E+00
  8.8924E+02  0.0000E+00
  8.9040E+02  0.0000E+00
  8.9155E+02  0.0000E+00
  8.9271E+02  0.0000E+00
  8.9387E+02  0.0000E+00
  8.9503E+02  0.0000E+00
  8.9618E+02  0.0000E+00
  8.9734E+02  0.0000E+00
  8.9850E+02  0.0000E+00
  8.9966E+02  0.0000E+00
  9.0081E+02  0.0000E+00
  9.0197E+02  0.0000E+00
  9.0313E+02  0.0000E+00
  9.0429E+02  0.0000E+00
  9.0545E+02  0.0000E+00
  9.0660E+02  0.0000E+00
  9.0776E+02  0.0000E+00
  9.0892E+02  0.0000E+00
  9.1008E+02  0.0000E+00
  9.1123E+02  0.0000E+00
  9.1239E+02  0.0000E+00
  9.1355E+02  0.0000E+00
  9.1471E+02  0.0000E+00
  9.1586E+02  0.0000E+00
  9.1702E+02  0.0000E+00
  9.1818E+02  0.0000E+00
  9.1934E+02  0.0000E+00
  9.2050E+02  0.0000E+00
  9.2165E+02  0.0000E+00
  9.2281E+02  0.0000E+00
  9.2397E+02  0.0000E+00
  9.2513E+02  0.0000E+00
  9.2628E+02  0.0000E+00
  9.2744E+02  0.0000E+00
  9.2860E+02  0.0000E+00
  9.2976E+02  0.0000E+00
  9.3091E+02  0.0000E+00
  9.3207E+02  0.0000E+00
  9.3323E+02  0.0000E+00
  9.3439E+02  0.0000E+00
  9.3555E+02  0.0000E+00
  9.3670E+02  0.0000E+00
  9.3786E+02  0.0000E+00
  9.3902E+02  0.0000E+00
  9.4018E+02  0.0000E+00
  9.4133E+02  0.0000E+00
  9.4249E+02  0.0000E+00
  9.4365E+02  0.0000E+00
  9.4481E+02  0.0000E+00
  9.4596E+02  0.0000E+00
  9.4712E+02  0.0000E+00
  9.4828E+02  0.0000E+00
  9.4944E+02  0.0000E+00
  9.5060E+02  0.0000E+00
  9.5175E+02  0.0000E+00
  9.5291E+02  0.0000E+00
  9.5407E+02  0.0000E+00
  9.5523E+02  0.0000E+00
  9.5638E+02  0.0000E+00
  9.5754E+02  0.0000E+00
  9.5870E+02  0.0000E+00
  9.5986E+02  0.0000E+00
  9.6101E+02  0.0000E+00
  9.6217E+02  0.0000E+00
  9.6333E+02  0.0000E+00
  9.6449E+02  0.0000E+00
  9.6564E+02  0.0000E+00
  9.6680E+02  0.0000E+00
  9.6796E+02  0.0000E+00
  9.6912E+02  0.0000E+00
  9.7028E+02  0.0000E+00
  9.7143E+02  0.0000E+00
  9.7259E+02  0.0000E+00
  9.7375E+02  0.0000E+00
  9.7491E+02  0.0000E+00
  9.7606E+02  0.0000E+00
  9.7722E+02  0.0000E+00
  9.7838E+02  0.0000E+00
  9.7954E+02  0.0000E+00
  9.8069E+02  0.0000E+00
  9.8185E+02  0.0000E+00
  9.8301E+02  0.0000E+00
  9.8417E+02  0.0000E+00
  9.8533E+02  0.0000E+00
  9.8648E+02  0.0000E+00
  9.8764E+02  0.0000E+00
  9.8880E+02  0.0000E+00
  9.8996E+02  0.0000E+00
  9.9111E+02  0.0000E+00
  9.9227E+02  0.0000E+00
  9.9343E+02  0.0000E+00
  9.9459E+02  0.0000E+00
  9.9574E+02  0.0000E+00
  9.9690E+02  0.0000E+00
  9.9806E+02  0.0000E+00
  9.9922E+02  0.0000E+00
  1.0004E+03  0.0000E+00
  1.0015E+03  0.0000E+00
  1.0027E+03  0.0000E+00
  1.0038E+03  0.0000E+00
  1.0050E+03  0.0000E+00
  1.0062E+03  0.0000E+00
  1.0073E+03  0.0000E+00
  1.0085E+03  0.0000E+00
  1.0096E+03  0.0000E+00
  1.0108E+03  0.0000E+00
  1.0120E+03  0.0000E+00
  1.0131E+03  0.0000E+00
  1.0143E+03  0.0000E+00
  1.0154E+03  0.0000E+00
  1.0166E+03  0.0000E+00
  1.0177E+03  0.0000E+00
  1.0189E+03  0.0000E+00
  1.0201E+03  0.0000E+00
  1.0212E+03  0.0000E+00
  1.0224E+03  0.0000E+00
  1.0235E+03  0.0000E+00
  1.0247E+03  0.0000E+00
  1.0258E+03  0.0000E+00
  1.0270E+03  0.0000E+00
  1.0282E+03  0.0000E+00
  1.0293E+03  0.0000E+00
  1.0305E+03  0.0000E+00
  1.0316E+03  0.0000E+00
  1.0328E+03  0.0000E+00
  1.0339E+03  0.0000E+00
  1.0351E+03  0.0000E+00
  1.0363E+03  0.0000E+00
  1.0374E+03  0.0000E+00
  1.0386E+03  0.0000E+00
  1.0397E+03  0.0000E+00
  1.0409E+03  0.0000E+00
  1.0421E+03  0.0000E+00
  1.0432E+03  0.0000E+00
  1.0444E+03  0.0000E+00
  1.0455E+03  0.0000E+00
  1.0467E+03  0.0000E+00
  1.0478E+03  0.0000E+00
  1.0490E+03  0.0000E+00
  1.0502E+03  0.0000E+00
  1.0513E+03  0.0000E+00
  1.0525E+03  0.0000E+00
  1.0536E+03  0.0000E+00
  1.0548E+03  0.0000E+00
  1.0559E+03  0.0000E+00
  1.0571E+03  0.0000E+00
  1.0583E+03  0.0000E+00
  1.0594E+03  0.0000E+00
  1.0606E+03  0.0000E+00
  1.0617E+03  0.0000E+00
  1.0629E+03  0.0000E+00
  1.0640E+03  0.0000E+00
  1.0652E+03  0.0000E+00
  1.0664E+03  0.0000E+00
  1.0675E+03  0.0000E+00
  1.0687E+03  0.0000E+00
  1.0698E+03  0.0000E+00
  1.0710E+03  0.0000E+00
  1.0722E+03  0.0000E+00
  1.0733E+03  0.0000E+00
  1.0745E+03  0.0000E+00
  1.0756E+03  0.0000E+00
  1.0768E+03  0.0000E+00
  1.0779E+03  0.0000E+00
  1.0791E+03  0.0000E+00
  1.0803E+03  0.0000E+00
  1.0814E+03  0.0000E+00
  1.0826E+03  0.0000E+00
  1.0837E+03  0.0000E+00
  1.0849E+03  0.0000E+00
  1.0860E+03  0.0000E+00
  1.0872E+03  0.0000E+00
  1.0884E+03  0.0000E+00
  1.0895E+03  0.0000E+00
  1.0907E+03  0.0000E+00
  1.0918E+03  0.0000E+00
  1.0930E+03  0.0000E+00
  1.0941E+03  0.0000E+00
  1.0953E+03  0.0000E+00
  1.0965E+03  0.0000E+00
  1.0976E+03  0.0000E+00
  1.0988E+03  0.0000E+00
  1.0999E+03  0.0000E+00
  1.1011E+03  0.0000E+00
  1.1023E+03  0.0000E+00
  1.1034E+03  0.0000E+00
  1.1046E+03  0.0000E+00
  1.1057E+03  0.0000E+00
  1.1069E+03  0.0000E+00
  1.1080E+03  0.0000E+00
  1.1092E+03  0.0000E+00
  1.1104E+03  0.0000E+00
  1.1115E+03  0.0000E+00
  1.1127E+03  0.0000E+00
  1.1138E+03  0.0000E+00
  1.1150E+03  0.0000E+00
  1.1161E+03  0.0000E+00
  1.1173E+03  0.0000E+00
  1.1185E+03  0.0000E+00
  1.1196E+03  0.0000E+00
  1.1208E+03  0.0000E+00
  1.1219E+03  0.0000E+00
  1.1231E+03  0.0000E+00
  1.1242E+03  0.0000E+00
  1.1254E+03  0.0000E+00
  1.1266E+03  0.0000E+00
  1.1277E+03  0.0000E+00
  1.1289E+03  0.0000E+00
  1.1300E+03  0.0000E+00
  1.1312E+03  0.0000E+00
  1.1324E+03  0.0000E+00
  1.1335E+03  0.0000E+00
  1.1347E+03  0.0000E+00
  1.1358E+03  0.0000E+00
  1.1370E+03  0.0000E+00
  1.1381E+03  0.0000E+00
  1.1393E+03  0.0000E+00
  1.1405E+03  0.0000E+00
  1.1416E+03  0.0000E+00
  1.1428E+03  0.0000E+00
  1.1439E+03  0.0000E+00
  1.1451E+03  0.0000E+00
  1.1462E+03  0.0000E+00
  1.1474E+03  0.0000E+00
  1.1486E+03  0.0000E+00
  1.1497E+03  0.0000E+00
  1.1509E+03  0.0000E+00
  1.1520E+03  0.0000E+00
  1.1532E+03  0.0000E+00
  1.1543E+03  0.0000E+00
  1.1555E+03  0.0000E+00
  1.1567E+03  0.0000E+00
  1.1578E+03  0.0000E+00
  1.1590E+03  0.0000E+00
  1.1601E+03  0.0000E+00
  1.1613E+03  0.0000E+00
  1.1625E+03  0.0000E+00
  1.1636E+03  0.0000E+00
  1.1648E+03  0.0000E+00
  1.1659E+03  0.0000E+00
  1.1671E+03  0.0000E+00
  1.1682E+03  0.0000E+00
  1.1694E+03  0.0000E+00
  1.1706E+03  0.0000E+00
  1.1717E+03  0.0000E+00
  1.1729E+03  0.0000E+00
  1.1740E+03  0.0000E+00
  1.1752E+03  0.0000E+00
  1.1763E+03  0.0000E+00
  1.1775E+03  0.0000E+00
  1.1787E+03  0.0000E+00
  1.1798E+03  0.0000E+00
  1.1810E+03  0.0000E+00
  1.1821E+03  0.0000E+00
  1.1833E+03  0.0000E+00
  1.1844E+03  0.0000E+00
  1.1856E+03  0.0000E+00
  1.1868E+03  0.0000E+00
  1.1879E+03  0.0000E+00
  1.1891E+03  0.0000E+00
  1.1902E+03  0.0000E+00
  1.1914E+03  0.0000E+00
  1.1926E+03  0.0000E+00
  1.1937E+03  0.0000E+00
  1.1949E+03  0.0000E+00
  1.1960E+03  0.0000E+00
  1.1972E+03  0.0000E+00
  1.1983E+03  0.0000E+00
  1.1995E+03  0.0000E+00
  1.2007E+03  0.0000E+00
  1.2018E+03  0.0000E+00
  1.2030E+03  0.0000E+00
  1.2041E+03  0.0000E+00
  1.2053E+03  0.0000E+00
  1.2064E+03  0.0000E+00
  1.2076E+03  0.0000E+00
  1.2088E+03  0.0000E+00
  1.2099E+03  0.0000E+00
  1.2111E+03  0.0000E+00
  1.2122E+03  0.0000E+00
  1.2134E+03  0.0000E+00
  1.2145E+03  0.0000E+00
  1.2157E+03  0.0000E+00
  1.2169E+03  0.0000E+00
  1.2180E+03  0.0000E+00
  1.2192E+03  0.0000E+00
  1.2203E+03  0.0000E+00
  1.2215E+03  0.0000E+00
  1.2226E+03  0.0000E+00
  1.2238E+03  0.0000E+00
  1.2250E+03  0.0000E+00
  1.2261E+03  0.0000E+00
  1.2273E+03  0.0000E+00
  1.2284E+03  0.0000E+00
  1.2296E+03  0.0000E+00
  1.2308E+03  0.0000E+00
  1.2319E+03  0.0000E+00
  1.2331E+03  0.0000E+00
  1.2342E+03  0.0000E+00
  1.2354E+03  0.0000E+00
  1.2365E+03  0.0000E+00
  1.2377E+03  0.0000E+00
  1.2389E+03  0.0000E+00
  1.2400E+03  0.0000E+00
  1.2412E+03  0.0000E+00
  1.2423E+03  0.0000E+00
  1.2435E+03  0.0000E+00
  1.2446E+03  0.0000E+00
  1.2458E+03  0.0000E+00
  1.2470E+03  0.0000E+00
  1.2481E+03  0.0000E+00
  1.2493E+03  0.0000E+00
  1.2504E+03  0.0000E+00
  1.2516E+03  0.0000E+00
  1.2527E+03  0.0000E+00
  1.2539E+03  0.0000E+00
  1.2551E+03  0.0000E+00
  1.2562E+03  0.0000E+00
  1.2574E+03  0.0000E+00
  1.2585E+03  0.0000E+00
  1.2597E+03  0.0000E+00
  1.2609E+03  0.0000E+00
  1.2620E+03  0.0000E+00
  1.2632E+03  0.0000E+00
  1.2643E+03  0.0000E+00
  1.2655E+03  0.0000E+00
  1.2666E+03  0.0000E+00
  1.2678E+03  0.0000E+00
  1.2690E+03  0.0000E+00
  1.2701E+03  0.0000E+00
  1.2713E+03  0.0000E+00
  1.2724E+03  0.0000E+00
  1.2736E+03  0.0000E+00
  1.2747E+03  0.0000E+00
  1.2759E+03  0.0000E+00
  1.2771E+03  0.0000E+00
  1.2782E+03  0.0000E+00
  1.2794E+03  0.0000E+00
  1.2805E+03  0.0000E+00
  1.2817E+03  0.0000E+00
  1.2828E+03  0.0000E+00
  1.2840E+03  0.0000E+00
  1.2852E+03  0.0000E+00
  1.2863E+03  0.0000E+00
  1.2875E+03  0.0000E+00
  1.2886E+03  0.0000E+00
  1.2898E+03  0.0000E+00
  1.2910E+03  0.0000E+00
  1.2921E+03  0.0000E+00
  1.2933E+03  0.0000E+00
  1.2944E+03  0.0000E+00
  1.2956E+03  0.0000E+00
  1.2967E+03  0.0000E+00
  1.2979E+03  0.0000E+00
  1.2991E+03  0.0000E+00
  1.3002E+03  0.0000E+00
  1.3014E+03  0.0000E+00
  1.3025E+03  0.0000E+00
  1.3037E+03  0.0000E+00
  1.3048E+03  0.0000E+00
  1.3060E+03  0.0000E+00
  1.3072E+03  0.0000E+00
  1.3083E+03  0.0000E+00
  1.3095E+03  0.0000E+00
  1.3106E+03  0.0000E+00
  1.3118E+03  0.0000E+00
